4.693715594332417851e+01 4.529708398525970381e+01
4.693715594332417851e+01 4.385311022325826968e+01
4.693715594332417851e+01 4.818750874798001149e+01
4.693715594332417851e+01 4.843769253192905921e+01
4.693715594332417851e+01 4.324743359485145788e+01
4.693715594332417851e+01 4.512310502657258127e+01
4.693715594332417851e+01 4.917178372624135108e+01
4.693715594332417851e+01 4.665774496852250053e+01
4.693715594332417851e+01 4.530544082597708666e+01
4.693715594332417851e+01 5.255607797784428215e+01
4.693715594332417851e+01 4.590958660454037243e+01
4.693715594332417851e+01 4.882806191190917389e+01
4.693715594332417851e+01 4.085618084278959827e+01
4.693715594332417851e+01 5.338444852813184838e+01
4.693715594332417851e+01 4.260322585870414969e+01
4.693715594332417851e+01 4.206679287460363525e+01
4.693715594332417851e+01 4.715523485758146904e+01
4.693715594332417851e+01 4.315426618747862619e+01
4.693715594332417851e+01 4.700313929466135932e+01
4.693715594332417851e+01 4.552818480305325721e+01
4.693715594332417851e+01 4.616521214255566008e+01
4.693715594332417851e+01 4.493686713632542507e+01
4.693715594332417851e+01 4.649195243761759855e+01
4.693715594332417851e+01 4.006926294008454903e+01
4.693715594332417851e+01 4.414747522062946672e+01
4.693715594332417851e+01 4.801382372118419539e+01
4.693715594332417851e+01 4.682624673179915931e+01
4.693715594332417851e+01 5.208911217518942038e+01
4.693715594332417851e+01 4.194421159936889154e+01
4.693715594332417851e+01 4.758032896073328999e+01
4.693715594332417851e+01 4.650347697556438931e+01
4.693715594332417851e+01 4.050019690680219497e+01
4.693715594332417851e+01 3.980704579703187562e+01
4.693715594332417851e+01 4.191250382136848884e+01
4.693715594332417851e+01 5.516616003865831885e+01
4.693715594332417851e+01 4.468675810058695674e+01
4.693715594332417851e+01 4.247969497961428686e+01
4.693715594332417851e+01 4.854171307532040203e+01
4.693715594332417851e+01 4.667135147274716900e+01
4.693715594332417851e+01 4.958157568982045404e+01
4.693715594332417851e+01 5.057441010424662409e+01
4.693715594332417851e+01 4.492939470545883296e+01
4.693715594332417851e+01 3.742773245426157303e+01
4.693715594332417851e+01 4.616192061562968263e+01
4.693715594332417851e+01 4.858202618100580139e+01
4.693715594332417851e+01 4.141088837887160423e+01
4.693715594332417851e+01 4.459182736491931109e+01
4.693715594332417851e+01 4.624371448585658584e+01
4.693715594332417851e+01 4.433429585889853541e+01
4.693715594332417851e+01 5.000315133445865001e+01
4.693715594332417851e+01 4.619646428881532785e+01
4.693715594332417851e+01 4.345035798660857296e+01
4.693715594332417851e+01 4.436764516417267146e+01
4.693715594332417851e+01 4.787045268624970618e+01
4.693715594332417851e+01 4.944401920462656363e+01
4.693715594332417851e+01 4.437663463895142257e+01
4.693715594332417851e+01 4.195887675687650642e+01
4.693715594332417851e+01 4.781022708882458971e+01
4.693715594332417851e+01 4.929096650037020311e+01
4.693715594332417851e+01 4.130054369206678899e+01
4.693715594332417851e+01 4.546896450609829543e+01
4.693715594332417851e+01 4.869817177914932671e+01
4.693715594332417851e+01 4.027130877741372217e+01
4.693715594332417851e+01 4.764081385544278646e+01
4.693715594332417851e+01 4.510898482755182215e+01
4.693715594332417851e+01 4.651569550458581404e+01
4.693715594332417851e+01 4.811130692620834282e+01
4.693715594332417851e+01 4.197755074522049767e+01
4.693715594332417851e+01 4.521378252117153096e+01
4.693715594332417851e+01 3.966115260898320827e+01
4.693715594332417851e+01 4.955196972443979320e+01
4.693715594332417851e+01 4.226731853201589217e+01
4.693715594332417851e+01 4.657339503181082563e+01
4.693715594332417851e+01 4.363861516124022444e+01
4.693715594332417851e+01 5.161127284777784041e+01
4.693715594332417851e+01 4.563939518008318430e+01
4.693715594332417851e+01 4.464995082314305819e+01
4.693715594332417851e+01 4.558348730046215991e+01
4.693715594332417851e+01 4.534835113588286504e+01
4.693715594332417851e+01 4.461535590116217520e+01
4.693715594332417851e+01 4.632255263437084380e+01
4.693715594332417851e+01 4.303893973435143749e+01
4.693715594332417851e+01 5.221719089508752631e+01
4.693715594332417851e+01 4.457918159206649733e+01
4.693715594332417851e+01 4.929672610411084577e+01
4.693715594332417851e+01 4.786197755191788161e+01
4.693715594332417851e+01 4.354592200384519174e+01
4.693715594332417851e+01 5.073868951495319379e+01
4.693715594332417851e+01 4.469530276688402637e+01
4.693715594332417851e+01 4.855089281032503123e+01
4.693715594332417851e+01 4.438371442084604013e+01
4.693715594332417851e+01 4.167872015198692992e+01
4.693715594332417851e+01 4.080723287904903884e+01
4.693715594332417851e+01 4.408638419214419457e+01
4.693715594332417851e+01 4.341937941274530743e+01
4.693715594332417851e+01 5.029936862271504339e+01
4.693715594332417851e+01 5.484786485342530682e+01
4.693715594332417851e+01 4.523650110752043219e+01
4.693715594332417851e+01 4.983029656834656862e+01
4.693715594332417851e+01 4.685334560912640711e+01
4.693715594332417851e+01 4.624698488071496172e+01
4.693715594332417851e+01 4.427394962857407990e+01
4.693715594332417851e+01 4.590936712860749935e+01
4.693715594332417851e+01 4.788232100808523484e+01
4.693715594332417851e+01 4.489583956441628487e+01
4.693715594332417851e+01 5.027768955945585816e+01
4.693715594332417851e+01 4.535305128473034841e+01
4.693715594332417851e+01 4.712142614251064288e+01
4.693715594332417851e+01 4.399059641813364152e+01
4.693715594332417851e+01 4.459234417768370662e+01
4.693715594332417851e+01 5.200203448978768250e+01
4.693715594332417851e+01 4.310405912206228862e+01
4.693715594332417851e+01 4.106943545493449932e+01
4.693715594332417851e+01 4.567571937061413934e+01
4.693715594332417851e+01 4.662706109613297656e+01
4.693715594332417851e+01 4.665431206753498827e+01
4.693715594332417851e+01 4.643706393683140732e+01
4.693715594332417851e+01 4.348756394391623559e+01
4.693715594332417851e+01 4.883659501893665578e+01
4.693715594332417851e+01 4.701250775324956521e+01
4.693715594332417851e+01 4.095448043488401169e+01
4.693715594332417851e+01 4.578375542430448775e+01
4.693715594332417851e+01 5.294717049035970291e+01
4.693715594332417851e+01 4.349073465657185267e+01
4.693715594332417851e+01 4.688837481498539006e+01
4.693715594332417851e+01 4.547727576736149757e+01
4.693715594332417851e+01 4.468783382275423577e+01
4.693715594332417851e+01 4.443855926128182432e+01
4.693715594332417851e+01 4.405469666554713370e+01
4.693715594332417851e+01 5.182663257897850428e+01
4.693715594332417851e+01 4.853962213441379703e+01
4.693715594332417851e+01 4.697750208288358920e+01
4.693715594332417851e+01 4.140266566770530687e+01
4.693715594332417851e+01 4.772829669672279351e+01
4.693715594332417851e+01 5.129787220366847578e+01
4.693715594332417851e+01 4.811588233702222084e+01
4.693715594332417851e+01 4.782482969437707254e+01
4.693715594332417851e+01 4.726815075426880952e+01
4.693715594332417851e+01 4.450665525413884183e+01
4.693715594332417851e+01 4.696702225653967133e+01
4.693715594332417851e+01 4.442167576737566037e+01
4.693715594332417851e+01 4.678086400382450449e+01
4.693715594332417851e+01 4.425854514239811976e+01
4.693715594332417851e+01 4.303196706989012910e+01
4.693715594332417851e+01 4.711799319223336369e+01
4.693715594332417851e+01 5.108497519956721789e+01
4.693715594332417851e+01 4.517818621574460280e+01
4.693715594332417851e+01 4.797426956405643494e+01
4.693715594332417851e+01 4.531566821139499979e+01
4.693715594332417851e+01 4.352273718288230953e+01
4.693715594332417851e+01 4.202084155703179391e+01
4.693715594332417851e+01 4.801751534593294934e+01
4.693715594332417851e+01 4.599777098076691573e+01
4.693715594332417851e+01 4.514930732656163315e+01
4.693715594332417851e+01 4.424641172215450524e+01
4.693715594332417851e+01 4.599765247977302352e+01
4.693715594332417851e+01 4.710378375994305600e+01
4.693715594332417851e+01 4.277347993275319027e+01
4.693715594332417851e+01 4.442649099740797425e+01
4.693715594332417851e+01 4.315677417482873324e+01
4.693715594332417851e+01 4.741374189156076113e+01
4.693715594332417851e+01 4.686885383694225027e+01
4.693715594332417851e+01 4.745043924157079829e+01
4.693715594332417851e+01 4.614002354873286293e+01
4.693715594332417851e+01 4.612129367055513285e+01
4.693715594332417851e+01 4.890865743916690889e+01
4.693715594332417851e+01 5.264967599889449446e+01
4.693715594332417851e+01 4.452233417437247454e+01
4.693715594332417851e+01 4.899711639081099435e+01
4.693715594332417851e+01 5.113588968804991453e+01
4.693715594332417851e+01 4.044144483918717725e+01
4.693715594332417851e+01 4.865813281517097977e+01
4.693715594332417851e+01 4.886525973609051476e+01
4.693715594332417851e+01 4.691872398193741844e+01
4.693715594332417851e+01 5.195081511341570746e+01
4.693715594332417851e+01 5.286968222696172148e+01
4.693715594332417851e+01 4.456331482603991390e+01
4.693715594332417851e+01 5.204048805652827525e+01
4.693715594332417851e+01 4.468783970841326436e+01
4.693715594332417851e+01 4.789805917300344618e+01
4.693715594332417851e+01 4.076563635964891574e+01
4.693715594332417851e+01 4.996312903060943000e+01
4.693715594332417851e+01 4.657189200620686620e+01
4.693715594332417851e+01 4.563826606848525813e+01
4.693715594332417851e+01 4.600215624806685355e+01
4.693715594332417851e+01 3.734644300925275218e+01
4.693715594332417851e+01 4.591673430577647252e+01
4.693715594332417851e+01 4.940091501771929217e+01
4.693715594332417851e+01 4.505948273771617352e+01
4.693715594332417851e+01 4.836638967980031367e+01
4.693715594332417851e+01 4.574617121602882719e+01
4.693715594332417851e+01 4.256342722855305283e+01
4.693715594332417851e+01 4.654066038345155221e+01
4.693715594332417851e+01 4.474573313166253996e+01
4.693715594332417851e+01 5.354830082269673852e+01
4.693715594332417851e+01 4.880457579987123751e+01
4.693715594332417851e+01 5.046732022310146704e+01
4.693715594332417851e+01 4.281914530991311096e+01
4.693715594332417851e+01 5.187506920341258621e+01
4.693715594332417851e+01 5.305282880027981207e+01
4.693715594332417851e+01 4.382342777940760925e+01
4.693715594332417851e+01 4.204128796260958012e+01
4.693715594332417851e+01 5.203964844419965630e+01
4.693715594332417851e+01 4.516805081123771970e+01
4.693715594332417851e+01 4.496186029789989647e+01
4.693715594332417851e+01 4.492761423846441460e+01
4.693715594332417851e+01 5.463817884067753994e+01
4.693715594332417851e+01 4.802299898367942177e+01
4.693715594332417851e+01 4.322532608760265305e+01
4.693715594332417851e+01 4.578019007242397720e+01
4.693715594332417851e+01 4.712959678661915319e+01
4.693715594332417851e+01 4.467208024573961467e+01
4.693715594332417851e+01 4.884921817267069599e+01
4.693715594332417851e+01 4.298872787508507542e+01
4.693715594332417851e+01 4.231954898835696355e+01
4.693715594332417851e+01 5.507902364597171641e+01
4.693715594332417851e+01 4.410862490062675079e+01
4.693715594332417851e+01 4.961209267689201852e+01
4.693715594332417851e+01 4.621829331297975330e+01
4.693715594332417851e+01 5.070468610637881568e+01
4.693715594332417851e+01 4.604806017017174469e+01
4.693715594332417851e+01 5.321563816314810680e+01
4.693715594332417851e+01 4.831818267736068861e+01
4.693715594332417851e+01 3.887654300500133786e+01
4.693715594332417851e+01 4.546357019213950679e+01
4.693715594332417851e+01 4.472069845350835493e+01
4.693715594332417851e+01 4.733698021688257285e+01
4.693715594332417851e+01 3.790779533001804680e+01
4.693715594332417851e+01 4.110380569832744868e+01
4.693715594332417851e+01 4.664267009961615429e+01
4.693715594332417851e+01 4.432142383113366435e+01
4.693715594332417851e+01 5.707009424398464148e+01
4.693715594332417851e+01 4.741241936229582876e+01
4.693715594332417851e+01 4.407160534590248346e+01
4.693715594332417851e+01 4.669434603456315358e+01
4.693715594332417851e+01 5.666375546340426439e+01
4.693715594332417851e+01 4.520923409948019867e+01
4.693715594332417851e+01 4.619683196510293044e+01
4.693715594332417851e+01 4.559890337702268681e+01
4.693715594332417851e+01 4.840453335295833170e+01
4.693715594332417851e+01 5.019899870353495430e+01
4.693715594332417851e+01 4.602495177013241801e+01
4.693715594332417851e+01 4.710510121529847538e+01
4.693715594332417851e+01 4.886889116297260216e+01
4.693715594332417851e+01 4.318153712162794022e+01
4.693715594332417851e+01 4.264819724459908912e+01
4.693715594332417851e+01 4.534380381542814575e+01
4.693715594332417851e+01 4.524712703151867998e+01
4.693715594332417851e+01 4.603794794885047992e+01
4.693715594332417851e+01 3.830237041260840414e+01
4.693715594332417851e+01 4.460762990655281612e+01
4.693715594332417851e+01 4.999604461777660447e+01
4.693715594332417851e+01 4.447102465751971323e+01
4.693715594332417851e+01 4.167041789387706530e+01
4.693715594332417851e+01 5.058920740969378471e+01
4.693715594332417851e+01 4.475146279776686953e+01
4.693715594332417851e+01 4.610031351975043634e+01
4.693715594332417851e+01 4.390683084973960604e+01
4.693715594332417851e+01 4.913477106394293514e+01
4.693715594332417851e+01 4.832890970584450230e+01
4.693715594332417851e+01 4.314207684373572249e+01
4.693715594332417851e+01 4.910148093776142275e+01
4.693715594332417851e+01 4.940976877784081012e+01
4.693715594332417851e+01 4.829617460024898179e+01
4.693715594332417851e+01 4.461826012728575108e+01
4.693715594332417851e+01 4.776642845560645867e+01
4.693715594332417851e+01 5.139322428809742149e+01
4.693715594332417851e+01 4.442480152513172698e+01
4.693715594332417851e+01 4.887583619665051060e+01
4.693715594332417851e+01 4.796917550315044565e+01
4.693715594332417851e+01 4.807576144969866050e+01
4.693715594332417851e+01 5.241211794178302341e+01
4.693715594332417851e+01 4.402742547304063692e+01
4.693715594332417851e+01 4.469898158108122743e+01
4.693715594332417851e+01 4.382596540464557933e+01
4.693715594332417851e+01 4.249686113113422437e+01
4.693715594332417851e+01 5.067742489179038046e+01
4.693715594332417851e+01 5.017679114298512388e+01
4.693715594332417851e+01 4.584436816532006986e+01
4.693715594332417851e+01 4.806896592229894338e+01
4.693715594332417851e+01 4.676358993763874849e+01
4.693715594332417851e+01 4.222240199795368198e+01
4.693715594332417851e+01 4.787078867845005448e+01
4.693715594332417851e+01 4.387807283748741582e+01
4.693715594332417851e+01 4.293794571344682964e+01
4.693715594332417851e+01 4.634997309703383905e+01
4.693715594332417851e+01 4.363806900565953839e+01
4.693715594332417851e+01 4.138835773814687968e+01
4.693715594332417851e+01 4.036605764135982355e+01
4.693715594332417851e+01 5.232815050372855836e+01
4.693715594332417851e+01 4.203662321556486603e+01
4.693715594332417851e+01 4.815058692132199525e+01
4.693715594332417851e+01 4.163153504625051937e+01
4.693715594332417851e+01 4.698770827450734089e+01
4.693715594332417851e+01 4.452082132419037208e+01
4.693715594332417851e+01 4.575195496277873275e+01
4.693715594332417851e+01 4.392109295783035350e+01
4.693715594332417851e+01 5.021901416310329580e+01
4.693715594332417851e+01 4.879255094573839102e+01
4.693715594332417851e+01 4.615018287072633996e+01
4.693715594332417851e+01 4.603320863354741022e+01
4.693715594332417851e+01 4.238810918642354153e+01
4.693715594332417851e+01 4.812020560928508672e+01
4.693715594332417851e+01 4.393686715370908047e+01
4.693715594332417851e+01 4.018300556646084942e+01
4.693715594332417851e+01 4.532446107139602276e+01
4.693715594332417851e+01 4.799645185436263972e+01
4.693715594332417851e+01 4.105080794747097173e+01
4.693715594332417851e+01 4.303262162782183253e+01
4.693715594332417851e+01 4.383824702176488586e+01
4.693715594332417851e+01 4.183513398631100699e+01
4.693715594332417851e+01 4.565393330041982267e+01
4.693715594332417851e+01 4.678795704132625133e+01
4.693715594332417851e+01 4.140538101092631251e+01
4.693715594332417851e+01 4.570630739580070667e+01
4.693715594332417851e+01 4.246492697039987263e+01
4.693715594332417851e+01 4.158709222916398573e+01
4.693715594332417851e+01 4.693860974399828478e+01
4.693715594332417851e+01 5.060168053590155779e+01
4.693715594332417851e+01 4.395298112179973060e+01
4.693715594332417851e+01 4.336532190775496076e+01
4.693715594332417851e+01 4.359247261801077400e+01
4.693715594332417851e+01 4.595080604541843883e+01
4.693715594332417851e+01 4.128440939405278698e+01
4.693715594332417851e+01 4.646739377774730428e+01
4.693715594332417851e+01 4.683087724520785855e+01
4.693715594332417851e+01 4.866793660755632800e+01
4.693715594332417851e+01 4.621457132000653445e+01
4.693715594332417851e+01 5.416982610545176868e+01
4.693715594332417851e+01 5.082157804253313316e+01
4.693715594332417851e+01 4.543107950421649122e+01
4.693715594332417851e+01 5.058075974265364039e+01
4.693715594332417851e+01 4.955860992777297014e+01
4.693715594332417851e+01 4.497386553590483516e+01
4.693715594332417851e+01 4.770115825874863447e+01
4.693715594332417851e+01 4.265677064864411250e+01
4.693715594332417851e+01 4.252416721867727034e+01
4.693715594332417851e+01 4.745734128730867951e+01
4.693715594332417851e+01 4.455211980291633722e+01
4.693715594332417851e+01 4.615835724791368477e+01
4.693715594332417851e+01 4.372388098721800986e+01
4.693715594332417851e+01 4.765601073016401301e+01
4.693715594332417851e+01 4.275522830453004275e+01
4.693715594332417851e+01 4.518815641394142801e+01
4.693715594332417851e+01 4.497011348034281752e+01
4.693715594332417851e+01 4.635035933271178976e+01
4.693715594332417851e+01 4.771621790872717384e+01
4.693715594332417851e+01 3.902756269857430738e+01
4.693715594332417851e+01 4.978123718859764324e+01
4.693715594332417851e+01 4.578860284514305334e+01
4.693715594332417851e+01 3.808112542175036452e+01
4.693715594332417851e+01 4.593552791720216533e+01
4.693715594332417851e+01 4.592088649651696386e+01
4.693715594332417851e+01 4.957525707092117528e+01
4.693715594332417851e+01 5.044978533451517677e+01
4.693715594332417851e+01 4.448866859003494056e+01
4.693715594332417851e+01 4.878794944199673012e+01
4.693715594332417851e+01 4.479380675127294609e+01
4.693715594332417851e+01 4.722468180515351577e+01
4.693715594332417851e+01 4.860561002266432951e+01
4.693715594332417851e+01 5.009413928334500810e+01
4.693715594332417851e+01 4.462137925570954167e+01
4.693715594332417851e+01 4.624607487819295670e+01
4.693715594332417851e+01 5.102841021813625844e+01
4.693715594332417851e+01 4.372039528583898971e+01
4.693715594332417851e+01 4.797744417495474778e+01
4.693715594332417851e+01 5.174699748884425077e+01
4.693715594332417851e+01 4.450008268054840954e+01
4.693715594332417851e+01 4.613218470725337994e+01
4.693715594332417851e+01 5.030529218797772728e+01
4.693715594332417851e+01 4.582060124799674128e+01
4.693715594332417851e+01 5.388225074154932770e+01
4.693715594332417851e+01 4.506916616544427967e+01
4.693715594332417851e+01 4.905480796943427890e+01
4.693715594332417851e+01 4.411683982385734026e+01
4.693715594332417851e+01 4.897383976093785662e+01
4.693715594332417851e+01 4.912350142122057406e+01
4.693715594332417851e+01 4.445897251553748930e+01
4.693715594332417851e+01 5.099309430867062076e+01
4.693715594332417851e+01 4.069581379564510826e+01
4.693715594332417851e+01 4.726758527634230234e+01
4.693715594332417851e+01 4.957776893021616615e+01
4.693715594332417851e+01 4.561518252607066870e+01
4.693715594332417851e+01 4.658243407888947019e+01
4.693715594332417851e+01 4.007548930064583459e+01
4.693715594332417851e+01 4.545972610109186007e+01
4.693715594332417851e+01 4.325804759975489588e+01
4.693715594332417851e+01 4.967694540620929899e+01
4.693715594332417851e+01 4.722672818135539785e+01
4.693715594332417851e+01 4.707603923653017830e+01
4.693715594332417851e+01 4.850240376066406611e+01
4.693715594332417851e+01 4.903443685850601241e+01
4.693715594332417851e+01 4.916942860477450949e+01
4.693715594332417851e+01 4.692997854874081298e+01
4.693715594332417851e+01 4.874024992221428221e+01
4.693715594332417851e+01 4.606760828939445673e+01
4.693715594332417851e+01 4.264523243437260192e+01
4.693715594332417851e+01 4.662213047199109184e+01
4.693715594332417851e+01 5.238424449410594974e+01
4.693715594332417851e+01 4.119636747051742276e+01
4.693715594332417851e+01 4.401216477153560902e+01
4.693715594332417851e+01 4.506336734407307176e+01
4.693715594332417851e+01 4.483059306279128009e+01
4.693715594332417851e+01 4.890754005328732035e+01
4.693715594332417851e+01 4.663354708897884393e+01
4.693715594332417851e+01 4.961145865850861725e+01
4.693715594332417851e+01 4.992377215211450192e+01
4.693715594332417851e+01 4.723385475335962980e+01
4.693715594332417851e+01 4.840740184504598176e+01
4.693715594332417851e+01 5.302018235952045444e+01
4.693715594332417851e+01 4.023672829856720057e+01
4.693715594332417851e+01 4.919051857281471740e+01
4.693715594332417851e+01 4.304056074892413619e+01
4.693715594332417851e+01 4.651095321013767858e+01
4.693715594332417851e+01 4.329914642337820396e+01
4.693715594332417851e+01 4.719313478839555387e+01
4.693715594332417851e+01 5.011065920583484967e+01
4.693715594332417851e+01 4.170581248976108668e+01
4.693715594332417851e+01 4.819777716668228607e+01
4.693715594332417851e+01 4.842020343210253941e+01
4.693715594332417851e+01 4.872707165466302115e+01
4.693715594332417851e+01 5.003471593890552782e+01
4.693715594332417851e+01 4.563932066059516046e+01
4.693715594332417851e+01 4.858901129944459285e+01
4.693715594332417851e+01 4.482614555664960676e+01
4.693715594332417851e+01 4.413967242084778064e+01
4.693715594332417851e+01 4.215314929580425485e+01
4.693715594332417851e+01 4.685724972266287836e+01
4.693715594332417851e+01 4.645907902325313188e+01
4.693715594332417851e+01 4.835751465561268247e+01
4.693715594332417851e+01 4.395067941542863821e+01
4.693715594332417851e+01 4.232624793397273777e+01
4.693715594332417851e+01 5.177335785346640051e+01
4.693715594332417851e+01 4.401935757274005567e+01
4.693715594332417851e+01 4.181315212952641502e+01
4.693715594332417851e+01 4.836700049354090680e+01
4.693715594332417851e+01 4.933372810313110790e+01
4.693715594332417851e+01 4.121130713715877647e+01
4.693715594332417851e+01 4.893399129726509500e+01
4.693715594332417851e+01 4.420125716567034146e+01
4.693715594332417851e+01 4.315601583701534594e+01
4.693715594332417851e+01 4.548541650847759854e+01
4.693715594332417851e+01 4.333695593107901090e+01
4.693715594332417851e+01 4.458544808754760425e+01
4.693715594332417851e+01 4.349506583170997231e+01
4.693715594332417851e+01 5.168076579877975973e+01
4.693715594332417851e+01 4.315547555191304951e+01
4.693715594332417851e+01 4.596685323972116066e+01
4.693715594332417851e+01 5.008707141356348558e+01
4.693715594332417851e+01 4.932357802474243869e+01
4.693715594332417851e+01 5.257487950137453936e+01
4.693715594332417851e+01 4.977086582602491660e+01
4.693715594332417851e+01 4.000073416109475488e+01
4.693715594332417851e+01 4.964299620147131265e+01
4.693715594332417851e+01 4.587774221877016601e+01
4.693715594332417851e+01 4.390117684100954421e+01
4.693715594332417851e+01 4.556782202550954963e+01
4.693715594332417851e+01 4.746732781795785172e+01
4.693715594332417851e+01 4.367227416298337772e+01
4.693715594332417851e+01 5.207698050829014136e+01
4.693715594332417851e+01 4.560600549996204478e+01
4.693715594332417851e+01 4.036284901640529910e+01
4.693715594332417851e+01 4.347973353055723322e+01
4.693715594332417851e+01 4.893041846899819802e+01
4.693715594332417851e+01 4.586786789688400745e+01
4.693715594332417851e+01 5.637072356032773257e+01
4.693715594332417851e+01 4.587586793707713895e+01
4.693715594332417851e+01 4.386474113133527197e+01
4.693715594332417851e+01 4.604028855820740063e+01
4.693715594332417851e+01 4.573558388162155808e+01
4.693715594332417851e+01 4.803931460780512452e+01
4.693715594332417851e+01 4.322463932432099654e+01
4.693715594332417851e+01 4.281039954419044591e+01
4.693715594332417851e+01 4.658477494337166291e+01
4.693715594332417851e+01 4.958107465026927230e+01
4.693715594332417851e+01 4.263632777335196522e+01
4.693715594332417851e+01 4.220792046460193347e+01
4.693715594332417851e+01 4.222983849095867726e+01
4.693715594332417851e+01 4.770308879023883719e+01
4.693715594332417851e+01 4.496528956619003736e+01
4.693715594332417851e+01 5.027830286155182193e+01
4.693715594332417851e+01 5.088365571588128944e+01
4.693715594332417851e+01 4.444235456492491920e+01
4.693715594332417851e+01 4.508831149772215241e+01
4.693715594332417851e+01 4.300971676698139134e+01
4.693715594332417851e+01 4.629336663635908167e+01
4.693715594332417851e+01 4.855180656476836276e+01
4.693715594332417851e+01 4.983069156151825041e+01
4.693715594332417851e+01 4.531365823692392070e+01
4.693715594332417851e+01 4.337620032845233453e+01
4.693715594332417851e+01 4.671262146943895743e+01
4.693715594332417851e+01 4.423957834286513702e+01
4.693715594332417851e+01 4.818630713108228747e+01
4.693715594332417851e+01 4.510419392415200690e+01
4.693715594332417851e+01 4.430067648811989045e+01
4.693715594332417851e+01 4.724515758030719326e+01
4.693715594332417851e+01 4.780001562196736131e+01
4.693715594332417851e+01 4.408066358391829453e+01
4.693715594332417851e+01 4.370265072678567719e+01
4.693715594332417851e+01 4.726143268728868918e+01
4.693715594332417851e+01 4.818267270711424999e+01
4.693715594332417851e+01 4.584752351632863565e+01
4.693715594332417851e+01 4.700254417242283012e+01
4.693715594332417851e+01 4.376231264657786824e+01
4.693715594332417851e+01 4.812426614811675307e+01
4.693715594332417851e+01 4.542742762375435461e+01
4.693715594332417851e+01 4.932657226453006416e+01
4.693715594332417851e+01 3.961388025225383558e+01
4.693715594332417851e+01 4.460700875750677596e+01
4.693715594332417851e+01 3.906515365132646878e+01
4.693715594332417851e+01 4.411768687609271211e+01
4.693715594332417851e+01 4.684406048525269028e+01
4.693715594332417851e+01 5.977116386374734702e+01
4.693715594332417851e+01 4.631588690256774044e+01
4.693715594332417851e+01 4.485587755166184820e+01
4.693715594332417851e+01 4.264041937900221058e+01
4.693715594332417851e+01 4.130689614113580888e+01
4.693715594332417851e+01 4.404657739471620914e+01
4.693715594332417851e+01 4.600605204834302953e+01
4.693715594332417851e+01 4.733051329332322155e+01
4.693715594332417851e+01 4.397682926856413843e+01
4.693715594332417851e+01 4.306407217364439788e+01
4.693715594332417851e+01 4.787905959002267053e+01
4.693715594332417851e+01 4.860407968458392247e+01
4.693715594332417851e+01 4.500159765278316115e+01
4.693715594332417851e+01 4.594737538132942944e+01
4.693715594332417851e+01 5.240872297774834010e+01
4.693715594332417851e+01 4.357954032384402865e+01
4.693715594332417851e+01 4.337903405445550931e+01
4.693715594332417851e+01 4.323625334881293014e+01
4.693715594332417851e+01 5.604593370659691232e+01
4.693715594332417851e+01 5.131104885078656253e+01
4.693715594332417851e+01 4.237079354198016290e+01
4.693715594332417851e+01 4.782963027911264220e+01
4.693715594332417851e+01 4.329976907497427874e+01
4.693715594332417851e+01 4.529987245944677454e+01
4.693715594332417851e+01 4.786313955458899017e+01
4.693715594332417851e+01 4.226078652035925387e+01
4.693715594332417851e+01 4.355622064232965585e+01
4.693715594332417851e+01 4.038969865472709841e+01
4.693715594332417851e+01 4.456624441140908743e+01
4.693715594332417851e+01 4.817528489671253311e+01
4.693715594332417851e+01 4.995390844379841866e+01
4.693715594332417851e+01 4.446740076031181843e+01
4.693715594332417851e+01 5.400527437785054019e+01
4.693715594332417851e+01 4.529817612659904569e+01
4.693715594332417851e+01 4.404552205445936153e+01
4.693715594332417851e+01 4.723295321216102138e+01
4.693715594332417851e+01 5.493382740101839090e+01
4.693715594332417851e+01 4.532578210525502271e+01
4.693715594332417851e+01 4.609696700146648851e+01
4.693715594332417851e+01 5.075540285401640261e+01
4.693715594332417851e+01 4.903957688227214362e+01
4.693715594332417851e+01 4.696602602527515558e+01
4.693715594332417851e+01 4.169308373159974224e+01
4.693715594332417851e+01 4.263411409147760622e+01
4.693715594332417851e+01 4.123305906601704152e+01
4.693715594332417851e+01 4.079476843448691881e+01
4.693715594332417851e+01 4.739932132072159021e+01
4.693715594332417851e+01 4.593489357258504668e+01
4.693715594332417851e+01 4.785528400197391363e+01
4.693715594332417851e+01 5.225741927795690600e+01
4.693715594332417851e+01 4.501865363759898031e+01
4.693715594332417851e+01 4.183409245932686105e+01
4.693715594332417851e+01 4.457530243913160461e+01
4.693715594332417851e+01 5.235844949491173139e+01
4.693715594332417851e+01 4.803902086273515692e+01
4.693715594332417851e+01 5.070896759822426247e+01
4.693715594332417851e+01 4.468912843459480655e+01
4.693715594332417851e+01 4.560483401918475010e+01
4.693715594332417851e+01 5.113440815638768555e+01
4.693715594332417851e+01 4.752497066830223105e+01
4.693715594332417851e+01 4.472647487058853955e+01
4.693715594332417851e+01 3.955592258672005812e+01
4.693715594332417851e+01 3.976118665579957678e+01
4.693715594332417851e+01 4.172400565798058381e+01
4.693715594332417851e+01 4.586203478680124590e+01
4.693715594332417851e+01 4.784420049154368826e+01
4.693715594332417851e+01 4.405884746625851278e+01
4.693715594332417851e+01 5.288065646727042690e+01
4.693715594332417851e+01 4.727670102450193923e+01
4.693715594332417851e+01 4.887521265532959802e+01
4.693715594332417851e+01 4.374790610595022144e+01
4.693715594332417851e+01 5.368018229723215740e+01
4.693715594332417851e+01 4.551762475809200481e+01
4.693715594332417851e+01 4.843500602259511822e+01
4.693715594332417851e+01 4.473928831736619571e+01
4.693715594332417851e+01 4.594701391466655593e+01
4.693715594332417851e+01 4.597709486623611497e+01
4.693715594332417851e+01 4.354042237211964306e+01
4.693715594332417851e+01 4.288804369200123290e+01
4.693715594332417851e+01 4.669058373707174070e+01
4.693715594332417851e+01 4.465517819539939381e+01
4.693715594332417851e+01 4.499473900458400522e+01
4.693715594332417851e+01 4.621050090108938235e+01
4.693715594332417851e+01 4.970132931446700297e+01
4.693715594332417851e+01 5.348800999441518655e+01
4.693715594332417851e+01 4.670364949041389480e+01
4.693715594332417851e+01 4.831300106204913902e+01
4.693715594332417851e+01 4.747258797883137049e+01
4.693715594332417851e+01 4.292158034047173487e+01
4.693715594332417851e+01 4.885056606408755187e+01
4.693715594332417851e+01 4.595512618596866616e+01
4.693715594332417851e+01 4.928630485883191881e+01
4.693715594332417851e+01 4.849663587029471046e+01
4.693715594332417851e+01 4.538963739099709471e+01
4.693715594332417851e+01 5.030915808532109423e+01
4.693715594332417851e+01 4.505767807883722043e+01
4.693715594332417851e+01 4.751327577483573350e+01
4.693715594332417851e+01 4.145656485395349478e+01
4.693715594332417851e+01 4.722164857775642588e+01
4.693715594332417851e+01 4.688486432674037019e+01
4.693715594332417851e+01 5.473224317728774224e+01
4.693715594332417851e+01 4.552165671733954611e+01
4.693715594332417851e+01 4.751900614122998689e+01
4.693715594332417851e+01 4.350167499235206492e+01
4.693715594332417851e+01 4.809660566695300332e+01
4.693715594332417851e+01 4.598611357179824211e+01
4.693715594332417851e+01 4.931723568223573295e+01
4.693715594332417851e+01 4.184884558368895568e+01
4.693715594332417851e+01 4.745812667697411058e+01
4.693715594332417851e+01 4.900875638656668798e+01
4.693715594332417851e+01 4.225468321715565878e+01
4.693715594332417851e+01 4.364164306921627912e+01
4.693715594332417851e+01 4.452319917344340183e+01
4.693715594332417851e+01 4.644837536103960929e+01
4.693715594332417851e+01 4.337748198230910646e+01
4.693715594332417851e+01 4.434865627503807417e+01
4.693715594332417851e+01 4.567627545975165759e+01
4.693715594332417851e+01 4.699778370930557259e+01
4.693715594332417851e+01 4.925415394769851218e+01
4.693715594332417851e+01 4.623162251846137849e+01
4.693715594332417851e+01 4.660483141533776319e+01
4.693715594332417851e+01 4.632331788801869976e+01
4.693715594332417851e+01 4.333547171690049282e+01
4.693715594332417851e+01 4.450029599845860417e+01
4.693715594332417851e+01 4.809887722730869797e+01
4.693715594332417851e+01 4.446362656288700776e+01
4.693715594332417851e+01 4.824376059384411519e+01
4.693715594332417851e+01 4.750697918692867461e+01
4.693715594332417851e+01 4.345701671340590622e+01
4.693715594332417851e+01 4.535661099583389699e+01
4.693715594332417851e+01 4.574558747432360661e+01
4.693715594332417851e+01 4.078767154641997195e+01
4.693715594332417851e+01 4.963929256628973974e+01
4.693715594332417851e+01 4.395625942505750317e+01
4.693715594332417851e+01 4.526928896991568507e+01
4.693715594332417851e+01 4.326365628086059445e+01
4.693715594332417851e+01 4.678508049579060923e+01
4.693715594332417851e+01 4.288462840193740533e+01
4.693715594332417851e+01 4.683648766835595723e+01
4.693715594332417851e+01 5.228766100506470593e+01
4.693715594332417851e+01 5.165582631793722612e+01
4.693715594332417851e+01 4.836380802380750765e+01
4.693715594332417851e+01 4.460697676871082251e+01
4.693715594332417851e+01 4.328690892664784684e+01
4.693715594332417851e+01 4.459446547251722137e+01
4.693715594332417851e+01 5.118951511113414199e+01
4.693715594332417851e+01 4.610243953608785006e+01
4.693715594332417851e+01 4.983575504420414148e+01
4.693715594332417851e+01 4.733452466167314299e+01
4.693715594332417851e+01 4.212048435308368965e+01
4.693715594332417851e+01 4.395629996763901914e+01
4.693715594332417851e+01 4.893018303231308863e+01
4.693715594332417851e+01 4.219813283676975146e+01
4.693715594332417851e+01 4.472475337186966726e+01
4.693715594332417851e+01 4.774809339569383582e+01
4.693715594332417851e+01 4.896202042706492819e+01
4.693715594332417851e+01 4.874262142597110881e+01
4.693715594332417851e+01 5.282383256210614775e+01
4.693715594332417851e+01 5.147859900465837057e+01
4.693715594332417851e+01 4.295214982539243920e+01
4.693715594332417851e+01 4.373827890355017445e+01
4.693715594332417851e+01 4.444789557072270725e+01
4.693715594332417851e+01 4.754704149849806782e+01
4.693715594332417851e+01 4.494672864502196319e+01
4.693715594332417851e+01 4.575406974355517065e+01
4.693715594332417851e+01 4.729723574161538124e+01
4.693715594332417851e+01 3.952794852806783865e+01
4.693715594332417851e+01 4.022393504369417627e+01
4.693715594332417851e+01 4.789310254985399240e+01
4.693715594332417851e+01 4.834635045235367556e+01
4.693715594332417851e+01 4.932796003939449747e+01
4.693715594332417851e+01 4.469628588515688250e+01
4.693715594332417851e+01 4.614347881488305347e+01
4.693715594332417851e+01 4.934560655941225349e+01
4.693715594332417851e+01 4.272964945348923749e+01
4.693715594332417851e+01 4.337755923278335501e+01
4.693715594332417851e+01 4.447521125604890813e+01
4.693715594332417851e+01 4.890462026168434306e+01
4.693715594332417851e+01 4.465814236364799683e+01
4.693715594332417851e+01 4.656462707205641749e+01
4.693715594332417851e+01 4.449752915475482240e+01
4.693715594332417851e+01 4.279126153687531087e+01
4.693715594332417851e+01 3.906245831848538330e+01
4.693715594332417851e+01 4.859863512278093367e+01
4.693715594332417851e+01 4.766833820041360781e+01
4.693715594332417851e+01 4.628858578378261512e+01
4.693715594332417851e+01 4.681003096035453126e+01
4.693715594332417851e+01 4.609561423271692604e+01
4.693715594332417851e+01 5.171578095455360824e+01
4.693715594332417851e+01 4.225512026038387603e+01
4.693715594332417851e+01 4.292050054862259145e+01
4.693715594332417851e+01 5.074214334089923994e+01
4.693715594332417851e+01 4.450253374079021995e+01
4.693715594332417851e+01 4.385818475362045632e+01
4.693715594332417851e+01 4.441996949533049133e+01
4.693715594332417851e+01 4.946573007804398969e+01
4.693715594332417851e+01 4.462457472773417066e+01
4.693715594332417851e+01 4.571705017602333498e+01
4.693715594332417851e+01 4.232122458446821867e+01
4.693715594332417851e+01 4.715581104248668254e+01
4.693715594332417851e+01 4.454896934631021566e+01
4.693715594332417851e+01 4.686300675684260852e+01
4.693715594332417851e+01 4.709767764646466048e+01
4.693715594332417851e+01 4.385077612569907757e+01
4.693715594332417851e+01 4.870768739123456470e+01
4.693715594332417851e+01 4.860980423293538877e+01
4.693715594332417851e+01 5.093234525258873191e+01
4.693715594332417851e+01 5.257811022872876094e+01
4.693715594332417851e+01 4.531449431155982666e+01
4.693715594332417851e+01 5.072172135809596938e+01
4.693715594332417851e+01 4.112740930493779956e+01
4.693715594332417851e+01 5.073296342376141155e+01
4.693715594332417851e+01 4.566557185349176251e+01
4.693715594332417851e+01 4.230991751373973386e+01
4.693715594332417851e+01 4.630589800946253831e+01
4.693715594332417851e+01 4.973599930808472891e+01
4.693715594332417851e+01 4.926699925249795342e+01
4.693715594332417851e+01 4.706574431907623079e+01
4.693715594332417851e+01 4.250862392092250275e+01
4.693715594332417851e+01 4.409417724450177900e+01
4.693715594332417851e+01 4.038101463541988068e+01
4.693715594332417851e+01 4.849803279128433076e+01
4.693715594332417851e+01 4.548402734725274144e+01
4.693715594332417851e+01 4.165988062936590808e+01
4.693715594332417851e+01 4.896232027399365450e+01
4.693715594332417851e+01 5.035957417494959998e+01
4.693715594332417851e+01 4.959414535851168182e+01
4.693715594332417851e+01 4.697312432977579988e+01
4.693715594332417851e+01 5.125021214929066815e+01
4.693715594332417851e+01 4.662350077735499809e+01
4.693715594332417851e+01 5.043161201045705155e+01
4.693715594332417851e+01 4.513950511215845296e+01
4.693715594332417851e+01 4.470689545743860549e+01
4.693715594332417851e+01 4.486529591346167933e+01
4.693715594332417851e+01 4.786967822750951029e+01
4.693715594332417851e+01 5.206736323905355590e+01
4.693715594332417851e+01 4.397368986072555685e+01
4.693715594332417851e+01 4.243775793934707252e+01
4.693715594332417851e+01 4.653169307225194729e+01
4.693715594332417851e+01 4.457793196822449744e+01
4.693715594332417851e+01 5.079076461762951311e+01
4.693715594332417851e+01 4.611153115548412273e+01
4.693715594332417851e+01 4.823221315873485793e+01
4.693715594332417851e+01 4.647442232857014233e+01
4.693715594332417851e+01 4.651026244408024723e+01
4.693715594332417851e+01 4.462269526979398648e+01
4.693715594332417851e+01 4.460440207812736446e+01
4.693715594332417851e+01 4.872225643659287186e+01
4.693715594332417851e+01 4.925617850836918876e+01
4.693715594332417851e+01 5.502850045105080312e+01
4.693715594332417851e+01 4.295547114350017637e+01
4.693715594332417851e+01 4.563603602675483728e+01
4.693715594332417851e+01 4.676400842032321492e+01
4.693715594332417851e+01 4.379043998026494222e+01
4.693715594332417851e+01 4.409154105482633668e+01
4.693715594332417851e+01 4.341612982251429287e+01
4.693715594332417851e+01 4.515337472347012948e+01
4.693715594332417851e+01 4.751269685500000151e+01
4.693715594332417851e+01 4.921350587014013200e+01
4.693715594332417851e+01 4.592261027613196234e+01
4.693715594332417851e+01 4.583621768087109416e+01
4.693715594332417851e+01 4.544479850431184786e+01
4.693715594332417851e+01 4.415343907967540105e+01
4.693715594332417851e+01 4.157430279696367847e+01
4.693715594332417851e+01 4.360268508265319554e+01
4.693715594332417851e+01 4.365029345575096187e+01
4.693715594332417851e+01 5.505755638320355416e+01
4.693715594332417851e+01 4.780693643765747680e+01
4.693715594332417851e+01 5.230134879510410428e+01
4.693715594332417851e+01 4.739263663678432437e+01
4.693715594332417851e+01 4.286523448291874416e+01
4.693715594332417851e+01 4.361826306477784243e+01
4.693715594332417851e+01 5.008375168905140384e+01
4.693715594332417851e+01 4.701441617976878717e+01
4.693715594332417851e+01 4.994817597495625705e+01
4.693715594332417851e+01 4.580831050551478967e+01
4.693715594332417851e+01 4.776376100320877782e+01
4.693715594332417851e+01 5.176021786472408337e+01
4.693715594332417851e+01 4.855434303902904247e+01
4.693715594332417851e+01 4.661296486071290701e+01
4.693715594332417851e+01 4.408580868420892784e+01
4.693715594332417851e+01 5.244734224898503783e+01
4.693715594332417851e+01 4.513589287950513551e+01
4.693715594332417851e+01 4.711708502093823370e+01
4.693715594332417851e+01 4.533088553468854087e+01
4.693715594332417851e+01 5.120892690422454763e+01
4.693715594332417851e+01 5.023865642289671740e+01
4.693715594332417851e+01 3.782377289561927114e+01
4.693715594332417851e+01 5.102216910718762222e+01
4.693715594332417851e+01 4.706726090545895858e+01
4.693715594332417851e+01 4.295512873128996034e+01
4.693715594332417851e+01 4.636613618883179555e+01
4.693715594332417851e+01 4.686397177909390166e+01
4.693715594332417851e+01 4.840421192453047894e+01
4.693715594332417851e+01 4.515734524250267157e+01
4.693715594332417851e+01 4.141210391961942605e+01
4.693715594332417851e+01 4.253836011411789286e+01
4.693715594332417851e+01 4.634127919092182424e+01
4.693715594332417851e+01 4.357930008471809202e+01
4.693715594332417851e+01 4.131149174737448959e+01
4.693715594332417851e+01 5.028611196457056565e+01
4.693715594332417851e+01 4.162343488402696323e+01
4.693715594332417851e+01 4.535624844503165320e+01
4.693715594332417851e+01 4.364676086555769530e+01
4.693715594332417851e+01 4.363120667672811237e+01
4.693715594332417851e+01 4.984556478853025396e+01
4.693715594332417851e+01 4.753949978025704581e+01
4.693715594332417851e+01 4.217477387843058523e+01
4.693715594332417851e+01 4.628655198531492942e+01
4.693715594332417851e+01 4.855604341997565143e+01
4.693715594332417851e+01 3.898577379829464462e+01
4.693715594332417851e+01 4.345170207864200762e+01
4.693715594332417851e+01 4.366291399354799552e+01
4.693715594332417851e+01 4.278699414065585671e+01
4.693715594332417851e+01 4.661970742452692917e+01
4.693715594332417851e+01 4.463179119201089406e+01
4.693715594332417851e+01 5.067780022203430690e+01
4.693715594332417851e+01 4.699930316289989918e+01
4.693715594332417851e+01 4.736784160338341110e+01
4.693715594332417851e+01 4.933074965355740460e+01
4.693715594332417851e+01 4.342171529688931031e+01
4.693715594332417851e+01 4.875982881049195328e+01
4.693715594332417851e+01 4.129941625244217818e+01
4.693715594332417851e+01 4.172064886595684641e+01
4.693715594332417851e+01 4.293147373283319723e+01
4.693715594332417851e+01 4.552534082437424701e+01
4.693715594332417851e+01 4.109793790434827798e+01
4.693715594332417851e+01 4.802995152372940169e+01
4.693715594332417851e+01 4.248184928081510492e+01
4.693715594332417851e+01 5.441216877364481519e+01
4.693715594332417851e+01 5.017958929004947066e+01
4.693715594332417851e+01 5.180762784208701532e+01
4.693715594332417851e+01 4.704478597216262870e+01
4.693715594332417851e+01 5.289308667707377509e+01
4.693715594332417851e+01 5.240752777718781630e+01
4.693715594332417851e+01 4.584094516891762083e+01
4.693715594332417851e+01 4.392644616158738557e+01
4.693715594332417851e+01 5.301226032579935321e+01
4.693715594332417851e+01 4.621725921344062016e+01
4.693715594332417851e+01 4.570012305239679051e+01
4.693715594332417851e+01 4.428555764123165517e+01
4.693715594332417851e+01 4.480154942474126756e+01
4.693715594332417851e+01 4.929806779131142491e+01
4.693715594332417851e+01 4.502210030079574921e+01
4.693715594332417851e+01 4.827777763531267397e+01
4.693715594332417851e+01 4.603934111078238800e+01
4.693715594332417851e+01 4.546912097360171856e+01
4.693715594332417851e+01 4.664635066806000196e+01
4.693715594332417851e+01 4.008966762892703883e+01
4.693715594332417851e+01 4.517604874039061968e+01
4.693715594332417851e+01 4.912032369836278178e+01
4.693715594332417851e+01 4.409607271638626713e+01
4.693715594332417851e+01 4.176709056275704057e+01
4.693715594332417851e+01 4.466005768742456894e+01
4.693715594332417851e+01 4.972192527872363144e+01
4.693715594332417851e+01 4.204363495273986473e+01
4.693715594332417851e+01 4.796570337886490876e+01
4.693715594332417851e+01 4.570099075399458854e+01
4.693715594332417851e+01 4.423743783244081840e+01
4.693715594332417851e+01 4.547306771250629964e+01
4.693715594332417851e+01 4.094578237960243428e+01
4.693715594332417851e+01 4.688052807349918538e+01
4.693715594332417851e+01 3.903183253812326825e+01
4.693715594332417851e+01 4.725513809572380097e+01
4.693715594332417851e+01 4.295498888793567005e+01
4.693715594332417851e+01 4.551548259342836644e+01
4.693715594332417851e+01 4.975903807393409295e+01
4.693715594332417851e+01 4.500329321350339740e+01
4.693715594332417851e+01 4.206848813461343184e+01
4.693715594332417851e+01 4.501607363993413458e+01
4.693715594332417851e+01 4.738145814183343418e+01
4.693715594332417851e+01 4.494243043897028400e+01
4.693715594332417851e+01 4.766804606047541881e+01
4.693715594332417851e+01 4.030001794303348106e+01
4.693715594332417851e+01 4.722651467361372113e+01
4.693715594332417851e+01 4.309332366481449839e+01
4.693715594332417851e+01 4.690407879930735646e+01
4.693715594332417851e+01 4.258560551319515497e+01
4.693715594332417851e+01 4.653657403442057472e+01
4.693715594332417851e+01 5.317269486763419195e+01
4.693715594332417851e+01 4.379399966849032211e+01
4.693715594332417851e+01 4.852126901466134257e+01
4.693715594332417851e+01 4.576814161112626067e+01
4.693715594332417851e+01 5.107725419140837886e+01
4.693715594332417851e+01 4.476929658770615106e+01
4.693715594332417851e+01 4.435141135735963047e+01
4.693715594332417851e+01 4.631975574775538007e+01
4.693715594332417851e+01 4.318887295470189969e+01
4.693715594332417851e+01 4.739515629960184384e+01
4.693715594332417851e+01 5.142912407331832725e+01
4.693715594332417851e+01 4.938436890303529481e+01
4.693715594332417851e+01 4.874907974514704279e+01
4.693715594332417851e+01 4.379323261398447187e+01
4.693715594332417851e+01 3.837498532251712646e+01
4.693715594332417851e+01 4.534888998586291819e+01
4.693715594332417851e+01 4.105573262517724942e+01
4.693715594332417851e+01 4.639768556287248913e+01
4.693715594332417851e+01 4.466583392498854010e+01
4.693715594332417851e+01 5.373871628539834688e+01
4.693715594332417851e+01 4.778972094475891907e+01
4.693715594332417851e+01 4.690127291656600050e+01
4.693715594332417851e+01 4.490859686324616717e+01
4.693715594332417851e+01 5.009964123300983374e+01
4.693715594332417851e+01 4.075725994508152183e+01
4.693715594332417851e+01 4.668221605416130160e+01
4.693715594332417851e+01 5.098988661632550645e+01
4.693715594332417851e+01 4.243288074831133372e+01
4.693715594332417851e+01 4.244670351727721425e+01
4.693715594332417851e+01 4.844138052481604007e+01
4.693715594332417851e+01 4.978449634751682140e+01
4.693715594332417851e+01 4.493873470608076559e+01
4.693715594332417851e+01 4.796483920362895503e+01
4.693715594332417851e+01 5.177762194402393447e+01
4.693715594332417851e+01 4.627626928845920418e+01
4.693715594332417851e+01 4.623170470075115901e+01
4.693715594332417851e+01 4.234940759415655265e+01
4.693715594332417851e+01 4.436366155006553669e+01
4.693715594332417851e+01 4.239624271999861094e+01
4.693715594332417851e+01 5.099742083194484366e+01
4.693715594332417851e+01 5.254542678223302232e+01
4.693715594332417851e+01 4.680404603732581137e+01
4.693715594332417851e+01 4.795433838539039328e+01
4.693715594332417851e+01 5.038327387840665494e+01
4.693715594332417851e+01 4.501349306530561023e+01
4.693715594332417851e+01 5.096499699601376676e+01
4.693715594332417851e+01 4.375997816641388027e+01
4.693715594332417851e+01 4.956595970596428202e+01
4.693715594332417851e+01 4.827637391896126928e+01
4.693715594332417851e+01 4.463880240216697359e+01
4.693715594332417851e+01 4.436229839971191069e+01
4.693715594332417851e+01 4.165343749885832381e+01
4.693715594332417851e+01 4.595557750693125598e+01
4.693715594332417851e+01 5.221076304635895582e+01
4.693715594332417851e+01 4.759082762459833305e+01
4.693715594332417851e+01 4.436043903915167874e+01
4.693715594332417851e+01 4.536452020437328514e+01
4.693715594332417851e+01 4.226773647962659908e+01
4.693715594332417851e+01 4.312282220332103577e+01
4.693715594332417851e+01 4.480688565582123317e+01
4.693715594332417851e+01 4.627145428440346109e+01
4.693715594332417851e+01 4.545872653512573436e+01
4.693715594332417851e+01 4.181710274483614143e+01
4.693715594332417851e+01 4.573494177144041828e+01
4.693715594332417851e+01 5.022799940446924438e+01
4.693715594332417851e+01 4.543004541027337950e+01
4.693715594332417851e+01 4.942748304547021831e+01
4.693715594332417851e+01 4.617185915485575265e+01
4.693715594332417851e+01 4.915669606003646663e+01
4.693715594332417851e+01 4.933063060396767696e+01
4.693715594332417851e+01 4.790073620102340612e+01
4.693715594332417851e+01 4.483665107290146778e+01
4.693715594332417851e+01 4.998692117849707728e+01
4.693715594332417851e+01 4.977136960521625753e+01
4.693715594332417851e+01 5.362800078470132803e+01
4.693715594332417851e+01 4.389056285840515415e+01
4.693715594332417851e+01 4.378454426348703521e+01
4.693715594332417851e+01 4.178983221276040894e+01
4.693715594332417851e+01 4.686551922916576984e+01
4.693715594332417851e+01 4.149022596853926359e+01
4.693715594332417851e+01 4.436959392756571674e+01
4.693715594332417851e+01 4.189206173318528670e+01
4.693715594332417851e+01 4.718034520927136555e+01
4.693715594332417851e+01 4.274442570998993318e+01
4.693715594332417851e+01 4.852787125777280863e+01
4.693715594332417851e+01 5.303190874945013178e+01
4.693715594332417851e+01 4.597520002176887033e+01
4.693715594332417851e+01 4.461541450526629404e+01
4.693715594332417851e+01 5.113965193880130755e+01
4.693715594332417851e+01 3.927348166297105081e+01
4.693715594332417851e+01 4.219574294423060934e+01
4.693715594332417851e+01 4.607661871315240631e+01
4.693715594332417851e+01 4.581378509882202366e+01
4.693715594332417851e+01 4.711410691160052977e+01
4.693715594332417851e+01 4.015693472668205288e+01
4.693715594332417851e+01 5.302059236428980427e+01
4.693715594332417851e+01 4.577559921012228727e+01
4.693715594332417851e+01 4.552165436008518640e+01
4.693715594332417851e+01 4.184016534861697778e+01
4.693715594332417851e+01 4.248493510386730065e+01
4.693715594332417851e+01 5.387498914595323640e+01
4.693715594332417851e+01 5.266891547818634933e+01
4.693715594332417851e+01 4.702247994455438374e+01
4.693715594332417851e+01 4.794105451840984955e+01
4.693715594332417851e+01 4.872931381101628290e+01
4.693715594332417851e+01 4.476558961365757483e+01
4.693715594332417851e+01 4.327386347338048722e+01
4.693715594332417851e+01 5.209058909832430118e+01
4.693715594332417851e+01 4.678330290953076087e+01
