4.693715594332417851e+01 4.680443004572591548e+01
4.693715594332417851e+01 4.729945028941128271e+01
4.693715594332417851e+01 4.513707586328080623e+01
4.693715594332417851e+01 4.349294552969156058e+01
4.693715594332417851e+01 4.250695571014968976e+01
4.693715594332417851e+01 4.314675089758599569e+01
4.693715594332417851e+01 4.298373656253676245e+01
4.693715594332417851e+01 4.685182619102275225e+01
4.693715594332417851e+01 4.771876627657687209e+01
4.693715594332417851e+01 4.057270221801691434e+01
4.693715594332417851e+01 4.542504825748152086e+01
4.693715594332417851e+01 4.695235991493559169e+01
4.693715594332417851e+01 4.160216553095030889e+01
4.693715594332417851e+01 4.128364735416394637e+01
4.693715594332417851e+01 4.879883773548603898e+01
4.693715594332417851e+01 4.760725770353813857e+01
4.693715594332417851e+01 4.640948452244920475e+01
4.693715594332417851e+01 4.772663236972454115e+01
4.693715594332417851e+01 4.587769700032165332e+01
4.693715594332417851e+01 4.548717391152378298e+01
4.693715594332417851e+01 4.753206417632048186e+01
4.693715594332417851e+01 4.629032545021051703e+01
4.693715594332417851e+01 4.811674250380902862e+01
4.693715594332417851e+01 4.536396821987150219e+01
4.693715594332417851e+01 4.848757895662800621e+01
4.693715594332417851e+01 4.681251677123129440e+01
4.693715594332417851e+01 4.845098834898826112e+01
4.693715594332417851e+01 4.512040594244666636e+01
4.693715594332417851e+01 5.243912818187940417e+01
4.693715594332417851e+01 4.869377044336446403e+01
4.693715594332417851e+01 4.500052621895709137e+01
4.693715594332417851e+01 4.495615225638172774e+01
4.693715594332417851e+01 4.226006929003966661e+01
4.693715594332417851e+01 4.514339661594338793e+01
4.693715594332417851e+01 5.502380181028670592e+01
4.693715594332417851e+01 4.541203052126682849e+01
4.693715594332417851e+01 4.365446433495500145e+01
4.693715594332417851e+01 5.044136527857308039e+01
4.693715594332417851e+01 4.635615769501992389e+01
4.693715594332417851e+01 4.875336253454068469e+01
4.693715594332417851e+01 4.494913811784175550e+01
4.693715594332417851e+01 4.252914340927368642e+01
4.693715594332417851e+01 4.484109046171931112e+01
4.693715594332417851e+01 4.361789158242120124e+01
4.693715594332417851e+01 4.405660853737569482e+01
4.693715594332417851e+01 4.469875128115924667e+01
4.693715594332417851e+01 4.486292252212189169e+01
4.693715594332417851e+01 4.317850352740488518e+01
4.693715594332417851e+01 4.482079129728300870e+01
4.693715594332417851e+01 5.256387268681703517e+01
4.693715594332417851e+01 5.074123287126946735e+01
4.693715594332417851e+01 4.510853410944068287e+01
4.693715594332417851e+01 3.698979128722780985e+01
4.693715594332417851e+01 4.272525536193967355e+01
4.693715594332417851e+01 4.430039343089010373e+01
4.693715594332417851e+01 4.802991491061735729e+01
4.693715594332417851e+01 4.788981518675912241e+01
4.693715594332417851e+01 5.112746747927613455e+01
4.693715594332417851e+01 4.806166704222286512e+01
4.693715594332417851e+01 4.643943798275075352e+01
4.693715594332417851e+01 4.379051597433507936e+01
4.693715594332417851e+01 4.623720654388322515e+01
4.693715594332417851e+01 5.136424939701468162e+01
4.693715594332417851e+01 4.961691188220179072e+01
4.693715594332417851e+01 4.275198878020070481e+01
4.693715594332417851e+01 4.807969801390172648e+01
4.693715594332417851e+01 4.819338469640479872e+01
4.693715594332417851e+01 4.336409175353443146e+01
4.693715594332417851e+01 5.075585419701737777e+01
4.693715594332417851e+01 4.449186216384561021e+01
4.693715594332417851e+01 4.787207676167383852e+01
4.693715594332417851e+01 4.573255404557647807e+01
4.693715594332417851e+01 4.617869140174251186e+01
4.693715594332417851e+01 4.106766388269650037e+01
4.693715594332417851e+01 4.986919404330370753e+01
4.693715594332417851e+01 4.530181194799033761e+01
4.693715594332417851e+01 5.050178093298666937e+01
4.693715594332417851e+01 4.599527138488937794e+01
4.693715594332417851e+01 4.285667104712688769e+01
4.693715594332417851e+01 4.372189057522974309e+01
4.693715594332417851e+01 5.047747744115228841e+01
4.693715594332417851e+01 5.139347415219098991e+01
4.693715594332417851e+01 4.651290186467206667e+01
4.693715594332417851e+01 4.548907719613140443e+01
4.693715594332417851e+01 4.741832640761882800e+01
4.693715594332417851e+01 4.639398656700657853e+01
4.693715594332417851e+01 4.210801539440841168e+01
4.693715594332417851e+01 5.038655769941857443e+01
4.693715594332417851e+01 4.703311365527874699e+01
4.693715594332417851e+01 5.025042183197611934e+01
4.693715594332417851e+01 4.577621224789426435e+01
4.693715594332417851e+01 4.443998012766503081e+01
4.693715594332417851e+01 4.987258188829171957e+01
4.693715594332417851e+01 4.391290872386940691e+01
4.693715594332417851e+01 4.311153346016487120e+01
4.693715594332417851e+01 4.475722826091407569e+01
4.693715594332417851e+01 4.723084732085680315e+01
4.693715594332417851e+01 4.741046432045798298e+01
4.693715594332417851e+01 4.427798051466169227e+01
4.693715594332417851e+01 5.675277736417407226e+01
4.693715594332417851e+01 4.639073471011684546e+01
4.693715594332417851e+01 4.686882456049954015e+01
4.693715594332417851e+01 4.418143374453504890e+01
4.693715594332417851e+01 4.624313897869427592e+01
4.693715594332417851e+01 4.737049152593887413e+01
4.693715594332417851e+01 4.639436638650824563e+01
4.693715594332417851e+01 4.450909501518484745e+01
4.693715594332417851e+01 4.389451671292805912e+01
4.693715594332417851e+01 4.702652122017709502e+01
4.693715594332417851e+01 4.727791598875440826e+01
4.693715594332417851e+01 5.071789063525316266e+01
4.693715594332417851e+01 4.730736799376231261e+01
4.693715594332417851e+01 4.841585336208794388e+01
4.693715594332417851e+01 4.665861773305149995e+01
4.693715594332417851e+01 5.238810477719228942e+01
4.693715594332417851e+01 5.629231942798385546e+01
4.693715594332417851e+01 3.961631171622894243e+01
4.693715594332417851e+01 4.654293784835422798e+01
4.693715594332417851e+01 4.772940438253518636e+01
4.693715594332417851e+01 5.032232595706144451e+01
4.693715594332417851e+01 4.361186717361835008e+01
4.693715594332417851e+01 4.505925726517248364e+01
4.693715594332417851e+01 4.240604006529655123e+01
4.693715594332417851e+01 4.411308270579574753e+01
4.693715594332417851e+01 4.633779428822374058e+01
4.693715594332417851e+01 4.234634754054491168e+01
4.693715594332417851e+01 4.796120939532927707e+01
4.693715594332417851e+01 4.773285706936369621e+01
4.693715594332417851e+01 5.064190240727100445e+01
4.693715594332417851e+01 4.534033026971914637e+01
4.693715594332417851e+01 4.684219509911113732e+01
4.693715594332417851e+01 4.559927791597232982e+01
4.693715594332417851e+01 4.728046522895255066e+01
4.693715594332417851e+01 4.114792219955639041e+01
4.693715594332417851e+01 3.912200240653449157e+01
4.693715594332417851e+01 4.550785050736641324e+01
4.693715594332417851e+01 4.589905563960377322e+01
4.693715594332417851e+01 4.554158157992996792e+01
4.693715594332417851e+01 4.222234834192761355e+01
4.693715594332417851e+01 4.643419005903670893e+01
4.693715594332417851e+01 4.072779140066536030e+01
4.693715594332417851e+01 5.292302755662844760e+01
4.693715594332417851e+01 4.511852240744013898e+01
4.693715594332417851e+01 4.598365008811137500e+01
4.693715594332417851e+01 4.816527876721539769e+01
4.693715594332417851e+01 4.841121149427934256e+01
4.693715594332417851e+01 4.666693010727957613e+01
4.693715594332417851e+01 4.102083724694817590e+01
4.693715594332417851e+01 4.656081163913592746e+01
4.693715594332417851e+01 4.301478648286857265e+01
4.693715594332417851e+01 4.992468955165453082e+01
4.693715594332417851e+01 4.141844035408285407e+01
4.693715594332417851e+01 4.414533147437625615e+01
4.693715594332417851e+01 4.635726076172839782e+01
4.693715594332417851e+01 4.832647111389206884e+01
4.693715594332417851e+01 4.756112030681659775e+01
4.693715594332417851e+01 4.470312937425629229e+01
4.693715594332417851e+01 4.330455221322370818e+01
4.693715594332417851e+01 4.216482658487957025e+01
4.693715594332417851e+01 4.295026731694768785e+01
4.693715594332417851e+01 4.065573533250319826e+01
4.693715594332417851e+01 4.728907459771971844e+01
4.693715594332417851e+01 4.930105235904481731e+01
4.693715594332417851e+01 4.642747625475212914e+01
4.693715594332417851e+01 4.008464467886877003e+01
4.693715594332417851e+01 4.174084642530556266e+01
4.693715594332417851e+01 4.779572949479359067e+01
4.693715594332417851e+01 4.357699343350616061e+01
4.693715594332417851e+01 4.914569273278190309e+01
4.693715594332417851e+01 4.808708824054955500e+01
4.693715594332417851e+01 4.596907223963554401e+01
4.693715594332417851e+01 4.653973500516901396e+01
4.693715594332417851e+01 4.673522559297998669e+01
4.693715594332417851e+01 5.141162712287491132e+01
4.693715594332417851e+01 4.213287184965303567e+01
4.693715594332417851e+01 4.810891992880365819e+01
4.693715594332417851e+01 4.698328145857639981e+01
4.693715594332417851e+01 5.508754825136867339e+01
4.693715594332417851e+01 4.280462286568132413e+01
4.693715594332417851e+01 4.354360680002564976e+01
4.693715594332417851e+01 4.211720119633299930e+01
4.693715594332417851e+01 4.997681287513030668e+01
4.693715594332417851e+01 4.273909806460287086e+01
4.693715594332417851e+01 4.717377961187870028e+01
4.693715594332417851e+01 4.372467405420167097e+01
4.693715594332417851e+01 4.187246423769619952e+01
4.693715594332417851e+01 5.132427236408492632e+01
4.693715594332417851e+01 4.762862074824663949e+01
4.693715594332417851e+01 4.712240984959671408e+01
4.693715594332417851e+01 5.009667380030350614e+01
4.693715594332417851e+01 4.385879066465373199e+01
4.693715594332417851e+01 6.476853057026430349e+01
4.693715594332417851e+01 4.753935961835944113e+01
4.693715594332417851e+01 4.562069248141798283e+01
4.693715594332417851e+01 4.364117372463746136e+01
4.693715594332417851e+01 4.870124215188918271e+01
4.693715594332417851e+01 4.858627177306406253e+01
4.693715594332417851e+01 4.340128497154288567e+01
4.693715594332417851e+01 4.981736534649022019e+01
4.693715594332417851e+01 5.188591001343785791e+01
4.693715594332417851e+01 4.725097056809315887e+01
4.693715594332417851e+01 4.310792694463867036e+01
4.693715594332417851e+01 4.637990921741537420e+01
4.693715594332417851e+01 5.123339910497830374e+01
4.693715594332417851e+01 4.894495002833846797e+01
4.693715594332417851e+01 4.679350692114063293e+01
4.693715594332417851e+01 4.717265594941589768e+01
4.693715594332417851e+01 4.385483192120381801e+01
4.693715594332417851e+01 4.476724480987476085e+01
4.693715594332417851e+01 4.352096920300397898e+01
4.693715594332417851e+01 5.093457056891649870e+01
4.693715594332417851e+01 4.274773296183695237e+01
4.693715594332417851e+01 4.258303471765277237e+01
4.693715594332417851e+01 4.900140359756095165e+01
4.693715594332417851e+01 5.148282961645649181e+01
4.693715594332417851e+01 4.188030558363893618e+01
4.693715594332417851e+01 4.709398748589184436e+01
4.693715594332417851e+01 4.618757698141822488e+01
4.693715594332417851e+01 4.833234314260736397e+01
4.693715594332417851e+01 4.080647992708641425e+01
4.693715594332417851e+01 4.137173661243256362e+01
4.693715594332417851e+01 5.387583191100613789e+01
4.693715594332417851e+01 4.753246383748545156e+01
4.693715594332417851e+01 4.145640821792759567e+01
4.693715594332417851e+01 5.316605290752009694e+01
4.693715594332417851e+01 5.072288024132959094e+01
4.693715594332417851e+01 4.649810569241635960e+01
4.693715594332417851e+01 4.445504361220117318e+01
4.693715594332417851e+01 4.397488538245742262e+01
4.693715594332417851e+01 4.473038728542570652e+01
4.693715594332417851e+01 4.605563802051791811e+01
4.693715594332417851e+01 4.171483547044844897e+01
4.693715594332417851e+01 4.502702324046644833e+01
4.693715594332417851e+01 4.233390076682047720e+01
4.693715594332417851e+01 4.261969497402512985e+01
4.693715594332417851e+01 4.966016109216607077e+01
4.693715594332417851e+01 4.805985843508729261e+01
4.693715594332417851e+01 4.748622631818762585e+01
4.693715594332417851e+01 4.567220128339319274e+01
4.693715594332417851e+01 4.335894931106972194e+01
4.693715594332417851e+01 4.503505678122002820e+01
4.693715594332417851e+01 4.988323416805695842e+01
4.693715594332417851e+01 4.665136758792250049e+01
4.693715594332417851e+01 4.454864970511462019e+01
4.693715594332417851e+01 3.868031496036190475e+01
4.693715594332417851e+01 5.059540489277001996e+01
4.693715594332417851e+01 4.800615250164269554e+01
4.693715594332417851e+01 4.550135288659118515e+01
4.693715594332417851e+01 4.678488156308536361e+01
4.693715594332417851e+01 4.892816871609954887e+01
4.693715594332417851e+01 4.413260362453003438e+01
4.693715594332417851e+01 5.212617511105863599e+01
4.693715594332417851e+01 4.987421165356471420e+01
4.693715594332417851e+01 4.252289427421349899e+01
4.693715594332417851e+01 4.575031158202645543e+01
4.693715594332417851e+01 4.630778852709480731e+01
4.693715594332417851e+01 4.833217777598525089e+01
4.693715594332417851e+01 4.834712597034990011e+01
4.693715594332417851e+01 4.850001250099947470e+01
4.693715594332417851e+01 4.278204839506815205e+01
4.693715594332417851e+01 4.079292665625026615e+01
4.693715594332417851e+01 4.662614974924744615e+01
4.693715594332417851e+01 4.193293738008711813e+01
4.693715594332417851e+01 3.760735342154585936e+01
4.693715594332417851e+01 4.730901813625072805e+01
4.693715594332417851e+01 4.425781884788651155e+01
4.693715594332417851e+01 4.818313059427540423e+01
4.693715594332417851e+01 4.478233523727888610e+01
4.693715594332417851e+01 3.887391359727015328e+01
4.693715594332417851e+01 5.171036671279782126e+01
4.693715594332417851e+01 4.357338557877481122e+01
4.693715594332417851e+01 4.487679533625090755e+01
4.693715594332417851e+01 4.185619250764975163e+01
4.693715594332417851e+01 4.301423813070255875e+01
4.693715594332417851e+01 5.164975333571491234e+01
4.693715594332417851e+01 4.951004119873476128e+01
4.693715594332417851e+01 4.515557402097643802e+01
4.693715594332417851e+01 4.440385887765076234e+01
4.693715594332417851e+01 4.513773556825782407e+01
4.693715594332417851e+01 4.284296158122368325e+01
4.693715594332417851e+01 5.329277285389914454e+01
4.693715594332417851e+01 4.960803041120598778e+01
4.693715594332417851e+01 4.647789868186705320e+01
4.693715594332417851e+01 4.914505480246566549e+01
4.693715594332417851e+01 4.291544312438617936e+01
4.693715594332417851e+01 4.046764135914803262e+01
4.693715594332417851e+01 4.655797409398556397e+01
4.693715594332417851e+01 4.352668486501164580e+01
4.693715594332417851e+01 4.602718947024995089e+01
4.693715594332417851e+01 4.779011810122899107e+01
4.693715594332417851e+01 5.052204838308437473e+01
4.693715594332417851e+01 4.630216024933179852e+01
4.693715594332417851e+01 4.679770137599997781e+01
4.693715594332417851e+01 4.727639075394494483e+01
4.693715594332417851e+01 4.637519095107543876e+01
4.693715594332417851e+01 4.323422386446681998e+01
4.693715594332417851e+01 4.338466134420512788e+01
4.693715594332417851e+01 4.151808486054258651e+01
4.693715594332417851e+01 4.432015980643642195e+01
4.693715594332417851e+01 5.012804514122792909e+01
4.693715594332417851e+01 4.325525285112078677e+01
4.693715594332417851e+01 5.226618221867482816e+01
4.693715594332417851e+01 4.484236463607527412e+01
4.693715594332417851e+01 4.840993745037405205e+01
4.693715594332417851e+01 4.698813689687032280e+01
4.693715594332417851e+01 4.598295691037406385e+01
4.693715594332417851e+01 4.299841632172493178e+01
4.693715594332417851e+01 4.619962206660053994e+01
4.693715594332417851e+01 5.178056790632621897e+01
4.693715594332417851e+01 4.543069220293648414e+01
4.693715594332417851e+01 4.506611865084533264e+01
4.693715594332417851e+01 4.497161129548396730e+01
4.693715594332417851e+01 4.580317259236444016e+01
4.693715594332417851e+01 4.792886694283924953e+01
4.693715594332417851e+01 5.266245519741735137e+01
4.693715594332417851e+01 4.589367925279034921e+01
4.693715594332417851e+01 4.746388535399471920e+01
4.693715594332417851e+01 4.848735590557509312e+01
4.693715594332417851e+01 4.540849270352558875e+01
4.693715594332417851e+01 4.472951769129584676e+01
4.693715594332417851e+01 4.423850987179364580e+01
4.693715594332417851e+01 5.000042862627302753e+01
4.693715594332417851e+01 4.576985611525200426e+01
4.693715594332417851e+01 4.579404997410209432e+01
4.693715594332417851e+01 4.647617246312144346e+01
4.693715594332417851e+01 4.870029368610921949e+01
4.693715594332417851e+01 4.583005929761490194e+01
4.693715594332417851e+01 4.041895386441199634e+01
4.693715594332417851e+01 4.975802689901860987e+01
4.693715594332417851e+01 4.582383611113954913e+01
4.693715594332417851e+01 5.310626502114395464e+01
4.693715594332417851e+01 4.438023700415689632e+01
4.693715594332417851e+01 3.987739471114986145e+01
4.693715594332417851e+01 4.325751375607617177e+01
4.693715594332417851e+01 4.410706954110337108e+01
4.693715594332417851e+01 4.528935247722422019e+01
4.693715594332417851e+01 4.665284144293242008e+01
4.693715594332417851e+01 4.544508028638645669e+01
4.693715594332417851e+01 4.390740585952615049e+01
4.693715594332417851e+01 4.581086209852645652e+01
4.693715594332417851e+01 4.479322923283752544e+01
4.693715594332417851e+01 4.689730167590953158e+01
4.693715594332417851e+01 5.108298844005661010e+01
4.693715594332417851e+01 5.042866400143265082e+01
4.693715594332417851e+01 4.580186921832159186e+01
4.693715594332417851e+01 4.794245480910243629e+01
4.693715594332417851e+01 4.708631033518649645e+01
4.693715594332417851e+01 4.330076579278801319e+01
4.693715594332417851e+01 4.535765367550544624e+01
4.693715594332417851e+01 4.664639130353442198e+01
4.693715594332417851e+01 3.855445132858148582e+01
4.693715594332417851e+01 4.721423207831733748e+01
4.693715594332417851e+01 4.332982520811045646e+01
4.693715594332417851e+01 4.650130662640921742e+01
4.693715594332417851e+01 4.378118167980391462e+01
4.693715594332417851e+01 4.579601413994701176e+01
4.693715594332417851e+01 4.646201860215143853e+01
4.693715594332417851e+01 4.123550669952749814e+01
4.693715594332417851e+01 5.220705350484180940e+01
4.693715594332417851e+01 4.579638754222877850e+01
4.693715594332417851e+01 4.476179874100241562e+01
4.693715594332417851e+01 4.481345484861386552e+01
4.693715594332417851e+01 3.722023997685518282e+01
4.693715594332417851e+01 5.412532994594930358e+01
4.693715594332417851e+01 4.246618970897969803e+01
4.693715594332417851e+01 4.939874228171674986e+01
4.693715594332417851e+01 4.444576282871418016e+01
4.693715594332417851e+01 4.975443968043725107e+01
4.693715594332417851e+01 4.112441748529028018e+01
4.693715594332417851e+01 4.436687564354285485e+01
4.693715594332417851e+01 4.538291781758619692e+01
4.693715594332417851e+01 4.260646805737049903e+01
4.693715594332417851e+01 5.012907458445231157e+01
4.693715594332417851e+01 4.502709025333151516e+01
4.693715594332417851e+01 5.200768441050279733e+01
4.693715594332417851e+01 4.381444000742035172e+01
4.693715594332417851e+01 4.460273827893996668e+01
4.693715594332417851e+01 4.342477871010313351e+01
4.693715594332417851e+01 4.357392979488331264e+01
4.693715594332417851e+01 4.268494055596801218e+01
4.693715594332417851e+01 5.598696052119552746e+01
4.693715594332417851e+01 4.062597778800374471e+01
4.693715594332417851e+01 4.513868293611550087e+01
4.693715594332417851e+01 5.156486371006343461e+01
4.693715594332417851e+01 5.297160974615638196e+01
4.693715594332417851e+01 4.967408575538818383e+01
4.693715594332417851e+01 4.333800743848643577e+01
4.693715594332417851e+01 4.009279995429982790e+01
4.693715594332417851e+01 4.600164442228105344e+01
4.693715594332417851e+01 4.439215794995496367e+01
4.693715594332417851e+01 3.917330726440234656e+01
4.693715594332417851e+01 4.604727965805437861e+01
4.693715594332417851e+01 5.186883897920286302e+01
4.693715594332417851e+01 4.681416220980399601e+01
4.693715594332417851e+01 5.005559238616567796e+01
4.693715594332417851e+01 4.570022878236799357e+01
4.693715594332417851e+01 4.090570748792301004e+01
4.693715594332417851e+01 4.603305432892923221e+01
4.693715594332417851e+01 4.245496944544976259e+01
4.693715594332417851e+01 4.563508130528327911e+01
4.693715594332417851e+01 4.641764825678210116e+01
4.693715594332417851e+01 4.175147409198758197e+01
4.693715594332417851e+01 4.267358326846241567e+01
4.693715594332417851e+01 4.305875062712478041e+01
4.693715594332417851e+01 4.795929314449921321e+01
4.693715594332417851e+01 4.195257709387082201e+01
4.693715594332417851e+01 4.179606182140548043e+01
4.693715594332417851e+01 4.516181854378447724e+01
4.693715594332417851e+01 4.542810875358544820e+01
4.693715594332417851e+01 4.599419007072157939e+01
4.693715594332417851e+01 4.117238961810053866e+01
4.693715594332417851e+01 4.070271778052362066e+01
4.693715594332417851e+01 4.384867390150259325e+01
4.693715594332417851e+01 4.838334950511590904e+01
4.693715594332417851e+01 4.216051319268268571e+01
4.693715594332417851e+01 4.673447681822572264e+01
4.693715594332417851e+01 4.137777172102568102e+01
4.693715594332417851e+01 4.010443741325632772e+01
4.693715594332417851e+01 4.783029354469240957e+01
4.693715594332417851e+01 4.219350619954074233e+01
4.693715594332417851e+01 5.145994158795167550e+01
4.693715594332417851e+01 4.731476157686801542e+01
4.693715594332417851e+01 4.817397439188474095e+01
4.693715594332417851e+01 4.965877883621519828e+01
4.693715594332417851e+01 4.135614117143158808e+01
4.693715594332417851e+01 4.827115504727736095e+01
4.693715594332417851e+01 4.840142019141200791e+01
4.693715594332417851e+01 4.222122246995235173e+01
4.693715594332417851e+01 4.405781135215279676e+01
4.693715594332417851e+01 4.374531763629534709e+01
4.693715594332417851e+01 5.093807016381220620e+01
4.693715594332417851e+01 4.381685772381818111e+01
4.693715594332417851e+01 4.678960187875324550e+01
4.693715594332417851e+01 5.006453608499685259e+01
4.693715594332417851e+01 4.376528135717157397e+01
4.693715594332417851e+01 5.275754597959954140e+01
4.693715594332417851e+01 4.207870056104432877e+01
4.693715594332417851e+01 4.590533142089139318e+01
4.693715594332417851e+01 4.946959091283579113e+01
4.693715594332417851e+01 4.829372684527374560e+01
4.693715594332417851e+01 5.146985284569495889e+01
4.693715594332417851e+01 4.452624551961265098e+01
4.693715594332417851e+01 4.666260765399024990e+01
4.693715594332417851e+01 4.398481809518947472e+01
4.693715594332417851e+01 4.980615317691626132e+01
4.693715594332417851e+01 4.766417983773165190e+01
4.693715594332417851e+01 4.613168538485638948e+01
4.693715594332417851e+01 4.803968845411571209e+01
4.693715594332417851e+01 4.684810891257973964e+01
4.693715594332417851e+01 3.929529434914233832e+01
4.693715594332417851e+01 4.814785923040351889e+01
4.693715594332417851e+01 4.511927991336172283e+01
4.693715594332417851e+01 4.690623272322773829e+01
4.693715594332417851e+01 4.899945122893351623e+01
4.693715594332417851e+01 4.208298912329895813e+01
4.693715594332417851e+01 4.108562372913873872e+01
4.693715594332417851e+01 4.885447594715291331e+01
4.693715594332417851e+01 4.423978935045805372e+01
4.693715594332417851e+01 4.284850918222633709e+01
4.693715594332417851e+01 4.559144659161540147e+01
4.693715594332417851e+01 4.385562720078699783e+01
4.693715594332417851e+01 4.374953058675541229e+01
4.693715594332417851e+01 5.370030852399358423e+01
4.693715594332417851e+01 4.955192329476243174e+01
4.693715594332417851e+01 4.247731496441217303e+01
4.693715594332417851e+01 5.007082756364459186e+01
4.693715594332417851e+01 4.870291223596309749e+01
4.693715594332417851e+01 4.004142166113705059e+01
4.693715594332417851e+01 4.604585494922897482e+01
4.693715594332417851e+01 4.503942886228963971e+01
4.693715594332417851e+01 4.741385160861051418e+01
4.693715594332417851e+01 4.173457178234523468e+01
4.693715594332417851e+01 4.425460675349461326e+01
4.693715594332417851e+01 5.306426539884080995e+01
4.693715594332417851e+01 4.787367877412557249e+01
4.693715594332417851e+01 4.789281621541915968e+01
4.693715594332417851e+01 4.426606467679867762e+01
4.693715594332417851e+01 4.193182031467213733e+01
4.693715594332417851e+01 4.642775117787766703e+01
4.693715594332417851e+01 4.471816351723374794e+01
4.693715594332417851e+01 4.872620929545192325e+01
4.693715594332417851e+01 4.242773102397819684e+01
4.693715594332417851e+01 4.510344303283959988e+01
4.693715594332417851e+01 4.267586205246815467e+01
4.693715594332417851e+01 4.839421411744643109e+01
4.693715594332417851e+01 4.630827524986813160e+01
4.693715594332417851e+01 4.681432202910906426e+01
4.693715594332417851e+01 4.487996314572404799e+01
4.693715594332417851e+01 4.492000906449874265e+01
4.693715594332417851e+01 4.515948807349170835e+01
4.693715594332417851e+01 3.985260205917868603e+01
4.693715594332417851e+01 4.681781024216487452e+01
4.693715594332417851e+01 4.485177448827533198e+01
4.693715594332417851e+01 4.294270795141734709e+01
4.693715594332417851e+01 5.019906474589129886e+01
4.693715594332417851e+01 4.064039176882445048e+01
4.693715594332417851e+01 4.385868429914128797e+01
4.693715594332417851e+01 4.452681518727651877e+01
4.693715594332417851e+01 4.693545287554819367e+01
4.693715594332417851e+01 4.074557940357193075e+01
4.693715594332417851e+01 4.745089190030249426e+01
4.693715594332417851e+01 4.972696008213787877e+01
4.693715594332417851e+01 4.570215961751171108e+01
4.693715594332417851e+01 4.514836718148271189e+01
4.693715594332417851e+01 4.470684206258400906e+01
4.693715594332417851e+01 4.178164269243156781e+01
4.693715594332417851e+01 5.032355395690320421e+01
4.693715594332417851e+01 4.700281380987704694e+01
4.693715594332417851e+01 4.559720530899506485e+01
4.693715594332417851e+01 4.345391682387476351e+01
4.693715594332417851e+01 4.942304777305774621e+01
4.693715594332417851e+01 4.813011598931290536e+01
4.693715594332417851e+01 4.405327343899891446e+01
4.693715594332417851e+01 4.482234914380859436e+01
4.693715594332417851e+01 4.646145899610396413e+01
4.693715594332417851e+01 4.729484596324545009e+01
4.693715594332417851e+01 4.376731081093139863e+01
4.693715594332417851e+01 4.805663435727979049e+01
4.693715594332417851e+01 4.530730337308492750e+01
4.693715594332417851e+01 4.405115318853970763e+01
4.693715594332417851e+01 5.233676817402388792e+01
4.693715594332417851e+01 4.943218149635176673e+01
4.693715594332417851e+01 4.180464424216751951e+01
4.693715594332417851e+01 4.214690533020802121e+01
4.693715594332417851e+01 4.441329528591784026e+01
4.693715594332417851e+01 4.342662927837108100e+01
4.693715594332417851e+01 4.468868738322041878e+01
4.693715594332417851e+01 4.945656069408399702e+01
4.693715594332417851e+01 4.260981875544666764e+01
4.693715594332417851e+01 4.681157678892960661e+01
4.693715594332417851e+01 4.428859306424001829e+01
4.693715594332417851e+01 5.021451016571414527e+01
4.693715594332417851e+01 4.629202526627645398e+01
4.693715594332417851e+01 4.830446864734334156e+01
4.693715594332417851e+01 4.969000950850553977e+01
4.693715594332417851e+01 4.273421468470318274e+01
4.693715594332417851e+01 4.617000154805628398e+01
4.693715594332417851e+01 4.616342921323245463e+01
4.693715594332417851e+01 4.459945035796462776e+01
4.693715594332417851e+01 4.935740090179623962e+01
4.693715594332417851e+01 4.533645668487611857e+01
4.693715594332417851e+01 5.112101271875500430e+01
4.693715594332417851e+01 4.368572456813672744e+01
4.693715594332417851e+01 4.173267974892180376e+01
4.693715594332417851e+01 4.239662905277337046e+01
4.693715594332417851e+01 4.711296450479795084e+01
4.693715594332417851e+01 4.671670416042132956e+01
4.693715594332417851e+01 4.580471763324883483e+01
4.693715594332417851e+01 4.377975079000567860e+01
4.693715594332417851e+01 4.928396201227801754e+01
4.693715594332417851e+01 5.312153942129486239e+01
4.693715594332417851e+01 4.957261160281200318e+01
4.693715594332417851e+01 4.377234048739217798e+01
4.693715594332417851e+01 4.738114128769621658e+01
4.693715594332417851e+01 4.531844497031510599e+01
4.693715594332417851e+01 4.065204563052974862e+01
4.693715594332417851e+01 4.653776144289671635e+01
4.693715594332417851e+01 4.668717997005746412e+01
4.693715594332417851e+01 4.690405894749462590e+01
4.693715594332417851e+01 4.905054506431741856e+01
4.693715594332417851e+01 4.524970226859828415e+01
4.693715594332417851e+01 4.544704061195275102e+01
4.693715594332417851e+01 4.567645416727079066e+01
4.693715594332417851e+01 4.868076438631590008e+01
4.693715594332417851e+01 4.210538759399148745e+01
4.693715594332417851e+01 4.646807542628678078e+01
4.693715594332417851e+01 4.549258079308138036e+01
4.693715594332417851e+01 4.550125390574267215e+01
4.693715594332417851e+01 4.856236246417773117e+01
4.693715594332417851e+01 4.531841546144195121e+01
4.693715594332417851e+01 5.296721673142362619e+01
4.693715594332417851e+01 3.715652013756863425e+01
4.693715594332417851e+01 4.697578792610207898e+01
4.693715594332417851e+01 4.531461871697075594e+01
4.693715594332417851e+01 5.279773747933389672e+01
4.693715594332417851e+01 4.226019176172705016e+01
4.693715594332417851e+01 4.554121155968066859e+01
4.693715594332417851e+01 4.349835662143920700e+01
4.693715594332417851e+01 4.446750064663549296e+01
4.693715594332417851e+01 4.761437502739816807e+01
4.693715594332417851e+01 4.772903217936923426e+01
4.693715594332417851e+01 4.864728873093005035e+01
4.693715594332417851e+01 5.086433059085107544e+01
4.693715594332417851e+01 4.501997716894506141e+01
4.693715594332417851e+01 4.718206777102844995e+01
4.693715594332417851e+01 4.553355561635144966e+01
4.693715594332417851e+01 4.010015629277046401e+01
4.693715594332417851e+01 4.325524760063452590e+01
4.693715594332417851e+01 4.272481801113270450e+01
4.693715594332417851e+01 5.188608666587222729e+01
4.693715594332417851e+01 4.438679039563885453e+01
4.693715594332417851e+01 4.401468315761719197e+01
4.693715594332417851e+01 5.416363812383404053e+01
4.693715594332417851e+01 4.901922088645049058e+01
4.693715594332417851e+01 4.672996166915341121e+01
4.693715594332417851e+01 4.518692941064245616e+01
4.693715594332417851e+01 4.416406476599835429e+01
4.693715594332417851e+01 4.953234237850465149e+01
4.693715594332417851e+01 5.122328364926260491e+01
4.693715594332417851e+01 5.529463939779972748e+01
4.693715594332417851e+01 4.236880745676953097e+01
4.693715594332417851e+01 5.014326506624104240e+01
4.693715594332417851e+01 4.881692925023537555e+01
4.693715594332417851e+01 4.816089178576055474e+01
4.693715594332417851e+01 4.502929787947717699e+01
4.693715594332417851e+01 4.089138914121187440e+01
4.693715594332417851e+01 4.137218398041023448e+01
4.693715594332417851e+01 4.841510725799645343e+01
4.693715594332417851e+01 4.345406610820689508e+01
4.693715594332417851e+01 3.860190196763488757e+01
4.693715594332417851e+01 4.427903874670425921e+01
4.693715594332417851e+01 4.720511394239446190e+01
4.693715594332417851e+01 4.347424576814979247e+01
4.693715594332417851e+01 4.580349550251583679e+01
4.693715594332417851e+01 5.011731562554513175e+01
4.693715594332417851e+01 4.761281887778248034e+01
4.693715594332417851e+01 4.627939350247133632e+01
4.693715594332417851e+01 4.690431661022539345e+01
4.693715594332417851e+01 4.875658532204369067e+01
4.693715594332417851e+01 4.744387192508244055e+01
4.693715594332417851e+01 4.309541103338889201e+01
4.693715594332417851e+01 5.186667867678173138e+01
4.693715594332417851e+01 4.526410850279881259e+01
4.693715594332417851e+01 4.568099601335472215e+01
4.693715594332417851e+01 4.624973302147366638e+01
4.693715594332417851e+01 4.557561592274277729e+01
4.693715594332417851e+01 4.723410846175315214e+01
4.693715594332417851e+01 4.684072101716120073e+01
4.693715594332417851e+01 5.032477177964732107e+01
4.693715594332417851e+01 4.568298750415584664e+01
4.693715594332417851e+01 4.740367149778819567e+01
4.693715594332417851e+01 4.906295078690465061e+01
4.693715594332417851e+01 4.588854761319453246e+01
4.693715594332417851e+01 4.737021502167331732e+01
4.693715594332417851e+01 4.673924683480038311e+01
4.693715594332417851e+01 4.544243364160538334e+01
4.693715594332417851e+01 4.549346852411215281e+01
4.693715594332417851e+01 4.674235977093820793e+01
4.693715594332417851e+01 4.757616318491081131e+01
4.693715594332417851e+01 4.144075906335800852e+01
4.693715594332417851e+01 4.242723102533182811e+01
4.693715594332417851e+01 4.569799757912822713e+01
4.693715594332417851e+01 4.698888898549814996e+01
4.693715594332417851e+01 4.268849180637518259e+01
4.693715594332417851e+01 5.030358031843227451e+01
4.693715594332417851e+01 4.681893501445747319e+01
4.693715594332417851e+01 4.606821644884362144e+01
4.693715594332417851e+01 4.509392034836631780e+01
4.693715594332417851e+01 4.469811124953831438e+01
4.693715594332417851e+01 4.408991472592870053e+01
4.693715594332417851e+01 4.646592888267119292e+01
4.693715594332417851e+01 4.415145373174727439e+01
4.693715594332417851e+01 4.648599635531124363e+01
4.693715594332417851e+01 4.752642156760796865e+01
4.693715594332417851e+01 4.878731262933673918e+01
4.693715594332417851e+01 4.361936126831259486e+01
4.693715594332417851e+01 4.701450176016980720e+01
4.693715594332417851e+01 4.760322255035945460e+01
4.693715594332417851e+01 4.509039850672533589e+01
4.693715594332417851e+01 4.135075855514120491e+01
4.693715594332417851e+01 4.418739569253340704e+01
4.693715594332417851e+01 4.486207444321221516e+01
4.693715594332417851e+01 4.730582277635099331e+01
4.693715594332417851e+01 4.158621236773976193e+01
4.693715594332417851e+01 4.174677569981069780e+01
4.693715594332417851e+01 4.934567695446133939e+01
4.693715594332417851e+01 4.458495624428363158e+01
4.693715594332417851e+01 4.415609503731268148e+01
4.693715594332417851e+01 4.396534123061640997e+01
4.693715594332417851e+01 4.871312743381504617e+01
4.693715594332417851e+01 4.110329792407103611e+01
4.693715594332417851e+01 4.260797426503857821e+01
4.693715594332417851e+01 4.535050361825510379e+01
4.693715594332417851e+01 4.579963029662805241e+01
4.693715594332417851e+01 4.593164143515325293e+01
4.693715594332417851e+01 4.684419964841232087e+01
4.693715594332417851e+01 4.608094908361309905e+01
4.693715594332417851e+01 4.383430949611965843e+01
4.693715594332417851e+01 4.915704121347315692e+01
4.693715594332417851e+01 4.587345494599928486e+01
4.693715594332417851e+01 4.396097773381841023e+01
4.693715594332417851e+01 5.196641508734476389e+01
4.693715594332417851e+01 4.682428371191093674e+01
4.693715594332417851e+01 4.641437849982980879e+01
4.693715594332417851e+01 4.768766559115653081e+01
4.693715594332417851e+01 4.307554826373605295e+01
4.693715594332417851e+01 4.329271760626383525e+01
4.693715594332417851e+01 4.505044340223820143e+01
4.693715594332417851e+01 4.794652302812160372e+01
4.693715594332417851e+01 5.085533120469978030e+01
4.693715594332417851e+01 4.680550818737222585e+01
4.693715594332417851e+01 4.643780113906252893e+01
4.693715594332417851e+01 4.520311541349219198e+01
4.693715594332417851e+01 4.905311918132844085e+01
4.693715594332417851e+01 4.244666453196826694e+01
4.693715594332417851e+01 4.512806370465659001e+01
4.693715594332417851e+01 4.743702881080753286e+01
4.693715594332417851e+01 4.283327652531731644e+01
4.693715594332417851e+01 4.391425795977727375e+01
4.693715594332417851e+01 5.260779135754670222e+01
4.693715594332417851e+01 4.267547492089661887e+01
4.693715594332417851e+01 4.680581931054512523e+01
4.693715594332417851e+01 4.363477772047814085e+01
4.693715594332417851e+01 4.937204857828037774e+01
4.693715594332417851e+01 4.115895221257466119e+01
4.693715594332417851e+01 3.894551187224869437e+01
4.693715594332417851e+01 4.846176906760928915e+01
4.693715594332417851e+01 4.346882741588753163e+01
4.693715594332417851e+01 4.386368908964665536e+01
4.693715594332417851e+01 4.918719258099385883e+01
4.693715594332417851e+01 5.095132815298394036e+01
4.693715594332417851e+01 4.845862698900134546e+01
4.693715594332417851e+01 4.223432242091192279e+01
4.693715594332417851e+01 4.356308918025542454e+01
4.693715594332417851e+01 4.623262394628399363e+01
4.693715594332417851e+01 4.617395469854060508e+01
4.693715594332417851e+01 4.135294591578544043e+01
4.693715594332417851e+01 4.232120357690014600e+01
4.693715594332417851e+01 4.295439876464366336e+01
4.693715594332417851e+01 4.009214672437764193e+01
4.693715594332417851e+01 3.971370480998205466e+01
4.693715594332417851e+01 4.854357001671350247e+01
4.693715594332417851e+01 5.161649370214031052e+01
4.693715594332417851e+01 4.793849248754327874e+01
4.693715594332417851e+01 4.446050044443515503e+01
4.693715594332417851e+01 4.616604099291253505e+01
4.693715594332417851e+01 5.275933214895243140e+01
4.693715594332417851e+01 4.539208973997269680e+01
4.693715594332417851e+01 4.915256561305305638e+01
4.693715594332417851e+01 4.714017301867485799e+01
4.693715594332417851e+01 4.222022634551247933e+01
4.693715594332417851e+01 4.751005826460387027e+01
4.693715594332417851e+01 4.591432644621408343e+01
4.693715594332417851e+01 4.392574158322330646e+01
4.693715594332417851e+01 4.198173827235832789e+01
4.693715594332417851e+01 5.017206642950149842e+01
4.693715594332417851e+01 4.663487622372432639e+01
4.693715594332417851e+01 4.888603650474868800e+01
4.693715594332417851e+01 4.288629828072347294e+01
4.693715594332417851e+01 4.501974455998971081e+01
4.693715594332417851e+01 5.281859123425124380e+01
4.693715594332417851e+01 4.805848942706803939e+01
4.693715594332417851e+01 4.464052540908700450e+01
4.693715594332417851e+01 4.329826641730379322e+01
4.693715594332417851e+01 4.734057853727377108e+01
4.693715594332417851e+01 5.173204500728129318e+01
4.693715594332417851e+01 5.653047170694713941e+01
4.693715594332417851e+01 4.952380314453403543e+01
4.693715594332417851e+01 4.468311941575965562e+01
4.693715594332417851e+01 5.148024684638054538e+01
4.693715594332417851e+01 4.426913633982473328e+01
4.693715594332417851e+01 4.467186773359538421e+01
4.693715594332417851e+01 4.640456559351498811e+01
4.693715594332417851e+01 4.927625822925356402e+01
4.693715594332417851e+01 4.299457600884779396e+01
4.693715594332417851e+01 4.762982598603191775e+01
4.693715594332417851e+01 4.013549660258250640e+01
4.693715594332417851e+01 4.364927728285226038e+01
4.693715594332417851e+01 4.620349485725513006e+01
4.693715594332417851e+01 5.135776330550290680e+01
4.693715594332417851e+01 4.827364541093042760e+01
4.693715594332417851e+01 4.437581979789942466e+01
4.693715594332417851e+01 4.607799659422366290e+01
4.693715594332417851e+01 4.453133355803243631e+01
4.693715594332417851e+01 4.786008620111163481e+01
4.693715594332417851e+01 4.639239289858782200e+01
4.693715594332417851e+01 5.097715005879637573e+01
4.693715594332417851e+01 4.632042756138165629e+01
4.693715594332417851e+01 4.413901622015549719e+01
4.693715594332417851e+01 4.512578491579536433e+01
4.693715594332417851e+01 5.255767645093617801e+01
4.693715594332417851e+01 4.383983214297760611e+01
4.693715594332417851e+01 4.380774059986590174e+01
4.693715594332417851e+01 4.318051807946978471e+01
4.693715594332417851e+01 4.866387971873949425e+01
4.693715594332417851e+01 4.503877081220654333e+01
4.693715594332417851e+01 4.834522039788004122e+01
4.693715594332417851e+01 4.712574534428316753e+01
4.693715594332417851e+01 4.470435349031350825e+01
4.693715594332417851e+01 4.429076969297217659e+01
4.693715594332417851e+01 4.875107479875001104e+01
4.693715594332417851e+01 4.701440136736869846e+01
4.693715594332417851e+01 4.477116768335136499e+01
4.693715594332417851e+01 4.294478558019164893e+01
4.693715594332417851e+01 5.037954821011329898e+01
4.693715594332417851e+01 4.851943786237004019e+01
4.693715594332417851e+01 4.364915266093727553e+01
4.693715594332417851e+01 4.771013913642970294e+01
4.693715594332417851e+01 4.850073193209472322e+01
4.693715594332417851e+01 4.211060612294295424e+01
4.693715594332417851e+01 5.335617178539424543e+01
4.693715594332417851e+01 4.638167591446418925e+01
4.693715594332417851e+01 4.468381466840399696e+01
4.693715594332417851e+01 4.248862243762111035e+01
4.693715594332417851e+01 4.541229295247988063e+01
4.693715594332417851e+01 4.917502831917756367e+01
4.693715594332417851e+01 4.853661661434527019e+01
4.693715594332417851e+01 4.777418487219831178e+01
4.693715594332417851e+01 5.278025896385581461e+01
4.693715594332417851e+01 4.625638537510994297e+01
4.693715594332417851e+01 4.235936130658308940e+01
4.693715594332417851e+01 4.790560616775362490e+01
4.693715594332417851e+01 4.579299433983932488e+01
4.693715594332417851e+01 4.869860927906313464e+01
4.693715594332417851e+01 5.011433863079879103e+01
4.693715594332417851e+01 4.425941908443541450e+01
4.693715594332417851e+01 5.194820576813016544e+01
4.693715594332417851e+01 5.009550852514712460e+01
4.693715594332417851e+01 4.448160099824427505e+01
4.693715594332417851e+01 4.666644918883265092e+01
4.693715594332417851e+01 4.503172510901887904e+01
4.693715594332417851e+01 4.777098923451540458e+01
4.693715594332417851e+01 4.939953131668679731e+01
4.693715594332417851e+01 4.271951313262530903e+01
4.693715594332417851e+01 4.412052059246687463e+01
4.693715594332417851e+01 4.786599830941906220e+01
4.693715594332417851e+01 4.889728264641297528e+01
4.693715594332417851e+01 5.016338832697573480e+01
4.693715594332417851e+01 4.334128097814685532e+01
4.693715594332417851e+01 4.419608868732566975e+01
4.693715594332417851e+01 5.058769058680178432e+01
4.693715594332417851e+01 4.200206066819052353e+01
4.693715594332417851e+01 4.831137853417411065e+01
4.693715594332417851e+01 4.896941499462167258e+01
4.693715594332417851e+01 4.543078403769999341e+01
4.693715594332417851e+01 4.331552539268142255e+01
4.693715594332417851e+01 4.645146060893862483e+01
4.693715594332417851e+01 4.767082853801817777e+01
4.693715594332417851e+01 4.450589612938570383e+01
4.693715594332417851e+01 4.809995454988258246e+01
4.693715594332417851e+01 4.758732152558803818e+01
4.693715594332417851e+01 4.779157787801217694e+01
4.693715594332417851e+01 4.503495226253875927e+01
4.693715594332417851e+01 4.597315113513261764e+01
4.693715594332417851e+01 4.727501263315702573e+01
4.693715594332417851e+01 4.586572702986784122e+01
4.693715594332417851e+01 5.025804377124249811e+01
4.693715594332417851e+01 5.222770129267733807e+01
4.693715594332417851e+01 4.638765452031366010e+01
4.693715594332417851e+01 4.943414000355050320e+01
4.693715594332417851e+01 4.619238526023865887e+01
4.693715594332417851e+01 3.924472040347028212e+01
4.693715594332417851e+01 4.552844834437571819e+01
4.693715594332417851e+01 4.565222737123101382e+01
4.693715594332417851e+01 5.105504431492198592e+01
4.693715594332417851e+01 4.833951429932012900e+01
4.693715594332417851e+01 4.965126142683271837e+01
4.693715594332417851e+01 4.468478630125611062e+01
4.693715594332417851e+01 3.908561894860392272e+01
4.693715594332417851e+01 5.249320145581856423e+01
4.693715594332417851e+01 4.559192819213922121e+01
4.693715594332417851e+01 4.795710826241057134e+01
4.693715594332417851e+01 4.598002513530883562e+01
4.693715594332417851e+01 4.378287447879519334e+01
4.693715594332417851e+01 4.390289651187168829e+01
4.693715594332417851e+01 4.938416009435530896e+01
4.693715594332417851e+01 4.496815904994782898e+01
4.693715594332417851e+01 4.386748263843426088e+01
4.693715594332417851e+01 4.344332733844846217e+01
4.693715594332417851e+01 4.800078371553502166e+01
4.693715594332417851e+01 4.896444964537813149e+01
4.693715594332417851e+01 4.244515894090664432e+01
4.693715594332417851e+01 4.694490904360784356e+01
4.693715594332417851e+01 4.696427252800209828e+01
4.693715594332417851e+01 4.965614312720254020e+01
4.693715594332417851e+01 4.881250543391694663e+01
4.693715594332417851e+01 4.134611025374538684e+01
4.693715594332417851e+01 4.654956072211790286e+01
4.693715594332417851e+01 4.435041958901300774e+01
4.693715594332417851e+01 4.104335793887694450e+01
4.693715594332417851e+01 3.654247237577751406e+01
4.693715594332417851e+01 4.461360104624229450e+01
4.693715594332417851e+01 5.557590018372779639e+01
4.693715594332417851e+01 4.455968779468818752e+01
4.693715594332417851e+01 4.735277924607738242e+01
4.693715594332417851e+01 4.426995189743723103e+01
4.693715594332417851e+01 4.693791620892187666e+01
4.693715594332417851e+01 4.584982317093117388e+01
4.693715594332417851e+01 4.569439982866504835e+01
4.693715594332417851e+01 4.664301556403741955e+01
4.693715594332417851e+01 4.681271696664310866e+01
4.693715594332417851e+01 4.547741342593499780e+01
4.693715594332417851e+01 4.626527697689476781e+01
4.693715594332417851e+01 4.012779141665448179e+01
4.693715594332417851e+01 4.051431183357826171e+01
4.693715594332417851e+01 4.339220811800417010e+01
4.693715594332417851e+01 4.411216405074361546e+01
4.693715594332417851e+01 4.140165000584345734e+01
4.693715594332417851e+01 4.760719939693836977e+01
4.693715594332417851e+01 4.605021550798623764e+01
4.693715594332417851e+01 5.694122070735551233e+01
4.693715594332417851e+01 4.280525678728263728e+01
4.693715594332417851e+01 4.737232580689991579e+01
4.693715594332417851e+01 4.761048482524805792e+01
4.693715594332417851e+01 4.383354882725255663e+01
4.693715594332417851e+01 4.601232245699275580e+01
4.693715594332417851e+01 4.884011005367426606e+01
4.693715594332417851e+01 4.466946317101340469e+01
4.693715594332417851e+01 5.033591533974622223e+01
4.693715594332417851e+01 5.309711758204452536e+01
4.693715594332417851e+01 4.131596674539690639e+01
4.693715594332417851e+01 4.762189202237226482e+01
4.693715594332417851e+01 4.701559841109129678e+01
4.693715594332417851e+01 4.025185862194153685e+01
4.693715594332417851e+01 5.203597992816895612e+01
4.693715594332417851e+01 4.762391022974392740e+01
4.693715594332417851e+01 4.084147405005815301e+01
4.693715594332417851e+01 4.109092062821929403e+01
4.693715594332417851e+01 4.161661892832108833e+01
4.693715594332417851e+01 4.455903547009972243e+01
4.693715594332417851e+01 4.242369303461494923e+01
4.693715594332417851e+01 4.827084661306012947e+01
4.693715594332417851e+01 4.633755489839651176e+01
4.693715594332417851e+01 4.411157194135787307e+01
4.693715594332417851e+01 4.456837999563511232e+01
4.693715594332417851e+01 4.947843444700852444e+01
4.693715594332417851e+01 4.796321950644231435e+01
4.693715594332417851e+01 4.620307099652334415e+01
4.693715594332417851e+01 4.548276646616342589e+01
4.693715594332417851e+01 4.382252526964129657e+01
4.693715594332417851e+01 4.314816297532089351e+01
4.693715594332417851e+01 5.173659549946691527e+01
4.693715594332417851e+01 5.110262931785435825e+01
4.693715594332417851e+01 4.469360835546726918e+01
4.693715594332417851e+01 4.639517116352850223e+01
4.693715594332417851e+01 4.295569132883620966e+01
4.693715594332417851e+01 4.619975791900934325e+01
4.693715594332417851e+01 5.584959686898517361e+01
4.693715594332417851e+01 5.016820854602533331e+01
4.693715594332417851e+01 4.519890640258081049e+01
4.693715594332417851e+01 4.552470967146363989e+01
4.693715594332417851e+01 4.907660186418052461e+01
4.693715594332417851e+01 4.390387029136439168e+01
4.693715594332417851e+01 4.673924232094993414e+01
4.693715594332417851e+01 4.803576644284056840e+01
4.693715594332417851e+01 4.352821820943137254e+01
4.693715594332417851e+01 4.352268747560613349e+01
4.693715594332417851e+01 4.754175706062612505e+01
4.693715594332417851e+01 4.684117720818873920e+01
4.693715594332417851e+01 4.347362800315362819e+01
4.693715594332417851e+01 4.462218977022676825e+01
4.693715594332417851e+01 4.495244172708868291e+01
4.693715594332417851e+01 4.545573703835570001e+01
4.693715594332417851e+01 4.429673712199289071e+01
4.693715594332417851e+01 4.562119325277086546e+01
4.693715594332417851e+01 4.684150059996147064e+01
4.693715594332417851e+01 4.341796055808944743e+01
4.693715594332417851e+01 4.437437966516242227e+01
4.693715594332417851e+01 4.868534885928057321e+01
4.693715594332417851e+01 4.545710770675986367e+01
4.693715594332417851e+01 3.983784700773468046e+01
4.693715594332417851e+01 4.452595161656077494e+01
4.693715594332417851e+01 4.450702398583347019e+01
4.693715594332417851e+01 4.728025650718235084e+01
4.693715594332417851e+01 4.626852968574581126e+01
4.693715594332417851e+01 4.353890005602659841e+01
4.693715594332417851e+01 4.490959124043774864e+01
4.693715594332417851e+01 4.393451998147444471e+01
4.693715594332417851e+01 5.178209131360479489e+01
4.693715594332417851e+01 4.912747233118103907e+01
4.693715594332417851e+01 4.793831197651057607e+01
4.693715594332417851e+01 4.638850908863575029e+01
4.693715594332417851e+01 3.990045670899976926e+01
4.693715594332417851e+01 4.930156061495112141e+01
4.693715594332417851e+01 4.622214754261625558e+01
4.693715594332417851e+01 4.282461979367315763e+01
4.693715594332417851e+01 4.863641288885941094e+01
4.693715594332417851e+01 4.230766869087102577e+01
4.693715594332417851e+01 4.490276994988852266e+01
4.693715594332417851e+01 5.241312790041290270e+01
4.693715594332417851e+01 4.510908585669676540e+01
4.693715594332417851e+01 4.811326837654852540e+01
4.693715594332417851e+01 4.698126974725099814e+01
4.693715594332417851e+01 5.027179863412199268e+01
4.693715594332417851e+01 4.099641419031480893e+01
4.693715594332417851e+01 5.077720320361995476e+01
4.693715594332417851e+01 4.392523302061711377e+01
4.693715594332417851e+01 4.524449706088739731e+01
4.693715594332417851e+01 4.649808219461495895e+01
4.693715594332417851e+01 4.424476752192776985e+01
4.693715594332417851e+01 4.656334383510380803e+01
4.693715594332417851e+01 4.803249833228292687e+01
4.693715594332417851e+01 4.837085088782722408e+01
4.693715594332417851e+01 4.730390410677800617e+01
4.693715594332417851e+01 4.654282807094633512e+01
4.693715594332417851e+01 4.467578323931876128e+01
4.693715594332417851e+01 4.912340318955967433e+01
4.693715594332417851e+01 4.459962818961020758e+01
4.693715594332417851e+01 4.822018378948726536e+01
4.693715594332417851e+01 4.072520452699013305e+01
4.693715594332417851e+01 4.698685025131069892e+01
4.693715594332417851e+01 4.401027612841971859e+01
4.693715594332417851e+01 4.612151616994682968e+01
4.693715594332417851e+01 4.738105106931504196e+01
4.693715594332417851e+01 4.515542386175785339e+01
4.693715594332417851e+01 4.685617107399381354e+01
4.693715594332417851e+01 4.473822023667454317e+01
4.693715594332417851e+01 4.855551245057703369e+01
4.693715594332417851e+01 4.732159626828155297e+01
4.693715594332417851e+01 4.812141021810094799e+01
