4.693715594332417851e+01 4.680030643675780055e+01
4.693715594332417851e+01 4.842386638496987672e+01
4.693715594332417851e+01 4.879485027833801070e+01
4.693715594332417851e+01 4.983613525051292470e+01
4.693715594332417851e+01 4.122384652117024473e+01
4.693715594332417851e+01 4.400892726844999459e+01
4.693715594332417851e+01 4.693028846616079619e+01
4.693715594332417851e+01 4.620444204886072015e+01
4.693715594332417851e+01 4.679167455561663047e+01
4.693715594332417851e+01 4.695790203161183030e+01
4.693715594332417851e+01 4.857076995811729603e+01
4.693715594332417851e+01 4.071220431019921904e+01
4.693715594332417851e+01 4.848646706134476148e+01
4.693715594332417851e+01 4.669505416541266385e+01
4.693715594332417851e+01 4.671634040278965472e+01
4.693715594332417851e+01 3.899431143564327584e+01
4.693715594332417851e+01 4.251809943230109923e+01
4.693715594332417851e+01 4.862393110772615046e+01
4.693715594332417851e+01 4.931487251966593277e+01
4.693715594332417851e+01 5.143042519906547483e+01
4.693715594332417851e+01 4.387212387591994656e+01
4.693715594332417851e+01 4.116242141822213796e+01
4.693715594332417851e+01 4.414570553352854887e+01
4.693715594332417851e+01 4.623718437590378016e+01
4.693715594332417851e+01 4.919039873922727679e+01
4.693715594332417851e+01 4.820806600821085652e+01
4.693715594332417851e+01 3.875263364832112956e+01
4.693715594332417851e+01 4.784207622559778628e+01
4.693715594332417851e+01 4.853793194839683167e+01
4.693715594332417851e+01 4.813842959930050114e+01
4.693715594332417851e+01 4.569288607591338547e+01
4.693715594332417851e+01 4.964531850725931861e+01
4.693715594332417851e+01 4.123071254422174547e+01
4.693715594332417851e+01 4.443003156255713293e+01
4.693715594332417851e+01 4.695524741594096696e+01
4.693715594332417851e+01 4.647364871376669981e+01
4.693715594332417851e+01 4.805036936177108942e+01
4.693715594332417851e+01 4.452194893088944383e+01
4.693715594332417851e+01 4.776891035891223680e+01
4.693715594332417851e+01 5.000315286338666709e+01
4.693715594332417851e+01 4.705602609735390729e+01
4.693715594332417851e+01 4.636709057944118229e+01
4.693715594332417851e+01 4.001586528583715108e+01
4.693715594332417851e+01 4.770795588799654041e+01
4.693715594332417851e+01 4.422959310006037725e+01
4.693715594332417851e+01 4.056838639091609622e+01
4.693715594332417851e+01 3.929382131456822691e+01
4.693715594332417851e+01 4.246795945686325524e+01
4.693715594332417851e+01 4.741155186165693181e+01
4.693715594332417851e+01 4.389638969133871882e+01
4.693715594332417851e+01 4.992327993917268003e+01
4.693715594332417851e+01 5.051068557457904973e+01
4.693715594332417851e+01 4.350042595407330026e+01
4.693715594332417851e+01 4.368950675785139737e+01
4.693715594332417851e+01 5.148968265328955596e+01
4.693715594332417851e+01 3.787090418715712303e+01
4.693715594332417851e+01 4.309192855493661511e+01
4.693715594332417851e+01 4.742558098232048991e+01
4.693715594332417851e+01 4.313793724278257713e+01
4.693715594332417851e+01 4.636480459962790235e+01
4.693715594332417851e+01 4.513257326830420624e+01
4.693715594332417851e+01 4.823843257110628002e+01
4.693715594332417851e+01 4.990997390573505754e+01
4.693715594332417851e+01 4.456399692996486550e+01
4.693715594332417851e+01 4.572681451342051417e+01
4.693715594332417851e+01 4.379532869864032563e+01
4.693715594332417851e+01 4.635160137517215162e+01
4.693715594332417851e+01 4.412447292444317526e+01
4.693715594332417851e+01 4.607008864340073018e+01
4.693715594332417851e+01 4.989757611611366883e+01
4.693715594332417851e+01 4.156466568319452648e+01
4.693715594332417851e+01 4.403156794452579703e+01
4.693715594332417851e+01 4.438084413215992186e+01
4.693715594332417851e+01 3.743864722969115633e+01
4.693715594332417851e+01 4.760111590681496097e+01
4.693715594332417851e+01 4.742376006783990050e+01
4.693715594332417851e+01 4.834861437240422077e+01
4.693715594332417851e+01 4.761484875179657195e+01
4.693715594332417851e+01 4.622873825214126242e+01
4.693715594332417851e+01 4.064750983658776562e+01
4.693715594332417851e+01 4.488797691363465248e+01
4.693715594332417851e+01 4.406736571607412856e+01
4.693715594332417851e+01 4.606698293561995428e+01
4.693715594332417851e+01 4.888097879385301070e+01
4.693715594332417851e+01 4.774550253941747968e+01
4.693715594332417851e+01 4.787216180861441472e+01
4.693715594332417851e+01 4.634408354024581200e+01
4.693715594332417851e+01 4.835683286292326244e+01
4.693715594332417851e+01 4.306934254113798488e+01
4.693715594332417851e+01 4.712976582019260974e+01
4.693715594332417851e+01 5.062445573336561466e+01
4.693715594332417851e+01 4.660345412655966157e+01
4.693715594332417851e+01 4.689479000017777821e+01
4.693715594332417851e+01 4.801707599178308072e+01
4.693715594332417851e+01 4.773830607314604180e+01
4.693715594332417851e+01 5.098404315659560382e+01
4.693715594332417851e+01 4.769184717620996139e+01
4.693715594332417851e+01 5.049199594416342052e+01
4.693715594332417851e+01 4.833408945641946985e+01
4.693715594332417851e+01 4.915115867459540766e+01
4.693715594332417851e+01 4.163340897260630413e+01
4.693715594332417851e+01 4.382285441230254719e+01
4.693715594332417851e+01 4.600647746450277253e+01
4.693715594332417851e+01 5.215702292020755237e+01
4.693715594332417851e+01 4.063975692999440525e+01
4.693715594332417851e+01 4.484359022161078201e+01
4.693715594332417851e+01 4.851832777109694206e+01
4.693715594332417851e+01 4.426217357906150340e+01
4.693715594332417851e+01 5.162189818686597675e+01
4.693715594332417851e+01 3.962660735762871411e+01
4.693715594332417851e+01 4.195024244248457279e+01
4.693715594332417851e+01 4.672108501925504243e+01
4.693715594332417851e+01 4.077909226028342715e+01
4.693715594332417851e+01 4.335558067978927710e+01
4.693715594332417851e+01 4.405758889300091852e+01
4.693715594332417851e+01 4.673578389358990393e+01
4.693715594332417851e+01 5.113301108768855840e+01
4.693715594332417851e+01 4.696263356615737194e+01
4.693715594332417851e+01 4.517604416235162290e+01
4.693715594332417851e+01 4.027198069655926105e+01
4.693715594332417851e+01 5.102068355966662239e+01
4.693715594332417851e+01 5.109649288468821027e+01
4.693715594332417851e+01 4.684465732687226591e+01
4.693715594332417851e+01 4.985172870951437574e+01
4.693715594332417851e+01 4.594127466130647974e+01
4.693715594332417851e+01 5.064973661180823683e+01
4.693715594332417851e+01 4.552935202122285574e+01
4.693715594332417851e+01 4.401603408561590669e+01
4.693715594332417851e+01 4.999502795159808244e+01
4.693715594332417851e+01 4.646300768738192488e+01
4.693715594332417851e+01 4.749191847357631957e+01
4.693715594332417851e+01 4.983719112478379287e+01
4.693715594332417851e+01 4.342726540740296315e+01
4.693715594332417851e+01 4.515400158452932544e+01
4.693715594332417851e+01 4.487173727893543429e+01
4.693715594332417851e+01 4.637807304259090557e+01
4.693715594332417851e+01 4.254951038554984422e+01
4.693715594332417851e+01 4.418904601944170452e+01
4.693715594332417851e+01 4.303266403590243527e+01
4.693715594332417851e+01 4.989945096051138762e+01
4.693715594332417851e+01 4.427945287770347704e+01
4.693715594332417851e+01 4.973722714046837723e+01
4.693715594332417851e+01 4.566128974748883707e+01
4.693715594332417851e+01 4.639321310256178776e+01
4.693715594332417851e+01 4.901077511213394189e+01
4.693715594332417851e+01 5.313446362680132751e+01
4.693715594332417851e+01 4.650200263255242561e+01
4.693715594332417851e+01 4.801368464697740279e+01
4.693715594332417851e+01 4.448883544743419094e+01
4.693715594332417851e+01 4.433506271981889313e+01
4.693715594332417851e+01 4.847626345098139922e+01
4.693715594332417851e+01 4.241618052498989044e+01
4.693715594332417851e+01 4.736101324864911533e+01
4.693715594332417851e+01 4.467655306025407924e+01
4.693715594332417851e+01 5.035844999530171862e+01
4.693715594332417851e+01 4.642937265837463201e+01
4.693715594332417851e+01 4.460697385384659697e+01
4.693715594332417851e+01 4.095195393098664027e+01
4.693715594332417851e+01 3.955141900189749293e+01
4.693715594332417851e+01 4.879477560361596744e+01
4.693715594332417851e+01 4.551219427634820391e+01
4.693715594332417851e+01 4.545459437093191468e+01
4.693715594332417851e+01 4.605378712916891004e+01
4.693715594332417851e+01 4.456900468972054341e+01
4.693715594332417851e+01 4.947192842977628402e+01
4.693715594332417851e+01 5.051907681120446370e+01
4.693715594332417851e+01 4.634337206850246105e+01
4.693715594332417851e+01 4.426502273617050776e+01
4.693715594332417851e+01 4.254161595611851965e+01
4.693715594332417851e+01 4.608936043359973667e+01
4.693715594332417851e+01 4.667840444839720249e+01
4.693715594332417851e+01 4.159478298428604148e+01
4.693715594332417851e+01 4.574086097738909729e+01
4.693715594332417851e+01 5.114764462758947161e+01
4.693715594332417851e+01 4.939057932421604846e+01
4.693715594332417851e+01 4.357552719392418794e+01
4.693715594332417851e+01 4.601581878783139246e+01
4.693715594332417851e+01 4.024864333987198250e+01
4.693715594332417851e+01 4.725606426553319750e+01
4.693715594332417851e+01 4.352225555563558856e+01
4.693715594332417851e+01 4.737960794068556680e+01
4.693715594332417851e+01 4.262596277141523871e+01
4.693715594332417851e+01 4.395497329463881897e+01
4.693715594332417851e+01 4.156746600838219763e+01
4.693715594332417851e+01 4.949976515351850281e+01
4.693715594332417851e+01 5.118737279439670829e+01
4.693715594332417851e+01 5.130088459330605133e+01
4.693715594332417851e+01 4.556423373235651297e+01
4.693715594332417851e+01 4.486270277289082742e+01
4.693715594332417851e+01 5.022897945909810602e+01
4.693715594332417851e+01 4.589926055184872666e+01
4.693715594332417851e+01 5.009937469536760801e+01
4.693715594332417851e+01 5.437436010027099087e+01
4.693715594332417851e+01 4.148872679563127264e+01
4.693715594332417851e+01 5.007957756825660312e+01
4.693715594332417851e+01 4.438844444641821241e+01
4.693715594332417851e+01 4.444715547736777239e+01
4.693715594332417851e+01 4.032097641256819998e+01
4.693715594332417851e+01 4.018379193729546017e+01
4.693715594332417851e+01 4.450182462644200143e+01
4.693715594332417851e+01 4.819346366124816683e+01
4.693715594332417851e+01 4.744287202915592161e+01
4.693715594332417851e+01 4.160537158635554533e+01
4.693715594332417851e+01 4.443616754406018288e+01
4.693715594332417851e+01 4.429438267768684767e+01
4.693715594332417851e+01 4.430594467122870839e+01
4.693715594332417851e+01 4.445876651672249835e+01
4.693715594332417851e+01 4.067073079906512589e+01
4.693715594332417851e+01 4.059358081635867421e+01
4.693715594332417851e+01 5.038707979907333367e+01
4.693715594332417851e+01 4.796084889333641854e+01
4.693715594332417851e+01 4.022722404194141177e+01
4.693715594332417851e+01 4.810796094032598802e+01
4.693715594332417851e+01 4.676748405107065309e+01
4.693715594332417851e+01 4.951070260338457274e+01
4.693715594332417851e+01 4.622749778855187941e+01
4.693715594332417851e+01 4.580217710110170515e+01
4.693715594332417851e+01 4.622056877123114305e+01
4.693715594332417851e+01 4.574845497106473857e+01
4.693715594332417851e+01 4.564773645488412512e+01
4.693715594332417851e+01 4.828080858406158882e+01
4.693715594332417851e+01 4.846969780931403449e+01
4.693715594332417851e+01 4.951646730822623965e+01
4.693715594332417851e+01 4.275076419728267041e+01
4.693715594332417851e+01 4.415608713906711813e+01
4.693715594332417851e+01 4.201472948984438460e+01
4.693715594332417851e+01 5.470682302170781242e+01
4.693715594332417851e+01 4.690715659517817926e+01
4.693715594332417851e+01 4.835038919458747841e+01
4.693715594332417851e+01 4.567474090140830612e+01
4.693715594332417851e+01 4.750554674026773228e+01
4.693715594332417851e+01 4.655110692933011762e+01
4.693715594332417851e+01 4.444103440267007699e+01
4.693715594332417851e+01 4.450233026141316373e+01
4.693715594332417851e+01 5.273200156589184928e+01
4.693715594332417851e+01 4.551861356201199271e+01
4.693715594332417851e+01 4.768073905087143061e+01
4.693715594332417851e+01 4.572284854868515680e+01
4.693715594332417851e+01 4.631708463209339754e+01
4.693715594332417851e+01 4.289526991899242603e+01
4.693715594332417851e+01 4.768668723489722083e+01
4.693715594332417851e+01 4.748694960596045433e+01
4.693715594332417851e+01 4.538920295516010128e+01
4.693715594332417851e+01 5.202259434361236856e+01
4.693715594332417851e+01 4.079230603422458756e+01
4.693715594332417851e+01 4.902891607956825482e+01
4.693715594332417851e+01 4.969148785553100822e+01
4.693715594332417851e+01 4.305313136901466464e+01
4.693715594332417851e+01 5.245926647306623636e+01
4.693715594332417851e+01 4.446268795296832366e+01
4.693715594332417851e+01 4.327781910992968761e+01
4.693715594332417851e+01 4.778750198994815435e+01
4.693715594332417851e+01 4.509887928053564110e+01
4.693715594332417851e+01 4.591674723075468023e+01
4.693715594332417851e+01 5.290927062482978016e+01
4.693715594332417851e+01 4.572433661024416551e+01
4.693715594332417851e+01 5.120098838831577126e+01
4.693715594332417851e+01 4.537694235789375341e+01
4.693715594332417851e+01 4.551202325653479619e+01
4.693715594332417851e+01 4.261128720986991425e+01
4.693715594332417851e+01 5.063698757447191667e+01
4.693715594332417851e+01 4.491766136037885815e+01
4.693715594332417851e+01 5.153475616379019897e+01
4.693715594332417851e+01 4.908402353674687646e+01
4.693715594332417851e+01 4.900502611667361208e+01
4.693715594332417851e+01 5.363195688006563699e+01
4.693715594332417851e+01 4.555164236911847553e+01
4.693715594332417851e+01 4.309418416042743161e+01
4.693715594332417851e+01 4.405121229204092970e+01
4.693715594332417851e+01 4.050154545404973305e+01
4.693715594332417851e+01 4.263798178667167349e+01
4.693715594332417851e+01 4.621752815299365125e+01
4.693715594332417851e+01 4.411018245070076205e+01
4.693715594332417851e+01 4.533656805440051585e+01
4.693715594332417851e+01 4.999615534626091318e+01
4.693715594332417851e+01 4.719307659142865674e+01
4.693715594332417851e+01 4.425134454756305047e+01
4.693715594332417851e+01 4.322742955403034415e+01
4.693715594332417851e+01 4.143978498665714483e+01
4.693715594332417851e+01 4.869237272847786357e+01
4.693715594332417851e+01 4.522126587552519084e+01
4.693715594332417851e+01 4.829254934267002852e+01
4.693715594332417851e+01 4.998361924783125687e+01
4.693715594332417851e+01 4.446734071997030924e+01
4.693715594332417851e+01 4.456593661572902221e+01
4.693715594332417851e+01 4.697509331401732169e+01
4.693715594332417851e+01 4.746370640780909866e+01
4.693715594332417851e+01 4.459422927224141375e+01
4.693715594332417851e+01 4.809559695173442861e+01
4.693715594332417851e+01 4.378838793453284239e+01
4.693715594332417851e+01 4.833645674353615362e+01
4.693715594332417851e+01 4.505665769394494902e+01
4.693715594332417851e+01 4.091144251621656025e+01
4.693715594332417851e+01 4.758941552934972208e+01
4.693715594332417851e+01 4.726082569926808219e+01
4.693715594332417851e+01 4.965412283054949683e+01
4.693715594332417851e+01 4.141336983742405664e+01
4.693715594332417851e+01 4.257464416366668303e+01
4.693715594332417851e+01 4.322258870720418855e+01
4.693715594332417851e+01 4.491192439845598727e+01
4.693715594332417851e+01 4.860402256597964765e+01
4.693715594332417851e+01 4.727657155763712638e+01
4.693715594332417851e+01 4.686699003737387415e+01
4.693715594332417851e+01 4.855421579207996530e+01
4.693715594332417851e+01 4.739407927118698893e+01
4.693715594332417851e+01 4.530255118825222382e+01
4.693715594332417851e+01 4.421856780509759233e+01
4.693715594332417851e+01 4.582361647287545736e+01
4.693715594332417851e+01 4.312551849932874148e+01
4.693715594332417851e+01 5.037808809467888693e+01
4.693715594332417851e+01 4.359825871409451992e+01
4.693715594332417851e+01 4.795874267356769849e+01
4.693715594332417851e+01 4.716315455276752289e+01
4.693715594332417851e+01 4.693863592059420853e+01
4.693715594332417851e+01 4.023586566660737418e+01
4.693715594332417851e+01 4.242088476872044112e+01
4.693715594332417851e+01 4.699615419106208947e+01
4.693715594332417851e+01 4.980091979548013370e+01
4.693715594332417851e+01 5.159572467930767203e+01
4.693715594332417851e+01 4.745941786086374492e+01
4.693715594332417851e+01 4.568714455640864713e+01
4.693715594332417851e+01 4.751722960105168170e+01
4.693715594332417851e+01 4.777867585400312578e+01
4.693715594332417851e+01 5.020640906905447309e+01
4.693715594332417851e+01 4.900788374607262909e+01
4.693715594332417851e+01 3.907957467744449076e+01
4.693715594332417851e+01 4.836608322468376286e+01
4.693715594332417851e+01 4.896758984807078008e+01
4.693715594332417851e+01 4.771203726221506969e+01
4.693715594332417851e+01 4.942447759686018571e+01
4.693715594332417851e+01 4.286847800582034296e+01
4.693715594332417851e+01 4.977415589072678159e+01
4.693715594332417851e+01 4.436743308442135714e+01
4.693715594332417851e+01 4.741240328122248116e+01
4.693715594332417851e+01 4.885332767344585392e+01
4.693715594332417851e+01 3.792211085855787189e+01
4.693715594332417851e+01 4.314458874890793538e+01
4.693715594332417851e+01 4.625960835057212961e+01
4.693715594332417851e+01 4.708318172553686765e+01
4.693715594332417851e+01 4.300413088281953833e+01
4.693715594332417851e+01 4.917867811576854820e+01
4.693715594332417851e+01 4.554186564860577846e+01
4.693715594332417851e+01 4.098940595478193671e+01
4.693715594332417851e+01 4.554982775959923202e+01
4.693715594332417851e+01 4.837414028532661092e+01
4.693715594332417851e+01 4.153510957942105364e+01
4.693715594332417851e+01 4.640276313706172573e+01
4.693715594332417851e+01 5.069868629597495158e+01
4.693715594332417851e+01 5.109038515459843666e+01
4.693715594332417851e+01 4.115111304006668291e+01
4.693715594332417851e+01 4.096774126687596151e+01
4.693715594332417851e+01 4.382015688659299713e+01
4.693715594332417851e+01 4.115271352224111467e+01
4.693715594332417851e+01 4.447652468765674172e+01
4.693715594332417851e+01 5.141323808514319893e+01
4.693715594332417851e+01 4.856280151807079193e+01
4.693715594332417851e+01 4.232731001364213341e+01
4.693715594332417851e+01 4.896605503070360044e+01
4.693715594332417851e+01 4.655487518010728820e+01
4.693715594332417851e+01 4.176494859643553070e+01
4.693715594332417851e+01 4.955703919234392174e+01
4.693715594332417851e+01 4.101570525321244531e+01
4.693715594332417851e+01 4.430721313480094636e+01
4.693715594332417851e+01 4.922906891690966802e+01
4.693715594332417851e+01 4.160923970198931698e+01
4.693715594332417851e+01 4.326704907744484530e+01
4.693715594332417851e+01 4.658731471551315195e+01
4.693715594332417851e+01 4.506515560092138628e+01
4.693715594332417851e+01 4.790108956594183809e+01
4.693715594332417851e+01 4.287276810677180805e+01
4.693715594332417851e+01 5.328117847680733377e+01
4.693715594332417851e+01 5.032279355175867863e+01
4.693715594332417851e+01 4.943847044159539905e+01
4.693715594332417851e+01 4.298662855531099325e+01
4.693715594332417851e+01 4.905505828240955424e+01
4.693715594332417851e+01 5.265387021458906247e+01
4.693715594332417851e+01 4.367177926442823832e+01
4.693715594332417851e+01 4.795327482145587084e+01
4.693715594332417851e+01 4.089050069844498125e+01
4.693715594332417851e+01 4.458821814609864731e+01
4.693715594332417851e+01 3.925196041926688650e+01
4.693715594332417851e+01 4.820340027964034846e+01
4.693715594332417851e+01 4.640982226187858117e+01
4.693715594332417851e+01 4.763199328065998372e+01
4.693715594332417851e+01 4.637775530011913361e+01
4.693715594332417851e+01 4.501617311124206111e+01
4.693715594332417851e+01 4.545310249386046308e+01
4.693715594332417851e+01 5.029337751572217030e+01
4.693715594332417851e+01 4.548431021163040100e+01
4.693715594332417851e+01 4.644686615311003663e+01
4.693715594332417851e+01 4.777115398137884483e+01
4.693715594332417851e+01 4.412253658107525212e+01
4.693715594332417851e+01 4.594361849067970383e+01
4.693715594332417851e+01 5.024180712858827036e+01
4.693715594332417851e+01 4.176750073404664221e+01
4.693715594332417851e+01 4.615666451173041196e+01
4.693715594332417851e+01 4.598617623881634842e+01
4.693715594332417851e+01 4.948001423348822669e+01
4.693715594332417851e+01 4.879478732259264007e+01
4.693715594332417851e+01 4.686897003656394389e+01
4.693715594332417851e+01 4.576515891492468313e+01
4.693715594332417851e+01 5.021647496792380849e+01
4.693715594332417851e+01 4.693905429572424737e+01
4.693715594332417851e+01 4.461671597019311974e+01
4.693715594332417851e+01 4.711135907055062688e+01
4.693715594332417851e+01 4.847637200142588654e+01
4.693715594332417851e+01 4.688484783978835679e+01
4.693715594332417851e+01 4.371786229586685124e+01
4.693715594332417851e+01 4.621395045427127002e+01
4.693715594332417851e+01 4.937581725849880598e+01
4.693715594332417851e+01 4.702298012279820938e+01
4.693715594332417851e+01 4.856223515693792336e+01
4.693715594332417851e+01 4.703574973583523189e+01
4.693715594332417851e+01 4.706593218522613142e+01
4.693715594332417851e+01 4.729267349636180739e+01
4.693715594332417851e+01 5.132986397582342875e+01
4.693715594332417851e+01 4.559682086056462680e+01
4.693715594332417851e+01 4.618660128499313799e+01
4.693715594332417851e+01 4.858129140562834181e+01
4.693715594332417851e+01 4.766497787367384831e+01
4.693715594332417851e+01 5.483975382207021454e+01
4.693715594332417851e+01 4.802197586047822142e+01
4.693715594332417851e+01 4.748595020192223615e+01
4.693715594332417851e+01 4.773105495086010563e+01
4.693715594332417851e+01 4.308884508157545667e+01
4.693715594332417851e+01 5.003740238092041182e+01
4.693715594332417851e+01 4.680891733404126853e+01
4.693715594332417851e+01 4.823269545343340781e+01
4.693715594332417851e+01 4.549844040791765565e+01
4.693715594332417851e+01 4.552191414720810769e+01
4.693715594332417851e+01 3.987376729077157478e+01
4.693715594332417851e+01 4.408567598242647989e+01
4.693715594332417851e+01 4.798997320311968906e+01
4.693715594332417851e+01 4.291770492385549574e+01
4.693715594332417851e+01 5.107240610156595295e+01
4.693715594332417851e+01 4.241193449275129979e+01
4.693715594332417851e+01 4.829292582210433693e+01
4.693715594332417851e+01 4.711224018405472691e+01
4.693715594332417851e+01 4.359475196937074770e+01
4.693715594332417851e+01 5.049200251901819314e+01
4.693715594332417851e+01 4.267232035299613813e+01
4.693715594332417851e+01 4.051219777014745915e+01
4.693715594332417851e+01 4.660293759702128114e+01
4.693715594332417851e+01 4.685696704944386681e+01
4.693715594332417851e+01 4.111500483987354215e+01
4.693715594332417851e+01 4.344488076534054244e+01
4.693715594332417851e+01 4.441649018410753769e+01
4.693715594332417851e+01 4.707001986273900229e+01
4.693715594332417851e+01 4.436109562007019491e+01
4.693715594332417851e+01 4.523684555507109906e+01
4.693715594332417851e+01 4.536626794384064709e+01
4.693715594332417851e+01 5.091555758035915602e+01
4.693715594332417851e+01 4.252292959621361490e+01
4.693715594332417851e+01 4.029610564223809632e+01
4.693715594332417851e+01 4.956534504652260864e+01
4.693715594332417851e+01 4.293593162162257926e+01
4.693715594332417851e+01 4.818118538616844404e+01
4.693715594332417851e+01 4.634292791354587848e+01
4.693715594332417851e+01 4.664870517017963891e+01
4.693715594332417851e+01 4.750662785283438438e+01
4.693715594332417851e+01 4.633142383821785870e+01
4.693715594332417851e+01 4.107677483351079673e+01
4.693715594332417851e+01 5.140389282519002734e+01
4.693715594332417851e+01 4.507431144775390663e+01
4.693715594332417851e+01 4.846676163650326430e+01
4.693715594332417851e+01 5.151570957762996983e+01
4.693715594332417851e+01 4.156516614507336982e+01
4.693715594332417851e+01 5.480309253820221471e+01
4.693715594332417851e+01 4.312725889315856875e+01
4.693715594332417851e+01 5.311778069273560021e+01
4.693715594332417851e+01 4.538821580257197041e+01
4.693715594332417851e+01 4.506568382159515096e+01
4.693715594332417851e+01 4.995736455385252128e+01
4.693715594332417851e+01 4.888865974454714092e+01
4.693715594332417851e+01 4.455515838783384197e+01
4.693715594332417851e+01 4.418751994138450101e+01
4.693715594332417851e+01 4.274341976926625364e+01
4.693715594332417851e+01 4.717673467712116775e+01
4.693715594332417851e+01 4.356094815213462113e+01
4.693715594332417851e+01 4.436735284402650592e+01
4.693715594332417851e+01 4.447532083167960337e+01
4.693715594332417851e+01 4.340201493713449565e+01
4.693715594332417851e+01 4.671477134408456777e+01
4.693715594332417851e+01 4.475715908160837131e+01
4.693715594332417851e+01 4.400825020668770549e+01
4.693715594332417851e+01 3.952956459458567906e+01
4.693715594332417851e+01 5.055858842742685511e+01
4.693715594332417851e+01 4.559151155855828108e+01
4.693715594332417851e+01 4.232283013294389917e+01
4.693715594332417851e+01 4.352409362746017507e+01
4.693715594332417851e+01 4.347301344240877796e+01
4.693715594332417851e+01 4.665469771431644119e+01
4.693715594332417851e+01 5.045376001385528753e+01
4.693715594332417851e+01 4.460564807983497104e+01
4.693715594332417851e+01 4.524753086523887902e+01
4.693715594332417851e+01 4.530421276189526480e+01
4.693715594332417851e+01 5.147586391824364682e+01
4.693715594332417851e+01 5.187452087502357045e+01
4.693715594332417851e+01 5.285459738993901624e+01
4.693715594332417851e+01 5.457096369269252278e+01
4.693715594332417851e+01 4.388976545372042182e+01
4.693715594332417851e+01 4.736270605591988669e+01
4.693715594332417851e+01 4.217239139703537631e+01
4.693715594332417851e+01 4.600826902915530781e+01
4.693715594332417851e+01 4.708676371272448336e+01
4.693715594332417851e+01 4.827051201657838675e+01
4.693715594332417851e+01 4.080763768740692399e+01
4.693715594332417851e+01 4.537319822830369276e+01
4.693715594332417851e+01 4.753918426422916355e+01
4.693715594332417851e+01 4.479922242902548390e+01
4.693715594332417851e+01 4.261448989961918699e+01
4.693715594332417851e+01 4.963011266371170649e+01
4.693715594332417851e+01 4.713048233443932133e+01
4.693715594332417851e+01 4.783034614591323219e+01
4.693715594332417851e+01 4.518852583520315846e+01
4.693715594332417851e+01 4.551766558563338094e+01
4.693715594332417851e+01 4.795770439860493184e+01
4.693715594332417851e+01 4.960001568564226915e+01
4.693715594332417851e+01 5.559240422125618863e+01
4.693715594332417851e+01 4.152444957180015450e+01
4.693715594332417851e+01 4.541253033431564035e+01
4.693715594332417851e+01 4.398259921840869424e+01
4.693715594332417851e+01 4.933992836086099487e+01
4.693715594332417851e+01 4.545994122095078183e+01
4.693715594332417851e+01 4.946471570492131065e+01
4.693715594332417851e+01 4.699522177687804714e+01
4.693715594332417851e+01 4.295816226796064541e+01
4.693715594332417851e+01 4.161349988514439247e+01
4.693715594332417851e+01 4.319361510548762340e+01
4.693715594332417851e+01 4.743626654379548313e+01
4.693715594332417851e+01 4.215962124819623114e+01
4.693715594332417851e+01 4.717986805225390157e+01
4.693715594332417851e+01 4.220437836086585293e+01
4.693715594332417851e+01 4.879951619793598638e+01
4.693715594332417851e+01 4.508747523887076625e+01
4.693715594332417851e+01 4.786231177651178115e+01
4.693715594332417851e+01 4.122775322431058243e+01
4.693715594332417851e+01 5.014386560824718941e+01
4.693715594332417851e+01 4.776146854253000384e+01
4.693715594332417851e+01 4.815364605685898880e+01
4.693715594332417851e+01 4.865216082753527616e+01
4.693715594332417851e+01 4.323776117354369575e+01
4.693715594332417851e+01 4.388105643167376968e+01
4.693715594332417851e+01 4.832786354798533068e+01
4.693715594332417851e+01 4.929738113811885114e+01
4.693715594332417851e+01 4.075321681305407395e+01
4.693715594332417851e+01 4.719806430048274848e+01
4.693715594332417851e+01 4.368783466485334799e+01
4.693715594332417851e+01 4.539397777011334512e+01
4.693715594332417851e+01 4.585502161282208533e+01
4.693715594332417851e+01 4.538612344790384867e+01
4.693715594332417851e+01 3.972399997071993027e+01
4.693715594332417851e+01 4.287533962017997879e+01
4.693715594332417851e+01 4.601299325290956688e+01
4.693715594332417851e+01 4.395211574638308605e+01
4.693715594332417851e+01 4.451405814079519274e+01
4.693715594332417851e+01 4.221578275034455885e+01
4.693715594332417851e+01 4.396606697803371588e+01
4.693715594332417851e+01 4.653919750968474034e+01
4.693715594332417851e+01 4.566971479709897608e+01
4.693715594332417851e+01 4.446586450000375379e+01
4.693715594332417851e+01 4.819203509512140471e+01
4.693715594332417851e+01 4.122775773900409035e+01
4.693715594332417851e+01 4.159434127807939063e+01
4.693715594332417851e+01 4.537942833753418626e+01
4.693715594332417851e+01 5.159670629799245489e+01
4.693715594332417851e+01 4.453228886303197953e+01
4.693715594332417851e+01 4.189168339390786855e+01
4.693715594332417851e+01 4.693206111881104192e+01
4.693715594332417851e+01 3.918427002456290609e+01
4.693715594332417851e+01 4.199732385093081888e+01
4.693715594332417851e+01 5.335043097533500855e+01
4.693715594332417851e+01 4.480505645022265782e+01
4.693715594332417851e+01 5.353028817847918930e+01
4.693715594332417851e+01 4.493110337342072569e+01
4.693715594332417851e+01 4.426781733881657743e+01
4.693715594332417851e+01 4.770857082753880007e+01
4.693715594332417851e+01 4.694212222453925420e+01
4.693715594332417851e+01 4.749164708540484270e+01
4.693715594332417851e+01 4.121873984385076994e+01
4.693715594332417851e+01 4.701065705216752377e+01
4.693715594332417851e+01 4.559241076902682721e+01
4.693715594332417851e+01 4.577086544532504320e+01
4.693715594332417851e+01 4.130631490987914134e+01
4.693715594332417851e+01 5.028894670213440321e+01
4.693715594332417851e+01 4.544109540467991337e+01
4.693715594332417851e+01 5.079989968535481637e+01
4.693715594332417851e+01 5.003019410730656347e+01
4.693715594332417851e+01 4.950097694680803784e+01
4.693715594332417851e+01 4.400391240691853056e+01
4.693715594332417851e+01 4.677336262400437050e+01
4.693715594332417851e+01 4.659349793449000998e+01
4.693715594332417851e+01 4.575614638806119672e+01
4.693715594332417851e+01 4.834182573254408055e+01
4.693715594332417851e+01 4.214188857077411399e+01
4.693715594332417851e+01 4.367652443393509287e+01
4.693715594332417851e+01 4.822678657523511703e+01
4.693715594332417851e+01 4.833423758063389641e+01
4.693715594332417851e+01 4.677885666423965461e+01
4.693715594332417851e+01 5.018556664245151921e+01
4.693715594332417851e+01 4.497156044345900483e+01
4.693715594332417851e+01 4.973515263910351791e+01
4.693715594332417851e+01 5.092196607930008412e+01
4.693715594332417851e+01 4.477379468868811330e+01
4.693715594332417851e+01 4.402384014510450072e+01
4.693715594332417851e+01 4.828429323518799521e+01
4.693715594332417851e+01 4.519125772478219005e+01
4.693715594332417851e+01 4.940439741400884088e+01
4.693715594332417851e+01 4.279831818525593690e+01
4.693715594332417851e+01 4.475751293009949450e+01
4.693715594332417851e+01 4.431244221716487885e+01
4.693715594332417851e+01 4.393593317774264051e+01
4.693715594332417851e+01 5.013847810229427893e+01
4.693715594332417851e+01 5.420629924587689175e+01
4.693715594332417851e+01 4.745739990975349087e+01
4.693715594332417851e+01 4.605554627342624485e+01
4.693715594332417851e+01 4.163773129623305636e+01
4.693715594332417851e+01 4.753379183746182690e+01
4.693715594332417851e+01 4.685115528271232677e+01
4.693715594332417851e+01 4.902515635194161803e+01
4.693715594332417851e+01 4.604186575703958795e+01
4.693715594332417851e+01 4.912260713301255066e+01
4.693715594332417851e+01 4.871146419150999662e+01
4.693715594332417851e+01 4.654313291007906628e+01
4.693715594332417851e+01 4.733377674590906992e+01
4.693715594332417851e+01 4.705910866312310503e+01
4.693715594332417851e+01 4.588781509941384229e+01
4.693715594332417851e+01 4.318336492644610303e+01
4.693715594332417851e+01 5.139803669893368721e+01
4.693715594332417851e+01 4.703976999670812376e+01
4.693715594332417851e+01 5.138836938103546714e+01
4.693715594332417851e+01 4.387845674359627424e+01
4.693715594332417851e+01 4.809331440769258137e+01
4.693715594332417851e+01 4.523845365450065259e+01
4.693715594332417851e+01 4.877614060365338844e+01
4.693715594332417851e+01 4.395647152444813344e+01
4.693715594332417851e+01 4.405087026300129338e+01
4.693715594332417851e+01 4.639638185593232578e+01
4.693715594332417851e+01 4.492822546286116392e+01
4.693715594332417851e+01 4.775893267375911933e+01
4.693715594332417851e+01 4.249953201587967300e+01
4.693715594332417851e+01 4.366594480426210367e+01
4.693715594332417851e+01 4.336829167330145651e+01
4.693715594332417851e+01 4.598397505072625790e+01
4.693715594332417851e+01 4.720246731389249106e+01
4.693715594332417851e+01 5.416953818913827234e+01
4.693715594332417851e+01 4.557640746421392919e+01
4.693715594332417851e+01 4.511086278847079001e+01
4.693715594332417851e+01 5.018779478119050452e+01
4.693715594332417851e+01 5.171042469772688577e+01
4.693715594332417851e+01 4.246782696929087564e+01
4.693715594332417851e+01 4.286285024615734329e+01
4.693715594332417851e+01 4.374512439194255364e+01
4.693715594332417851e+01 4.190992661508446560e+01
4.693715594332417851e+01 4.629363869636749484e+01
4.693715594332417851e+01 4.851556262676172082e+01
4.693715594332417851e+01 4.523673338232288188e+01
4.693715594332417851e+01 4.682263438370612363e+01
4.693715594332417851e+01 4.482792134562517106e+01
4.693715594332417851e+01 4.451457150647350147e+01
4.693715594332417851e+01 4.642160899066819724e+01
4.693715594332417851e+01 4.208777884550094939e+01
4.693715594332417851e+01 4.872576076275359469e+01
4.693715594332417851e+01 5.276508096910736612e+01
4.693715594332417851e+01 4.451162526793238783e+01
4.693715594332417851e+01 4.454152907930325256e+01
4.693715594332417851e+01 4.827506010236928091e+01
4.693715594332417851e+01 4.397198039008061698e+01
4.693715594332417851e+01 4.784054756929866414e+01
4.693715594332417851e+01 5.127134627588853988e+01
4.693715594332417851e+01 4.564219068301097337e+01
4.693715594332417851e+01 5.297961840397628919e+01
4.693715594332417851e+01 4.544295304579545558e+01
4.693715594332417851e+01 4.549038943362334209e+01
4.693715594332417851e+01 4.102289299537928002e+01
4.693715594332417851e+01 5.450721977316457156e+01
4.693715594332417851e+01 4.638534791706721450e+01
4.693715594332417851e+01 4.568879114921232087e+01
4.693715594332417851e+01 5.072025194170831242e+01
4.693715594332417851e+01 4.338605699620747913e+01
4.693715594332417851e+01 4.542095915353961288e+01
4.693715594332417851e+01 4.678376192928561039e+01
4.693715594332417851e+01 4.950005640267565354e+01
4.693715594332417851e+01 4.644423530777474696e+01
4.693715594332417851e+01 4.888166036346695620e+01
4.693715594332417851e+01 4.349897282740624149e+01
4.693715594332417851e+01 4.544128659715192953e+01
4.693715594332417851e+01 4.515013525163651309e+01
4.693715594332417851e+01 4.468873596097549239e+01
4.693715594332417851e+01 4.456119096325122797e+01
4.693715594332417851e+01 4.535085584824272331e+01
4.693715594332417851e+01 4.680678291069771291e+01
4.693715594332417851e+01 4.356257695844039546e+01
4.693715594332417851e+01 4.311229171836690455e+01
4.693715594332417851e+01 4.545844098238001862e+01
4.693715594332417851e+01 4.447540362609976228e+01
4.693715594332417851e+01 4.307535071670312021e+01
4.693715594332417851e+01 4.105667290274784875e+01
4.693715594332417851e+01 5.256048698899135019e+01
4.693715594332417851e+01 4.452067252625973737e+01
4.693715594332417851e+01 4.299293224187807283e+01
4.693715594332417851e+01 4.313778922078243738e+01
4.693715594332417851e+01 4.106705294800968886e+01
4.693715594332417851e+01 4.683186308735639614e+01
4.693715594332417851e+01 4.595865857593796022e+01
4.693715594332417851e+01 4.505834780918394955e+01
4.693715594332417851e+01 4.469246498577530247e+01
4.693715594332417851e+01 4.665527434799854944e+01
4.693715594332417851e+01 4.169891525842255220e+01
4.693715594332417851e+01 4.775674666159886073e+01
4.693715594332417851e+01 4.846975068691577349e+01
4.693715594332417851e+01 4.450727091822435710e+01
4.693715594332417851e+01 4.315743587581342666e+01
4.693715594332417851e+01 4.683217248424527668e+01
4.693715594332417851e+01 4.366397009011997454e+01
4.693715594332417851e+01 4.449317165763452664e+01
4.693715594332417851e+01 4.044890610401455433e+01
4.693715594332417851e+01 4.452959661319285800e+01
4.693715594332417851e+01 4.271289396461947518e+01
4.693715594332417851e+01 5.006558840524697018e+01
4.693715594332417851e+01 5.060427885686357996e+01
4.693715594332417851e+01 4.081650980225153091e+01
4.693715594332417851e+01 5.216277505383539648e+01
4.693715594332417851e+01 5.060219375238422401e+01
4.693715594332417851e+01 4.401906121667639127e+01
4.693715594332417851e+01 4.037314622486501747e+01
4.693715594332417851e+01 4.550318918417747938e+01
4.693715594332417851e+01 4.211052296851376298e+01
4.693715594332417851e+01 4.061436400799406954e+01
4.693715594332417851e+01 5.231928543968857781e+01
4.693715594332417851e+01 5.299401997414588550e+01
4.693715594332417851e+01 4.467601787457128637e+01
4.693715594332417851e+01 4.463168921374384723e+01
4.693715594332417851e+01 4.622859228463347137e+01
4.693715594332417851e+01 4.976523317667915336e+01
4.693715594332417851e+01 4.265281060763255283e+01
4.693715594332417851e+01 4.612489597854167300e+01
4.693715594332417851e+01 5.058300584929776278e+01
4.693715594332417851e+01 4.291771289313204107e+01
4.693715594332417851e+01 4.581233339122116632e+01
4.693715594332417851e+01 4.812646194116433662e+01
4.693715594332417851e+01 4.237812147136098417e+01
4.693715594332417851e+01 4.597986036517580999e+01
4.693715594332417851e+01 4.477925493718471728e+01
4.693715594332417851e+01 4.580997184789597299e+01
4.693715594332417851e+01 4.810329328090659828e+01
4.693715594332417851e+01 4.761165341056871370e+01
4.693715594332417851e+01 4.429319878431427782e+01
4.693715594332417851e+01 5.447771241482399063e+01
4.693715594332417851e+01 4.818772412249050774e+01
4.693715594332417851e+01 4.633105709730853050e+01
4.693715594332417851e+01 4.921777356698752470e+01
4.693715594332417851e+01 4.455413052329075896e+01
4.693715594332417851e+01 4.518027091011844476e+01
4.693715594332417851e+01 4.241854731977205972e+01
4.693715594332417851e+01 4.606878104172643162e+01
4.693715594332417851e+01 4.601097970815436611e+01
4.693715594332417851e+01 4.986008959634426674e+01
4.693715594332417851e+01 4.644372830763740012e+01
4.693715594332417851e+01 5.033983377121617764e+01
4.693715594332417851e+01 4.905399338954092769e+01
4.693715594332417851e+01 4.681634154244982682e+01
4.693715594332417851e+01 4.634988238606739941e+01
4.693715594332417851e+01 4.271475013686302447e+01
4.693715594332417851e+01 5.290722072741973392e+01
4.693715594332417851e+01 4.093731642154141070e+01
4.693715594332417851e+01 4.582227952443159325e+01
4.693715594332417851e+01 4.670407634173506040e+01
4.693715594332417851e+01 4.610078159936736597e+01
4.693715594332417851e+01 4.705532314515068748e+01
4.693715594332417851e+01 4.489942407456923235e+01
4.693715594332417851e+01 4.402213240312675424e+01
4.693715594332417851e+01 4.344351526676621944e+01
4.693715594332417851e+01 4.226019073341029753e+01
4.693715594332417851e+01 4.751920901776237116e+01
4.693715594332417851e+01 4.694626636125432384e+01
4.693715594332417851e+01 4.365026424439292185e+01
4.693715594332417851e+01 5.188183181386635567e+01
4.693715594332417851e+01 4.972571843089029642e+01
4.693715594332417851e+01 4.650793553923362822e+01
4.693715594332417851e+01 4.583906146160971673e+01
4.693715594332417851e+01 4.845804099047562374e+01
4.693715594332417851e+01 4.233198942888482463e+01
4.693715594332417851e+01 4.649834586338449327e+01
4.693715594332417851e+01 4.847207795919458562e+01
4.693715594332417851e+01 5.030163519638630021e+01
4.693715594332417851e+01 4.863619055361603216e+01
4.693715594332417851e+01 4.476387788907283038e+01
4.693715594332417851e+01 5.311673023077813127e+01
4.693715594332417851e+01 4.370107462179834101e+01
4.693715594332417851e+01 4.127229841380441400e+01
4.693715594332417851e+01 4.668838369880723604e+01
4.693715594332417851e+01 4.570201401261385143e+01
4.693715594332417851e+01 5.046881371910572511e+01
4.693715594332417851e+01 4.989020822115057996e+01
4.693715594332417851e+01 4.670379433200667307e+01
4.693715594332417851e+01 4.161921911233894633e+01
4.693715594332417851e+01 4.261851987914535300e+01
4.693715594332417851e+01 4.246118941973774241e+01
4.693715594332417851e+01 4.439679893500474606e+01
4.693715594332417851e+01 4.572390300148264686e+01
4.693715594332417851e+01 4.727572577357069150e+01
4.693715594332417851e+01 4.599659483255859271e+01
4.693715594332417851e+01 4.498486904694478028e+01
4.693715594332417851e+01 4.620012302933043458e+01
4.693715594332417851e+01 4.531962591599324952e+01
4.693715594332417851e+01 4.463091126059960345e+01
4.693715594332417851e+01 4.406302337751716891e+01
4.693715594332417851e+01 4.244431801950926086e+01
4.693715594332417851e+01 4.848625156530962244e+01
4.693715594332417851e+01 4.345057791254946977e+01
4.693715594332417851e+01 4.190045754566828151e+01
4.693715594332417851e+01 4.594205767944185936e+01
4.693715594332417851e+01 4.268327007924069250e+01
4.693715594332417851e+01 5.052547212127329601e+01
4.693715594332417851e+01 4.213705250285812554e+01
4.693715594332417851e+01 4.497213291554707837e+01
4.693715594332417851e+01 4.347423280497153542e+01
4.693715594332417851e+01 5.210203858059009718e+01
4.693715594332417851e+01 4.487651030251301165e+01
4.693715594332417851e+01 4.708089516025944476e+01
4.693715594332417851e+01 4.637208558450569029e+01
4.693715594332417851e+01 4.780411823827648021e+01
4.693715594332417851e+01 4.650520249339869139e+01
4.693715594332417851e+01 4.506646920071551676e+01
4.693715594332417851e+01 4.400874633665871016e+01
4.693715594332417851e+01 4.298310200668885983e+01
4.693715594332417851e+01 4.206919145893865419e+01
4.693715594332417851e+01 4.635445265221876809e+01
4.693715594332417851e+01 4.714934142241589399e+01
4.693715594332417851e+01 4.377998321929230485e+01
4.693715594332417851e+01 4.843229585255091507e+01
4.693715594332417851e+01 4.771599131172771280e+01
4.693715594332417851e+01 4.398119156440100852e+01
4.693715594332417851e+01 4.125026176732762195e+01
4.693715594332417851e+01 4.933000104197887481e+01
4.693715594332417851e+01 4.079767289736226843e+01
4.693715594332417851e+01 4.026429612668177782e+01
4.693715594332417851e+01 4.650934863131075048e+01
4.693715594332417851e+01 4.679608801842561405e+01
4.693715594332417851e+01 4.368930680567452640e+01
4.693715594332417851e+01 4.804835973578594377e+01
4.693715594332417851e+01 4.931852016469517963e+01
4.693715594332417851e+01 4.651884457003346540e+01
4.693715594332417851e+01 4.583708657254243946e+01
4.693715594332417851e+01 4.764059577044758242e+01
4.693715594332417851e+01 4.376531029035974285e+01
4.693715594332417851e+01 4.774521483023955426e+01
4.693715594332417851e+01 4.419353176891141999e+01
4.693715594332417851e+01 4.503421950494681170e+01
4.693715594332417851e+01 4.691456407799727657e+01
4.693715594332417851e+01 5.369575471415561907e+01
4.693715594332417851e+01 4.169112224017275992e+01
4.693715594332417851e+01 4.895344109913588682e+01
4.693715594332417851e+01 4.356481884310100128e+01
4.693715594332417851e+01 4.498718707028269392e+01
4.693715594332417851e+01 4.845457878697813214e+01
4.693715594332417851e+01 4.650198340991111934e+01
4.693715594332417851e+01 4.223991931892250307e+01
4.693715594332417851e+01 4.505948512781767334e+01
4.693715594332417851e+01 4.679827290520998417e+01
4.693715594332417851e+01 4.131736051943516941e+01
4.693715594332417851e+01 4.675251094376502436e+01
4.693715594332417851e+01 4.668581393307750460e+01
4.693715594332417851e+01 5.771734812245418311e+01
4.693715594332417851e+01 4.801975140619553883e+01
4.693715594332417851e+01 4.540929503310565707e+01
4.693715594332417851e+01 4.555310524649009096e+01
4.693715594332417851e+01 4.542238906673388499e+01
4.693715594332417851e+01 4.414470891592893764e+01
4.693715594332417851e+01 4.791321849234991248e+01
4.693715594332417851e+01 4.765279791742904791e+01
4.693715594332417851e+01 4.431034578829783044e+01
4.693715594332417851e+01 4.953089016648852549e+01
4.693715594332417851e+01 4.983261183539347172e+01
4.693715594332417851e+01 4.302965815942392425e+01
4.693715594332417851e+01 4.450504065550820343e+01
4.693715594332417851e+01 5.243510875284503925e+01
4.693715594332417851e+01 4.462615908410933230e+01
4.693715594332417851e+01 4.636852957946054232e+01
4.693715594332417851e+01 3.456214777608144573e+01
4.693715594332417851e+01 4.257021835590627035e+01
4.693715594332417851e+01 4.481386934925503596e+01
4.693715594332417851e+01 5.213597958168399771e+01
4.693715594332417851e+01 4.415774996175214540e+01
4.693715594332417851e+01 4.803023833079087268e+01
4.693715594332417851e+01 4.016401702584547451e+01
4.693715594332417851e+01 4.325354094008579864e+01
4.693715594332417851e+01 4.701944408496088812e+01
4.693715594332417851e+01 4.086436933615477329e+01
4.693715594332417851e+01 4.270328439893823713e+01
4.693715594332417851e+01 4.459816173673473827e+01
4.693715594332417851e+01 4.542714068247516224e+01
4.693715594332417851e+01 4.200379576584569463e+01
4.693715594332417851e+01 4.503425161093210960e+01
4.693715594332417851e+01 4.413735753727450373e+01
4.693715594332417851e+01 4.442508866172548210e+01
4.693715594332417851e+01 4.486764448900936486e+01
4.693715594332417851e+01 4.437772163115270274e+01
4.693715594332417851e+01 4.413699223837178209e+01
4.693715594332417851e+01 4.370988562160026447e+01
4.693715594332417851e+01 5.330055793401126607e+01
4.693715594332417851e+01 4.212918074945597624e+01
4.693715594332417851e+01 4.886588781345444943e+01
4.693715594332417851e+01 4.119423714441762030e+01
4.693715594332417851e+01 4.629252607624472660e+01
4.693715594332417851e+01 4.691490190167653651e+01
4.693715594332417851e+01 4.983150056646829995e+01
4.693715594332417851e+01 5.607021017976259003e+01
4.693715594332417851e+01 4.621549493631295036e+01
4.693715594332417851e+01 4.228095538975634327e+01
4.693715594332417851e+01 4.432761916995393392e+01
4.693715594332417851e+01 4.830144411394032034e+01
4.693715594332417851e+01 4.676157926073009463e+01
4.693715594332417851e+01 4.842662289805675613e+01
4.693715594332417851e+01 4.970624820469299721e+01
4.693715594332417851e+01 5.338217177352317577e+01
4.693715594332417851e+01 4.635238476334047419e+01
4.693715594332417851e+01 4.543325300970344927e+01
4.693715594332417851e+01 4.454650717369951707e+01
4.693715594332417851e+01 5.005384074458444843e+01
4.693715594332417851e+01 4.575622953215121669e+01
4.693715594332417851e+01 4.692381434849381350e+01
4.693715594332417851e+01 4.759095477001554286e+01
4.693715594332417851e+01 4.459541976838362842e+01
4.693715594332417851e+01 4.748453706738039415e+01
4.693715594332417851e+01 4.199610764288822651e+01
4.693715594332417851e+01 4.842625506835493354e+01
4.693715594332417851e+01 4.511863754682725869e+01
4.693715594332417851e+01 3.911135255266076172e+01
4.693715594332417851e+01 4.794858270312779780e+01
4.693715594332417851e+01 3.866284077423955523e+01
4.693715594332417851e+01 5.190373417856513782e+01
4.693715594332417851e+01 4.543650526159594705e+01
4.693715594332417851e+01 4.834650192775676913e+01
4.693715594332417851e+01 4.847318904057824795e+01
4.693715594332417851e+01 4.623031667120037724e+01
4.693715594332417851e+01 3.977063238074943996e+01
4.693715594332417851e+01 4.727623650935489508e+01
4.693715594332417851e+01 4.404843057011952823e+01
4.693715594332417851e+01 4.649451331421580136e+01
4.693715594332417851e+01 4.062609118948063980e+01
4.693715594332417851e+01 4.403188408947181642e+01
4.693715594332417851e+01 4.832831008628977543e+01
4.693715594332417851e+01 4.404669932169500157e+01
4.693715594332417851e+01 4.621399748644176242e+01
4.693715594332417851e+01 4.759550743334830258e+01
4.693715594332417851e+01 4.809543052642396788e+01
4.693715594332417851e+01 5.052520901357905103e+01
4.693715594332417851e+01 4.947343818597286003e+01
4.693715594332417851e+01 4.564617048264195631e+01
4.693715594332417851e+01 4.734681731422916329e+01
4.693715594332417851e+01 4.344169550197883467e+01
4.693715594332417851e+01 4.571491636365315259e+01
4.693715594332417851e+01 4.708401204769831594e+01
4.693715594332417851e+01 5.240936075929621296e+01
4.693715594332417851e+01 4.731368297204567597e+01
4.693715594332417851e+01 4.186738001854351410e+01
4.693715594332417851e+01 4.810259196299128348e+01
4.693715594332417851e+01 5.092801069841051032e+01
4.693715594332417851e+01 4.795020191661024000e+01
4.693715594332417851e+01 4.953470558743001817e+01
4.693715594332417851e+01 4.459114825019018014e+01
4.693715594332417851e+01 5.168731426132356432e+01
4.693715594332417851e+01 4.909005604099328224e+01
4.693715594332417851e+01 4.594033141379434682e+01
4.693715594332417851e+01 4.715180695350004925e+01
4.693715594332417851e+01 4.958028566910497403e+01
4.693715594332417851e+01 4.284573424017863630e+01
4.693715594332417851e+01 5.136657809420051990e+01
4.693715594332417851e+01 5.119469011343147002e+01
4.693715594332417851e+01 4.359468545222229352e+01
4.693715594332417851e+01 4.161641203248927923e+01
4.693715594332417851e+01 5.386814407706236807e+01
4.693715594332417851e+01 4.370553518052538067e+01
4.693715594332417851e+01 4.931943772466377141e+01
4.693715594332417851e+01 4.889697281490718694e+01
4.693715594332417851e+01 4.876806754606348449e+01
4.693715594332417851e+01 5.082862481264432830e+01
4.693715594332417851e+01 4.706419093841513757e+01
4.693715594332417851e+01 4.542169811398704127e+01
4.693715594332417851e+01 4.673131698390253064e+01
4.693715594332417851e+01 4.829175744653121427e+01
4.693715594332417851e+01 4.284719311552806431e+01
4.693715594332417851e+01 4.598482096320852719e+01
4.693715594332417851e+01 4.579251537865829391e+01
4.693715594332417851e+01 4.322002795687840404e+01
4.693715594332417851e+01 5.149299842555464579e+01
4.693715594332417851e+01 4.504849972598744046e+01
4.693715594332417851e+01 4.934992880696136552e+01
4.693715594332417851e+01 4.306157013859581184e+01
4.693715594332417851e+01 4.873341224608610389e+01
4.693715594332417851e+01 4.673987748519464702e+01
4.693715594332417851e+01 5.082911384325838355e+01
4.693715594332417851e+01 4.610783499997257451e+01
4.693715594332417851e+01 4.825620460691227720e+01
4.693715594332417851e+01 4.398576570086905235e+01
4.693715594332417851e+01 4.961523467847422353e+01
4.693715594332417851e+01 4.573087122605599575e+01
4.693715594332417851e+01 5.098514289895852158e+01
