4.693715594332417851e+01 4.794191389185654373e+01
4.693715594332417851e+01 4.624634163549318089e+01
4.693715594332417851e+01 4.782212079091259227e+01
4.693715594332417851e+01 4.568889232706300163e+01
4.693715594332417851e+01 4.498813203579923226e+01
4.693715594332417851e+01 4.705348806909230319e+01
4.693715594332417851e+01 4.694100070509660583e+01
4.693715594332417851e+01 5.721489962591238054e+01
4.693715594332417851e+01 4.661458119661385524e+01
4.693715594332417851e+01 4.879580479247071878e+01
4.693715594332417851e+01 4.167441498654512344e+01
4.693715594332417851e+01 5.328484858689070336e+01
4.693715594332417851e+01 4.410501691920922696e+01
4.693715594332417851e+01 4.822721873013212956e+01
4.693715594332417851e+01 4.675988823101265979e+01
4.693715594332417851e+01 4.284221872421817068e+01
4.693715594332417851e+01 4.857992906912630104e+01
4.693715594332417851e+01 4.574876400228600914e+01
4.693715594332417851e+01 4.824884687931137250e+01
4.693715594332417851e+01 4.593511775585589163e+01
4.693715594332417851e+01 4.542982530347272530e+01
4.693715594332417851e+01 3.578944658197491435e+01
4.693715594332417851e+01 4.801328432224638476e+01
4.693715594332417851e+01 4.468706269715148949e+01
4.693715594332417851e+01 4.732088757250085820e+01
4.693715594332417851e+01 5.029433653322831788e+01
4.693715594332417851e+01 4.491309559671219631e+01
4.693715594332417851e+01 4.520223438770428714e+01
4.693715594332417851e+01 4.016983071978502551e+01
4.693715594332417851e+01 5.359277431904486377e+01
4.693715594332417851e+01 5.183917184002621070e+01
4.693715594332417851e+01 4.534902300880413861e+01
4.693715594332417851e+01 5.057664085754128536e+01
4.693715594332417851e+01 4.526342091379578392e+01
4.693715594332417851e+01 4.621165218027365995e+01
4.693715594332417851e+01 4.925901139881185031e+01
4.693715594332417851e+01 4.690927673572863199e+01
4.693715594332417851e+01 5.033177314186668383e+01
4.693715594332417851e+01 4.584284529540197184e+01
4.693715594332417851e+01 4.880697632762137772e+01
4.693715594332417851e+01 4.497417146240873365e+01
4.693715594332417851e+01 4.610228043243994733e+01
4.693715594332417851e+01 4.639699017625804345e+01
4.693715594332417851e+01 4.889002832962140133e+01
4.693715594332417851e+01 3.905096136529388673e+01
4.693715594332417851e+01 4.110825505823851245e+01
4.693715594332417851e+01 4.856219143001163729e+01
4.693715594332417851e+01 5.045503287169740503e+01
4.693715594332417851e+01 4.497624441244737881e+01
4.693715594332417851e+01 4.582487438430626980e+01
4.693715594332417851e+01 4.830510388606501948e+01
4.693715594332417851e+01 5.199753263931751235e+01
4.693715594332417851e+01 4.363728580562113279e+01
4.693715594332417851e+01 4.577641400202610100e+01
4.693715594332417851e+01 4.770601117669464486e+01
4.693715594332417851e+01 5.269859283157797591e+01
4.693715594332417851e+01 4.506355399844600385e+01
4.693715594332417851e+01 4.859980715286385333e+01
4.693715594332417851e+01 4.989417243926579459e+01
4.693715594332417851e+01 5.214394347331020185e+01
4.693715594332417851e+01 4.809013384598132035e+01
4.693715594332417851e+01 4.840974226411343295e+01
4.693715594332417851e+01 4.650280968977047991e+01
4.693715594332417851e+01 4.817700871479865299e+01
4.693715594332417851e+01 4.836484532783430268e+01
4.693715594332417851e+01 5.505229624800485766e+01
4.693715594332417851e+01 4.511922921949710741e+01
4.693715594332417851e+01 4.546180619157826186e+01
4.693715594332417851e+01 4.920462663437769635e+01
4.693715594332417851e+01 4.893599647996870061e+01
4.693715594332417851e+01 4.929555030945055449e+01
4.693715594332417851e+01 4.500144243562132829e+01
4.693715594332417851e+01 4.521644325412740528e+01
4.693715594332417851e+01 4.784019015066526492e+01
4.693715594332417851e+01 4.328348638555383587e+01
4.693715594332417851e+01 4.390147416121588009e+01
4.693715594332417851e+01 4.663696786424874574e+01
4.693715594332417851e+01 4.700199040752142565e+01
4.693715594332417851e+01 4.855554675288776423e+01
4.693715594332417851e+01 4.148639329833239486e+01
4.693715594332417851e+01 4.157031546863260019e+01
4.693715594332417851e+01 4.863317163969195178e+01
4.693715594332417851e+01 4.852403052685980356e+01
4.693715594332417851e+01 4.467399901975730359e+01
4.693715594332417851e+01 4.384622143033008967e+01
4.693715594332417851e+01 4.858518171086553394e+01
4.693715594332417851e+01 4.082717907621388065e+01
4.693715594332417851e+01 4.770397209523665794e+01
4.693715594332417851e+01 4.622084818011173724e+01
4.693715594332417851e+01 4.681249382689235006e+01
4.693715594332417851e+01 4.483710265988696619e+01
4.693715594332417851e+01 4.239675705748327772e+01
4.693715594332417851e+01 4.703710153413937434e+01
4.693715594332417851e+01 4.644945163211353645e+01
4.693715594332417851e+01 5.292692547179304796e+01
4.693715594332417851e+01 4.560326830985940205e+01
4.693715594332417851e+01 4.477297640900936671e+01
4.693715594332417851e+01 4.531400206270136977e+01
4.693715594332417851e+01 4.728874331743534043e+01
4.693715594332417851e+01 4.921162930653945722e+01
4.693715594332417851e+01 4.581921495056445082e+01
4.693715594332417851e+01 5.653869954217837801e+01
4.693715594332417851e+01 4.645748555178880679e+01
4.693715594332417851e+01 4.350237004025436960e+01
4.693715594332417851e+01 4.504848375429750718e+01
4.693715594332417851e+01 4.609494408394888865e+01
4.693715594332417851e+01 4.525245422051847299e+01
4.693715594332417851e+01 4.376156528983313621e+01
4.693715594332417851e+01 4.360082294451304108e+01
4.693715594332417851e+01 5.227079021844540563e+01
4.693715594332417851e+01 4.849601793041717457e+01
4.693715594332417851e+01 4.345084653132466457e+01
4.693715594332417851e+01 4.883460341080932920e+01
4.693715594332417851e+01 4.595592788399037687e+01
4.693715594332417851e+01 3.964448507123917409e+01
4.693715594332417851e+01 4.965568673587642934e+01
4.693715594332417851e+01 4.344479085158974385e+01
4.693715594332417851e+01 4.454934250700665643e+01
4.693715594332417851e+01 5.121420817059004094e+01
4.693715594332417851e+01 4.220597060402359091e+01
4.693715594332417851e+01 4.377823988385222265e+01
4.693715594332417851e+01 5.227806570977170253e+01
4.693715594332417851e+01 5.400311573440987445e+01
4.693715594332417851e+01 4.695955055655800692e+01
4.693715594332417851e+01 4.784291202386373243e+01
4.693715594332417851e+01 4.863705668740525567e+01
4.693715594332417851e+01 5.045513989184694026e+01
4.693715594332417851e+01 4.815388577277238369e+01
4.693715594332417851e+01 4.790687321760979955e+01
4.693715594332417851e+01 4.391903287817230961e+01
4.693715594332417851e+01 4.328494301086940510e+01
4.693715594332417851e+01 4.839676852304928190e+01
4.693715594332417851e+01 4.478118256232510674e+01
4.693715594332417851e+01 4.207305501118208468e+01
4.693715594332417851e+01 4.868588045812454368e+01
4.693715594332417851e+01 4.602286525063192357e+01
4.693715594332417851e+01 4.742592218852868058e+01
4.693715594332417851e+01 4.313135861936141424e+01
4.693715594332417851e+01 4.376442875745789962e+01
4.693715594332417851e+01 4.644386113247956871e+01
4.693715594332417851e+01 5.030515013399320878e+01
4.693715594332417851e+01 5.102136358083935619e+01
4.693715594332417851e+01 4.222138031262331737e+01
4.693715594332417851e+01 4.735683820191596993e+01
4.693715594332417851e+01 4.213381331751946846e+01
4.693715594332417851e+01 4.830115932751933627e+01
4.693715594332417851e+01 4.844961847485948425e+01
4.693715594332417851e+01 4.769923630615363663e+01
4.693715594332417851e+01 5.105182653220774824e+01
4.693715594332417851e+01 4.280720539926710444e+01
4.693715594332417851e+01 4.172562934544597368e+01
4.693715594332417851e+01 5.217811018026736036e+01
4.693715594332417851e+01 4.585658241102979105e+01
4.693715594332417851e+01 4.743117302153824966e+01
4.693715594332417851e+01 4.518190249745701692e+01
4.693715594332417851e+01 4.534271822487092152e+01
4.693715594332417851e+01 4.734672792693435639e+01
4.693715594332417851e+01 4.389252434419569227e+01
4.693715594332417851e+01 4.922606875775087332e+01
4.693715594332417851e+01 5.041289103863311993e+01
4.693715594332417851e+01 4.691843284324837526e+01
4.693715594332417851e+01 4.778630781089619006e+01
4.693715594332417851e+01 4.401697299826260945e+01
4.693715594332417851e+01 4.683872564659765203e+01
4.693715594332417851e+01 4.593788619208948631e+01
4.693715594332417851e+01 4.285754667236825100e+01
4.693715594332417851e+01 4.180097454771487975e+01
4.693715594332417851e+01 4.718160784439213984e+01
4.693715594332417851e+01 4.315549997534848359e+01
4.693715594332417851e+01 4.751901422665411445e+01
4.693715594332417851e+01 4.368506929249534920e+01
4.693715594332417851e+01 4.438694078964881840e+01
4.693715594332417851e+01 4.904632771509547240e+01
4.693715594332417851e+01 4.407752511743332491e+01
4.693715594332417851e+01 4.808310925594815188e+01
4.693715594332417851e+01 4.402188818438984441e+01
4.693715594332417851e+01 4.247024643515790387e+01
4.693715594332417851e+01 4.632907385777146203e+01
4.693715594332417851e+01 4.440662393319396273e+01
4.693715594332417851e+01 4.652272482298400291e+01
4.693715594332417851e+01 4.385701604064427528e+01
4.693715594332417851e+01 4.455504960024306627e+01
4.693715594332417851e+01 4.999498085901539213e+01
4.693715594332417851e+01 4.742852344307084422e+01
4.693715594332417851e+01 4.473240958868213824e+01
4.693715594332417851e+01 5.268936888171491972e+01
4.693715594332417851e+01 4.617861534114283018e+01
4.693715594332417851e+01 5.080260951914106471e+01
4.693715594332417851e+01 4.337258043593719492e+01
4.693715594332417851e+01 4.131388629865738693e+01
4.693715594332417851e+01 4.703349338677872993e+01
4.693715594332417851e+01 4.888415767014287638e+01
4.693715594332417851e+01 4.551016884663243189e+01
4.693715594332417851e+01 4.325776903927676642e+01
4.693715594332417851e+01 5.124069006829489581e+01
4.693715594332417851e+01 4.773835676514485016e+01
4.693715594332417851e+01 5.042136444127817185e+01
4.693715594332417851e+01 4.199127217867575013e+01
4.693715594332417851e+01 4.087446346816301457e+01
4.693715594332417851e+01 4.760922328728135255e+01
4.693715594332417851e+01 4.562648493066234323e+01
4.693715594332417851e+01 4.497757205885648091e+01
4.693715594332417851e+01 4.822731071396977853e+01
4.693715594332417851e+01 4.446595173702578307e+01
4.693715594332417851e+01 4.999344807713002581e+01
4.693715594332417851e+01 4.373441370489751989e+01
4.693715594332417851e+01 4.596332967216861931e+01
4.693715594332417851e+01 4.973699238377727028e+01
4.693715594332417851e+01 4.444366368791366284e+01
4.693715594332417851e+01 4.777161029642662982e+01
4.693715594332417851e+01 4.447030170016154926e+01
4.693715594332417851e+01 4.334974123906468435e+01
4.693715594332417851e+01 5.414950963382014493e+01
4.693715594332417851e+01 4.894266082121890804e+01
4.693715594332417851e+01 4.637852532518337512e+01
4.693715594332417851e+01 4.564104223232023116e+01
4.693715594332417851e+01 4.385724049701993010e+01
4.693715594332417851e+01 4.081362432303027532e+01
4.693715594332417851e+01 4.534318159147526472e+01
4.693715594332417851e+01 5.033723079906187081e+01
4.693715594332417851e+01 4.333430469307216981e+01
4.693715594332417851e+01 5.485253077659337606e+01
4.693715594332417851e+01 4.879765523486411638e+01
4.693715594332417851e+01 4.645334460209363669e+01
4.693715594332417851e+01 4.659974600173916315e+01
4.693715594332417851e+01 5.264488015153370526e+01
4.693715594332417851e+01 4.690020642038316367e+01
4.693715594332417851e+01 4.806754344529701228e+01
4.693715594332417851e+01 3.984352546195535183e+01
4.693715594332417851e+01 4.762413512346512334e+01
4.693715594332417851e+01 4.286455452721587278e+01
4.693715594332417851e+01 4.298486693928544611e+01
4.693715594332417851e+01 4.228729017978464810e+01
4.693715594332417851e+01 4.698856325254883615e+01
4.693715594332417851e+01 4.491589615498401145e+01
4.693715594332417851e+01 4.849100671091977688e+01
4.693715594332417851e+01 4.912052467101504050e+01
4.693715594332417851e+01 4.596686068268548553e+01
4.693715594332417851e+01 4.280347281697156347e+01
4.693715594332417851e+01 4.241396152989983648e+01
4.693715594332417851e+01 5.077252704510856773e+01
4.693715594332417851e+01 4.157094679006146976e+01
4.693715594332417851e+01 4.018065561854066203e+01
4.693715594332417851e+01 4.859324705742611883e+01
4.693715594332417851e+01 4.871515139640587222e+01
4.693715594332417851e+01 4.676610752762336176e+01
4.693715594332417851e+01 5.208332308930678778e+01
4.693715594332417851e+01 4.173520551496867625e+01
4.693715594332417851e+01 4.356131558412624827e+01
4.693715594332417851e+01 4.150065813354041211e+01
4.693715594332417851e+01 4.547041335051972766e+01
4.693715594332417851e+01 4.765573926456862353e+01
4.693715594332417851e+01 3.972828761623974003e+01
4.693715594332417851e+01 4.634906285022641015e+01
4.693715594332417851e+01 4.458612123190080467e+01
4.693715594332417851e+01 4.725766752428766893e+01
4.693715594332417851e+01 4.475783053729674066e+01
4.693715594332417851e+01 4.481585382659537942e+01
4.693715594332417851e+01 4.180209820528164499e+01
4.693715594332417851e+01 4.104242437778994912e+01
4.693715594332417851e+01 4.764483752839850439e+01
4.693715594332417851e+01 4.525700305173840832e+01
4.693715594332417851e+01 4.969674171291469378e+01
4.693715594332417851e+01 5.172031477700387825e+01
4.693715594332417851e+01 4.688728328087481145e+01
4.693715594332417851e+01 4.561651663922931021e+01
4.693715594332417851e+01 4.299204464748620325e+01
4.693715594332417851e+01 5.020688315378314570e+01
4.693715594332417851e+01 4.444860010318421928e+01
4.693715594332417851e+01 4.243860744182997990e+01
4.693715594332417851e+01 4.770029400907918671e+01
4.693715594332417851e+01 4.494701594021164937e+01
4.693715594332417851e+01 4.269275764069997336e+01
4.693715594332417851e+01 4.835891715970602434e+01
4.693715594332417851e+01 4.487048780376301949e+01
4.693715594332417851e+01 5.231146134828609462e+01
4.693715594332417851e+01 4.629844052449941927e+01
4.693715594332417851e+01 5.082522936881680664e+01
4.693715594332417851e+01 4.356063253941660207e+01
4.693715594332417851e+01 3.979040138901675761e+01
4.693715594332417851e+01 4.774204805131486040e+01
4.693715594332417851e+01 4.100905493288460235e+01
4.693715594332417851e+01 4.319046392898220432e+01
4.693715594332417851e+01 4.529486422426133885e+01
4.693715594332417851e+01 4.707489805030131436e+01
4.693715594332417851e+01 3.866448221237445182e+01
4.693715594332417851e+01 4.993457825097443248e+01
4.693715594332417851e+01 4.422130950569292196e+01
4.693715594332417851e+01 4.787213886302803445e+01
4.693715594332417851e+01 4.356512640418640103e+01
4.693715594332417851e+01 4.690450453169230371e+01
4.693715594332417851e+01 4.143418995634202417e+01
4.693715594332417851e+01 5.048648624940101115e+01
4.693715594332417851e+01 4.829881482286497629e+01
4.693715594332417851e+01 4.970433665804239354e+01
4.693715594332417851e+01 4.677863839597341666e+01
4.693715594332417851e+01 4.635086513150322673e+01
4.693715594332417851e+01 4.292297603507635273e+01
4.693715594332417851e+01 4.376837945877219482e+01
4.693715594332417851e+01 4.769171734737956569e+01
4.693715594332417851e+01 4.088012686925968353e+01
4.693715594332417851e+01 4.353798923048312730e+01
4.693715594332417851e+01 4.844379987399946685e+01
4.693715594332417851e+01 5.045611079681623323e+01
4.693715594332417851e+01 4.448512627141106179e+01
4.693715594332417851e+01 4.761165651794028975e+01
4.693715594332417851e+01 3.827288942286624973e+01
4.693715594332417851e+01 4.711678160331491227e+01
4.693715594332417851e+01 4.305336988775849250e+01
4.693715594332417851e+01 4.444832922847456302e+01
4.693715594332417851e+01 4.673985181789424104e+01
4.693715594332417851e+01 4.719956233157898851e+01
4.693715594332417851e+01 5.514413566468045502e+01
4.693715594332417851e+01 5.074101640503324262e+01
4.693715594332417851e+01 5.386714971851696987e+01
4.693715594332417851e+01 5.313636245452715201e+01
4.693715594332417851e+01 4.979609725448027291e+01
4.693715594332417851e+01 4.820261309434622632e+01
4.693715594332417851e+01 5.088364030492913059e+01
4.693715594332417851e+01 4.901830455815612453e+01
4.693715594332417851e+01 4.835204535538065329e+01
4.693715594332417851e+01 4.344517753881194011e+01
4.693715594332417851e+01 4.412086447579538628e+01
4.693715594332417851e+01 4.457497508903873040e+01
4.693715594332417851e+01 4.566055953648551480e+01
4.693715594332417851e+01 4.476133647070816579e+01
4.693715594332417851e+01 4.639618259831492963e+01
4.693715594332417851e+01 4.766551374357287330e+01
4.693715594332417851e+01 4.927558821944285938e+01
4.693715594332417851e+01 4.876895048607842398e+01
4.693715594332417851e+01 5.009597104493183650e+01
4.693715594332417851e+01 5.201319809036337460e+01
4.693715594332417851e+01 5.261352347538361585e+01
4.693715594332417851e+01 4.828548424437396847e+01
4.693715594332417851e+01 4.307577762478850758e+01
4.693715594332417851e+01 4.510529044742582983e+01
4.693715594332417851e+01 4.295964541909277301e+01
4.693715594332417851e+01 5.172752664402742084e+01
4.693715594332417851e+01 4.736175549744638147e+01
4.693715594332417851e+01 4.526128324223147104e+01
4.693715594332417851e+01 4.706886710184091527e+01
4.693715594332417851e+01 3.993850522217805832e+01
4.693715594332417851e+01 4.827506091503418872e+01
4.693715594332417851e+01 4.830295881836007510e+01
4.693715594332417851e+01 5.414580215072182767e+01
4.693715594332417851e+01 4.168876067607364888e+01
4.693715594332417851e+01 4.547741902395789282e+01
4.693715594332417851e+01 5.043014662172842577e+01
4.693715594332417851e+01 4.504892104639782247e+01
4.693715594332417851e+01 4.099013128430999586e+01
4.693715594332417851e+01 4.673532143035279063e+01
4.693715594332417851e+01 4.572494352839458998e+01
4.693715594332417851e+01 4.994675732553736935e+01
4.693715594332417851e+01 4.657288254267603378e+01
4.693715594332417851e+01 4.445340104220566246e+01
4.693715594332417851e+01 5.384683868632672699e+01
4.693715594332417851e+01 4.842969575149542294e+01
4.693715594332417851e+01 4.963594961842507303e+01
4.693715594332417851e+01 4.279741493396383589e+01
4.693715594332417851e+01 4.933904418253742108e+01
4.693715594332417851e+01 4.409923940099421458e+01
4.693715594332417851e+01 4.496608260432583393e+01
4.693715594332417851e+01 4.671151172993755551e+01
4.693715594332417851e+01 4.393949988735703016e+01
4.693715594332417851e+01 4.493767183030070811e+01
4.693715594332417851e+01 4.222695175100085407e+01
4.693715594332417851e+01 4.274534657312825203e+01
4.693715594332417851e+01 4.751358298037999361e+01
4.693715594332417851e+01 4.764964123780601568e+01
4.693715594332417851e+01 4.245886275612391358e+01
4.693715594332417851e+01 5.087251179465230422e+01
4.693715594332417851e+01 4.293941232570327315e+01
4.693715594332417851e+01 4.456789935140831460e+01
4.693715594332417851e+01 4.189949933343334010e+01
4.693715594332417851e+01 4.444305301488954285e+01
4.693715594332417851e+01 5.029961533097784354e+01
4.693715594332417851e+01 4.605095503251293110e+01
4.693715594332417851e+01 4.863000209037657839e+01
4.693715594332417851e+01 4.271275471876060692e+01
4.693715594332417851e+01 4.238388209520774552e+01
4.693715594332417851e+01 4.659634597324548366e+01
4.693715594332417851e+01 4.418328535276086200e+01
4.693715594332417851e+01 4.172809108758507790e+01
4.693715594332417851e+01 4.820792483710221177e+01
4.693715594332417851e+01 4.316771689849632310e+01
4.693715594332417851e+01 4.963698105698902197e+01
4.693715594332417851e+01 4.077920503854329581e+01
4.693715594332417851e+01 4.908493549719285909e+01
4.693715594332417851e+01 4.180684914354392845e+01
4.693715594332417851e+01 4.643676530241933165e+01
4.693715594332417851e+01 4.631346994688174590e+01
4.693715594332417851e+01 4.156802663140772580e+01
4.693715594332417851e+01 4.214019941261058477e+01
4.693715594332417851e+01 4.976076361196186326e+01
4.693715594332417851e+01 4.730460913967780812e+01
4.693715594332417851e+01 4.900379350607443030e+01
4.693715594332417851e+01 4.714660431418354847e+01
4.693715594332417851e+01 4.623947827571532798e+01
4.693715594332417851e+01 4.657868691605261802e+01
4.693715594332417851e+01 4.385208507252686161e+01
4.693715594332417851e+01 4.414250243283547803e+01
4.693715594332417851e+01 4.575578165992084934e+01
4.693715594332417851e+01 4.835919674971951565e+01
4.693715594332417851e+01 4.369743407114572875e+01
4.693715594332417851e+01 5.522387510185115644e+01
4.693715594332417851e+01 4.675473298951915524e+01
4.693715594332417851e+01 4.469463802684003184e+01
4.693715594332417851e+01 4.332066102317941869e+01
4.693715594332417851e+01 4.731776969556863577e+01
4.693715594332417851e+01 4.358703354952291420e+01
4.693715594332417851e+01 4.875323922253526376e+01
4.693715594332417851e+01 4.612420056652691613e+01
4.693715594332417851e+01 4.388421008696088421e+01
4.693715594332417851e+01 4.516897398958739274e+01
4.693715594332417851e+01 4.547920164652924058e+01
4.693715594332417851e+01 4.834751609543640427e+01
4.693715594332417851e+01 4.580427255221169958e+01
4.693715594332417851e+01 4.836407557744293229e+01
4.693715594332417851e+01 4.152723804537885144e+01
4.693715594332417851e+01 4.514524635237081895e+01
4.693715594332417851e+01 4.200596309171005771e+01
4.693715594332417851e+01 5.135767507210628224e+01
4.693715594332417851e+01 4.931587193055229790e+01
4.693715594332417851e+01 5.334526378982518224e+01
4.693715594332417851e+01 4.490468525116267529e+01
4.693715594332417851e+01 4.132081620002217193e+01
4.693715594332417851e+01 4.408558076947709736e+01
4.693715594332417851e+01 4.629151525484820695e+01
4.693715594332417851e+01 5.058244350831626690e+01
4.693715594332417851e+01 4.232609516237826597e+01
4.693715594332417851e+01 5.325853092666895350e+01
4.693715594332417851e+01 4.698236958404584129e+01
4.693715594332417851e+01 5.097187247780527741e+01
4.693715594332417851e+01 4.990916848520959093e+01
4.693715594332417851e+01 4.348811874150567292e+01
4.693715594332417851e+01 4.686266785443336857e+01
4.693715594332417851e+01 4.797597185799000385e+01
4.693715594332417851e+01 4.807188270179150180e+01
4.693715594332417851e+01 4.957115024634553180e+01
4.693715594332417851e+01 4.699035512203362686e+01
4.693715594332417851e+01 4.100804323960050368e+01
4.693715594332417851e+01 4.708723106348654852e+01
4.693715594332417851e+01 4.720274858500363990e+01
4.693715594332417851e+01 4.914825926605011830e+01
4.693715594332417851e+01 4.401264661467114792e+01
4.693715594332417851e+01 5.010890247957586752e+01
4.693715594332417851e+01 5.184102546871563533e+01
4.693715594332417851e+01 4.776191261086632522e+01
4.693715594332417851e+01 4.808416351874836181e+01
4.693715594332417851e+01 3.937237768019782180e+01
4.693715594332417851e+01 4.289569895097766050e+01
4.693715594332417851e+01 3.989208804894781224e+01
4.693715594332417851e+01 4.997716497365642141e+01
4.693715594332417851e+01 4.653965629467391807e+01
4.693715594332417851e+01 5.372155027263340088e+01
4.693715594332417851e+01 4.525518699136958389e+01
4.693715594332417851e+01 4.826316103019841108e+01
4.693715594332417851e+01 4.668870227028619269e+01
4.693715594332417851e+01 4.917057881554105592e+01
4.693715594332417851e+01 4.381317684092126541e+01
4.693715594332417851e+01 5.158140466849017258e+01
4.693715594332417851e+01 4.613655595228380690e+01
4.693715594332417851e+01 5.386921585755435160e+01
4.693715594332417851e+01 4.191179818300826554e+01
4.693715594332417851e+01 4.700441574547290458e+01
4.693715594332417851e+01 5.382853590117429121e+01
4.693715594332417851e+01 4.382645492600052961e+01
4.693715594332417851e+01 5.034253681019082194e+01
4.693715594332417851e+01 4.722854571614166019e+01
4.693715594332417851e+01 4.692616064364392514e+01
4.693715594332417851e+01 4.387616190787426262e+01
4.693715594332417851e+01 4.866069664072915657e+01
4.693715594332417851e+01 4.854793187625469386e+01
4.693715594332417851e+01 4.730436212223032300e+01
4.693715594332417851e+01 5.011827005010118796e+01
4.693715594332417851e+01 4.433124005486457264e+01
4.693715594332417851e+01 5.056632729370245016e+01
4.693715594332417851e+01 4.765598489441534014e+01
4.693715594332417851e+01 4.778699128802969653e+01
4.693715594332417851e+01 4.229540570672309485e+01
4.693715594332417851e+01 4.181940361300362241e+01
4.693715594332417851e+01 4.636285976465084246e+01
4.693715594332417851e+01 4.231260891887566089e+01
4.693715594332417851e+01 5.167427709216083542e+01
4.693715594332417851e+01 4.991717831355173729e+01
4.693715594332417851e+01 4.466848037488087897e+01
4.693715594332417851e+01 4.944602573561513736e+01
4.693715594332417851e+01 5.137079174278524363e+01
4.693715594332417851e+01 5.452024060492784230e+01
4.693715594332417851e+01 4.648610547775032842e+01
4.693715594332417851e+01 4.745799239273316061e+01
4.693715594332417851e+01 4.892974231829303733e+01
4.693715594332417851e+01 4.540373005006392049e+01
4.693715594332417851e+01 4.562729949808110774e+01
4.693715594332417851e+01 4.824219404122409571e+01
4.693715594332417851e+01 4.254265267610800549e+01
4.693715594332417851e+01 4.758874469411168917e+01
4.693715594332417851e+01 4.621710597338070414e+01
4.693715594332417851e+01 4.501136668399720975e+01
4.693715594332417851e+01 4.812890579875283237e+01
4.693715594332417851e+01 4.278641926136604923e+01
4.693715594332417851e+01 4.339756248092984237e+01
4.693715594332417851e+01 4.459491204820794508e+01
4.693715594332417851e+01 4.587728511736446535e+01
4.693715594332417851e+01 4.998900395414732856e+01
4.693715594332417851e+01 5.590803471674930591e+01
4.693715594332417851e+01 4.743977574478149961e+01
4.693715594332417851e+01 5.271678864595045155e+01
4.693715594332417851e+01 4.615515858863375342e+01
4.693715594332417851e+01 5.008122631219836762e+01
4.693715594332417851e+01 5.157549051888003078e+01
4.693715594332417851e+01 4.496697028965870402e+01
4.693715594332417851e+01 4.135386397578543693e+01
4.693715594332417851e+01 5.074023400368548664e+01
4.693715594332417851e+01 4.563393706628781388e+01
4.693715594332417851e+01 4.443030747064093333e+01
4.693715594332417851e+01 4.058963053021705036e+01
4.693715594332417851e+01 4.983976808318350038e+01
4.693715594332417851e+01 5.409287749318726668e+01
4.693715594332417851e+01 4.631392944097946440e+01
4.693715594332417851e+01 4.521715375921957047e+01
4.693715594332417851e+01 4.534682083641422423e+01
4.693715594332417851e+01 4.657057878966109854e+01
4.693715594332417851e+01 4.553497047369135942e+01
4.693715594332417851e+01 4.220531975014649362e+01
4.693715594332417851e+01 4.462199132130818668e+01
4.693715594332417851e+01 4.085100161303201816e+01
4.693715594332417851e+01 3.934141550268415699e+01
4.693715594332417851e+01 4.538440381815162539e+01
4.693715594332417851e+01 4.692886231762838634e+01
4.693715594332417851e+01 4.686047991052068085e+01
4.693715594332417851e+01 4.568309164521030397e+01
4.693715594332417851e+01 4.725681325218238271e+01
4.693715594332417851e+01 4.501801787139091715e+01
4.693715594332417851e+01 4.175484379662240286e+01
4.693715594332417851e+01 4.758226994616083516e+01
4.693715594332417851e+01 4.754665320378726534e+01
4.693715594332417851e+01 4.584583806979281917e+01
4.693715594332417851e+01 4.249119626011232498e+01
4.693715594332417851e+01 4.503226088680340666e+01
4.693715594332417851e+01 5.219794649248151330e+01
4.693715594332417851e+01 4.614122394863024823e+01
4.693715594332417851e+01 4.565475811313946508e+01
4.693715594332417851e+01 5.013716547723105066e+01
4.693715594332417851e+01 5.088225981317410174e+01
4.693715594332417851e+01 4.401332672008489766e+01
4.693715594332417851e+01 3.990112105516629981e+01
4.693715594332417851e+01 4.451616915082679782e+01
4.693715594332417851e+01 4.437780969542949094e+01
4.693715594332417851e+01 4.876407137713109563e+01
4.693715594332417851e+01 4.514341577519532933e+01
4.693715594332417851e+01 4.685157190685811912e+01
4.693715594332417851e+01 5.514670231968478475e+01
4.693715594332417851e+01 4.434024713808620533e+01
4.693715594332417851e+01 5.251391414097901134e+01
4.693715594332417851e+01 4.657517387707047618e+01
4.693715594332417851e+01 4.777599511258738829e+01
4.693715594332417851e+01 5.136250111092275006e+01
4.693715594332417851e+01 3.946564329004838356e+01
4.693715594332417851e+01 4.630430332231269830e+01
4.693715594332417851e+01 4.694805934533857084e+01
4.693715594332417851e+01 4.853106074408326265e+01
4.693715594332417851e+01 4.480070487903349630e+01
4.693715594332417851e+01 5.083221512880851378e+01
4.693715594332417851e+01 4.608168661691344425e+01
4.693715594332417851e+01 5.354027237905816605e+01
4.693715594332417851e+01 4.861733617662768125e+01
4.693715594332417851e+01 4.697725478379823727e+01
4.693715594332417851e+01 4.523865386672986943e+01
4.693715594332417851e+01 4.506978574642621282e+01
4.693715594332417851e+01 4.609750630634809454e+01
4.693715594332417851e+01 4.663257850974643759e+01
4.693715594332417851e+01 4.712042919982622635e+01
4.693715594332417851e+01 4.201053335414141543e+01
4.693715594332417851e+01 4.484865144626826350e+01
4.693715594332417851e+01 4.505827809867970757e+01
4.693715594332417851e+01 4.549402786621871542e+01
4.693715594332417851e+01 4.698626138522409690e+01
4.693715594332417851e+01 4.262493190491824890e+01
4.693715594332417851e+01 4.839781339692427764e+01
4.693715594332417851e+01 5.085202445676750926e+01
4.693715594332417851e+01 4.654639047941544305e+01
4.693715594332417851e+01 4.226456488228772201e+01
4.693715594332417851e+01 4.510997161310537251e+01
4.693715594332417851e+01 4.365734003115338169e+01
4.693715594332417851e+01 4.499097429934671055e+01
4.693715594332417851e+01 4.858210395314251429e+01
4.693715594332417851e+01 6.114851070734377458e+01
4.693715594332417851e+01 4.559283972035898103e+01
4.693715594332417851e+01 4.402274981594608505e+01
4.693715594332417851e+01 4.750870063434284418e+01
4.693715594332417851e+01 3.917437491231921598e+01
4.693715594332417851e+01 4.396831548031396864e+01
4.693715594332417851e+01 5.055931239157330737e+01
4.693715594332417851e+01 4.450634955832293116e+01
4.693715594332417851e+01 4.605816943968267907e+01
4.693715594332417851e+01 4.631938544154152027e+01
4.693715594332417851e+01 4.464084901255903759e+01
4.693715594332417851e+01 4.301153100334701662e+01
4.693715594332417851e+01 5.048020286070124740e+01
4.693715594332417851e+01 5.127339343412853623e+01
4.693715594332417851e+01 3.866103691840607581e+01
4.693715594332417851e+01 4.826745053424271958e+01
4.693715594332417851e+01 5.302512173557246911e+01
4.693715594332417851e+01 4.666325091602651298e+01
4.693715594332417851e+01 4.726702342423055825e+01
4.693715594332417851e+01 4.778057913940222790e+01
4.693715594332417851e+01 4.562020999975168678e+01
4.693715594332417851e+01 4.641376157045620943e+01
4.693715594332417851e+01 4.775284006846815288e+01
4.693715594332417851e+01 4.616131554195615649e+01
4.693715594332417851e+01 4.537286109910843379e+01
4.693715594332417851e+01 4.637687331302173988e+01
4.693715594332417851e+01 5.287857996448289555e+01
4.693715594332417851e+01 4.762342456998057827e+01
4.693715594332417851e+01 4.519233487655246506e+01
4.693715594332417851e+01 4.468069635276911811e+01
4.693715594332417851e+01 4.372856467546343140e+01
4.693715594332417851e+01 4.318639640082971454e+01
4.693715594332417851e+01 4.829977169455742825e+01
4.693715594332417851e+01 4.263995730815653928e+01
4.693715594332417851e+01 4.086048193188759114e+01
4.693715594332417851e+01 4.524806484286307295e+01
4.693715594332417851e+01 4.838456231812384800e+01
4.693715594332417851e+01 4.398902911565496510e+01
4.693715594332417851e+01 4.546629858834710092e+01
4.693715594332417851e+01 4.441082934403786453e+01
4.693715594332417851e+01 4.502525350796826586e+01
4.693715594332417851e+01 4.646809243140366874e+01
4.693715594332417851e+01 4.618695845874509587e+01
4.693715594332417851e+01 4.886252217239384521e+01
4.693715594332417851e+01 5.143914570912434669e+01
4.693715594332417851e+01 5.295377680419919386e+01
4.693715594332417851e+01 4.917961069933013363e+01
4.693715594332417851e+01 4.387934831643772071e+01
4.693715594332417851e+01 4.606792831433832447e+01
4.693715594332417851e+01 4.517072422391057529e+01
4.693715594332417851e+01 4.370572981913991129e+01
4.693715594332417851e+01 5.144415874730695748e+01
4.693715594332417851e+01 4.467818160850735865e+01
4.693715594332417851e+01 4.649434406920914853e+01
4.693715594332417851e+01 4.274613354474665528e+01
4.693715594332417851e+01 4.533063660685840546e+01
4.693715594332417851e+01 4.355351908847456599e+01
4.693715594332417851e+01 4.094360385999538465e+01
4.693715594332417851e+01 4.393902952770258707e+01
4.693715594332417851e+01 4.747570726624076087e+01
4.693715594332417851e+01 4.921793620870789709e+01
4.693715594332417851e+01 4.941849995076828606e+01
4.693715594332417851e+01 5.173338264387957253e+01
4.693715594332417851e+01 4.329307155469751933e+01
4.693715594332417851e+01 4.552688054756816882e+01
4.693715594332417851e+01 4.257071123783952515e+01
4.693715594332417851e+01 4.811316147354190065e+01
4.693715594332417851e+01 4.227512320960467918e+01
4.693715594332417851e+01 4.918261910019208472e+01
4.693715594332417851e+01 4.423559824529773721e+01
4.693715594332417851e+01 3.938912567793761355e+01
4.693715594332417851e+01 5.232999786298586287e+01
4.693715594332417851e+01 4.589402317220646665e+01
4.693715594332417851e+01 4.553129535963967101e+01
4.693715594332417851e+01 4.793061141795073610e+01
4.693715594332417851e+01 4.708867247748261775e+01
4.693715594332417851e+01 4.686260111545346518e+01
4.693715594332417851e+01 4.337941620298175138e+01
4.693715594332417851e+01 4.879743270387272247e+01
4.693715594332417851e+01 5.051889198439204876e+01
4.693715594332417851e+01 4.950684881805079129e+01
4.693715594332417851e+01 4.915400455150537340e+01
4.693715594332417851e+01 4.786145019809519852e+01
4.693715594332417851e+01 4.574356917554369772e+01
4.693715594332417851e+01 4.895300907558048209e+01
4.693715594332417851e+01 4.633876904559495102e+01
4.693715594332417851e+01 4.235457026058355012e+01
4.693715594332417851e+01 4.301553690523333273e+01
4.693715594332417851e+01 4.721138789330785812e+01
4.693715594332417851e+01 4.561615951072960939e+01
4.693715594332417851e+01 4.432854450522432188e+01
4.693715594332417851e+01 4.249168019204616087e+01
4.693715594332417851e+01 4.968530917571057159e+01
4.693715594332417851e+01 4.777768067011442099e+01
4.693715594332417851e+01 4.605448691474713030e+01
4.693715594332417851e+01 4.466878835817399818e+01
4.693715594332417851e+01 3.933108908804905468e+01
4.693715594332417851e+01 4.955219831091688576e+01
4.693715594332417851e+01 4.128698141949503508e+01
4.693715594332417851e+01 5.035130629608299557e+01
4.693715594332417851e+01 4.789430953564527016e+01
4.693715594332417851e+01 4.757293450116713984e+01
4.693715594332417851e+01 4.485969670821111777e+01
4.693715594332417851e+01 5.165330180522574466e+01
4.693715594332417851e+01 4.294704545176690402e+01
4.693715594332417851e+01 4.268523483330017143e+01
4.693715594332417851e+01 4.082824730219680731e+01
4.693715594332417851e+01 4.517397534944345239e+01
4.693715594332417851e+01 4.721613878182608914e+01
4.693715594332417851e+01 4.083560440829334937e+01
4.693715594332417851e+01 4.822370585003218224e+01
4.693715594332417851e+01 4.457660005510638257e+01
4.693715594332417851e+01 3.973554925681690264e+01
4.693715594332417851e+01 4.268800199283064956e+01
4.693715594332417851e+01 4.602574322834136922e+01
4.693715594332417851e+01 3.978040952585745771e+01
4.693715594332417851e+01 4.360997044483339380e+01
4.693715594332417851e+01 4.901174730805959001e+01
4.693715594332417851e+01 4.855216650357893116e+01
4.693715594332417851e+01 4.315948957487182014e+01
4.693715594332417851e+01 4.815290006361015429e+01
4.693715594332417851e+01 4.681294287380982411e+01
4.693715594332417851e+01 4.658400780553005660e+01
4.693715594332417851e+01 4.536935906294303322e+01
4.693715594332417851e+01 4.455692348759243515e+01
4.693715594332417851e+01 4.526882726336012297e+01
4.693715594332417851e+01 4.474373864945815171e+01
4.693715594332417851e+01 4.672386294322246414e+01
4.693715594332417851e+01 4.739506862905664519e+01
4.693715594332417851e+01 4.738781520716329254e+01
4.693715594332417851e+01 4.786418501739142783e+01
4.693715594332417851e+01 4.769710358907777703e+01
4.693715594332417851e+01 5.441295512005847002e+01
4.693715594332417851e+01 4.871747074018782087e+01
4.693715594332417851e+01 5.237491644123971923e+01
4.693715594332417851e+01 3.968672002998479087e+01
4.693715594332417851e+01 4.387631663476170019e+01
4.693715594332417851e+01 4.448992988727445663e+01
4.693715594332417851e+01 4.521840742542975278e+01
4.693715594332417851e+01 4.697793542003097400e+01
4.693715594332417851e+01 4.485825979556604892e+01
4.693715594332417851e+01 4.587139431366231435e+01
4.693715594332417851e+01 4.399941681363812762e+01
4.693715594332417851e+01 4.433701170779161060e+01
4.693715594332417851e+01 4.975212575413447524e+01
4.693715594332417851e+01 5.086944850734679591e+01
4.693715594332417851e+01 4.613250882637987615e+01
4.693715594332417851e+01 4.320172465409915930e+01
4.693715594332417851e+01 4.193207229645383194e+01
4.693715594332417851e+01 4.835833961732014785e+01
4.693715594332417851e+01 4.669563901300512754e+01
4.693715594332417851e+01 4.530680748332578389e+01
4.693715594332417851e+01 4.189085875019811311e+01
4.693715594332417851e+01 4.438158530586046879e+01
4.693715594332417851e+01 5.371903607303073613e+01
4.693715594332417851e+01 3.952976434649759341e+01
4.693715594332417851e+01 4.490566165350651318e+01
4.693715594332417851e+01 4.309866452662755876e+01
4.693715594332417851e+01 3.972837106850975886e+01
4.693715594332417851e+01 5.570138891179249896e+01
4.693715594332417851e+01 4.482250249264193087e+01
4.693715594332417851e+01 4.394306434625029567e+01
4.693715594332417851e+01 4.873953487797661666e+01
4.693715594332417851e+01 4.408683574717015574e+01
4.693715594332417851e+01 4.349863366664416020e+01
4.693715594332417851e+01 4.385275203210804307e+01
4.693715594332417851e+01 4.728198878816746031e+01
4.693715594332417851e+01 4.667431348127123414e+01
4.693715594332417851e+01 4.734144851135445009e+01
4.693715594332417851e+01 4.316254630982019336e+01
4.693715594332417851e+01 4.561240751915821079e+01
4.693715594332417851e+01 4.333760636171797387e+01
4.693715594332417851e+01 4.560361901671808482e+01
4.693715594332417851e+01 4.518933897576643233e+01
4.693715594332417851e+01 4.633662906476393317e+01
4.693715594332417851e+01 5.042311421656913950e+01
4.693715594332417851e+01 4.182877209271004659e+01
4.693715594332417851e+01 3.944608820279719907e+01
4.693715594332417851e+01 4.397227671945881866e+01
4.693715594332417851e+01 4.737093795393616347e+01
4.693715594332417851e+01 4.489461974596122218e+01
4.693715594332417851e+01 5.352487537632217141e+01
4.693715594332417851e+01 4.067139089609363367e+01
4.693715594332417851e+01 4.445763339440394191e+01
4.693715594332417851e+01 4.378446668594487079e+01
4.693715594332417851e+01 4.960105612966216171e+01
4.693715594332417851e+01 4.692396579013512792e+01
4.693715594332417851e+01 4.357316968688493120e+01
4.693715594332417851e+01 5.023006876584580027e+01
4.693715594332417851e+01 4.041870301406876109e+01
4.693715594332417851e+01 4.422843061727240865e+01
4.693715594332417851e+01 4.757710252032208587e+01
4.693715594332417851e+01 4.532758857456241230e+01
4.693715594332417851e+01 4.907821737002932139e+01
4.693715594332417851e+01 3.634044932162353803e+01
4.693715594332417851e+01 5.358897395662229002e+01
4.693715594332417851e+01 4.257493460910124838e+01
4.693715594332417851e+01 4.792466612019727989e+01
4.693715594332417851e+01 4.500302810461450775e+01
4.693715594332417851e+01 4.334346459891409609e+01
4.693715594332417851e+01 4.800428160507389208e+01
4.693715594332417851e+01 4.543926123522156502e+01
4.693715594332417851e+01 4.349149349788598329e+01
4.693715594332417851e+01 4.745020079214427255e+01
4.693715594332417851e+01 4.816694717923212465e+01
4.693715594332417851e+01 4.632970073051707516e+01
4.693715594332417851e+01 4.652520859414130427e+01
4.693715594332417851e+01 4.392713241774806932e+01
4.693715594332417851e+01 4.649395161407258570e+01
4.693715594332417851e+01 4.329828372228936928e+01
4.693715594332417851e+01 4.774286200731815910e+01
4.693715594332417851e+01 4.650651703943159276e+01
4.693715594332417851e+01 4.326793774693228301e+01
4.693715594332417851e+01 4.329584663587853299e+01
4.693715594332417851e+01 4.683181302936704782e+01
4.693715594332417851e+01 4.442813195659853420e+01
4.693715594332417851e+01 4.037200144954855574e+01
4.693715594332417851e+01 4.292159695441768719e+01
4.693715594332417851e+01 4.734573929564936634e+01
4.693715594332417851e+01 4.931602453242350492e+01
4.693715594332417851e+01 4.315118523925045935e+01
4.693715594332417851e+01 4.261193153137443090e+01
4.693715594332417851e+01 4.107084841381745122e+01
4.693715594332417851e+01 4.720279574191096117e+01
4.693715594332417851e+01 4.411860454996369896e+01
4.693715594332417851e+01 4.909294970211891496e+01
4.693715594332417851e+01 4.595563184177561311e+01
4.693715594332417851e+01 4.903992784535257954e+01
4.693715594332417851e+01 4.247835461881145847e+01
4.693715594332417851e+01 4.997376856846813808e+01
4.693715594332417851e+01 4.604061431446876895e+01
4.693715594332417851e+01 4.591696671898902338e+01
4.693715594332417851e+01 4.450576320274889497e+01
4.693715594332417851e+01 5.010600444729426073e+01
4.693715594332417851e+01 4.414260502908694406e+01
4.693715594332417851e+01 4.723587302741356098e+01
4.693715594332417851e+01 4.585531059288174305e+01
4.693715594332417851e+01 4.113772137171905285e+01
4.693715594332417851e+01 5.163441922491495006e+01
4.693715594332417851e+01 5.323184126844450503e+01
4.693715594332417851e+01 4.733478034560813086e+01
4.693715594332417851e+01 4.465010390363607229e+01
4.693715594332417851e+01 4.562664629887888879e+01
4.693715594332417851e+01 4.682890366607071542e+01
4.693715594332417851e+01 4.783665817424068933e+01
4.693715594332417851e+01 4.530719205247240922e+01
4.693715594332417851e+01 5.048919167464427460e+01
4.693715594332417851e+01 4.195040765459388865e+01
4.693715594332417851e+01 3.823106003410882892e+01
4.693715594332417851e+01 5.179711512268497131e+01
4.693715594332417851e+01 5.195799982622181545e+01
4.693715594332417851e+01 4.558932713694783700e+01
4.693715594332417851e+01 4.476866028876502668e+01
4.693715594332417851e+01 4.434749257916844556e+01
4.693715594332417851e+01 4.694332809516666316e+01
4.693715594332417851e+01 4.724442460618384843e+01
4.693715594332417851e+01 4.609069388481356100e+01
4.693715594332417851e+01 4.130132410665665077e+01
4.693715594332417851e+01 4.335210105579209738e+01
4.693715594332417851e+01 4.655915497427680094e+01
4.693715594332417851e+01 4.046993770982160754e+01
4.693715594332417851e+01 4.698612742011032850e+01
4.693715594332417851e+01 5.074205789942904943e+01
4.693715594332417851e+01 4.827135676511130669e+01
4.693715594332417851e+01 4.419995714015067279e+01
4.693715594332417851e+01 4.747007323780631083e+01
4.693715594332417851e+01 4.959352811296936636e+01
4.693715594332417851e+01 4.577773208057740106e+01
4.693715594332417851e+01 4.675368612788916067e+01
4.693715594332417851e+01 5.183956961569213462e+01
4.693715594332417851e+01 4.512265694912565550e+01
4.693715594332417851e+01 4.714149386837061684e+01
4.693715594332417851e+01 4.771790973382528023e+01
4.693715594332417851e+01 4.878621913404477084e+01
4.693715594332417851e+01 4.569661038909378448e+01
4.693715594332417851e+01 4.517913530791916088e+01
4.693715594332417851e+01 4.456548959134592991e+01
4.693715594332417851e+01 4.344062652031861660e+01
4.693715594332417851e+01 4.912401654048553468e+01
4.693715594332417851e+01 4.206241965400244709e+01
4.693715594332417851e+01 4.623399452294858492e+01
4.693715594332417851e+01 4.523002047962153682e+01
4.693715594332417851e+01 4.296624039819773344e+01
4.693715594332417851e+01 4.604067276993480817e+01
4.693715594332417851e+01 5.151394488039771602e+01
4.693715594332417851e+01 4.455301778174526817e+01
4.693715594332417851e+01 4.549047053653014672e+01
4.693715594332417851e+01 4.558307864819690991e+01
4.693715594332417851e+01 4.777908135642758225e+01
4.693715594332417851e+01 4.633869363575941236e+01
4.693715594332417851e+01 4.463774130116490113e+01
4.693715594332417851e+01 3.855281539778474098e+01
4.693715594332417851e+01 4.609536934762671478e+01
4.693715594332417851e+01 4.869827054947629819e+01
4.693715594332417851e+01 4.650650006542263526e+01
4.693715594332417851e+01 5.033253145184597344e+01
4.693715594332417851e+01 4.204713633932144745e+01
4.693715594332417851e+01 4.151255209543323588e+01
4.693715594332417851e+01 4.896399137637895649e+01
4.693715594332417851e+01 4.506137567759041929e+01
4.693715594332417851e+01 4.425251949144992381e+01
4.693715594332417851e+01 4.772410163029801566e+01
4.693715594332417851e+01 4.709603263264180839e+01
4.693715594332417851e+01 4.973652469760380512e+01
4.693715594332417851e+01 4.903600114043620550e+01
4.693715594332417851e+01 4.385905210152670008e+01
4.693715594332417851e+01 4.820981462549593743e+01
4.693715594332417851e+01 5.110187249798781295e+01
4.693715594332417851e+01 4.194898165147426994e+01
4.693715594332417851e+01 4.023732928293230771e+01
4.693715594332417851e+01 4.215741022930973259e+01
4.693715594332417851e+01 4.166621355699345486e+01
4.693715594332417851e+01 4.543232483885509509e+01
4.693715594332417851e+01 4.311171482751086614e+01
4.693715594332417851e+01 4.279782056235669074e+01
4.693715594332417851e+01 4.448495035497542460e+01
4.693715594332417851e+01 4.359905639744523853e+01
4.693715594332417851e+01 4.352720609992437062e+01
4.693715594332417851e+01 4.664390521368093800e+01
4.693715594332417851e+01 4.691036814873164928e+01
4.693715594332417851e+01 4.351002298130348578e+01
4.693715594332417851e+01 4.429292894462194852e+01
4.693715594332417851e+01 4.905407470796138369e+01
4.693715594332417851e+01 4.847157907843537572e+01
4.693715594332417851e+01 4.855885503699395400e+01
4.693715594332417851e+01 4.817257097386551123e+01
4.693715594332417851e+01 4.587227155709734916e+01
4.693715594332417851e+01 4.432910368250819033e+01
4.693715594332417851e+01 4.775729979873808162e+01
4.693715594332417851e+01 4.631831967157617669e+01
4.693715594332417851e+01 4.506955683237141841e+01
4.693715594332417851e+01 5.083627776912239682e+01
4.693715594332417851e+01 4.443952308025007625e+01
4.693715594332417851e+01 4.090795729134114822e+01
4.693715594332417851e+01 4.886817826376726970e+01
4.693715594332417851e+01 4.627922731113187638e+01
4.693715594332417851e+01 4.714490384317440430e+01
4.693715594332417851e+01 4.813765480356617843e+01
4.693715594332417851e+01 4.438976225127375130e+01
4.693715594332417851e+01 3.977097310791444329e+01
4.693715594332417851e+01 4.546210366978834116e+01
4.693715594332417851e+01 4.510949276634386962e+01
4.693715594332417851e+01 4.689472991700973381e+01
4.693715594332417851e+01 4.650841866140827818e+01
4.693715594332417851e+01 4.289225634900198969e+01
4.693715594332417851e+01 4.576722604889448576e+01
4.693715594332417851e+01 4.586016632098042578e+01
4.693715594332417851e+01 4.669400462878181202e+01
4.693715594332417851e+01 5.183323505792362340e+01
4.693715594332417851e+01 4.743939568679103758e+01
4.693715594332417851e+01 4.776794766679890358e+01
4.693715594332417851e+01 3.891985156293797843e+01
4.693715594332417851e+01 4.700374950206033020e+01
4.693715594332417851e+01 4.748058733980884227e+01
4.693715594332417851e+01 4.366346033641608670e+01
4.693715594332417851e+01 4.524551882844565398e+01
4.693715594332417851e+01 4.740250235018128677e+01
4.693715594332417851e+01 4.197059473015096387e+01
4.693715594332417851e+01 5.183457271286288659e+01
4.693715594332417851e+01 4.542035523105552386e+01
4.693715594332417851e+01 5.099338685648249481e+01
4.693715594332417851e+01 4.194079492387039210e+01
4.693715594332417851e+01 4.406589164278571502e+01
4.693715594332417851e+01 4.777676217407682913e+01
4.693715594332417851e+01 4.280824702485411848e+01
4.693715594332417851e+01 4.518445118088431656e+01
4.693715594332417851e+01 4.874738192531359715e+01
4.693715594332417851e+01 3.909477625178941906e+01
4.693715594332417851e+01 4.448541289373958563e+01
4.693715594332417851e+01 4.722999693624871043e+01
4.693715594332417851e+01 4.105038217430774239e+01
4.693715594332417851e+01 4.462308505371598955e+01
4.693715594332417851e+01 3.999777393217149069e+01
4.693715594332417851e+01 5.486099854882169069e+01
4.693715594332417851e+01 5.038260513231742976e+01
4.693715594332417851e+01 4.229634677552983391e+01
4.693715594332417851e+01 4.626893513373370581e+01
4.693715594332417851e+01 4.165859833840813309e+01
4.693715594332417851e+01 4.300532368795627747e+01
4.693715594332417851e+01 4.240765813727654177e+01
4.693715594332417851e+01 5.062158357739123460e+01
4.693715594332417851e+01 5.100081289548599273e+01
4.693715594332417851e+01 4.212682336521740467e+01
4.693715594332417851e+01 4.426546066985151384e+01
4.693715594332417851e+01 4.957171190438556607e+01
4.693715594332417851e+01 4.328550488947952601e+01
4.693715594332417851e+01 4.780199258022974362e+01
4.693715594332417851e+01 4.556172631324754008e+01
4.693715594332417851e+01 4.405797659526612620e+01
4.693715594332417851e+01 4.528769960270345507e+01
4.693715594332417851e+01 4.491530153541545189e+01
4.693715594332417851e+01 3.935383634788976082e+01
4.693715594332417851e+01 4.239814524747745850e+01
4.693715594332417851e+01 4.689324188097560153e+01
4.693715594332417851e+01 4.851861966838079354e+01
4.693715594332417851e+01 4.206552030499445749e+01
4.693715594332417851e+01 4.517870626644430132e+01
4.693715594332417851e+01 4.968479047372003521e+01
4.693715594332417851e+01 4.514566325820068471e+01
4.693715594332417851e+01 4.549175690666575633e+01
4.693715594332417851e+01 4.873423641527379857e+01
4.693715594332417851e+01 5.028219999869854462e+01
4.693715594332417851e+01 4.915415890415624744e+01
4.693715594332417851e+01 3.949159653870788844e+01
4.693715594332417851e+01 4.371551035902221116e+01
4.693715594332417851e+01 4.555600109777959261e+01
4.693715594332417851e+01 4.703288198115411944e+01
4.693715594332417851e+01 4.668662222666905848e+01
4.693715594332417851e+01 4.738098511414109026e+01
4.693715594332417851e+01 5.089295049549945560e+01
4.693715594332417851e+01 4.338746378558299455e+01
4.693715594332417851e+01 5.287080478096194014e+01
4.693715594332417851e+01 4.781160139434956591e+01
