4.693715594332417851e+01 4.262630440209996152e+01
4.693715594332417851e+01 5.150509715829465307e+01
4.693715594332417851e+01 4.591604737341575770e+01
4.693715594332417851e+01 4.927615560791507932e+01
4.693715594332417851e+01 4.673382926199303711e+01
4.693715594332417851e+01 4.931417850254391055e+01
4.693715594332417851e+01 4.810305308205956720e+01
4.693715594332417851e+01 4.346840588640785086e+01
4.693715594332417851e+01 4.825678294533670254e+01
4.693715594332417851e+01 4.479278943929165280e+01
4.693715594332417851e+01 4.430947523669709653e+01
4.693715594332417851e+01 4.873736141134242672e+01
4.693715594332417851e+01 4.781365555506539522e+01
4.693715594332417851e+01 4.317331456672901879e+01
4.693715594332417851e+01 4.785676725575461887e+01
4.693715594332417851e+01 4.851547886741062143e+01
4.693715594332417851e+01 5.661710573821873282e+01
4.693715594332417851e+01 4.866613367620789177e+01
4.693715594332417851e+01 4.126329783714870558e+01
4.693715594332417851e+01 4.956404786002369178e+01
4.693715594332417851e+01 4.663437749677346034e+01
4.693715594332417851e+01 4.603662580722582476e+01
4.693715594332417851e+01 4.654533148128938791e+01
4.693715594332417851e+01 4.829628015942000729e+01
4.693715594332417851e+01 4.516553010374312294e+01
4.693715594332417851e+01 4.553041966175873512e+01
4.693715594332417851e+01 4.586448091436751184e+01
4.693715594332417851e+01 4.347259503095325783e+01
4.693715594332417851e+01 4.654360276571501487e+01
4.693715594332417851e+01 4.340202733486529496e+01
4.693715594332417851e+01 4.376027513592205054e+01
4.693715594332417851e+01 4.700587217621539082e+01
4.693715594332417851e+01 4.632813780315471064e+01
4.693715594332417851e+01 4.297366745346508310e+01
4.693715594332417851e+01 4.245682093172596439e+01
4.693715594332417851e+01 5.191266557366549250e+01
4.693715594332417851e+01 4.884344650707495106e+01
4.693715594332417851e+01 4.535188246440705484e+01
4.693715594332417851e+01 4.466708286011582629e+01
4.693715594332417851e+01 4.386581619268856258e+01
4.693715594332417851e+01 4.174821135986479703e+01
4.693715594332417851e+01 5.165815525502771521e+01
4.693715594332417851e+01 4.531552513600073695e+01
4.693715594332417851e+01 4.371757304576357228e+01
4.693715594332417851e+01 4.505270411366642946e+01
4.693715594332417851e+01 4.556613796631490487e+01
4.693715594332417851e+01 5.190232702412305343e+01
4.693715594332417851e+01 5.027610443902642601e+01
4.693715594332417851e+01 4.289975000046432996e+01
4.693715594332417851e+01 3.730870288240311083e+01
4.693715594332417851e+01 4.804490271786952604e+01
4.693715594332417851e+01 4.600934942478492928e+01
4.693715594332417851e+01 4.744666390807163481e+01
4.693715594332417851e+01 4.107510821946226542e+01
4.693715594332417851e+01 5.028626990666808894e+01
4.693715594332417851e+01 4.934679391646411517e+01
4.693715594332417851e+01 4.617077347761760109e+01
4.693715594332417851e+01 4.253823055039323009e+01
4.693715594332417851e+01 4.109568477314684287e+01
4.693715594332417851e+01 5.217094978624914603e+01
4.693715594332417851e+01 4.326974518946398263e+01
4.693715594332417851e+01 4.231954565689859038e+01
4.693715594332417851e+01 4.962657560602468720e+01
4.693715594332417851e+01 4.346921263172215788e+01
4.693715594332417851e+01 4.209014856603991461e+01
4.693715594332417851e+01 4.514247958644989467e+01
4.693715594332417851e+01 4.409552993210142802e+01
4.693715594332417851e+01 4.706547060712739494e+01
4.693715594332417851e+01 4.592140719859323639e+01
4.693715594332417851e+01 4.481633167601651024e+01
4.693715594332417851e+01 4.581190230339576175e+01
4.693715594332417851e+01 4.545653905511693438e+01
4.693715594332417851e+01 4.390994088051150612e+01
4.693715594332417851e+01 4.902784120206447938e+01
4.693715594332417851e+01 4.287169625664085970e+01
4.693715594332417851e+01 5.122352785498903671e+01
4.693715594332417851e+01 4.634625591613153262e+01
4.693715594332417851e+01 3.970993927825698933e+01
4.693715594332417851e+01 4.896531329801774035e+01
4.693715594332417851e+01 4.653816987947816841e+01
4.693715594332417851e+01 4.211329614971091218e+01
4.693715594332417851e+01 4.505021229347625678e+01
4.693715594332417851e+01 4.703117227955947754e+01
4.693715594332417851e+01 4.807098008464450345e+01
4.693715594332417851e+01 5.044471700954844096e+01
4.693715594332417851e+01 4.465338379566193083e+01
4.693715594332417851e+01 4.763206881088225941e+01
4.693715594332417851e+01 4.829285317121608756e+01
4.693715594332417851e+01 4.592724633159832592e+01
4.693715594332417851e+01 4.899167622037382586e+01
4.693715594332417851e+01 4.366167154283011342e+01
4.693715594332417851e+01 5.401073164749848132e+01
4.693715594332417851e+01 4.492410364606178774e+01
4.693715594332417851e+01 4.436107794689805672e+01
4.693715594332417851e+01 4.931335107804130047e+01
4.693715594332417851e+01 5.185794475788234337e+01
4.693715594332417851e+01 4.377899740580443222e+01
4.693715594332417851e+01 4.575944588619728393e+01
4.693715594332417851e+01 4.245791412947597365e+01
4.693715594332417851e+01 4.239414981519921355e+01
4.693715594332417851e+01 4.504742625367092757e+01
4.693715594332417851e+01 4.234385310360669052e+01
4.693715594332417851e+01 5.107068096510761990e+01
4.693715594332417851e+01 4.349629698791000720e+01
4.693715594332417851e+01 4.654160199909664897e+01
4.693715594332417851e+01 4.922659707098302562e+01
4.693715594332417851e+01 4.906213000732785900e+01
4.693715594332417851e+01 3.926007259916099201e+01
4.693715594332417851e+01 4.803109106409247886e+01
4.693715594332417851e+01 4.618439023241914754e+01
4.693715594332417851e+01 4.659177995140223771e+01
4.693715594332417851e+01 4.720884216342596318e+01
4.693715594332417851e+01 4.609969640587325301e+01
4.693715594332417851e+01 5.351972500003404321e+01
4.693715594332417851e+01 4.384967038501466163e+01
4.693715594332417851e+01 4.444545081759940075e+01
4.693715594332417851e+01 4.282995427215677609e+01
4.693715594332417851e+01 4.787724889940838580e+01
4.693715594332417851e+01 4.499936563100382614e+01
4.693715594332417851e+01 4.718215382179413098e+01
4.693715594332417851e+01 5.022786078744672977e+01
4.693715594332417851e+01 4.299320169421225302e+01
4.693715594332417851e+01 4.839275876650460617e+01
4.693715594332417851e+01 5.349635908091840975e+01
4.693715594332417851e+01 4.486021697619177218e+01
4.693715594332417851e+01 4.923952707620840386e+01
4.693715594332417851e+01 4.603488436442996345e+01
4.693715594332417851e+01 4.845764547455567595e+01
4.693715594332417851e+01 4.417039345817300955e+01
4.693715594332417851e+01 4.629647148336488272e+01
4.693715594332417851e+01 4.023748604613818713e+01
4.693715594332417851e+01 4.486176596702517827e+01
4.693715594332417851e+01 4.570123199936479352e+01
4.693715594332417851e+01 5.163332537357231189e+01
4.693715594332417851e+01 5.039239248825236928e+01
4.693715594332417851e+01 4.920690027208269157e+01
4.693715594332417851e+01 4.394290812800836932e+01
4.693715594332417851e+01 4.343077937446562231e+01
4.693715594332417851e+01 4.487091414730195993e+01
4.693715594332417851e+01 4.509730788297286352e+01
4.693715594332417851e+01 4.759711564907996006e+01
4.693715594332417851e+01 4.539213797871188660e+01
4.693715594332417851e+01 5.175340482082030746e+01
4.693715594332417851e+01 3.921353428429740262e+01
4.693715594332417851e+01 4.654781442962113402e+01
4.693715594332417851e+01 4.714443842743533253e+01
4.693715594332417851e+01 4.390636908614865774e+01
4.693715594332417851e+01 4.188270239189995436e+01
4.693715594332417851e+01 4.497984762041244267e+01
4.693715594332417851e+01 4.214477248035660040e+01
4.693715594332417851e+01 4.300782848684421822e+01
4.693715594332417851e+01 5.237604664166241264e+01
4.693715594332417851e+01 4.646827601532913832e+01
4.693715594332417851e+01 4.428339722933770162e+01
4.693715594332417851e+01 4.969207241804865305e+01
4.693715594332417851e+01 4.638045737154123316e+01
4.693715594332417851e+01 4.512083062385648446e+01
4.693715594332417851e+01 4.771914703705975569e+01
4.693715594332417851e+01 4.767941879904535796e+01
4.693715594332417851e+01 4.407112180539252932e+01
4.693715594332417851e+01 4.182544768341991670e+01
4.693715594332417851e+01 4.709588315170291395e+01
4.693715594332417851e+01 4.788943865457557791e+01
4.693715594332417851e+01 4.636151146097449072e+01
4.693715594332417851e+01 5.166260254221601400e+01
4.693715594332417851e+01 4.407668679087678498e+01
4.693715594332417851e+01 4.886513717974288795e+01
4.693715594332417851e+01 5.150605811258930089e+01
4.693715594332417851e+01 4.732757730426639853e+01
4.693715594332417851e+01 5.040421382769096681e+01
4.693715594332417851e+01 5.029296056415722660e+01
4.693715594332417851e+01 4.649163527927047568e+01
4.693715594332417851e+01 4.102729017252615762e+01
4.693715594332417851e+01 4.949004762469830609e+01
4.693715594332417851e+01 4.608577957472628128e+01
4.693715594332417851e+01 4.851215936446480015e+01
4.693715594332417851e+01 4.676793802256541710e+01
4.693715594332417851e+01 4.193825438529747629e+01
4.693715594332417851e+01 4.695542973079093940e+01
4.693715594332417851e+01 4.255427078944927644e+01
4.693715594332417851e+01 4.678520730632559577e+01
4.693715594332417851e+01 5.133871234723240917e+01
4.693715594332417851e+01 4.184781455009277806e+01
4.693715594332417851e+01 4.585826162955953578e+01
4.693715594332417851e+01 4.804998995290333852e+01
4.693715594332417851e+01 3.876579173169296411e+01
4.693715594332417851e+01 4.363694821708642024e+01
4.693715594332417851e+01 4.218884210493235543e+01
4.693715594332417851e+01 4.269870431439601788e+01
4.693715594332417851e+01 4.775425034253044743e+01
4.693715594332417851e+01 4.836166799277768291e+01
4.693715594332417851e+01 4.306908822250063906e+01
4.693715594332417851e+01 4.841761330411828368e+01
4.693715594332417851e+01 5.259313330502710926e+01
4.693715594332417851e+01 4.745874562493617788e+01
4.693715594332417851e+01 5.124201192162266238e+01
4.693715594332417851e+01 4.585865447622423829e+01
4.693715594332417851e+01 4.981047743351105339e+01
4.693715594332417851e+01 4.461070043151551090e+01
4.693715594332417851e+01 4.492477239135148182e+01
4.693715594332417851e+01 4.845489928406860969e+01
4.693715594332417851e+01 4.077844607281713252e+01
4.693715594332417851e+01 4.524504829454642163e+01
4.693715594332417851e+01 4.451217540153648144e+01
4.693715594332417851e+01 4.714801313152613460e+01
4.693715594332417851e+01 4.790684935128415134e+01
4.693715594332417851e+01 4.265716545936805915e+01
4.693715594332417851e+01 4.806119470128618332e+01
4.693715594332417851e+01 4.860094988535851002e+01
4.693715594332417851e+01 4.729703914956581912e+01
4.693715594332417851e+01 5.008282375476850490e+01
4.693715594332417851e+01 4.791776971604318902e+01
4.693715594332417851e+01 5.043473788055867146e+01
4.693715594332417851e+01 4.830771446699229443e+01
4.693715594332417851e+01 5.264474320626359116e+01
4.693715594332417851e+01 4.213809121892658283e+01
4.693715594332417851e+01 4.907934022762244552e+01
4.693715594332417851e+01 4.734309155308478978e+01
4.693715594332417851e+01 4.786062403870942461e+01
4.693715594332417851e+01 4.483467539645533151e+01
4.693715594332417851e+01 5.739669260008197682e+01
4.693715594332417851e+01 4.276166995727383835e+01
4.693715594332417851e+01 5.309178489931343137e+01
4.693715594332417851e+01 4.416201437564784271e+01
4.693715594332417851e+01 4.774006073759358060e+01
4.693715594332417851e+01 4.679014756772212991e+01
4.693715594332417851e+01 4.464635644420758354e+01
4.693715594332417851e+01 4.824039738584397696e+01
4.693715594332417851e+01 4.199958070882622252e+01
4.693715594332417851e+01 4.699144403000692449e+01
4.693715594332417851e+01 4.249788104990995663e+01
4.693715594332417851e+01 4.477263021606812998e+01
4.693715594332417851e+01 4.874562852741479446e+01
4.693715594332417851e+01 4.721378875827927857e+01
4.693715594332417851e+01 4.982546105454201069e+01
4.693715594332417851e+01 4.508609330509552393e+01
4.693715594332417851e+01 4.675066274396620258e+01
4.693715594332417851e+01 5.043099852594305332e+01
4.693715594332417851e+01 4.530043758103183649e+01
4.693715594332417851e+01 4.676493930987601289e+01
4.693715594332417851e+01 4.816417411254440140e+01
4.693715594332417851e+01 3.989677858520054343e+01
4.693715594332417851e+01 5.122032241324691171e+01
4.693715594332417851e+01 4.734302029579018978e+01
4.693715594332417851e+01 4.358036457581070522e+01
4.693715594332417851e+01 3.906796798846372099e+01
4.693715594332417851e+01 4.964241296812289761e+01
4.693715594332417851e+01 4.681482433296520895e+01
4.693715594332417851e+01 4.241104472070013998e+01
4.693715594332417851e+01 4.542151311566782823e+01
4.693715594332417851e+01 4.361374229037632944e+01
4.693715594332417851e+01 4.625269385241647058e+01
4.693715594332417851e+01 4.948169122986999469e+01
4.693715594332417851e+01 4.700567803614160312e+01
4.693715594332417851e+01 5.272459557078257575e+01
4.693715594332417851e+01 4.218148810795840120e+01
4.693715594332417851e+01 4.686810560331795017e+01
4.693715594332417851e+01 5.036093402783375694e+01
4.693715594332417851e+01 4.516774525497188364e+01
4.693715594332417851e+01 4.829230259227938404e+01
4.693715594332417851e+01 4.502564703536650370e+01
4.693715594332417851e+01 4.136212480745606257e+01
4.693715594332417851e+01 4.261647935155925637e+01
4.693715594332417851e+01 4.692915427428830810e+01
4.693715594332417851e+01 4.687247712570754743e+01
4.693715594332417851e+01 4.405016363899898124e+01
4.693715594332417851e+01 3.977216134112943990e+01
4.693715594332417851e+01 4.976094356743319480e+01
4.693715594332417851e+01 5.003819366280150405e+01
4.693715594332417851e+01 4.365173395116892863e+01
4.693715594332417851e+01 4.287469061579557206e+01
4.693715594332417851e+01 4.258659180156198687e+01
4.693715594332417851e+01 4.466780044137097150e+01
4.693715594332417851e+01 4.823363318813034084e+01
4.693715594332417851e+01 4.821125558430569669e+01
4.693715594332417851e+01 4.901543069511663475e+01
4.693715594332417851e+01 4.234177598215294580e+01
4.693715594332417851e+01 4.864991405315985418e+01
4.693715594332417851e+01 4.723429946175158278e+01
4.693715594332417851e+01 4.933804729902016106e+01
4.693715594332417851e+01 5.287324321915934888e+01
4.693715594332417851e+01 4.317499982417757565e+01
4.693715594332417851e+01 5.025915865153211115e+01
4.693715594332417851e+01 4.775756898744096901e+01
4.693715594332417851e+01 4.756666220337171325e+01
4.693715594332417851e+01 4.610965811222472155e+01
4.693715594332417851e+01 4.671738037149073364e+01
4.693715594332417851e+01 4.987802323374344127e+01
4.693715594332417851e+01 4.094824672925807363e+01
4.693715594332417851e+01 4.502872122303963209e+01
4.693715594332417851e+01 4.580152126694908077e+01
4.693715594332417851e+01 4.841088802330083496e+01
4.693715594332417851e+01 4.607145255704601539e+01
4.693715594332417851e+01 4.334660112997178061e+01
4.693715594332417851e+01 4.513338552831078943e+01
4.693715594332417851e+01 4.640810265748898900e+01
4.693715594332417851e+01 4.408431288415852833e+01
4.693715594332417851e+01 4.445485336069230442e+01
4.693715594332417851e+01 4.782969768079777850e+01
4.693715594332417851e+01 4.039602658498231591e+01
4.693715594332417851e+01 5.179860516970898487e+01
4.693715594332417851e+01 4.389251226284564922e+01
4.693715594332417851e+01 4.229585033613781775e+01
4.693715594332417851e+01 4.261174303417237041e+01
4.693715594332417851e+01 3.955531190974773637e+01
4.693715594332417851e+01 4.285342803948917378e+01
4.693715594332417851e+01 4.586533001892688333e+01
4.693715594332417851e+01 4.166517078321777490e+01
4.693715594332417851e+01 5.079289719641550249e+01
4.693715594332417851e+01 4.446672298625370701e+01
4.693715594332417851e+01 4.603278078557431741e+01
4.693715594332417851e+01 4.847513560977527902e+01
4.693715594332417851e+01 4.903857911760398736e+01
4.693715594332417851e+01 5.239088010313410848e+01
4.693715594332417851e+01 4.486181890238452752e+01
4.693715594332417851e+01 5.366013555721087869e+01
4.693715594332417851e+01 4.862315606596659023e+01
4.693715594332417851e+01 3.870291327766113909e+01
4.693715594332417851e+01 4.605483826497018640e+01
4.693715594332417851e+01 4.246131885998757127e+01
4.693715594332417851e+01 4.358265155641848310e+01
4.693715594332417851e+01 4.186548037879330053e+01
4.693715594332417851e+01 4.000845776635240725e+01
4.693715594332417851e+01 4.049800560458859877e+01
4.693715594332417851e+01 4.483785126782349550e+01
4.693715594332417851e+01 4.701978432782159700e+01
4.693715594332417851e+01 5.236650213037778201e+01
4.693715594332417851e+01 4.768534425506646812e+01
4.693715594332417851e+01 4.501857125883094568e+01
4.693715594332417851e+01 4.380410361880097980e+01
4.693715594332417851e+01 4.486291301581111668e+01
4.693715594332417851e+01 4.840365407890614335e+01
4.693715594332417851e+01 5.110896960943006917e+01
4.693715594332417851e+01 4.724964882466289851e+01
4.693715594332417851e+01 4.333745533217793877e+01
4.693715594332417851e+01 4.610534414200093067e+01
4.693715594332417851e+01 4.085183238759992719e+01
4.693715594332417851e+01 4.574710724398108397e+01
4.693715594332417851e+01 4.583549473534952767e+01
4.693715594332417851e+01 4.333000103097542421e+01
4.693715594332417851e+01 4.337507074107093530e+01
4.693715594332417851e+01 4.685041722257999197e+01
4.693715594332417851e+01 4.968037228017524853e+01
4.693715594332417851e+01 4.482950956495367478e+01
4.693715594332417851e+01 4.467021771780360240e+01
4.693715594332417851e+01 4.638939882865822284e+01
4.693715594332417851e+01 4.653736861220441767e+01
4.693715594332417851e+01 4.543179241960677217e+01
4.693715594332417851e+01 4.580455207489186620e+01
4.693715594332417851e+01 4.320382787024644955e+01
4.693715594332417851e+01 4.469965906257823463e+01
4.693715594332417851e+01 4.430157415996616521e+01
4.693715594332417851e+01 4.897665611205035674e+01
4.693715594332417851e+01 4.855330452574941091e+01
4.693715594332417851e+01 3.974162219310422017e+01
4.693715594332417851e+01 4.461231559164648530e+01
4.693715594332417851e+01 4.616875762446559150e+01
4.693715594332417851e+01 4.240687995896053764e+01
4.693715594332417851e+01 4.994255612000652178e+01
4.693715594332417851e+01 4.713376954599488755e+01
4.693715594332417851e+01 4.935826139746443886e+01
4.693715594332417851e+01 4.594402060653825970e+01
4.693715594332417851e+01 4.784560476351662572e+01
4.693715594332417851e+01 4.986200431593334770e+01
4.693715594332417851e+01 4.197248749523181033e+01
4.693715594332417851e+01 4.439439704053845759e+01
4.693715594332417851e+01 4.765805456482681990e+01
4.693715594332417851e+01 4.635894717486135619e+01
4.693715594332417851e+01 4.604368799419452074e+01
4.693715594332417851e+01 4.667308337325183487e+01
4.693715594332417851e+01 4.328080273985990090e+01
4.693715594332417851e+01 4.301026975274844943e+01
4.693715594332417851e+01 4.673805510041577804e+01
4.693715594332417851e+01 4.332967946182205310e+01
4.693715594332417851e+01 4.889810292816893877e+01
4.693715594332417851e+01 4.886743800721976072e+01
4.693715594332417851e+01 4.435074452241860143e+01
4.693715594332417851e+01 5.115309433555723473e+01
4.693715594332417851e+01 4.640301918219986987e+01
4.693715594332417851e+01 4.638996800728461523e+01
4.693715594332417851e+01 4.761916590819843975e+01
4.693715594332417851e+01 4.526378883150155730e+01
4.693715594332417851e+01 4.723055675863713532e+01
4.693715594332417851e+01 4.633950089472293854e+01
4.693715594332417851e+01 4.576737562994163966e+01
4.693715594332417851e+01 4.575656047611958854e+01
4.693715594332417851e+01 4.995900741422595814e+01
4.693715594332417851e+01 4.482948701124247037e+01
4.693715594332417851e+01 4.829075769194813716e+01
4.693715594332417851e+01 4.918373259492318539e+01
4.693715594332417851e+01 4.889236467177811107e+01
4.693715594332417851e+01 4.099161527954036899e+01
4.693715594332417851e+01 5.103168804551609838e+01
4.693715594332417851e+01 4.030235219038215888e+01
4.693715594332417851e+01 4.915274676506518858e+01
4.693715594332417851e+01 4.137545742827065709e+01
4.693715594332417851e+01 4.840730006901486604e+01
4.693715594332417851e+01 4.904366482516388004e+01
4.693715594332417851e+01 4.286909441637916274e+01
4.693715594332417851e+01 4.626009253732440385e+01
4.693715594332417851e+01 4.987317514236457328e+01
4.693715594332417851e+01 4.513112890713936309e+01
4.693715594332417851e+01 4.389251842808170068e+01
4.693715594332417851e+01 4.494803149939892251e+01
4.693715594332417851e+01 4.579801778101123233e+01
4.693715594332417851e+01 5.378276952248512544e+01
4.693715594332417851e+01 4.486879776315771551e+01
4.693715594332417851e+01 4.488927646079037714e+01
4.693715594332417851e+01 4.518368144551868681e+01
4.693715594332417851e+01 4.706384350299718733e+01
4.693715594332417851e+01 4.784880639290204130e+01
4.693715594332417851e+01 4.083366210703077570e+01
4.693715594332417851e+01 4.476292403488275085e+01
4.693715594332417851e+01 4.367327180214106619e+01
4.693715594332417851e+01 4.498630600457050122e+01
4.693715594332417851e+01 4.948456159682578459e+01
4.693715594332417851e+01 4.030347557583323237e+01
4.693715594332417851e+01 4.592624531624088746e+01
4.693715594332417851e+01 4.698644935161858172e+01
4.693715594332417851e+01 4.408920319389221731e+01
4.693715594332417851e+01 4.535470079701106272e+01
4.693715594332417851e+01 4.800269727669049047e+01
4.693715594332417851e+01 4.574453808882591943e+01
4.693715594332417851e+01 4.105185505410046432e+01
4.693715594332417851e+01 4.653966526658481939e+01
4.693715594332417851e+01 4.147311063096393013e+01
4.693715594332417851e+01 5.297256896023423423e+01
4.693715594332417851e+01 3.962161992253538045e+01
4.693715594332417851e+01 4.560668436293283179e+01
4.693715594332417851e+01 4.243437940814859388e+01
4.693715594332417851e+01 4.534793884116745488e+01
4.693715594332417851e+01 4.321521651895783833e+01
4.693715594332417851e+01 4.462171718106220908e+01
4.693715594332417851e+01 4.422569728307635728e+01
4.693715594332417851e+01 4.535173523737979195e+01
4.693715594332417851e+01 5.029594376004695278e+01
4.693715594332417851e+01 4.675242176199972732e+01
4.693715594332417851e+01 4.980257190771680342e+01
4.693715594332417851e+01 4.985313400190109689e+01
4.693715594332417851e+01 4.255415825560868370e+01
4.693715594332417851e+01 4.113879574860192179e+01
4.693715594332417851e+01 5.045123602760207859e+01
4.693715594332417851e+01 4.070639004613916256e+01
4.693715594332417851e+01 4.389202088968077931e+01
4.693715594332417851e+01 4.635307627881145720e+01
4.693715594332417851e+01 4.668160897655207719e+01
4.693715594332417851e+01 4.500505866842105007e+01
4.693715594332417851e+01 4.941875891163513046e+01
4.693715594332417851e+01 4.668623340762007246e+01
4.693715594332417851e+01 4.655672653354048407e+01
4.693715594332417851e+01 5.349717760931530819e+01
4.693715594332417851e+01 4.219598004091994881e+01
4.693715594332417851e+01 4.251205027874200937e+01
4.693715594332417851e+01 4.587454956935673067e+01
4.693715594332417851e+01 4.062598860423589286e+01
4.693715594332417851e+01 4.894901246346383772e+01
4.693715594332417851e+01 4.327669620697032826e+01
4.693715594332417851e+01 4.808862442685929039e+01
4.693715594332417851e+01 4.779854501236021491e+01
4.693715594332417851e+01 4.256876492828254754e+01
4.693715594332417851e+01 4.984743677301008802e+01
4.693715594332417851e+01 4.753721370260547729e+01
4.693715594332417851e+01 5.429774480658570468e+01
4.693715594332417851e+01 5.013833985374460411e+01
4.693715594332417851e+01 4.787325750652841094e+01
4.693715594332417851e+01 4.496277527973136046e+01
4.693715594332417851e+01 4.834181265197219091e+01
4.693715594332417851e+01 3.851275925447340853e+01
4.693715594332417851e+01 5.026786087397505298e+01
4.693715594332417851e+01 5.076006322959518258e+01
4.693715594332417851e+01 4.366099603267068119e+01
4.693715594332417851e+01 4.664228387753126981e+01
4.693715594332417851e+01 4.017320037084086692e+01
4.693715594332417851e+01 4.940419718281760453e+01
4.693715594332417851e+01 4.822570686148102226e+01
4.693715594332417851e+01 4.468452114077794590e+01
4.693715594332417851e+01 4.305324659081975369e+01
4.693715594332417851e+01 4.082483785457290537e+01
4.693715594332417851e+01 4.690359969767781934e+01
4.693715594332417851e+01 4.184720665817211227e+01
4.693715594332417851e+01 4.834204020027409854e+01
4.693715594332417851e+01 4.463351165744963822e+01
4.693715594332417851e+01 4.377100221997096696e+01
4.693715594332417851e+01 4.952589263811881892e+01
4.693715594332417851e+01 4.783504802610045914e+01
4.693715594332417851e+01 4.428805500990154087e+01
4.693715594332417851e+01 4.987912928429840775e+01
4.693715594332417851e+01 4.435958343549786065e+01
4.693715594332417851e+01 4.128121881160657125e+01
4.693715594332417851e+01 5.088866549055497046e+01
4.693715594332417851e+01 4.379526314138035303e+01
4.693715594332417851e+01 5.066218130161583133e+01
4.693715594332417851e+01 4.244689480228942102e+01
4.693715594332417851e+01 5.044064570435590866e+01
4.693715594332417851e+01 4.992522522120964368e+01
4.693715594332417851e+01 4.736127369350466410e+01
4.693715594332417851e+01 4.154616661183164439e+01
4.693715594332417851e+01 4.479077335856401731e+01
4.693715594332417851e+01 4.683308590184184794e+01
4.693715594332417851e+01 4.439016036968520496e+01
4.693715594332417851e+01 4.620231817755069414e+01
4.693715594332417851e+01 4.964056092834236011e+01
4.693715594332417851e+01 4.104892693903089196e+01
4.693715594332417851e+01 4.964088907963606800e+01
4.693715594332417851e+01 4.623446448292150990e+01
4.693715594332417851e+01 5.124533708672291255e+01
4.693715594332417851e+01 4.675307199172522132e+01
4.693715594332417851e+01 5.013810258812772247e+01
4.693715594332417851e+01 4.456823801383792727e+01
4.693715594332417851e+01 5.022329708999428277e+01
4.693715594332417851e+01 4.902639252109155166e+01
4.693715594332417851e+01 4.764638013740978550e+01
4.693715594332417851e+01 3.954406281776547871e+01
4.693715594332417851e+01 4.693038066174208467e+01
4.693715594332417851e+01 4.257718090207497141e+01
4.693715594332417851e+01 4.864983329108093812e+01
4.693715594332417851e+01 4.760187339629326431e+01
4.693715594332417851e+01 4.194813121494867403e+01
4.693715594332417851e+01 4.554261351889547882e+01
4.693715594332417851e+01 5.007080057016223407e+01
4.693715594332417851e+01 4.515217543871599304e+01
4.693715594332417851e+01 3.852119095798899195e+01
4.693715594332417851e+01 4.633221306243336812e+01
4.693715594332417851e+01 4.544225989454804449e+01
4.693715594332417851e+01 4.695336486580171709e+01
4.693715594332417851e+01 4.791609181420389518e+01
4.693715594332417851e+01 4.729844055115082568e+01
4.693715594332417851e+01 4.506145776925386315e+01
4.693715594332417851e+01 4.677224203683792325e+01
4.693715594332417851e+01 4.745128418484095789e+01
4.693715594332417851e+01 4.512969466387695405e+01
4.693715594332417851e+01 4.625977775374003187e+01
4.693715594332417851e+01 4.308262601857781249e+01
4.693715594332417851e+01 4.854823944221555365e+01
4.693715594332417851e+01 4.366431260196286956e+01
4.693715594332417851e+01 4.551449866524034604e+01
4.693715594332417851e+01 4.961120766825848705e+01
4.693715594332417851e+01 4.541963837287427452e+01
4.693715594332417851e+01 5.127000402229969467e+01
4.693715594332417851e+01 4.407406438629629974e+01
4.693715594332417851e+01 4.220447990529194016e+01
4.693715594332417851e+01 3.922255186885450939e+01
4.693715594332417851e+01 4.970973287104907001e+01
4.693715594332417851e+01 5.007599603957557832e+01
4.693715594332417851e+01 5.028602981397484228e+01
4.693715594332417851e+01 4.567284776967209581e+01
4.693715594332417851e+01 4.556067857861160064e+01
4.693715594332417851e+01 4.927897638904433109e+01
4.693715594332417851e+01 4.698333754178644739e+01
4.693715594332417851e+01 4.539062418978963365e+01
4.693715594332417851e+01 5.196048318252611864e+01
4.693715594332417851e+01 5.213430214595280177e+01
4.693715594332417851e+01 4.878862889141644388e+01
4.693715594332417851e+01 3.764215194456292579e+01
4.693715594332417851e+01 4.916517805771941596e+01
4.693715594332417851e+01 3.908343854213435975e+01
4.693715594332417851e+01 4.211896551068088712e+01
4.693715594332417851e+01 4.755690699195719873e+01
4.693715594332417851e+01 4.268891735500925932e+01
4.693715594332417851e+01 4.402191663688445544e+01
4.693715594332417851e+01 4.499817599204575913e+01
4.693715594332417851e+01 4.826258056009229591e+01
4.693715594332417851e+01 4.860367262612629702e+01
4.693715594332417851e+01 4.924667335145446145e+01
4.693715594332417851e+01 3.972115883664159952e+01
4.693715594332417851e+01 4.460862565008704195e+01
4.693715594332417851e+01 4.627153682748867425e+01
4.693715594332417851e+01 4.683730840079643798e+01
4.693715594332417851e+01 4.556194298647596952e+01
4.693715594332417851e+01 4.228430433705606362e+01
4.693715594332417851e+01 4.315510261110287615e+01
4.693715594332417851e+01 4.947353362562486012e+01
4.693715594332417851e+01 5.299454188120598275e+01
4.693715594332417851e+01 5.101445719645066390e+01
4.693715594332417851e+01 4.884741066843517387e+01
4.693715594332417851e+01 5.309985190663572752e+01
4.693715594332417851e+01 4.115278606094442893e+01
4.693715594332417851e+01 5.260444165793864357e+01
4.693715594332417851e+01 4.927201090261207383e+01
4.693715594332417851e+01 4.935805303397398092e+01
4.693715594332417851e+01 4.267142239985967223e+01
4.693715594332417851e+01 4.122745521284203818e+01
4.693715594332417851e+01 4.347908372331958304e+01
4.693715594332417851e+01 4.028459809476132136e+01
4.693715594332417851e+01 4.989590181990996598e+01
4.693715594332417851e+01 4.721244034093843567e+01
4.693715594332417851e+01 4.974940559271811225e+01
4.693715594332417851e+01 4.350205038856361028e+01
4.693715594332417851e+01 4.236355076766260908e+01
4.693715594332417851e+01 4.749402310388930459e+01
4.693715594332417851e+01 4.093902344512997615e+01
4.693715594332417851e+01 4.241342189460409173e+01
4.693715594332417851e+01 4.345519607123625150e+01
4.693715594332417851e+01 4.843407180188095396e+01
4.693715594332417851e+01 4.173738426320141315e+01
4.693715594332417851e+01 4.441807714546398955e+01
4.693715594332417851e+01 4.417723805225740819e+01
4.693715594332417851e+01 4.889883749871185614e+01
4.693715594332417851e+01 4.714226637328728486e+01
4.693715594332417851e+01 5.271809438941195225e+01
4.693715594332417851e+01 4.719191669095891939e+01
4.693715594332417851e+01 4.628693753090727370e+01
4.693715594332417851e+01 4.162252718433396126e+01
4.693715594332417851e+01 4.449885205525556131e+01
4.693715594332417851e+01 4.305110969893636508e+01
4.693715594332417851e+01 4.467146651464744878e+01
4.693715594332417851e+01 4.772268137541653488e+01
4.693715594332417851e+01 5.013328225596609400e+01
4.693715594332417851e+01 4.754121623803429486e+01
4.693715594332417851e+01 5.067045041403287087e+01
4.693715594332417851e+01 4.036804045830068333e+01
4.693715594332417851e+01 4.713474191703664218e+01
4.693715594332417851e+01 4.697479139019889516e+01
4.693715594332417851e+01 5.023830818417727784e+01
4.693715594332417851e+01 4.670702897535868203e+01
4.693715594332417851e+01 4.190362292989702553e+01
4.693715594332417851e+01 5.319332360874913235e+01
4.693715594332417851e+01 4.318958515075476612e+01
4.693715594332417851e+01 4.067695138510617880e+01
4.693715594332417851e+01 4.187661607883133996e+01
4.693715594332417851e+01 4.687983545055472234e+01
4.693715594332417851e+01 4.754679283160719905e+01
4.693715594332417851e+01 4.764407236343157592e+01
4.693715594332417851e+01 4.409069710418886956e+01
4.693715594332417851e+01 4.580203937007996728e+01
4.693715594332417851e+01 4.823137497133344453e+01
4.693715594332417851e+01 4.891798952386410804e+01
4.693715594332417851e+01 4.712037309825816322e+01
4.693715594332417851e+01 5.224885297177994659e+01
4.693715594332417851e+01 4.296396836248608508e+01
4.693715594332417851e+01 4.985645911698828314e+01
4.693715594332417851e+01 4.014641617572220866e+01
4.693715594332417851e+01 4.301529346150067568e+01
4.693715594332417851e+01 4.747561967943475025e+01
4.693715594332417851e+01 4.863940775341331602e+01
4.693715594332417851e+01 4.509103836151847844e+01
4.693715594332417851e+01 3.928684985667316454e+01
4.693715594332417851e+01 4.896126151377680458e+01
4.693715594332417851e+01 4.395683919956174179e+01
4.693715594332417851e+01 4.485706064657473036e+01
4.693715594332417851e+01 4.551940708979701355e+01
4.693715594332417851e+01 3.952375222147878020e+01
4.693715594332417851e+01 4.619666484734359102e+01
4.693715594332417851e+01 4.315231123490519849e+01
4.693715594332417851e+01 4.424374244315667681e+01
4.693715594332417851e+01 4.281130535596766151e+01
4.693715594332417851e+01 4.869176776565938525e+01
4.693715594332417851e+01 4.406961193117447806e+01
4.693715594332417851e+01 4.795418721833485165e+01
4.693715594332417851e+01 4.632613366350900463e+01
4.693715594332417851e+01 4.508547911647197282e+01
4.693715594332417851e+01 4.458338594003430444e+01
4.693715594332417851e+01 4.594698261988450838e+01
4.693715594332417851e+01 4.317090922440643652e+01
4.693715594332417851e+01 4.551789057560395690e+01
4.693715594332417851e+01 4.632557446340229745e+01
4.693715594332417851e+01 4.263923991755971343e+01
4.693715594332417851e+01 5.189824254612045706e+01
4.693715594332417851e+01 4.610870107247978922e+01
4.693715594332417851e+01 4.481841682749350753e+01
4.693715594332417851e+01 4.340323058195195927e+01
4.693715594332417851e+01 4.771459100189079550e+01
4.693715594332417851e+01 4.601646467385818795e+01
4.693715594332417851e+01 4.505683888208703536e+01
4.693715594332417851e+01 4.208656485145521486e+01
4.693715594332417851e+01 4.913457796994820370e+01
4.693715594332417851e+01 5.277373231551171529e+01
4.693715594332417851e+01 5.042158565683543969e+01
4.693715594332417851e+01 4.700450934152325289e+01
4.693715594332417851e+01 4.626555166242782491e+01
4.693715594332417851e+01 4.943393086832418959e+01
4.693715594332417851e+01 4.913407440210399812e+01
4.693715594332417851e+01 5.054217535584188425e+01
4.693715594332417851e+01 4.445280781178311003e+01
4.693715594332417851e+01 4.880301696898098385e+01
4.693715594332417851e+01 4.452426419566477023e+01
4.693715594332417851e+01 4.811299072701329749e+01
4.693715594332417851e+01 4.354829807254443352e+01
4.693715594332417851e+01 4.756213342562517710e+01
4.693715594332417851e+01 4.337039071669929768e+01
4.693715594332417851e+01 4.674857173001036159e+01
4.693715594332417851e+01 4.835219804317726755e+01
4.693715594332417851e+01 5.039956171375725091e+01
4.693715594332417851e+01 5.098594733716060290e+01
4.693715594332417851e+01 4.506804077706469513e+01
4.693715594332417851e+01 4.744073387371641815e+01
4.693715594332417851e+01 4.899656918067417877e+01
4.693715594332417851e+01 4.672081900847754099e+01
4.693715594332417851e+01 4.154891660784943497e+01
4.693715594332417851e+01 4.916949433231459210e+01
4.693715594332417851e+01 4.996112583430307552e+01
4.693715594332417851e+01 4.629451478641055218e+01
4.693715594332417851e+01 4.768963567336237475e+01
4.693715594332417851e+01 4.414877834045555716e+01
4.693715594332417851e+01 4.212769802948429998e+01
4.693715594332417851e+01 4.772760462985688434e+01
4.693715594332417851e+01 4.661686418474043592e+01
4.693715594332417851e+01 5.021133053802951451e+01
4.693715594332417851e+01 4.303545711671026197e+01
4.693715594332417851e+01 4.418500040083547020e+01
4.693715594332417851e+01 4.751676769033350922e+01
4.693715594332417851e+01 4.959127519046065657e+01
4.693715594332417851e+01 4.598833267367572830e+01
4.693715594332417851e+01 4.433068845149103510e+01
4.693715594332417851e+01 4.824103070557652018e+01
4.693715594332417851e+01 3.967422501410368341e+01
4.693715594332417851e+01 4.580675756178170133e+01
4.693715594332417851e+01 4.204892259419294476e+01
4.693715594332417851e+01 4.905036925701774209e+01
4.693715594332417851e+01 4.527029300752224827e+01
4.693715594332417851e+01 4.711095685267466848e+01
4.693715594332417851e+01 4.210561034682326209e+01
4.693715594332417851e+01 4.939112936579619628e+01
4.693715594332417851e+01 4.684589429158046414e+01
4.693715594332417851e+01 3.856428270958696203e+01
4.693715594332417851e+01 4.649174228522659291e+01
4.693715594332417851e+01 4.864751945323451565e+01
4.693715594332417851e+01 4.865840527881071864e+01
4.693715594332417851e+01 5.049336307562279558e+01
4.693715594332417851e+01 4.563201128627542147e+01
4.693715594332417851e+01 4.531353242218999355e+01
4.693715594332417851e+01 4.130742132371614161e+01
4.693715594332417851e+01 4.450148640551661572e+01
4.693715594332417851e+01 4.407056201493825398e+01
4.693715594332417851e+01 4.788834229998180092e+01
4.693715594332417851e+01 4.357176872447669780e+01
4.693715594332417851e+01 4.819329140440298431e+01
4.693715594332417851e+01 4.140679122533002499e+01
4.693715594332417851e+01 4.805313990426409987e+01
4.693715594332417851e+01 4.387436406323572413e+01
4.693715594332417851e+01 4.448441406192336700e+01
4.693715594332417851e+01 4.806899773854370750e+01
4.693715594332417851e+01 4.248976370059914132e+01
4.693715594332417851e+01 5.106910087080495941e+01
4.693715594332417851e+01 5.311953178936828834e+01
4.693715594332417851e+01 4.485394531876240620e+01
4.693715594332417851e+01 4.521710073526224249e+01
4.693715594332417851e+01 4.396098789618514502e+01
4.693715594332417851e+01 4.654169451894297538e+01
4.693715594332417851e+01 4.924736337543532727e+01
4.693715594332417851e+01 4.320537093144723428e+01
4.693715594332417851e+01 4.818679651444719525e+01
4.693715594332417851e+01 4.462857621405490249e+01
4.693715594332417851e+01 4.714800899088221087e+01
4.693715594332417851e+01 4.952672662628486222e+01
4.693715594332417851e+01 4.794172730282431161e+01
4.693715594332417851e+01 4.695626560734213939e+01
4.693715594332417851e+01 4.787502633663720530e+01
4.693715594332417851e+01 4.282682223399713450e+01
4.693715594332417851e+01 4.483069713301745907e+01
4.693715594332417851e+01 4.351519304656324749e+01
4.693715594332417851e+01 4.590977428988048104e+01
4.693715594332417851e+01 5.128420254530544753e+01
4.693715594332417851e+01 4.101716282483704390e+01
4.693715594332417851e+01 4.038442146201384730e+01
4.693715594332417851e+01 4.435452088520703029e+01
4.693715594332417851e+01 4.884353033613908224e+01
4.693715594332417851e+01 4.809738006566639257e+01
4.693715594332417851e+01 4.989384642885999455e+01
4.693715594332417851e+01 4.266438986357826479e+01
4.693715594332417851e+01 5.321442264322325144e+01
4.693715594332417851e+01 4.317652135075960018e+01
4.693715594332417851e+01 4.942646526430076648e+01
4.693715594332417851e+01 4.558017634489387149e+01
4.693715594332417851e+01 4.903439623355370713e+01
4.693715594332417851e+01 4.576987749870114897e+01
4.693715594332417851e+01 4.912134088576431878e+01
4.693715594332417851e+01 5.018475181761356652e+01
4.693715594332417851e+01 4.627535537823676748e+01
4.693715594332417851e+01 5.062514515329168319e+01
4.693715594332417851e+01 4.690468097081685528e+01
4.693715594332417851e+01 4.618785172699285368e+01
4.693715594332417851e+01 4.769544089347724025e+01
4.693715594332417851e+01 4.634825945120999791e+01
4.693715594332417851e+01 4.529840662275569230e+01
4.693715594332417851e+01 4.360191115503857873e+01
4.693715594332417851e+01 4.686678401755187195e+01
4.693715594332417851e+01 5.128555079046532228e+01
4.693715594332417851e+01 4.665513421917807335e+01
4.693715594332417851e+01 3.992954520619658609e+01
4.693715594332417851e+01 4.658316461619830307e+01
4.693715594332417851e+01 5.042352720257393628e+01
4.693715594332417851e+01 4.683434369605441816e+01
4.693715594332417851e+01 4.743586342687631685e+01
4.693715594332417851e+01 4.748621641075175148e+01
4.693715594332417851e+01 4.759487614287014168e+01
4.693715594332417851e+01 4.727796488311173562e+01
4.693715594332417851e+01 5.139471935672332847e+01
4.693715594332417851e+01 4.609314688510593072e+01
4.693715594332417851e+01 3.905894749441471703e+01
4.693715594332417851e+01 4.228031181538093364e+01
4.693715594332417851e+01 4.038085474291955990e+01
4.693715594332417851e+01 4.610839150190073354e+01
4.693715594332417851e+01 4.429360505989729546e+01
4.693715594332417851e+01 4.714533714173558820e+01
4.693715594332417851e+01 3.807228963132637745e+01
4.693715594332417851e+01 4.052797610679319718e+01
4.693715594332417851e+01 4.232670510530880392e+01
4.693715594332417851e+01 4.537072015704991657e+01
4.693715594332417851e+01 4.753476180304168963e+01
4.693715594332417851e+01 4.601680891090467185e+01
4.693715594332417851e+01 5.093858680371759107e+01
4.693715594332417851e+01 4.684506623931133618e+01
4.693715594332417851e+01 4.794136540841554961e+01
4.693715594332417851e+01 3.749412079578742407e+01
4.693715594332417851e+01 4.120649680663191816e+01
4.693715594332417851e+01 4.589835002043760426e+01
4.693715594332417851e+01 4.846716845551227948e+01
4.693715594332417851e+01 4.692512896340697637e+01
4.693715594332417851e+01 4.209730546477379676e+01
4.693715594332417851e+01 4.711588233336828324e+01
4.693715594332417851e+01 4.560385909499506596e+01
4.693715594332417851e+01 4.313293088950376131e+01
4.693715594332417851e+01 3.948982961867257302e+01
4.693715594332417851e+01 4.165787962527200960e+01
4.693715594332417851e+01 3.804646261493866177e+01
4.693715594332417851e+01 4.682309569446228892e+01
4.693715594332417851e+01 4.161197200124346551e+01
4.693715594332417851e+01 4.783780306262107018e+01
4.693715594332417851e+01 4.142545349540515076e+01
4.693715594332417851e+01 4.334072886532750601e+01
4.693715594332417851e+01 4.511988269989949885e+01
4.693715594332417851e+01 4.818003751271196222e+01
4.693715594332417851e+01 5.226130596763779579e+01
4.693715594332417851e+01 5.002705130624817542e+01
4.693715594332417851e+01 4.090253877494809842e+01
4.693715594332417851e+01 5.126350770674095259e+01
4.693715594332417851e+01 4.671372792829223641e+01
4.693715594332417851e+01 4.846441581808871746e+01
4.693715594332417851e+01 4.676002844512930068e+01
4.693715594332417851e+01 4.669721323840076366e+01
4.693715594332417851e+01 4.297503142773083340e+01
4.693715594332417851e+01 4.591321808117552905e+01
4.693715594332417851e+01 4.726062121763108337e+01
4.693715594332417851e+01 4.919122375258141489e+01
4.693715594332417851e+01 4.852694106921622819e+01
4.693715594332417851e+01 5.176617446011448465e+01
4.693715594332417851e+01 5.177550036653359911e+01
4.693715594332417851e+01 4.849777159931085890e+01
4.693715594332417851e+01 4.431070018592714632e+01
4.693715594332417851e+01 3.992757417427580435e+01
4.693715594332417851e+01 4.657851799153372951e+01
4.693715594332417851e+01 4.834641852149892571e+01
4.693715594332417851e+01 4.668496955416421201e+01
4.693715594332417851e+01 4.894947536643589814e+01
4.693715594332417851e+01 4.456257224331842082e+01
4.693715594332417851e+01 5.080217261051122790e+01
4.693715594332417851e+01 4.921553202631842083e+01
4.693715594332417851e+01 4.542965544474756001e+01
4.693715594332417851e+01 4.497842444845768739e+01
4.693715594332417851e+01 4.520518905981627000e+01
4.693715594332417851e+01 4.880819695985533713e+01
4.693715594332417851e+01 5.208181048267947233e+01
4.693715594332417851e+01 4.567672038516395361e+01
4.693715594332417851e+01 5.127962429811451983e+01
4.693715594332417851e+01 4.047225425424785072e+01
4.693715594332417851e+01 4.520771686118044386e+01
4.693715594332417851e+01 4.919973845266073909e+01
4.693715594332417851e+01 4.303345848177579569e+01
4.693715594332417851e+01 4.446861850415989181e+01
4.693715594332417851e+01 4.572006135130078519e+01
4.693715594332417851e+01 4.568642118618386405e+01
4.693715594332417851e+01 4.629684643271297517e+01
4.693715594332417851e+01 4.747595342389071504e+01
4.693715594332417851e+01 4.175602012500042548e+01
4.693715594332417851e+01 5.243388913204025670e+01
4.693715594332417851e+01 4.387607349442389904e+01
4.693715594332417851e+01 4.600683271702945376e+01
4.693715594332417851e+01 4.869166681572267663e+01
4.693715594332417851e+01 4.380344279633308702e+01
4.693715594332417851e+01 5.199688379878588762e+01
4.693715594332417851e+01 4.419318688595637212e+01
4.693715594332417851e+01 4.566185423219787509e+01
4.693715594332417851e+01 4.821161660267198812e+01
4.693715594332417851e+01 4.337417644107356551e+01
4.693715594332417851e+01 4.601175950982852214e+01
4.693715594332417851e+01 4.445258796611959440e+01
4.693715594332417851e+01 4.433465858325812547e+01
4.693715594332417851e+01 4.586796386718592800e+01
4.693715594332417851e+01 5.050254880459650764e+01
4.693715594332417851e+01 4.035044125137772397e+01
4.693715594332417851e+01 4.551557356585323788e+01
4.693715594332417851e+01 4.320403732647066164e+01
4.693715594332417851e+01 4.596455881639617758e+01
4.693715594332417851e+01 4.961941113510199131e+01
4.693715594332417851e+01 3.972211908882405851e+01
4.693715594332417851e+01 4.572366066130391005e+01
4.693715594332417851e+01 4.681376082151828655e+01
4.693715594332417851e+01 4.565023900405117985e+01
4.693715594332417851e+01 4.369072300445404977e+01
4.693715594332417851e+01 4.918371319471792447e+01
4.693715594332417851e+01 4.164583335088940430e+01
4.693715594332417851e+01 4.466780460804491071e+01
4.693715594332417851e+01 4.151242179405568322e+01
4.693715594332417851e+01 5.416167325404045840e+01
4.693715594332417851e+01 4.228021638209450117e+01
4.693715594332417851e+01 4.748517406611365033e+01
4.693715594332417851e+01 4.717978389968440922e+01
4.693715594332417851e+01 4.719059970715304075e+01
4.693715594332417851e+01 4.362934994662558807e+01
4.693715594332417851e+01 4.687693630194475958e+01
4.693715594332417851e+01 4.349127704001999462e+01
4.693715594332417851e+01 4.578887693776223955e+01
4.693715594332417851e+01 5.021514533775856393e+01
4.693715594332417851e+01 4.694073007812977494e+01
4.693715594332417851e+01 4.452121024160728524e+01
4.693715594332417851e+01 5.395071358855007304e+01
4.693715594332417851e+01 4.629043141667773398e+01
4.693715594332417851e+01 4.177618427414837043e+01
4.693715594332417851e+01 4.715176734205590492e+01
4.693715594332417851e+01 5.027595592427983462e+01
4.693715594332417851e+01 4.509708526890747748e+01
4.693715594332417851e+01 5.446080667239408513e+01
4.693715594332417851e+01 5.055651650423234855e+01
4.693715594332417851e+01 4.618065697025847527e+01
4.693715594332417851e+01 4.358071622729153205e+01
4.693715594332417851e+01 4.764443780709986243e+01
4.693715594332417851e+01 4.387330313430189221e+01
4.693715594332417851e+01 4.211383377150323071e+01
4.693715594332417851e+01 4.828823980003679139e+01
4.693715594332417851e+01 5.185214846764395702e+01
4.693715594332417851e+01 5.061224719823059104e+01
4.693715594332417851e+01 4.091141137087857516e+01
4.693715594332417851e+01 4.466204786983336561e+01
4.693715594332417851e+01 4.662972049028491028e+01
4.693715594332417851e+01 4.343457099468518123e+01
4.693715594332417851e+01 4.915274798275063972e+01
4.693715594332417851e+01 3.968958993725642159e+01
4.693715594332417851e+01 4.432754896566337521e+01
4.693715594332417851e+01 4.961031266011661955e+01
4.693715594332417851e+01 5.024121645466778574e+01
4.693715594332417851e+01 4.870019184016896929e+01
4.693715594332417851e+01 4.478475955132320507e+01
4.693715594332417851e+01 4.847987324911262164e+01
4.693715594332417851e+01 4.341730295183653254e+01
4.693715594332417851e+01 4.592886965812347455e+01
4.693715594332417851e+01 4.098009335588510282e+01
4.693715594332417851e+01 5.534113583160958427e+01
4.693715594332417851e+01 4.611909485971403910e+01
4.693715594332417851e+01 4.343747250702659102e+01
4.693715594332417851e+01 4.434329307737691295e+01
4.693715594332417851e+01 4.395160381509899850e+01
4.693715594332417851e+01 4.154440867337706322e+01
4.693715594332417851e+01 4.589643636300088048e+01
4.693715594332417851e+01 4.817048215561307956e+01
4.693715594332417851e+01 4.753963850125126811e+01
4.693715594332417851e+01 5.121094855440291127e+01
4.693715594332417851e+01 4.064463775044639249e+01
4.693715594332417851e+01 4.423283506072213100e+01
4.693715594332417851e+01 4.608744585049463893e+01
4.693715594332417851e+01 4.716710834471758318e+01
4.693715594332417851e+01 4.590909360513663984e+01
4.693715594332417851e+01 4.859772331854793492e+01
4.693715594332417851e+01 4.555034607859810336e+01
4.693715594332417851e+01 4.553335345170461324e+01
4.693715594332417851e+01 3.953879468429256860e+01
4.693715594332417851e+01 4.989729840863061128e+01
4.693715594332417851e+01 4.562284912200691878e+01
4.693715594332417851e+01 3.983559161703815477e+01
4.693715594332417851e+01 5.339758956925956568e+01
4.693715594332417851e+01 4.576009368911280717e+01
4.693715594332417851e+01 4.586086999404046338e+01
4.693715594332417851e+01 4.975532704969775466e+01
4.693715594332417851e+01 4.010163868410496946e+01
4.693715594332417851e+01 4.528283075447394879e+01
4.693715594332417851e+01 4.388543419599812978e+01
4.693715594332417851e+01 5.127610708715126719e+01
4.693715594332417851e+01 4.789425915267217704e+01
4.693715594332417851e+01 4.394540954933223986e+01
4.693715594332417851e+01 4.530395867500656237e+01
4.693715594332417851e+01 4.159489999695413331e+01
4.693715594332417851e+01 4.479601448513057704e+01
4.693715594332417851e+01 4.702965367625246529e+01
4.693715594332417851e+01 4.662279075130228989e+01
4.693715594332417851e+01 5.088088479607813497e+01
4.693715594332417851e+01 5.107321131233151590e+01
4.693715594332417851e+01 4.218400811620921331e+01
4.693715594332417851e+01 4.994619738191255465e+01
4.693715594332417851e+01 4.529126783637600084e+01
4.693715594332417851e+01 4.546960098125029504e+01
4.693715594332417851e+01 4.529103542881025390e+01
4.693715594332417851e+01 4.448675998536982235e+01
4.693715594332417851e+01 4.408046134358163215e+01
4.693715594332417851e+01 4.717893644203272885e+01
4.693715594332417851e+01 4.970939220337834996e+01
4.693715594332417851e+01 4.466000630097833124e+01
4.693715594332417851e+01 4.707416822709006965e+01
4.693715594332417851e+01 4.238454156513786586e+01
4.693715594332417851e+01 4.808056920738552975e+01
4.693715594332417851e+01 4.404327927761681849e+01
4.693715594332417851e+01 4.317061828657079303e+01
4.693715594332417851e+01 4.300392562968332300e+01
4.693715594332417851e+01 5.151982806235517387e+01
4.693715594332417851e+01 4.468498600396790010e+01
4.693715594332417851e+01 4.987031513676893724e+01
4.693715594332417851e+01 4.920874450494177665e+01
4.693715594332417851e+01 4.502287079361439481e+01
4.693715594332417851e+01 4.434820805222732787e+01
4.693715594332417851e+01 4.305631146855272817e+01
4.693715594332417851e+01 5.061141475652156174e+01
