4.693715594332417851e+01 4.439928903043480091e+01
4.693715594332417851e+01 4.824119445962040942e+01
4.693715594332417851e+01 4.601256284521112860e+01
4.693715594332417851e+01 4.674517076776881197e+01
4.693715594332417851e+01 5.447555786450916315e+01
4.693715594332417851e+01 5.279306458431417326e+01
4.693715594332417851e+01 4.202945696957033306e+01
4.693715594332417851e+01 4.652244219006374948e+01
4.693715594332417851e+01 3.867849456758624171e+01
4.693715594332417851e+01 4.754508064634490694e+01
4.693715594332417851e+01 4.793935457524587918e+01
4.693715594332417851e+01 4.386375464163155158e+01
4.693715594332417851e+01 5.354354123937008580e+01
4.693715594332417851e+01 4.022611105022708955e+01
4.693715594332417851e+01 4.566938798008632716e+01
4.693715594332417851e+01 4.149333396455254075e+01
4.693715594332417851e+01 4.928407493840505538e+01
4.693715594332417851e+01 4.680557235959710738e+01
4.693715594332417851e+01 4.582450796343344734e+01
4.693715594332417851e+01 4.711045986560093723e+01
4.693715594332417851e+01 4.929629486743340294e+01
4.693715594332417851e+01 4.390858772068117588e+01
4.693715594332417851e+01 4.109862481394073086e+01
4.693715594332417851e+01 4.652506958926399960e+01
4.693715594332417851e+01 4.999282557610784750e+01
4.693715594332417851e+01 4.707921482290861803e+01
4.693715594332417851e+01 4.718641784552945495e+01
4.693715594332417851e+01 4.439892000417156481e+01
4.693715594332417851e+01 4.914230207299879538e+01
4.693715594332417851e+01 4.515975102927640705e+01
4.693715594332417851e+01 5.111880745311903951e+01
4.693715594332417851e+01 4.525838023179915126e+01
4.693715594332417851e+01 4.656658911892191810e+01
4.693715594332417851e+01 4.620285614520334860e+01
4.693715594332417851e+01 4.312420077687970377e+01
4.693715594332417851e+01 4.781265577792455446e+01
4.693715594332417851e+01 5.045908932887924436e+01
4.693715594332417851e+01 5.101315053992884430e+01
4.693715594332417851e+01 4.184838409991831298e+01
4.693715594332417851e+01 4.723404622086176374e+01
4.693715594332417851e+01 4.147234260867100630e+01
4.693715594332417851e+01 4.540720478141506788e+01
4.693715594332417851e+01 4.916412330586847901e+01
4.693715594332417851e+01 4.281842400461918885e+01
4.693715594332417851e+01 5.426986132076280001e+01
4.693715594332417851e+01 4.995716674096291143e+01
4.693715594332417851e+01 4.270676369322151089e+01
4.693715594332417851e+01 4.116519859936351367e+01
4.693715594332417851e+01 3.940876180388862338e+01
4.693715594332417851e+01 4.623101760645149483e+01
4.693715594332417851e+01 5.205281465562134002e+01
4.693715594332417851e+01 4.759543289128236410e+01
4.693715594332417851e+01 4.823166452935830506e+01
4.693715594332417851e+01 4.120330688249649143e+01
4.693715594332417851e+01 4.796597755650255834e+01
4.693715594332417851e+01 4.498152027525190277e+01
4.693715594332417851e+01 4.298890538169003150e+01
4.693715594332417851e+01 4.649253943800504629e+01
4.693715594332417851e+01 5.254962452703135511e+01
4.693715594332417851e+01 4.654902860372354922e+01
4.693715594332417851e+01 5.212140970720151500e+01
4.693715594332417851e+01 4.077162861132700300e+01
4.693715594332417851e+01 4.778065216329467546e+01
4.693715594332417851e+01 4.953195405862464185e+01
4.693715594332417851e+01 4.025781292670736633e+01
4.693715594332417851e+01 4.273182592789120093e+01
4.693715594332417851e+01 4.530499276839972111e+01
4.693715594332417851e+01 4.658930481079114116e+01
4.693715594332417851e+01 5.401359921645349260e+01
4.693715594332417851e+01 5.183363854753376643e+01
4.693715594332417851e+01 5.128635702113047756e+01
4.693715594332417851e+01 4.831019252782454032e+01
4.693715594332417851e+01 4.768617533244065498e+01
4.693715594332417851e+01 4.859295608314211279e+01
4.693715594332417851e+01 4.503086371985348535e+01
4.693715594332417851e+01 4.134750834055220281e+01
4.693715594332417851e+01 4.868546286842613569e+01
4.693715594332417851e+01 5.020545319845430043e+01
4.693715594332417851e+01 4.463363484612200693e+01
4.693715594332417851e+01 5.266308762154499590e+01
4.693715594332417851e+01 4.904297819400443359e+01
4.693715594332417851e+01 4.034650977851784148e+01
4.693715594332417851e+01 4.910565152650133314e+01
4.693715594332417851e+01 4.590550372241053623e+01
4.693715594332417851e+01 4.028016250403494070e+01
4.693715594332417851e+01 4.785324522840544148e+01
4.693715594332417851e+01 5.051429831905727497e+01
4.693715594332417851e+01 4.764897946310221499e+01
4.693715594332417851e+01 4.376693622680147655e+01
4.693715594332417851e+01 4.673954753123918948e+01
4.693715594332417851e+01 4.743587979355742590e+01
4.693715594332417851e+01 4.647466198993576114e+01
4.693715594332417851e+01 5.147745511504580662e+01
4.693715594332417851e+01 4.406110138876903903e+01
4.693715594332417851e+01 4.761448955235648128e+01
4.693715594332417851e+01 3.924246167789898010e+01
4.693715594332417851e+01 5.389710733402039011e+01
4.693715594332417851e+01 4.706917961671436501e+01
4.693715594332417851e+01 4.614706414623168484e+01
4.693715594332417851e+01 4.161631332651946735e+01
4.693715594332417851e+01 4.894570081205768730e+01
4.693715594332417851e+01 4.429447216084306405e+01
4.693715594332417851e+01 5.102358520063801706e+01
4.693715594332417851e+01 4.785975414276421702e+01
4.693715594332417851e+01 4.956951766814825788e+01
4.693715594332417851e+01 4.662992974409912250e+01
4.693715594332417851e+01 4.737035207946480142e+01
4.693715594332417851e+01 4.632254389079891865e+01
4.693715594332417851e+01 4.411529484427520487e+01
4.693715594332417851e+01 4.860448324298049272e+01
4.693715594332417851e+01 4.846582036790349690e+01
4.693715594332417851e+01 4.857425077422758619e+01
4.693715594332417851e+01 4.634069130614457066e+01
4.693715594332417851e+01 5.085438437171152515e+01
4.693715594332417851e+01 4.944829097573811083e+01
4.693715594332417851e+01 4.443534386361574207e+01
4.693715594332417851e+01 4.108982620180544387e+01
4.693715594332417851e+01 4.469948430099744741e+01
4.693715594332417851e+01 4.572700815006680841e+01
4.693715594332417851e+01 4.502286735995043188e+01
4.693715594332417851e+01 4.661305320047350875e+01
4.693715594332417851e+01 4.981366135474523560e+01
4.693715594332417851e+01 4.760810408917338066e+01
4.693715594332417851e+01 4.278497844970121378e+01
4.693715594332417851e+01 4.676717909390720962e+01
4.693715594332417851e+01 4.422951783363965461e+01
4.693715594332417851e+01 4.992878286802775989e+01
4.693715594332417851e+01 4.795941418227383224e+01
4.693715594332417851e+01 4.847510826522476890e+01
4.693715594332417851e+01 4.677213994643545902e+01
4.693715594332417851e+01 4.435334485647252478e+01
4.693715594332417851e+01 4.830387503152149264e+01
4.693715594332417851e+01 4.172279569723510662e+01
4.693715594332417851e+01 4.490701904928654642e+01
4.693715594332417851e+01 4.623362573844657675e+01
4.693715594332417851e+01 4.451358089662718953e+01
4.693715594332417851e+01 4.733735089837219334e+01
4.693715594332417851e+01 4.800586307136115494e+01
4.693715594332417851e+01 4.884423138773881590e+01
4.693715594332417851e+01 5.044663391414594145e+01
4.693715594332417851e+01 4.703270715180619277e+01
4.693715594332417851e+01 4.250260998861003259e+01
4.693715594332417851e+01 4.507271888356445544e+01
4.693715594332417851e+01 5.635624004623826977e+01
4.693715594332417851e+01 4.340574846900609884e+01
4.693715594332417851e+01 4.187380894461065139e+01
4.693715594332417851e+01 4.519046175406817412e+01
4.693715594332417851e+01 5.147016633477902303e+01
4.693715594332417851e+01 4.388697906957192885e+01
4.693715594332417851e+01 4.325984870453364550e+01
4.693715594332417851e+01 4.432746508376892791e+01
4.693715594332417851e+01 4.602245764701496711e+01
4.693715594332417851e+01 4.583772401133898455e+01
4.693715594332417851e+01 4.734837507521113764e+01
4.693715594332417851e+01 4.523686129361504982e+01
4.693715594332417851e+01 4.519970791843978475e+01
4.693715594332417851e+01 4.611446395644264840e+01
4.693715594332417851e+01 5.049675452145457655e+01
4.693715594332417851e+01 4.692930014627618363e+01
4.693715594332417851e+01 4.593327973438924516e+01
4.693715594332417851e+01 4.794752567268646004e+01
4.693715594332417851e+01 4.705007276109164849e+01
4.693715594332417851e+01 4.621946228052630801e+01
4.693715594332417851e+01 4.764209128092180379e+01
4.693715594332417851e+01 4.953556861224301855e+01
4.693715594332417851e+01 4.961323691202431974e+01
4.693715594332417851e+01 4.401053731818712578e+01
4.693715594332417851e+01 4.688826543906493782e+01
4.693715594332417851e+01 5.066691527088160285e+01
4.693715594332417851e+01 4.855911485809349415e+01
4.693715594332417851e+01 4.417482295911956669e+01
4.693715594332417851e+01 4.506509516382672587e+01
4.693715594332417851e+01 4.441267865066881626e+01
4.693715594332417851e+01 4.577547017633512638e+01
4.693715594332417851e+01 4.870014082076365014e+01
4.693715594332417851e+01 4.630445650226057097e+01
4.693715594332417851e+01 4.572955950864896124e+01
4.693715594332417851e+01 5.046905545269831350e+01
4.693715594332417851e+01 4.378369537080671847e+01
4.693715594332417851e+01 4.278091461037462295e+01
4.693715594332417851e+01 4.333023219834338846e+01
4.693715594332417851e+01 5.006114632326710989e+01
4.693715594332417851e+01 4.355365168082450822e+01
4.693715594332417851e+01 4.888745184773268448e+01
4.693715594332417851e+01 4.432626562994060038e+01
4.693715594332417851e+01 4.452636235665715958e+01
4.693715594332417851e+01 5.107368027381249931e+01
4.693715594332417851e+01 4.455331269912295511e+01
4.693715594332417851e+01 4.670509448189690005e+01
4.693715594332417851e+01 4.620224423611853837e+01
4.693715594332417851e+01 5.166855068921552885e+01
4.693715594332417851e+01 4.491847226085567257e+01
4.693715594332417851e+01 4.655041737060732743e+01
4.693715594332417851e+01 4.170387707679462608e+01
4.693715594332417851e+01 4.650503150873364433e+01
4.693715594332417851e+01 4.860813654618561941e+01
4.693715594332417851e+01 4.935752139770069391e+01
4.693715594332417851e+01 5.184702044234227714e+01
4.693715594332417851e+01 4.448719442088386700e+01
4.693715594332417851e+01 4.705882762888735016e+01
4.693715594332417851e+01 4.541654976653439491e+01
4.693715594332417851e+01 4.932102563950908092e+01
4.693715594332417851e+01 5.010979277663248865e+01
4.693715594332417851e+01 4.163630938889741628e+01
4.693715594332417851e+01 4.730589986701257743e+01
4.693715594332417851e+01 4.584597938038421461e+01
4.693715594332417851e+01 4.183323983390074119e+01
4.693715594332417851e+01 4.308739965123633198e+01
4.693715594332417851e+01 4.479257099099078232e+01
4.693715594332417851e+01 4.511421815652619216e+01
4.693715594332417851e+01 4.709534187896028357e+01
4.693715594332417851e+01 4.985040897596248044e+01
4.693715594332417851e+01 4.560991483539918789e+01
4.693715594332417851e+01 5.723717458524824053e+01
4.693715594332417851e+01 4.611431772579987864e+01
4.693715594332417851e+01 5.277583216311444403e+01
4.693715594332417851e+01 4.701150623660752359e+01
4.693715594332417851e+01 4.606438843374762371e+01
4.693715594332417851e+01 5.000828106746023849e+01
4.693715594332417851e+01 4.199907755179158642e+01
4.693715594332417851e+01 4.493947891442095255e+01
4.693715594332417851e+01 4.923359210563697985e+01
4.693715594332417851e+01 4.759432098121947519e+01
4.693715594332417851e+01 5.074102552551195799e+01
4.693715594332417851e+01 4.716472232831736733e+01
4.693715594332417851e+01 5.060863826892842354e+01
4.693715594332417851e+01 5.031782647163302613e+01
4.693715594332417851e+01 4.077303570215187989e+01
4.693715594332417851e+01 4.617586086161297487e+01
4.693715594332417851e+01 4.377628610953269828e+01
4.693715594332417851e+01 4.392212070428855242e+01
4.693715594332417851e+01 4.027908771431064139e+01
4.693715594332417851e+01 3.981403244662686802e+01
4.693715594332417851e+01 4.066337828676059729e+01
4.693715594332417851e+01 4.521664585962010108e+01
4.693715594332417851e+01 4.762966576393689877e+01
4.693715594332417851e+01 4.053870004906173818e+01
4.693715594332417851e+01 4.185231477996551774e+01
4.693715594332417851e+01 4.740196729740139148e+01
4.693715594332417851e+01 5.168108072311095924e+01
4.693715594332417851e+01 4.709326284351265457e+01
4.693715594332417851e+01 4.806101292536565239e+01
4.693715594332417851e+01 4.364217736970510231e+01
4.693715594332417851e+01 5.124869337773196776e+01
4.693715594332417851e+01 4.524615167226828305e+01
4.693715594332417851e+01 4.985014138743375156e+01
4.693715594332417851e+01 4.652448625755830136e+01
4.693715594332417851e+01 4.632136879479002545e+01
4.693715594332417851e+01 4.842927124697140329e+01
4.693715594332417851e+01 4.735727139558208876e+01
4.693715594332417851e+01 4.250347946431556778e+01
4.693715594332417851e+01 4.464776918181982523e+01
4.693715594332417851e+01 5.081258997000738020e+01
4.693715594332417851e+01 5.257201543042944536e+01
4.693715594332417851e+01 4.948083045880680686e+01
4.693715594332417851e+01 4.372698587559803940e+01
4.693715594332417851e+01 4.857254568872141931e+01
4.693715594332417851e+01 4.655884161033021940e+01
4.693715594332417851e+01 4.343838363159939320e+01
4.693715594332417851e+01 4.436391349548274832e+01
4.693715594332417851e+01 5.017493786852992343e+01
4.693715594332417851e+01 4.543636803432121951e+01
4.693715594332417851e+01 4.291758430114621348e+01
4.693715594332417851e+01 4.238497116027463818e+01
4.693715594332417851e+01 4.546474140435437761e+01
4.693715594332417851e+01 4.465442360803728405e+01
4.693715594332417851e+01 4.855310222640659390e+01
4.693715594332417851e+01 5.018704712034398341e+01
4.693715594332417851e+01 4.831267969880337887e+01
4.693715594332417851e+01 4.861100269459602430e+01
4.693715594332417851e+01 4.534721278903229802e+01
4.693715594332417851e+01 4.838270979766439694e+01
4.693715594332417851e+01 5.024430786900021673e+01
4.693715594332417851e+01 4.527296052062075660e+01
4.693715594332417851e+01 4.589864352217781374e+01
4.693715594332417851e+01 4.487185682384660623e+01
4.693715594332417851e+01 4.674753115200141451e+01
4.693715594332417851e+01 4.734614603397343302e+01
4.693715594332417851e+01 4.718835769900078247e+01
4.693715594332417851e+01 4.129162929307578622e+01
4.693715594332417851e+01 4.748392083408965192e+01
4.693715594332417851e+01 4.957057141003645739e+01
4.693715594332417851e+01 4.507532285206965383e+01
4.693715594332417851e+01 4.570421516591379429e+01
4.693715594332417851e+01 4.817688146995624976e+01
4.693715594332417851e+01 4.521050352222341218e+01
4.693715594332417851e+01 4.271332055403083672e+01
4.693715594332417851e+01 4.664371419066075930e+01
4.693715594332417851e+01 4.357618569458593782e+01
4.693715594332417851e+01 4.765012781045973611e+01
4.693715594332417851e+01 4.866880395338414900e+01
4.693715594332417851e+01 4.515793660987846181e+01
4.693715594332417851e+01 4.769153688739248764e+01
4.693715594332417851e+01 4.171467208554309991e+01
4.693715594332417851e+01 5.070782486481429885e+01
4.693715594332417851e+01 5.013448459860536133e+01
4.693715594332417851e+01 4.804195638701024507e+01
4.693715594332417851e+01 4.764060550959949580e+01
4.693715594332417851e+01 4.781515883800835809e+01
4.693715594332417851e+01 4.626705347378211997e+01
4.693715594332417851e+01 4.662211140616300753e+01
4.693715594332417851e+01 4.502163161950574022e+01
4.693715594332417851e+01 4.461191427217326577e+01
4.693715594332417851e+01 5.157385812529591362e+01
4.693715594332417851e+01 4.088765261607181145e+01
4.693715594332417851e+01 4.185830897786571825e+01
4.693715594332417851e+01 5.525214691771469688e+01
4.693715594332417851e+01 4.540548202878348150e+01
4.693715594332417851e+01 4.757186314956789630e+01
4.693715594332417851e+01 4.252240585468074130e+01
4.693715594332417851e+01 4.745980751312950474e+01
4.693715594332417851e+01 4.798787532914838039e+01
4.693715594332417851e+01 4.569439710946630129e+01
4.693715594332417851e+01 4.241031813524607230e+01
4.693715594332417851e+01 5.251266883470812274e+01
4.693715594332417851e+01 4.332080057549589469e+01
4.693715594332417851e+01 4.620952180058539227e+01
4.693715594332417851e+01 4.239930562792312685e+01
4.693715594332417851e+01 4.507507149307638628e+01
4.693715594332417851e+01 5.284167901249767851e+01
4.693715594332417851e+01 4.421964773931303228e+01
4.693715594332417851e+01 4.637958547767911455e+01
4.693715594332417851e+01 4.424718889611182959e+01
4.693715594332417851e+01 4.867830877603814344e+01
4.693715594332417851e+01 4.917039803509413787e+01
4.693715594332417851e+01 4.615952321419065640e+01
4.693715594332417851e+01 4.976228556121382240e+01
4.693715594332417851e+01 4.782495750610149798e+01
4.693715594332417851e+01 4.415328139299560917e+01
4.693715594332417851e+01 5.232750772800375216e+01
4.693715594332417851e+01 4.982142555349025770e+01
4.693715594332417851e+01 4.601381413974493029e+01
4.693715594332417851e+01 4.689239491084687472e+01
4.693715594332417851e+01 4.105829886736503198e+01
4.693715594332417851e+01 4.894516265972257685e+01
4.693715594332417851e+01 4.811048091254308190e+01
4.693715594332417851e+01 5.331793452918014964e+01
4.693715594332417851e+01 4.794268159314579947e+01
4.693715594332417851e+01 4.603270110294925388e+01
4.693715594332417851e+01 4.462734472618537040e+01
4.693715594332417851e+01 4.521658490045899725e+01
4.693715594332417851e+01 5.127453761944440203e+01
4.693715594332417851e+01 5.272627499875710555e+01
4.693715594332417851e+01 4.613644425415719752e+01
4.693715594332417851e+01 4.839152187966053020e+01
4.693715594332417851e+01 4.262783421378777149e+01
4.693715594332417851e+01 4.471130104762738000e+01
4.693715594332417851e+01 4.679085054281070910e+01
4.693715594332417851e+01 4.176160439620694831e+01
4.693715594332417851e+01 4.588824923423273106e+01
4.693715594332417851e+01 5.199126772875130342e+01
4.693715594332417851e+01 4.270792772521699021e+01
4.693715594332417851e+01 4.401994717736879181e+01
4.693715594332417851e+01 5.078502538344080364e+01
4.693715594332417851e+01 4.593233735643180893e+01
4.693715594332417851e+01 4.461200231824947338e+01
4.693715594332417851e+01 4.724249320161578680e+01
4.693715594332417851e+01 4.449030529068802764e+01
4.693715594332417851e+01 4.534867950094717770e+01
4.693715594332417851e+01 4.408398424253640968e+01
4.693715594332417851e+01 5.047974170233235469e+01
4.693715594332417851e+01 4.593301777315082290e+01
4.693715594332417851e+01 4.461029596382584117e+01
4.693715594332417851e+01 5.387015160444045847e+01
4.693715594332417851e+01 4.770774782685477078e+01
4.693715594332417851e+01 4.166551696883276890e+01
4.693715594332417851e+01 4.086758543315921344e+01
4.693715594332417851e+01 4.937524385717394182e+01
4.693715594332417851e+01 5.338578953987917686e+01
4.693715594332417851e+01 4.592187225280811447e+01
4.693715594332417851e+01 4.809299023189349498e+01
4.693715594332417851e+01 5.094693931913361240e+01
4.693715594332417851e+01 4.575973380019030401e+01
4.693715594332417851e+01 4.823557134715398576e+01
4.693715594332417851e+01 4.467744092467621186e+01
4.693715594332417851e+01 4.819490310991096038e+01
4.693715594332417851e+01 4.364599914148934090e+01
4.693715594332417851e+01 5.089780474209493377e+01
4.693715594332417851e+01 4.660192316053734629e+01
4.693715594332417851e+01 4.611746080157590910e+01
4.693715594332417851e+01 4.930473724481477404e+01
4.693715594332417851e+01 4.483527935735877890e+01
4.693715594332417851e+01 4.911158663284258097e+01
4.693715594332417851e+01 4.522759705321387003e+01
4.693715594332417851e+01 5.154416852211696209e+01
4.693715594332417851e+01 4.694704757732612421e+01
4.693715594332417851e+01 4.764366916239772110e+01
4.693715594332417851e+01 4.997926460607803278e+01
4.693715594332417851e+01 4.154979518352384105e+01
4.693715594332417851e+01 4.649835105930244339e+01
4.693715594332417851e+01 4.093740222421158137e+01
4.693715594332417851e+01 4.567893493273523120e+01
4.693715594332417851e+01 4.825428428198193842e+01
4.693715594332417851e+01 4.797255784471589379e+01
4.693715594332417851e+01 4.521758786762829629e+01
4.693715594332417851e+01 4.744495980786237510e+01
4.693715594332417851e+01 5.003254578954717147e+01
4.693715594332417851e+01 4.603714969442810911e+01
4.693715594332417851e+01 4.009971215282499202e+01
4.693715594332417851e+01 4.088374978471167509e+01
4.693715594332417851e+01 4.471785436594915097e+01
4.693715594332417851e+01 4.456817928420521469e+01
4.693715594332417851e+01 4.807113204898566750e+01
4.693715594332417851e+01 4.253412477082672183e+01
4.693715594332417851e+01 4.995826333180610845e+01
4.693715594332417851e+01 5.482266309465590126e+01
4.693715594332417851e+01 5.162553932033247861e+01
4.693715594332417851e+01 5.171629860449806415e+01
4.693715594332417851e+01 4.597616337457414204e+01
4.693715594332417851e+01 4.645009960721807829e+01
4.693715594332417851e+01 5.383155450669013220e+01
4.693715594332417851e+01 4.596223339835142951e+01
4.693715594332417851e+01 4.867826567523244563e+01
4.693715594332417851e+01 4.618207047037758173e+01
4.693715594332417851e+01 4.368426673170208829e+01
4.693715594332417851e+01 4.712743045012811649e+01
4.693715594332417851e+01 4.668436506487336146e+01
4.693715594332417851e+01 4.870662642030929135e+01
4.693715594332417851e+01 4.940094996073815992e+01
4.693715594332417851e+01 4.669380314565190560e+01
4.693715594332417851e+01 5.060482752661369688e+01
4.693715594332417851e+01 4.948990267587579694e+01
4.693715594332417851e+01 5.202368297311838319e+01
4.693715594332417851e+01 4.859081122964236243e+01
4.693715594332417851e+01 4.342519834112683697e+01
4.693715594332417851e+01 4.040454314919521295e+01
4.693715594332417851e+01 4.613266260482020442e+01
4.693715594332417851e+01 4.269065906278767386e+01
4.693715594332417851e+01 4.579039420607848854e+01
4.693715594332417851e+01 5.074528224759021100e+01
4.693715594332417851e+01 4.493161504873503276e+01
4.693715594332417851e+01 4.663174965146849615e+01
4.693715594332417851e+01 4.550890988916008695e+01
4.693715594332417851e+01 4.565489268113160648e+01
4.693715594332417851e+01 4.967575250678595467e+01
4.693715594332417851e+01 4.769281469182610067e+01
4.693715594332417851e+01 4.476217848240079888e+01
4.693715594332417851e+01 5.094267358294923298e+01
4.693715594332417851e+01 4.577694318449662347e+01
4.693715594332417851e+01 4.438386436590150197e+01
4.693715594332417851e+01 4.737565240353674767e+01
4.693715594332417851e+01 4.517817570257415838e+01
4.693715594332417851e+01 5.061271693064145438e+01
4.693715594332417851e+01 4.489996817231144632e+01
4.693715594332417851e+01 4.450106168810444274e+01
4.693715594332417851e+01 4.627754746410136732e+01
4.693715594332417851e+01 4.446860282822758847e+01
4.693715594332417851e+01 4.893353699012458691e+01
4.693715594332417851e+01 5.320814107142276583e+01
4.693715594332417851e+01 4.707213362493192221e+01
4.693715594332417851e+01 4.105355291242108962e+01
4.693715594332417851e+01 4.540852599506149545e+01
4.693715594332417851e+01 4.442439439837319526e+01
4.693715594332417851e+01 4.093863859469730215e+01
4.693715594332417851e+01 4.707496225398776346e+01
4.693715594332417851e+01 4.791393390610454617e+01
4.693715594332417851e+01 4.527353697463599502e+01
4.693715594332417851e+01 4.889500861287098132e+01
4.693715594332417851e+01 4.482014244631233169e+01
4.693715594332417851e+01 5.081025216466969141e+01
4.693715594332417851e+01 4.490000127294401722e+01
4.693715594332417851e+01 5.186684520317243141e+01
4.693715594332417851e+01 4.089960532376777991e+01
4.693715594332417851e+01 4.660443763984940801e+01
4.693715594332417851e+01 3.813041131617454482e+01
4.693715594332417851e+01 4.743035178960656850e+01
4.693715594332417851e+01 4.220858514874736045e+01
4.693715594332417851e+01 4.726526055861222630e+01
4.693715594332417851e+01 4.752829872433898828e+01
4.693715594332417851e+01 4.258579142005798701e+01
4.693715594332417851e+01 4.373754874524672687e+01
4.693715594332417851e+01 4.497432834157496018e+01
4.693715594332417851e+01 4.487260906120648940e+01
4.693715594332417851e+01 4.185622888505752570e+01
4.693715594332417851e+01 4.843169495982930783e+01
4.693715594332417851e+01 4.172105673377475910e+01
4.693715594332417851e+01 4.447828067647363071e+01
4.693715594332417851e+01 4.337185239223813227e+01
4.693715594332417851e+01 4.520750834651357053e+01
4.693715594332417851e+01 4.871948992670671430e+01
4.693715594332417851e+01 3.996837010841768034e+01
4.693715594332417851e+01 4.564053429118288108e+01
4.693715594332417851e+01 4.143192830808975913e+01
4.693715594332417851e+01 4.974443854130571196e+01
4.693715594332417851e+01 4.993719219960997435e+01
4.693715594332417851e+01 4.687366531482381049e+01
4.693715594332417851e+01 4.000487968679245654e+01
4.693715594332417851e+01 4.619201054472646462e+01
4.693715594332417851e+01 4.705833757784927229e+01
4.693715594332417851e+01 4.410889124944416295e+01
4.693715594332417851e+01 5.037296505412378878e+01
4.693715594332417851e+01 4.329731466756064862e+01
4.693715594332417851e+01 5.086555219612936440e+01
4.693715594332417851e+01 4.732099682491362813e+01
4.693715594332417851e+01 4.876475972892016841e+01
4.693715594332417851e+01 4.429167940172447970e+01
4.693715594332417851e+01 4.819668007264669995e+01
4.693715594332417851e+01 4.547429117697745937e+01
4.693715594332417851e+01 4.559397468731343395e+01
4.693715594332417851e+01 4.871785710037529782e+01
4.693715594332417851e+01 4.810377706883024729e+01
4.693715594332417851e+01 4.481586491921472515e+01
4.693715594332417851e+01 4.726921953407064336e+01
4.693715594332417851e+01 4.731814906403059240e+01
4.693715594332417851e+01 4.540610460176353058e+01
4.693715594332417851e+01 4.397386002915135350e+01
4.693715594332417851e+01 5.019938991727967448e+01
4.693715594332417851e+01 4.828282252189465140e+01
4.693715594332417851e+01 4.587991745086193163e+01
4.693715594332417851e+01 4.494095824467685674e+01
4.693715594332417851e+01 4.263110050690200836e+01
4.693715594332417851e+01 5.384670532162178347e+01
4.693715594332417851e+01 4.445101571551009556e+01
4.693715594332417851e+01 4.303646007972605503e+01
4.693715594332417851e+01 4.553993670093301915e+01
4.693715594332417851e+01 4.488660634819295581e+01
4.693715594332417851e+01 4.521592126823431812e+01
4.693715594332417851e+01 4.752979662960298413e+01
4.693715594332417851e+01 4.965666986606512268e+01
4.693715594332417851e+01 4.580223714031257032e+01
4.693715594332417851e+01 5.056386264691954580e+01
4.693715594332417851e+01 4.027765119067645117e+01
4.693715594332417851e+01 4.981929601336155855e+01
4.693715594332417851e+01 5.013036241851590802e+01
4.693715594332417851e+01 4.801776313780821681e+01
4.693715594332417851e+01 4.887962917349687331e+01
4.693715594332417851e+01 4.672621399461016267e+01
4.693715594332417851e+01 4.155444672507225334e+01
4.693715594332417851e+01 4.709948266615686663e+01
4.693715594332417851e+01 4.604716644204834353e+01
4.693715594332417851e+01 5.003511439252174142e+01
4.693715594332417851e+01 4.622491030658191846e+01
4.693715594332417851e+01 4.624009530750805652e+01
4.693715594332417851e+01 4.058502342102249116e+01
4.693715594332417851e+01 4.872339844752375626e+01
4.693715594332417851e+01 4.984897005241890611e+01
4.693715594332417851e+01 4.729530693843792477e+01
4.693715594332417851e+01 4.550146386869353421e+01
4.693715594332417851e+01 4.516157037369257665e+01
4.693715594332417851e+01 4.747810175345179573e+01
4.693715594332417851e+01 4.611500451543666657e+01
4.693715594332417851e+01 4.506487593046993112e+01
4.693715594332417851e+01 4.942169489406399663e+01
4.693715594332417851e+01 4.551502412948112664e+01
4.693715594332417851e+01 4.331931380451284497e+01
4.693715594332417851e+01 4.273141365639474998e+01
4.693715594332417851e+01 4.621137691957547844e+01
4.693715594332417851e+01 4.636701749266786976e+01
4.693715594332417851e+01 4.961785941062547067e+01
4.693715594332417851e+01 4.743874419647272589e+01
4.693715594332417851e+01 4.439235451595339299e+01
4.693715594332417851e+01 4.761586754497524510e+01
4.693715594332417851e+01 4.567925490525688303e+01
4.693715594332417851e+01 4.423165058557722773e+01
4.693715594332417851e+01 4.724686863459911024e+01
4.693715594332417851e+01 4.348515207336355104e+01
4.693715594332417851e+01 4.841676647464461780e+01
4.693715594332417851e+01 5.293477346452039711e+01
4.693715594332417851e+01 4.169501948415167192e+01
4.693715594332417851e+01 4.473507153113528290e+01
4.693715594332417851e+01 4.238842515785334086e+01
4.693715594332417851e+01 4.921318869039911448e+01
4.693715594332417851e+01 5.072193190332757240e+01
4.693715594332417851e+01 4.464398566202186203e+01
4.693715594332417851e+01 4.490690662613151574e+01
4.693715594332417851e+01 4.539985431323704290e+01
4.693715594332417851e+01 4.728145425382027156e+01
4.693715594332417851e+01 4.803181229886673975e+01
4.693715594332417851e+01 4.940346311403483526e+01
4.693715594332417851e+01 4.365108638864109025e+01
4.693715594332417851e+01 4.786793909894638688e+01
4.693715594332417851e+01 4.309211612086065202e+01
4.693715594332417851e+01 4.584327622624129361e+01
4.693715594332417851e+01 4.673209046888231200e+01
4.693715594332417851e+01 4.229815502258255577e+01
4.693715594332417851e+01 4.231754177728558375e+01
4.693715594332417851e+01 4.762248280638839049e+01
4.693715594332417851e+01 5.217546248881644289e+01
4.693715594332417851e+01 4.314144788660058794e+01
4.693715594332417851e+01 4.517824001141664070e+01
4.693715594332417851e+01 4.380374741244499859e+01
4.693715594332417851e+01 4.503613291595219437e+01
4.693715594332417851e+01 4.774357427413559662e+01
4.693715594332417851e+01 5.047587440364664957e+01
4.693715594332417851e+01 4.433615547888133790e+01
4.693715594332417851e+01 4.565526642190597073e+01
4.693715594332417851e+01 4.228229891863069412e+01
4.693715594332417851e+01 4.529450942867202912e+01
4.693715594332417851e+01 4.520446730644588484e+01
4.693715594332417851e+01 4.597982175491660684e+01
4.693715594332417851e+01 4.406017207786071310e+01
4.693715594332417851e+01 4.770540634300067495e+01
4.693715594332417851e+01 4.395488641158503640e+01
4.693715594332417851e+01 4.691187319712776826e+01
4.693715594332417851e+01 5.369662984192751765e+01
4.693715594332417851e+01 4.895164567551537260e+01
4.693715594332417851e+01 5.054863791924406513e+01
4.693715594332417851e+01 4.736576598167283692e+01
4.693715594332417851e+01 4.571059599269489837e+01
4.693715594332417851e+01 4.360196579969227315e+01
4.693715594332417851e+01 4.660052638466248709e+01
4.693715594332417851e+01 5.158936716700566905e+01
4.693715594332417851e+01 4.387301369424400832e+01
4.693715594332417851e+01 4.460430750109424025e+01
4.693715594332417851e+01 5.158711429244226565e+01
4.693715594332417851e+01 4.732650290479085697e+01
4.693715594332417851e+01 4.347926803145608687e+01
4.693715594332417851e+01 5.032870230364464703e+01
4.693715594332417851e+01 4.488868557322211217e+01
4.693715594332417851e+01 4.760686216960102968e+01
4.693715594332417851e+01 4.877116291845375429e+01
4.693715594332417851e+01 4.936502504805821445e+01
4.693715594332417851e+01 4.657723496018674325e+01
4.693715594332417851e+01 4.800577138935953059e+01
4.693715594332417851e+01 4.375413377468433396e+01
4.693715594332417851e+01 4.934217006641807046e+01
4.693715594332417851e+01 4.531595345038036982e+01
4.693715594332417851e+01 4.931086563228881658e+01
4.693715594332417851e+01 4.110299463340089687e+01
4.693715594332417851e+01 4.646189842826372285e+01
4.693715594332417851e+01 4.490866351920917765e+01
4.693715594332417851e+01 5.221055438064770016e+01
4.693715594332417851e+01 4.312941105726333291e+01
4.693715594332417851e+01 5.239612364854766469e+01
4.693715594332417851e+01 4.277824254358785794e+01
4.693715594332417851e+01 4.750859904825872349e+01
4.693715594332417851e+01 5.193575237321327620e+01
4.693715594332417851e+01 4.644258145354325507e+01
4.693715594332417851e+01 4.343589285239800546e+01
4.693715594332417851e+01 4.564059963821927113e+01
4.693715594332417851e+01 4.447657236332458552e+01
4.693715594332417851e+01 4.688830488639773364e+01
4.693715594332417851e+01 4.480470585955649199e+01
4.693715594332417851e+01 4.772630556890487696e+01
4.693715594332417851e+01 4.131792049851164705e+01
4.693715594332417851e+01 4.273250950035274087e+01
4.693715594332417851e+01 4.539514511394253304e+01
4.693715594332417851e+01 4.598597898939338791e+01
4.693715594332417851e+01 4.977023212497755367e+01
4.693715594332417851e+01 4.944849852888459907e+01
4.693715594332417851e+01 4.471215535619165848e+01
4.693715594332417851e+01 4.663095866019619962e+01
4.693715594332417851e+01 4.000041850652262809e+01
4.693715594332417851e+01 5.217779075288009238e+01
4.693715594332417851e+01 4.642691704878313885e+01
4.693715594332417851e+01 4.529310920813156116e+01
4.693715594332417851e+01 4.662635094825957083e+01
4.693715594332417851e+01 4.838493407516549638e+01
4.693715594332417851e+01 4.670076745653503991e+01
4.693715594332417851e+01 3.924533280152699888e+01
4.693715594332417851e+01 4.937642418138042899e+01
4.693715594332417851e+01 4.905784338210514051e+01
4.693715594332417851e+01 4.712369357924016100e+01
4.693715594332417851e+01 4.237458632126539015e+01
4.693715594332417851e+01 4.311991481898036227e+01
4.693715594332417851e+01 4.769432679907265538e+01
4.693715594332417851e+01 4.500053772568587362e+01
4.693715594332417851e+01 5.160337437719743292e+01
4.693715594332417851e+01 4.052682027676821974e+01
4.693715594332417851e+01 4.652223279847349602e+01
4.693715594332417851e+01 4.429218244961232642e+01
4.693715594332417851e+01 4.823930822325462486e+01
4.693715594332417851e+01 4.700126534637548303e+01
4.693715594332417851e+01 4.718751586274159848e+01
4.693715594332417851e+01 4.224600210171701065e+01
4.693715594332417851e+01 4.430361845005657528e+01
4.693715594332417851e+01 4.316782158670286407e+01
4.693715594332417851e+01 4.516958870496041811e+01
4.693715594332417851e+01 4.490737293181351930e+01
4.693715594332417851e+01 4.575466315694880848e+01
4.693715594332417851e+01 4.520080710770468357e+01
4.693715594332417851e+01 5.103651538912627927e+01
4.693715594332417851e+01 4.745838357556858966e+01
4.693715594332417851e+01 4.779540446886283434e+01
4.693715594332417851e+01 4.247175177711743999e+01
4.693715594332417851e+01 4.520986217982383693e+01
4.693715594332417851e+01 4.801787406787222068e+01
4.693715594332417851e+01 4.521785290958987247e+01
4.693715594332417851e+01 4.506237224035442779e+01
4.693715594332417851e+01 4.768222902957172948e+01
4.693715594332417851e+01 4.484363209826125285e+01
4.693715594332417851e+01 4.992652330669741900e+01
4.693715594332417851e+01 4.943698969335328286e+01
4.693715594332417851e+01 4.410016584899885572e+01
4.693715594332417851e+01 5.401893078883470167e+01
4.693715594332417851e+01 4.340331092146811187e+01
4.693715594332417851e+01 4.899957747618532267e+01
4.693715594332417851e+01 4.181692383079786168e+01
4.693715594332417851e+01 4.644753102940924805e+01
4.693715594332417851e+01 5.399321637662153961e+01
4.693715594332417851e+01 5.063212641347055154e+01
4.693715594332417851e+01 4.377953070938967528e+01
4.693715594332417851e+01 5.070374416926030392e+01
4.693715594332417851e+01 4.116568014428238342e+01
4.693715594332417851e+01 4.536577877920176149e+01
4.693715594332417851e+01 4.436567533861611423e+01
4.693715594332417851e+01 4.742419455686709284e+01
4.693715594332417851e+01 4.366868264946808864e+01
4.693715594332417851e+01 4.258663069830733150e+01
4.693715594332417851e+01 5.096415735934230895e+01
4.693715594332417851e+01 4.592902951764978070e+01
4.693715594332417851e+01 4.692427544209948564e+01
4.693715594332417851e+01 4.467547522851163677e+01
4.693715594332417851e+01 4.768017439552725989e+01
4.693715594332417851e+01 4.853712285405540428e+01
4.693715594332417851e+01 4.710820972497149484e+01
4.693715594332417851e+01 4.471153596933861252e+01
4.693715594332417851e+01 4.474583498927562175e+01
4.693715594332417851e+01 4.731839350902635744e+01
4.693715594332417851e+01 4.491334829785914451e+01
4.693715594332417851e+01 5.012209992903866862e+01
4.693715594332417851e+01 4.680087449487930940e+01
4.693715594332417851e+01 5.111190604344402999e+01
4.693715594332417851e+01 4.791574947501369763e+01
4.693715594332417851e+01 4.747479027214301794e+01
4.693715594332417851e+01 4.101138031183189980e+01
4.693715594332417851e+01 4.055141336899249893e+01
4.693715594332417851e+01 4.801171750438557950e+01
4.693715594332417851e+01 4.247170548146885238e+01
4.693715594332417851e+01 4.573723334665807982e+01
4.693715594332417851e+01 4.913165991487447570e+01
4.693715594332417851e+01 4.814652926650984455e+01
4.693715594332417851e+01 4.449253469851792175e+01
4.693715594332417851e+01 4.621345608953529194e+01
4.693715594332417851e+01 3.977010591121755567e+01
4.693715594332417851e+01 4.560387521854953263e+01
4.693715594332417851e+01 4.200885991992236512e+01
4.693715594332417851e+01 4.221381744398023272e+01
4.693715594332417851e+01 4.616913634126387223e+01
4.693715594332417851e+01 4.411914163404157563e+01
4.693715594332417851e+01 4.328095420020070350e+01
4.693715594332417851e+01 4.675071261910122189e+01
4.693715594332417851e+01 4.435808346901143295e+01
4.693715594332417851e+01 4.438989505033536176e+01
4.693715594332417851e+01 4.703659553360139967e+01
4.693715594332417851e+01 4.962562076395504107e+01
4.693715594332417851e+01 4.726376210117859245e+01
4.693715594332417851e+01 4.509001358031035522e+01
4.693715594332417851e+01 4.295378212277488217e+01
4.693715594332417851e+01 4.265869319088390910e+01
4.693715594332417851e+01 4.860631273003299668e+01
4.693715594332417851e+01 4.493507462896042171e+01
4.693715594332417851e+01 4.302328073091102567e+01
4.693715594332417851e+01 4.634082165010470789e+01
4.693715594332417851e+01 4.563899972013746265e+01
4.693715594332417851e+01 5.212599457749251997e+01
4.693715594332417851e+01 4.745170531753609566e+01
4.693715594332417851e+01 4.478850005483619157e+01
4.693715594332417851e+01 4.380950651468030799e+01
4.693715594332417851e+01 4.684273201390533359e+01
4.693715594332417851e+01 5.072242959567704901e+01
4.693715594332417851e+01 4.638706071055038649e+01
4.693715594332417851e+01 4.128789505579075580e+01
4.693715594332417851e+01 4.344125574403203416e+01
4.693715594332417851e+01 4.341287135622534521e+01
4.693715594332417851e+01 4.179930479714133185e+01
4.693715594332417851e+01 4.874610864175668468e+01
4.693715594332417851e+01 4.795362029857768960e+01
4.693715594332417851e+01 4.672905135509351027e+01
4.693715594332417851e+01 4.445045106266994139e+01
4.693715594332417851e+01 4.435880502971408390e+01
4.693715594332417851e+01 5.075749473162331782e+01
4.693715594332417851e+01 4.370961353322593368e+01
4.693715594332417851e+01 4.504713229318058154e+01
4.693715594332417851e+01 4.649987316275218774e+01
4.693715594332417851e+01 4.782961239333616987e+01
4.693715594332417851e+01 4.344439903273807602e+01
4.693715594332417851e+01 4.248337829348964334e+01
4.693715594332417851e+01 4.509874898368875051e+01
4.693715594332417851e+01 3.607299287515127162e+01
4.693715594332417851e+01 4.145068354548083533e+01
4.693715594332417851e+01 4.525239046492536943e+01
4.693715594332417851e+01 4.867750886934916110e+01
4.693715594332417851e+01 4.886862658388386649e+01
4.693715594332417851e+01 4.880562034648135494e+01
4.693715594332417851e+01 4.135836404143725531e+01
4.693715594332417851e+01 4.000546993950712960e+01
4.693715594332417851e+01 4.996933408854209802e+01
4.693715594332417851e+01 4.512534803692956586e+01
4.693715594332417851e+01 4.653297893118372741e+01
4.693715594332417851e+01 4.373065402649431377e+01
4.693715594332417851e+01 4.745964402039455621e+01
4.693715594332417851e+01 4.182371506504596681e+01
4.693715594332417851e+01 4.484361538028515071e+01
4.693715594332417851e+01 4.550692328884707649e+01
4.693715594332417851e+01 4.806036257845833859e+01
4.693715594332417851e+01 4.850114459139219747e+01
4.693715594332417851e+01 4.468643146110286324e+01
4.693715594332417851e+01 4.751637453034748404e+01
4.693715594332417851e+01 4.292129090620288423e+01
4.693715594332417851e+01 4.782297796039033244e+01
4.693715594332417851e+01 4.604308902772899614e+01
4.693715594332417851e+01 4.122793713962025919e+01
4.693715594332417851e+01 4.646845090788637123e+01
4.693715594332417851e+01 4.263211343177956536e+01
4.693715594332417851e+01 5.246949188185242718e+01
4.693715594332417851e+01 4.666604482205478632e+01
4.693715594332417851e+01 5.185886559200775991e+01
4.693715594332417851e+01 4.647198491995174408e+01
4.693715594332417851e+01 3.984500892476873446e+01
4.693715594332417851e+01 4.483225152378088296e+01
4.693715594332417851e+01 4.291302518606728000e+01
4.693715594332417851e+01 4.858512670760406138e+01
4.693715594332417851e+01 5.074281677108184851e+01
4.693715594332417851e+01 5.073390741902927203e+01
4.693715594332417851e+01 4.457446284113080281e+01
4.693715594332417851e+01 4.927141260144276202e+01
4.693715594332417851e+01 4.272154547838950833e+01
4.693715594332417851e+01 4.959772006161121993e+01
4.693715594332417851e+01 4.680943116770320245e+01
4.693715594332417851e+01 5.085309409664719027e+01
4.693715594332417851e+01 4.493307984741462491e+01
4.693715594332417851e+01 4.912833850725599660e+01
4.693715594332417851e+01 4.359092555844588901e+01
4.693715594332417851e+01 4.730285901104587509e+01
4.693715594332417851e+01 4.531710853915325288e+01
4.693715594332417851e+01 4.670848195695254645e+01
4.693715594332417851e+01 4.755000384919360812e+01
4.693715594332417851e+01 4.617394601648692287e+01
4.693715594332417851e+01 4.139620884251404931e+01
4.693715594332417851e+01 5.129923455489097961e+01
4.693715594332417851e+01 5.123147784664502069e+01
4.693715594332417851e+01 4.162807485099597216e+01
4.693715594332417851e+01 4.784200660245076620e+01
4.693715594332417851e+01 4.882011738693721981e+01
4.693715594332417851e+01 4.352435380739505888e+01
4.693715594332417851e+01 4.575591714510250796e+01
4.693715594332417851e+01 4.707180365266280830e+01
4.693715594332417851e+01 5.087106300761960398e+01
4.693715594332417851e+01 4.553069005344133302e+01
4.693715594332417851e+01 4.219932919243182567e+01
4.693715594332417851e+01 4.301301619536297949e+01
4.693715594332417851e+01 4.874004824737930619e+01
4.693715594332417851e+01 4.585359879774057390e+01
4.693715594332417851e+01 4.590780343060269075e+01
4.693715594332417851e+01 4.524964813508151451e+01
4.693715594332417851e+01 4.888416729761739532e+01
4.693715594332417851e+01 4.435171931113630706e+01
4.693715594332417851e+01 4.689604204589841174e+01
4.693715594332417851e+01 4.359922615969009740e+01
4.693715594332417851e+01 4.007526712521143253e+01
4.693715594332417851e+01 4.741249256283194313e+01
4.693715594332417851e+01 3.955229220290488001e+01
4.693715594332417851e+01 4.465815179053124950e+01
4.693715594332417851e+01 4.169436188306560354e+01
4.693715594332417851e+01 4.046760384645583741e+01
4.693715594332417851e+01 4.837722951124574422e+01
4.693715594332417851e+01 4.739850903385109859e+01
4.693715594332417851e+01 4.101843573699574819e+01
4.693715594332417851e+01 4.470313129620919312e+01
4.693715594332417851e+01 4.173647029700811117e+01
4.693715594332417851e+01 4.353480470411930980e+01
4.693715594332417851e+01 4.748436395284024059e+01
4.693715594332417851e+01 4.212488180600771415e+01
4.693715594332417851e+01 4.937783530077647498e+01
4.693715594332417851e+01 4.766627450500053698e+01
4.693715594332417851e+01 4.537790418705682782e+01
4.693715594332417851e+01 4.475065945990637317e+01
4.693715594332417851e+01 5.247372359166018896e+01
4.693715594332417851e+01 4.702098066478791338e+01
4.693715594332417851e+01 4.575045154722336349e+01
4.693715594332417851e+01 4.341662573407691639e+01
4.693715594332417851e+01 3.746222516651447165e+01
4.693715594332417851e+01 4.382510265905404623e+01
4.693715594332417851e+01 4.196883154971970953e+01
4.693715594332417851e+01 4.763895764672759015e+01
4.693715594332417851e+01 4.556146436752317896e+01
4.693715594332417851e+01 5.604558205817630778e+01
4.693715594332417851e+01 5.142897429335080517e+01
4.693715594332417851e+01 4.853336735342811892e+01
4.693715594332417851e+01 4.765713589237235936e+01
4.693715594332417851e+01 4.568830090083471163e+01
4.693715594332417851e+01 4.732989195621478729e+01
4.693715594332417851e+01 4.404451252772617664e+01
4.693715594332417851e+01 4.445464849057811563e+01
4.693715594332417851e+01 3.912946109686504315e+01
4.693715594332417851e+01 4.785715235748588015e+01
4.693715594332417851e+01 4.603088380707583838e+01
4.693715594332417851e+01 4.736913639985292690e+01
4.693715594332417851e+01 4.329321815649912253e+01
4.693715594332417851e+01 4.692844574564821158e+01
4.693715594332417851e+01 4.554862478699107697e+01
4.693715594332417851e+01 4.978897321934449138e+01
4.693715594332417851e+01 5.207743968922790145e+01
4.693715594332417851e+01 4.474207274980365412e+01
4.693715594332417851e+01 4.672739773356986603e+01
4.693715594332417851e+01 5.042330452458286061e+01
4.693715594332417851e+01 4.250876884849006387e+01
4.693715594332417851e+01 4.533698155237284055e+01
4.693715594332417851e+01 4.572109161768452168e+01
4.693715594332417851e+01 4.609997373611302152e+01
4.693715594332417851e+01 4.789833661562204270e+01
4.693715594332417851e+01 5.239727867815326334e+01
4.693715594332417851e+01 4.490600284616976978e+01
4.693715594332417851e+01 4.057177796846264783e+01
4.693715594332417851e+01 4.276124171541823671e+01
4.693715594332417851e+01 4.647274063980691494e+01
4.693715594332417851e+01 5.040855851686841760e+01
4.693715594332417851e+01 4.674463417150908384e+01
4.693715594332417851e+01 4.830125957660574443e+01
4.693715594332417851e+01 4.629374485025181940e+01
4.693715594332417851e+01 4.589586148424753986e+01
4.693715594332417851e+01 5.179728842981907633e+01
4.693715594332417851e+01 4.308093899767443702e+01
4.693715594332417851e+01 4.396426081367793870e+01
4.693715594332417851e+01 4.752220016950891335e+01
4.693715594332417851e+01 4.143543801136257088e+01
4.693715594332417851e+01 5.051464041123480797e+01
4.693715594332417851e+01 4.021636624572076357e+01
4.693715594332417851e+01 4.669604384142465392e+01
4.693715594332417851e+01 5.279382931811660029e+01
4.693715594332417851e+01 3.947751533884843411e+01
4.693715594332417851e+01 5.248100500567595361e+01
4.693715594332417851e+01 4.696283919731113343e+01
4.693715594332417851e+01 4.629706768165913644e+01
4.693715594332417851e+01 4.313863259462442556e+01
4.693715594332417851e+01 4.881489476549376150e+01
4.693715594332417851e+01 4.825306737450698336e+01
4.693715594332417851e+01 4.757055876337943801e+01
4.693715594332417851e+01 4.285153025834069496e+01
4.693715594332417851e+01 4.569325739089595118e+01
4.693715594332417851e+01 4.913053856187148938e+01
4.693715594332417851e+01 4.946312044822544607e+01
4.693715594332417851e+01 5.320596464575394435e+01
4.693715594332417851e+01 4.754990533155412891e+01
4.693715594332417851e+01 4.305669897878729557e+01
4.693715594332417851e+01 4.128446047863965873e+01
4.693715594332417851e+01 4.173485151930972847e+01
4.693715594332417851e+01 4.967743496005444825e+01
4.693715594332417851e+01 4.639600979033540540e+01
4.693715594332417851e+01 3.924522774304988815e+01
4.693715594332417851e+01 4.739029204246216409e+01
4.693715594332417851e+01 4.598023893872839807e+01
4.693715594332417851e+01 4.135526656179212779e+01
4.693715594332417851e+01 4.941612889989644231e+01
4.693715594332417851e+01 4.376640411517499984e+01
4.693715594332417851e+01 4.490456529352530168e+01
4.693715594332417851e+01 4.247914485916186322e+01
4.693715594332417851e+01 4.648154943332262690e+01
4.693715594332417851e+01 4.174461942882336274e+01
4.693715594332417851e+01 4.437923076536728217e+01
4.693715594332417851e+01 4.096708822911669046e+01
4.693715594332417851e+01 4.212841215225559921e+01
4.693715594332417851e+01 4.725515932510160155e+01
4.693715594332417851e+01 4.844876957877480805e+01
4.693715594332417851e+01 4.452425698308724122e+01
4.693715594332417851e+01 4.750431639753892910e+01
4.693715594332417851e+01 4.702284207664586546e+01
4.693715594332417851e+01 4.637601837209425071e+01
4.693715594332417851e+01 4.976695558019154930e+01
4.693715594332417851e+01 4.564435769183351255e+01
4.693715594332417851e+01 4.451274436019478742e+01
4.693715594332417851e+01 4.442480242962210468e+01
4.693715594332417851e+01 4.368204248360339648e+01
4.693715594332417851e+01 4.570135995589693323e+01
4.693715594332417851e+01 4.784017777674803540e+01
4.693715594332417851e+01 4.393065646052451712e+01
4.693715594332417851e+01 4.602797967468210771e+01
4.693715594332417851e+01 4.879923298032404233e+01
4.693715594332417851e+01 4.692261364406441260e+01
4.693715594332417851e+01 4.663920885280414552e+01
4.693715594332417851e+01 4.338029842063993158e+01
4.693715594332417851e+01 4.937610328509482116e+01
4.693715594332417851e+01 4.457377029290203296e+01
4.693715594332417851e+01 4.771559904106135974e+01
4.693715594332417851e+01 4.515440582976051331e+01
4.693715594332417851e+01 4.399914826013372959e+01
4.693715594332417851e+01 4.224397504300954154e+01
4.693715594332417851e+01 5.213729143661564081e+01
4.693715594332417851e+01 5.137935730007595936e+01
4.693715594332417851e+01 4.357367086201993089e+01
4.693715594332417851e+01 5.620414597976786553e+01
4.693715594332417851e+01 4.895655408567021283e+01
4.693715594332417851e+01 3.935074728834962343e+01
4.693715594332417851e+01 4.634161338835642141e+01
4.693715594332417851e+01 4.817266557560434137e+01
4.693715594332417851e+01 4.343864834738290881e+01
4.693715594332417851e+01 4.293708941052990724e+01
4.693715594332417851e+01 4.676496047712430482e+01
4.693715594332417851e+01 4.467599856791670732e+01
4.693715594332417851e+01 4.835719507082723112e+01
4.693715594332417851e+01 4.750477768554515734e+01
4.693715594332417851e+01 4.183847130916507240e+01
4.693715594332417851e+01 4.861896358318823275e+01
4.693715594332417851e+01 4.140481274065108153e+01
4.693715594332417851e+01 4.568697732950094093e+01
4.693715594332417851e+01 4.748923763061037562e+01
4.693715594332417851e+01 3.872864272597492885e+01
4.693715594332417851e+01 4.760598340116995075e+01
4.693715594332417851e+01 4.597547269553953697e+01
4.693715594332417851e+01 4.619413925915387154e+01
4.693715594332417851e+01 4.349496031320092726e+01
4.693715594332417851e+01 4.692459644766483962e+01
4.693715594332417851e+01 3.942861245281248017e+01
4.693715594332417851e+01 4.469810018891754311e+01
4.693715594332417851e+01 4.691118247657703222e+01
4.693715594332417851e+01 4.873911173148758991e+01
4.693715594332417851e+01 4.875222124849640437e+01
4.693715594332417851e+01 4.117545962258650860e+01
4.693715594332417851e+01 4.749096637929258691e+01
