4.693715594332417851e+01 4.708980600708479614e+01
4.693715594332417851e+01 4.929645484536582956e+01
4.693715594332417851e+01 4.716586847568629537e+01
4.693715594332417851e+01 4.464825653870877176e+01
4.693715594332417851e+01 4.608737544882212944e+01
4.693715594332417851e+01 4.480428733914153838e+01
4.693715594332417851e+01 4.698669370916435639e+01
4.693715594332417851e+01 4.296838501483353667e+01
4.693715594332417851e+01 4.922542888590546539e+01
4.693715594332417851e+01 5.203547736250124700e+01
4.693715594332417851e+01 4.639167174337010380e+01
4.693715594332417851e+01 4.984182571923435034e+01
4.693715594332417851e+01 4.808467583417862556e+01
4.693715594332417851e+01 4.733871999061642555e+01
4.693715594332417851e+01 5.025762256881361623e+01
4.693715594332417851e+01 4.253081993815117556e+01
4.693715594332417851e+01 4.985840591696195645e+01
4.693715594332417851e+01 4.406295866404364858e+01
4.693715594332417851e+01 4.157252796140647888e+01
4.693715594332417851e+01 4.315176038012697290e+01
4.693715594332417851e+01 4.760023101732261352e+01
4.693715594332417851e+01 4.908044009430749099e+01
4.693715594332417851e+01 4.722390582842550089e+01
4.693715594332417851e+01 4.494768771458523560e+01
4.693715594332417851e+01 4.253133742585408328e+01
4.693715594332417851e+01 4.710172549573042744e+01
4.693715594332417851e+01 4.631228851941916247e+01
4.693715594332417851e+01 4.497582136316816559e+01
4.693715594332417851e+01 4.851617378900330380e+01
4.693715594332417851e+01 4.497306061624893658e+01
4.693715594332417851e+01 4.915300215937082839e+01
4.693715594332417851e+01 4.348736051806878322e+01
4.693715594332417851e+01 4.510920496078899333e+01
4.693715594332417851e+01 4.404566169073306270e+01
4.693715594332417851e+01 4.667988419538042422e+01
4.693715594332417851e+01 4.677445407502110442e+01
4.693715594332417851e+01 4.721478524721796788e+01
4.693715594332417851e+01 4.427716811926421769e+01
4.693715594332417851e+01 4.192708931434699338e+01
4.693715594332417851e+01 4.179003706021723019e+01
4.693715594332417851e+01 5.154464099843085023e+01
4.693715594332417851e+01 4.356303818858891930e+01
4.693715594332417851e+01 4.393382180270547366e+01
4.693715594332417851e+01 4.201883016582229402e+01
4.693715594332417851e+01 5.000577168709416753e+01
4.693715594332417851e+01 5.042015487007275709e+01
4.693715594332417851e+01 4.211728302176759087e+01
4.693715594332417851e+01 4.619251603432248032e+01
4.693715594332417851e+01 4.896075031426657631e+01
4.693715594332417851e+01 4.422379299815621323e+01
4.693715594332417851e+01 4.576081803930339476e+01
4.693715594332417851e+01 4.301394917869242107e+01
4.693715594332417851e+01 4.222453393590630810e+01
4.693715594332417851e+01 4.600452710148177005e+01
4.693715594332417851e+01 4.779406550518937991e+01
4.693715594332417851e+01 4.795347313352567653e+01
4.693715594332417851e+01 4.709453790420855768e+01
4.693715594332417851e+01 4.356597151564457704e+01
4.693715594332417851e+01 4.941528430723934662e+01
4.693715594332417851e+01 4.756959671551723545e+01
4.693715594332417851e+01 4.674138142776263294e+01
4.693715594332417851e+01 4.646666156945705950e+01
4.693715594332417851e+01 3.967100941538619452e+01
4.693715594332417851e+01 4.583335911570393506e+01
4.693715594332417851e+01 4.610998819264225546e+01
4.693715594332417851e+01 4.999002143093569117e+01
4.693715594332417851e+01 4.466019968696232212e+01
4.693715594332417851e+01 4.810979105671721356e+01
4.693715594332417851e+01 4.757781398270501683e+01
4.693715594332417851e+01 4.783076062775241155e+01
4.693715594332417851e+01 5.074577957134469841e+01
4.693715594332417851e+01 4.779738770344156507e+01
4.693715594332417851e+01 4.578579964775184408e+01
4.693715594332417851e+01 4.552883611421002996e+01
4.693715594332417851e+01 3.851444772661130855e+01
4.693715594332417851e+01 4.424012105891056734e+01
4.693715594332417851e+01 4.755985218888920230e+01
4.693715594332417851e+01 4.918019486342944191e+01
4.693715594332417851e+01 4.936319821633875904e+01
4.693715594332417851e+01 4.698301767165529697e+01
4.693715594332417851e+01 4.679363140155255252e+01
4.693715594332417851e+01 4.456349690820615450e+01
4.693715594332417851e+01 4.828481714232481181e+01
4.693715594332417851e+01 4.300349188567633263e+01
4.693715594332417851e+01 4.524753524253568315e+01
4.693715594332417851e+01 4.628223088647570194e+01
4.693715594332417851e+01 4.661502736103860656e+01
4.693715594332417851e+01 4.724998812257327785e+01
4.693715594332417851e+01 4.804373961304265350e+01
4.693715594332417851e+01 4.301341042567008799e+01
4.693715594332417851e+01 4.754027992999157703e+01
4.693715594332417851e+01 4.903243422777448757e+01
4.693715594332417851e+01 4.700958294756639333e+01
4.693715594332417851e+01 4.813346996169114789e+01
4.693715594332417851e+01 5.050811869636507367e+01
4.693715594332417851e+01 4.589277635186609672e+01
4.693715594332417851e+01 4.584747540324816839e+01
4.693715594332417851e+01 4.168329102059440316e+01
4.693715594332417851e+01 4.906775037623107494e+01
4.693715594332417851e+01 4.810217320304278843e+01
4.693715594332417851e+01 4.382563397973360253e+01
4.693715594332417851e+01 4.807885617615905005e+01
4.693715594332417851e+01 3.675994497332276723e+01
4.693715594332417851e+01 4.263790383509812187e+01
4.693715594332417851e+01 4.766406494993108112e+01
4.693715594332417851e+01 4.449813599525368346e+01
4.693715594332417851e+01 3.944822104574222266e+01
4.693715594332417851e+01 4.737419425264761941e+01
4.693715594332417851e+01 4.801835580823156846e+01
4.693715594332417851e+01 5.026103348991991737e+01
4.693715594332417851e+01 4.856718931701863795e+01
4.693715594332417851e+01 4.880928373124666564e+01
4.693715594332417851e+01 4.229265007393233589e+01
4.693715594332417851e+01 4.834465208325624985e+01
4.693715594332417851e+01 4.338202480974055675e+01
4.693715594332417851e+01 4.287709464139487636e+01
4.693715594332417851e+01 4.714026808151650272e+01
4.693715594332417851e+01 5.028498367356525023e+01
4.693715594332417851e+01 4.979766474005687371e+01
4.693715594332417851e+01 4.093283538929514265e+01
4.693715594332417851e+01 4.612303470989904497e+01
4.693715594332417851e+01 4.728573166599332467e+01
4.693715594332417851e+01 5.089891025612543984e+01
4.693715594332417851e+01 4.508716445767771575e+01
4.693715594332417851e+01 4.517219313333082908e+01
4.693715594332417851e+01 4.409740880881969360e+01
4.693715594332417851e+01 4.852609162844461110e+01
4.693715594332417851e+01 4.904783954092508935e+01
4.693715594332417851e+01 4.498366937445877056e+01
4.693715594332417851e+01 4.410174693853269190e+01
4.693715594332417851e+01 4.207707679388719413e+01
4.693715594332417851e+01 4.355969661840347129e+01
4.693715594332417851e+01 4.991927131924101957e+01
4.693715594332417851e+01 4.244919280199331268e+01
4.693715594332417851e+01 4.307252590982564300e+01
4.693715594332417851e+01 4.446265884603507601e+01
4.693715594332417851e+01 4.970771046554474282e+01
4.693715594332417851e+01 4.744057897206972996e+01
4.693715594332417851e+01 4.112345378082869729e+01
4.693715594332417851e+01 4.268623375458785318e+01
4.693715594332417851e+01 5.094793572287547789e+01
4.693715594332417851e+01 4.508206665392180668e+01
4.693715594332417851e+01 4.573739095943036403e+01
4.693715594332417851e+01 4.503758643197216571e+01
4.693715594332417851e+01 4.554194820211166927e+01
4.693715594332417851e+01 4.337627432205219691e+01
4.693715594332417851e+01 4.669654201253195680e+01
4.693715594332417851e+01 4.641288190547412995e+01
4.693715594332417851e+01 4.883749564450064184e+01
4.693715594332417851e+01 5.712356295739794376e+01
4.693715594332417851e+01 4.467492667475251977e+01
4.693715594332417851e+01 4.217121601174417833e+01
4.693715594332417851e+01 4.547859842177862788e+01
4.693715594332417851e+01 4.201820295322585253e+01
4.693715594332417851e+01 4.629034341514853423e+01
4.693715594332417851e+01 4.537160740876572618e+01
4.693715594332417851e+01 4.942092499340726164e+01
4.693715594332417851e+01 4.944045209605005198e+01
4.693715594332417851e+01 4.335781171370601328e+01
4.693715594332417851e+01 4.305523089708350426e+01
4.693715594332417851e+01 4.679182684076721443e+01
4.693715594332417851e+01 4.486953103118248265e+01
4.693715594332417851e+01 4.675899977385952155e+01
4.693715594332417851e+01 4.300976793807537035e+01
4.693715594332417851e+01 4.990961672611210531e+01
4.693715594332417851e+01 4.659025441128829925e+01
4.693715594332417851e+01 4.565420363896640765e+01
4.693715594332417851e+01 4.652929011592090092e+01
4.693715594332417851e+01 5.414939000568803351e+01
4.693715594332417851e+01 5.200213915555499966e+01
4.693715594332417851e+01 4.356746176240218205e+01
4.693715594332417851e+01 4.151220544863180351e+01
4.693715594332417851e+01 4.646310484733103152e+01
4.693715594332417851e+01 4.719327039296290138e+01
4.693715594332417851e+01 4.657592343631705489e+01
4.693715594332417851e+01 5.064220422756762474e+01
4.693715594332417851e+01 4.975759326953867401e+01
4.693715594332417851e+01 4.936182638141320922e+01
4.693715594332417851e+01 4.397510410045190099e+01
4.693715594332417851e+01 4.051177366459501172e+01
4.693715594332417851e+01 4.700380716970366990e+01
4.693715594332417851e+01 4.710417181383255070e+01
4.693715594332417851e+01 4.168244256127220382e+01
4.693715594332417851e+01 4.870604219863649575e+01
4.693715594332417851e+01 4.834267174320364546e+01
4.693715594332417851e+01 4.707624138549168435e+01
4.693715594332417851e+01 4.456014335889203437e+01
4.693715594332417851e+01 5.176534391771582477e+01
4.693715594332417851e+01 5.594386328929482488e+01
4.693715594332417851e+01 4.900472879378833824e+01
4.693715594332417851e+01 4.888964542048148587e+01
4.693715594332417851e+01 5.197586385586855329e+01
4.693715594332417851e+01 4.201831489044561607e+01
4.693715594332417851e+01 4.640002349168952378e+01
4.693715594332417851e+01 4.209537496494368725e+01
4.693715594332417851e+01 4.898350558573848446e+01
4.693715594332417851e+01 4.499773868821188216e+01
4.693715594332417851e+01 4.838810853984040961e+01
4.693715594332417851e+01 4.202566095575090088e+01
4.693715594332417851e+01 4.424815171602023156e+01
4.693715594332417851e+01 5.620706823351032000e+01
4.693715594332417851e+01 4.511966286249793967e+01
4.693715594332417851e+01 4.714460253549371771e+01
4.693715594332417851e+01 4.414448606570584133e+01
4.693715594332417851e+01 4.519458532682197927e+01
4.693715594332417851e+01 5.196788778361764827e+01
4.693715594332417851e+01 4.628292901034961915e+01
4.693715594332417851e+01 4.315886121265648967e+01
4.693715594332417851e+01 5.097974276327960297e+01
4.693715594332417851e+01 4.651831467625314787e+01
4.693715594332417851e+01 4.427656130647007870e+01
4.693715594332417851e+01 4.342663299039418945e+01
4.693715594332417851e+01 5.027812884826954587e+01
4.693715594332417851e+01 4.422199263593694241e+01
4.693715594332417851e+01 4.392621893521413767e+01
4.693715594332417851e+01 4.513064179992620240e+01
4.693715594332417851e+01 5.188388004408051302e+01
4.693715594332417851e+01 4.560011418302935482e+01
4.693715594332417851e+01 4.449877122708369370e+01
4.693715594332417851e+01 4.907028109080238210e+01
4.693715594332417851e+01 5.416564356178396622e+01
4.693715594332417851e+01 4.366097501441655737e+01
4.693715594332417851e+01 3.896358482999994521e+01
4.693715594332417851e+01 4.842781634095564414e+01
4.693715594332417851e+01 4.783671825290905844e+01
4.693715594332417851e+01 4.836622623651481945e+01
4.693715594332417851e+01 5.127854563985633263e+01
4.693715594332417851e+01 4.021331347640352760e+01
4.693715594332417851e+01 4.786877528753760913e+01
4.693715594332417851e+01 4.527728887023533844e+01
4.693715594332417851e+01 4.513047162043108074e+01
4.693715594332417851e+01 4.511330925257242086e+01
4.693715594332417851e+01 4.584545187629849039e+01
4.693715594332417851e+01 4.431477251305772569e+01
4.693715594332417851e+01 4.345975750372791424e+01
4.693715594332417851e+01 4.324499411586596409e+01
4.693715594332417851e+01 4.740897143703600847e+01
4.693715594332417851e+01 4.072624874847867460e+01
4.693715594332417851e+01 5.153330125359122604e+01
4.693715594332417851e+01 4.346372462081294685e+01
4.693715594332417851e+01 4.464300997847991681e+01
4.693715594332417851e+01 4.272287915553163629e+01
4.693715594332417851e+01 4.745636997400759327e+01
4.693715594332417851e+01 4.676241365861253740e+01
4.693715594332417851e+01 4.322282979185706608e+01
4.693715594332417851e+01 4.827218017781029857e+01
4.693715594332417851e+01 4.430364948012721982e+01
4.693715594332417851e+01 4.156537420626781909e+01
4.693715594332417851e+01 4.439889344656277359e+01
4.693715594332417851e+01 4.457125614717750040e+01
4.693715594332417851e+01 4.202350140931788758e+01
4.693715594332417851e+01 4.557535104153890870e+01
4.693715594332417851e+01 5.065455528378183914e+01
4.693715594332417851e+01 4.860807052056522082e+01
4.693715594332417851e+01 4.561620731579125732e+01
4.693715594332417851e+01 4.515236763878290560e+01
4.693715594332417851e+01 4.646659617336207759e+01
4.693715594332417851e+01 4.022829098781958379e+01
4.693715594332417851e+01 3.897767470490196473e+01
4.693715594332417851e+01 4.227381800345983720e+01
4.693715594332417851e+01 4.876678183273416067e+01
4.693715594332417851e+01 5.009483064629517912e+01
4.693715594332417851e+01 4.756302224953868318e+01
4.693715594332417851e+01 4.124936122360482926e+01
4.693715594332417851e+01 4.757707145563904305e+01
4.693715594332417851e+01 4.543094409832967528e+01
4.693715594332417851e+01 4.490584030525300108e+01
4.693715594332417851e+01 4.495474442662853676e+01
4.693715594332417851e+01 4.009849547109804035e+01
4.693715594332417851e+01 4.830616426089556370e+01
4.693715594332417851e+01 4.731360929222802980e+01
4.693715594332417851e+01 4.841782352963868163e+01
4.693715594332417851e+01 5.007647526498042367e+01
4.693715594332417851e+01 4.752681613530210569e+01
4.693715594332417851e+01 4.664560806493739875e+01
4.693715594332417851e+01 5.003677383882739349e+01
4.693715594332417851e+01 5.037247559858111146e+01
4.693715594332417851e+01 4.795657076867572499e+01
4.693715594332417851e+01 5.539602651922229626e+01
4.693715594332417851e+01 3.819980147659106251e+01
4.693715594332417851e+01 3.984392482046693118e+01
4.693715594332417851e+01 4.592368970340648815e+01
4.693715594332417851e+01 4.342583472668091815e+01
4.693715594332417851e+01 4.685829407807881353e+01
4.693715594332417851e+01 4.756255962812410587e+01
4.693715594332417851e+01 5.079411988202333816e+01
4.693715594332417851e+01 4.379096027364508359e+01
4.693715594332417851e+01 4.958243780684811952e+01
4.693715594332417851e+01 4.889119627925719413e+01
4.693715594332417851e+01 4.760195628872599372e+01
4.693715594332417851e+01 4.884827419139821103e+01
4.693715594332417851e+01 4.631288970858761189e+01
4.693715594332417851e+01 4.405722416383919438e+01
4.693715594332417851e+01 4.688365864132891403e+01
4.693715594332417851e+01 4.795138611519087135e+01
4.693715594332417851e+01 4.725357719115413602e+01
4.693715594332417851e+01 4.639049676071688566e+01
4.693715594332417851e+01 4.655301560018926921e+01
4.693715594332417851e+01 4.264873091413053174e+01
4.693715594332417851e+01 4.489125270212677066e+01
4.693715594332417851e+01 4.870709356934661116e+01
4.693715594332417851e+01 4.958661611560718541e+01
4.693715594332417851e+01 4.226317086017591862e+01
4.693715594332417851e+01 4.500493013560249977e+01
4.693715594332417851e+01 4.860279599445497212e+01
4.693715594332417851e+01 4.867678839163645677e+01
4.693715594332417851e+01 5.745431687514233232e+01
4.693715594332417851e+01 4.409313763519477192e+01
4.693715594332417851e+01 4.506554416467992041e+01
4.693715594332417851e+01 4.760985290251392854e+01
4.693715594332417851e+01 5.541187034615354179e+01
4.693715594332417851e+01 4.578546833769667757e+01
4.693715594332417851e+01 4.330018062331136264e+01
4.693715594332417851e+01 3.987271754944742241e+01
4.693715594332417851e+01 5.136919488920158727e+01
4.693715594332417851e+01 4.540459389655614331e+01
4.693715594332417851e+01 5.220692233420086836e+01
4.693715594332417851e+01 4.880965927532197668e+01
4.693715594332417851e+01 4.715340569020506933e+01
4.693715594332417851e+01 4.074093304771181323e+01
4.693715594332417851e+01 4.813614803639943318e+01
4.693715594332417851e+01 5.188207694633167222e+01
4.693715594332417851e+01 4.234736493075652675e+01
4.693715594332417851e+01 4.679743148911759221e+01
4.693715594332417851e+01 4.466169874910085014e+01
4.693715594332417851e+01 4.624982499393005497e+01
4.693715594332417851e+01 4.486591365787763408e+01
4.693715594332417851e+01 4.102948455337842404e+01
4.693715594332417851e+01 4.668769484369231293e+01
4.693715594332417851e+01 4.787024825780764559e+01
4.693715594332417851e+01 4.613371245469394211e+01
4.693715594332417851e+01 5.269827243749340084e+01
4.693715594332417851e+01 5.006902225021012498e+01
4.693715594332417851e+01 4.882581545988927729e+01
4.693715594332417851e+01 4.673366795186862532e+01
4.693715594332417851e+01 4.179212565618470165e+01
4.693715594332417851e+01 4.299289241872783407e+01
4.693715594332417851e+01 4.245018229369843255e+01
4.693715594332417851e+01 4.671024315953106765e+01
4.693715594332417851e+01 4.207096326874052039e+01
4.693715594332417851e+01 4.741126291126913372e+01
4.693715594332417851e+01 4.159899609049881519e+01
4.693715594332417851e+01 4.583997989443263776e+01
4.693715594332417851e+01 5.223541570066672790e+01
4.693715594332417851e+01 4.393216992282343369e+01
4.693715594332417851e+01 4.853159656145110290e+01
4.693715594332417851e+01 4.834134246769479404e+01
4.693715594332417851e+01 4.793438756431930159e+01
4.693715594332417851e+01 4.226381332335740382e+01
4.693715594332417851e+01 5.022321354352032330e+01
4.693715594332417851e+01 5.159728864618181632e+01
4.693715594332417851e+01 4.513547622822022731e+01
4.693715594332417851e+01 4.935897908215126506e+01
4.693715594332417851e+01 5.052489430357018563e+01
4.693715594332417851e+01 4.629919797538700266e+01
4.693715594332417851e+01 4.655875296392339635e+01
4.693715594332417851e+01 4.820926731789056419e+01
4.693715594332417851e+01 5.087829293322041480e+01
4.693715594332417851e+01 4.636544308689150284e+01
4.693715594332417851e+01 4.042812559218658919e+01
4.693715594332417851e+01 4.181989477399245914e+01
4.693715594332417851e+01 4.716692073539451968e+01
4.693715594332417851e+01 4.688885756241617031e+01
4.693715594332417851e+01 3.999436027331211108e+01
4.693715594332417851e+01 4.786991812485956643e+01
4.693715594332417851e+01 4.221274723943810159e+01
4.693715594332417851e+01 4.351596309080760250e+01
4.693715594332417851e+01 4.550029775357005946e+01
4.693715594332417851e+01 4.859767500085074232e+01
4.693715594332417851e+01 4.369395650470693226e+01
4.693715594332417851e+01 3.914967404434489140e+01
4.693715594332417851e+01 4.464928761193419149e+01
4.693715594332417851e+01 4.753126246601291172e+01
4.693715594332417851e+01 5.064606307769292926e+01
4.693715594332417851e+01 4.274201048351766019e+01
4.693715594332417851e+01 4.604127578824503075e+01
4.693715594332417851e+01 4.847819047555472594e+01
4.693715594332417851e+01 4.852737841243503425e+01
4.693715594332417851e+01 4.506653470511798076e+01
4.693715594332417851e+01 4.837933739799650823e+01
4.693715594332417851e+01 4.320033715502042782e+01
4.693715594332417851e+01 4.309093783441591086e+01
4.693715594332417851e+01 4.326400401226523229e+01
4.693715594332417851e+01 4.646486408925903078e+01
4.693715594332417851e+01 4.626586549550673055e+01
4.693715594332417851e+01 4.321742892508758871e+01
4.693715594332417851e+01 4.309773737256023907e+01
4.693715594332417851e+01 4.457766162020874390e+01
4.693715594332417851e+01 5.162595991156270969e+01
4.693715594332417851e+01 4.608111402865068840e+01
4.693715594332417851e+01 4.614662574059068589e+01
4.693715594332417851e+01 4.415220091586925122e+01
4.693715594332417851e+01 5.017377328072826259e+01
4.693715594332417851e+01 4.222303505063572970e+01
4.693715594332417851e+01 4.947594730699822207e+01
4.693715594332417851e+01 4.792108239921638813e+01
4.693715594332417851e+01 4.288449515999581507e+01
4.693715594332417851e+01 4.679864964979032749e+01
4.693715594332417851e+01 4.804096301966419702e+01
4.693715594332417851e+01 4.741574751430314194e+01
4.693715594332417851e+01 4.437149791059434278e+01
4.693715594332417851e+01 5.071991157612131929e+01
4.693715594332417851e+01 4.399297984743868284e+01
4.693715594332417851e+01 4.825543497787165848e+01
4.693715594332417851e+01 4.708471326686630931e+01
4.693715594332417851e+01 4.736174434927966814e+01
4.693715594332417851e+01 4.915189400240991091e+01
4.693715594332417851e+01 5.118254425905746530e+01
4.693715594332417851e+01 4.849483844694194090e+01
4.693715594332417851e+01 4.738372068899563061e+01
4.693715594332417851e+01 5.579572051137670030e+01
4.693715594332417851e+01 4.622087911486806178e+01
4.693715594332417851e+01 4.572431782401474720e+01
4.693715594332417851e+01 4.931524782962641495e+01
4.693715594332417851e+01 4.404236677394035837e+01
4.693715594332417851e+01 4.633924734810011614e+01
4.693715594332417851e+01 4.729983947516669929e+01
4.693715594332417851e+01 4.557317621782699035e+01
4.693715594332417851e+01 4.009203989254916678e+01
4.693715594332417851e+01 4.242164228043527174e+01
4.693715594332417851e+01 4.140308419430625975e+01
4.693715594332417851e+01 4.855122460967302800e+01
4.693715594332417851e+01 4.910817204814008363e+01
4.693715594332417851e+01 4.732920688282957400e+01
4.693715594332417851e+01 4.430746539942835227e+01
4.693715594332417851e+01 4.209225850255082690e+01
4.693715594332417851e+01 5.401015245787795038e+01
4.693715594332417851e+01 4.360765013910239674e+01
4.693715594332417851e+01 5.028825927037836863e+01
4.693715594332417851e+01 4.416696093666430301e+01
4.693715594332417851e+01 5.335340193901061667e+01
4.693715594332417851e+01 4.789500212934612478e+01
4.693715594332417851e+01 4.879900906882999578e+01
4.693715594332417851e+01 4.059122168767839867e+01
4.693715594332417851e+01 4.372427688115043054e+01
4.693715594332417851e+01 4.837150781841224756e+01
4.693715594332417851e+01 4.463800933015637895e+01
4.693715594332417851e+01 4.760524736812534030e+01
4.693715594332417851e+01 4.374884263355101410e+01
4.693715594332417851e+01 4.437606919127487259e+01
4.693715594332417851e+01 4.392226467840715998e+01
4.693715594332417851e+01 3.986085728167060438e+01
4.693715594332417851e+01 4.937824997941953598e+01
4.693715594332417851e+01 4.701876084503230402e+01
4.693715594332417851e+01 5.100795024302611580e+01
4.693715594332417851e+01 4.340542827342370202e+01
4.693715594332417851e+01 4.295878517989865486e+01
4.693715594332417851e+01 4.828577340221268344e+01
4.693715594332417851e+01 5.064235648824015357e+01
4.693715594332417851e+01 4.939250529561437020e+01
4.693715594332417851e+01 4.515610575035332630e+01
4.693715594332417851e+01 4.280944717471487593e+01
4.693715594332417851e+01 4.936257235271168753e+01
4.693715594332417851e+01 4.951651393464190676e+01
4.693715594332417851e+01 4.621164764296651128e+01
4.693715594332417851e+01 4.398233766762957231e+01
4.693715594332417851e+01 4.400192566233113922e+01
4.693715594332417851e+01 4.828658101018847759e+01
4.693715594332417851e+01 5.381816238164819310e+01
4.693715594332417851e+01 5.407323956713636193e+01
4.693715594332417851e+01 4.725037971092606170e+01
4.693715594332417851e+01 4.445651930017351106e+01
4.693715594332417851e+01 3.801703149333305021e+01
4.693715594332417851e+01 4.013670096930620446e+01
4.693715594332417851e+01 5.174585564233283463e+01
4.693715594332417851e+01 5.016527823399568575e+01
4.693715594332417851e+01 4.288816490142797733e+01
4.693715594332417851e+01 5.096592507829488028e+01
4.693715594332417851e+01 4.695441789930166721e+01
4.693715594332417851e+01 5.328135827517743905e+01
4.693715594332417851e+01 4.529346895827157482e+01
4.693715594332417851e+01 4.438851786729892268e+01
4.693715594332417851e+01 4.925104920917507911e+01
4.693715594332417851e+01 4.693586471361727774e+01
4.693715594332417851e+01 4.267381062313858564e+01
4.693715594332417851e+01 4.842350048506771287e+01
4.693715594332417851e+01 4.799166798780544241e+01
4.693715594332417851e+01 4.416763465645269093e+01
4.693715594332417851e+01 4.799495247157069144e+01
4.693715594332417851e+01 4.238635423674602265e+01
4.693715594332417851e+01 4.752844551990872901e+01
4.693715594332417851e+01 4.471610811702103661e+01
4.693715594332417851e+01 4.869422930341580269e+01
4.693715594332417851e+01 4.828481023549957740e+01
4.693715594332417851e+01 4.822597934499169980e+01
4.693715594332417851e+01 4.318994860862535745e+01
4.693715594332417851e+01 5.020995380291714127e+01
4.693715594332417851e+01 4.601366925452299483e+01
4.693715594332417851e+01 4.662288071144661217e+01
4.693715594332417851e+01 4.271917743826120528e+01
4.693715594332417851e+01 4.976233891081466965e+01
4.693715594332417851e+01 4.511261612900059248e+01
4.693715594332417851e+01 4.762178925864254353e+01
4.693715594332417851e+01 4.489936046858752405e+01
4.693715594332417851e+01 4.506150246641565360e+01
4.693715594332417851e+01 4.493842652217284694e+01
4.693715594332417851e+01 4.786297239349681831e+01
4.693715594332417851e+01 5.072074729621267153e+01
4.693715594332417851e+01 4.101503199097838603e+01
4.693715594332417851e+01 4.060995695085319568e+01
4.693715594332417851e+01 4.898934499027152611e+01
4.693715594332417851e+01 4.405234841009466606e+01
4.693715594332417851e+01 4.210755587096652874e+01
4.693715594332417851e+01 4.245958076319373475e+01
4.693715594332417851e+01 4.751993417589451241e+01
4.693715594332417851e+01 4.523770142433845365e+01
4.693715594332417851e+01 4.472261273228398437e+01
4.693715594332417851e+01 4.440686722236894468e+01
4.693715594332417851e+01 4.718356796304776424e+01
4.693715594332417851e+01 4.315082817562075235e+01
4.693715594332417851e+01 4.923475737486619153e+01
4.693715594332417851e+01 5.074835773348605272e+01
4.693715594332417851e+01 4.673971149215454801e+01
4.693715594332417851e+01 5.023440382486547406e+01
4.693715594332417851e+01 4.749670372725399403e+01
4.693715594332417851e+01 5.328852489374357049e+01
4.693715594332417851e+01 4.420975505005391426e+01
4.693715594332417851e+01 4.797622337507561241e+01
4.693715594332417851e+01 4.376556385332131782e+01
4.693715594332417851e+01 4.316664239724124741e+01
4.693715594332417851e+01 4.234383272361307604e+01
4.693715594332417851e+01 4.533487910776349850e+01
4.693715594332417851e+01 4.182297006648533966e+01
4.693715594332417851e+01 4.739607792210648540e+01
4.693715594332417851e+01 4.594540422983926220e+01
4.693715594332417851e+01 4.357101535460522967e+01
4.693715594332417851e+01 4.216460307444334177e+01
4.693715594332417851e+01 4.193031898544310820e+01
4.693715594332417851e+01 5.457075644283183635e+01
4.693715594332417851e+01 4.460076243025307718e+01
4.693715594332417851e+01 4.819797125782345404e+01
4.693715594332417851e+01 4.609350207443863923e+01
4.693715594332417851e+01 4.824100439050616984e+01
4.693715594332417851e+01 4.985464614648165593e+01
4.693715594332417851e+01 4.084894398326167675e+01
4.693715594332417851e+01 4.377788465938866835e+01
4.693715594332417851e+01 3.995655136019973952e+01
4.693715594332417851e+01 4.687201035649286496e+01
4.693715594332417851e+01 4.108152182750634296e+01
4.693715594332417851e+01 4.286867329830982953e+01
4.693715594332417851e+01 3.758009706668536865e+01
4.693715594332417851e+01 4.726073620258478769e+01
4.693715594332417851e+01 4.898826571871506985e+01
4.693715594332417851e+01 4.591889336282565637e+01
4.693715594332417851e+01 4.785638231731730485e+01
4.693715594332417851e+01 5.052686359162782281e+01
4.693715594332417851e+01 5.102335873485571227e+01
4.693715594332417851e+01 4.745365543366336425e+01
4.693715594332417851e+01 4.214330519819899479e+01
4.693715594332417851e+01 4.512073886461273275e+01
4.693715594332417851e+01 4.433714591606937461e+01
4.693715594332417851e+01 4.807152733769090247e+01
4.693715594332417851e+01 4.506645594205920702e+01
4.693715594332417851e+01 4.943884116163639675e+01
4.693715594332417851e+01 5.503885934797565938e+01
4.693715594332417851e+01 5.099175560466878210e+01
4.693715594332417851e+01 4.756238176008088914e+01
4.693715594332417851e+01 5.008529972000498987e+01
4.693715594332417851e+01 4.450975373671850832e+01
4.693715594332417851e+01 3.919894776266823300e+01
4.693715594332417851e+01 4.573917765108807032e+01
4.693715594332417851e+01 4.647981315273202796e+01
4.693715594332417851e+01 4.961454016242816323e+01
4.693715594332417851e+01 4.353036867068098559e+01
4.693715594332417851e+01 4.656651620380405632e+01
4.693715594332417851e+01 4.375120415857946199e+01
4.693715594332417851e+01 4.237130833753843717e+01
4.693715594332417851e+01 4.888566412583652721e+01
4.693715594332417851e+01 4.579864369271899704e+01
4.693715594332417851e+01 4.806892238032707354e+01
4.693715594332417851e+01 4.380117688145531929e+01
4.693715594332417851e+01 4.569572317837493358e+01
4.693715594332417851e+01 4.094027750669133781e+01
4.693715594332417851e+01 4.499963244214560376e+01
4.693715594332417851e+01 5.135112993767904754e+01
4.693715594332417851e+01 4.650087549885848404e+01
4.693715594332417851e+01 4.804217356994772103e+01
4.693715594332417851e+01 4.665821071810076859e+01
4.693715594332417851e+01 4.874368194570994461e+01
4.693715594332417851e+01 4.175756111648279756e+01
4.693715594332417851e+01 4.827568794376879424e+01
4.693715594332417851e+01 4.285623413826692030e+01
4.693715594332417851e+01 4.350367381688495527e+01
4.693715594332417851e+01 4.485801730077596972e+01
4.693715594332417851e+01 4.221562527175657920e+01
4.693715594332417851e+01 4.818985248294971768e+01
4.693715594332417851e+01 4.117156961697207151e+01
4.693715594332417851e+01 4.408646280610687285e+01
4.693715594332417851e+01 4.582119652814540700e+01
4.693715594332417851e+01 4.913983122430860817e+01
4.693715594332417851e+01 4.900095640659301921e+01
4.693715594332417851e+01 4.880791803962754472e+01
4.693715594332417851e+01 4.468877233412440830e+01
4.693715594332417851e+01 4.258836296853886694e+01
4.693715594332417851e+01 4.815883590711865025e+01
4.693715594332417851e+01 4.652797260525098721e+01
4.693715594332417851e+01 5.208875084545752543e+01
4.693715594332417851e+01 5.682788191513334652e+01
4.693715594332417851e+01 4.611237227209682032e+01
4.693715594332417851e+01 5.223218901468807474e+01
4.693715594332417851e+01 4.786422800344708861e+01
4.693715594332417851e+01 4.147130532532562341e+01
4.693715594332417851e+01 4.417287389013728927e+01
4.693715594332417851e+01 4.780641342713794018e+01
4.693715594332417851e+01 4.785752848169152429e+01
4.693715594332417851e+01 4.610062718721456321e+01
4.693715594332417851e+01 4.992177093322966641e+01
4.693715594332417851e+01 4.867261856450554092e+01
4.693715594332417851e+01 4.667555139236019812e+01
4.693715594332417851e+01 4.910279607086422970e+01
4.693715594332417851e+01 4.930270499644043980e+01
4.693715594332417851e+01 4.091216891083492158e+01
4.693715594332417851e+01 4.691336170416951035e+01
4.693715594332417851e+01 4.634189838141031714e+01
4.693715594332417851e+01 5.026830200496223711e+01
4.693715594332417851e+01 4.530649623296345396e+01
4.693715594332417851e+01 4.885337153483755657e+01
4.693715594332417851e+01 4.046279141285776149e+01
4.693715594332417851e+01 4.268998118800021047e+01
4.693715594332417851e+01 4.406758651649996494e+01
4.693715594332417851e+01 4.714124125007355559e+01
4.693715594332417851e+01 5.032748074820188577e+01
4.693715594332417851e+01 5.026566104519423561e+01
4.693715594332417851e+01 4.463076888188390257e+01
4.693715594332417851e+01 4.035333810363440676e+01
4.693715594332417851e+01 4.253118163666746199e+01
4.693715594332417851e+01 4.452430768222568247e+01
4.693715594332417851e+01 4.284892724348889459e+01
4.693715594332417851e+01 4.858269010721402736e+01
4.693715594332417851e+01 4.655483744535220580e+01
4.693715594332417851e+01 4.610854423606421193e+01
4.693715594332417851e+01 4.338593168710661274e+01
4.693715594332417851e+01 4.273346854388779548e+01
4.693715594332417851e+01 4.277489636873426804e+01
4.693715594332417851e+01 4.482520731189098484e+01
4.693715594332417851e+01 4.793595479699075668e+01
4.693715594332417851e+01 5.549743918625268435e+01
4.693715594332417851e+01 4.647057475747453736e+01
4.693715594332417851e+01 4.375993929184134146e+01
4.693715594332417851e+01 4.885426393138150303e+01
4.693715594332417851e+01 4.596422181113369732e+01
4.693715594332417851e+01 4.573863370978158116e+01
4.693715594332417851e+01 4.223227192362264759e+01
4.693715594332417851e+01 4.236300478798870017e+01
4.693715594332417851e+01 4.855053167933434821e+01
4.693715594332417851e+01 4.852263890419585834e+01
4.693715594332417851e+01 4.594584192295057079e+01
4.693715594332417851e+01 4.507548814484298561e+01
4.693715594332417851e+01 4.714934477723416961e+01
4.693715594332417851e+01 4.730673054978433356e+01
4.693715594332417851e+01 4.489824196623322905e+01
4.693715594332417851e+01 4.807842297330870451e+01
4.693715594332417851e+01 4.473682525255770770e+01
4.693715594332417851e+01 4.582591885681800647e+01
4.693715594332417851e+01 4.559081647869814446e+01
4.693715594332417851e+01 5.005380195316003977e+01
4.693715594332417851e+01 5.068877890362237082e+01
4.693715594332417851e+01 4.399874633118381695e+01
4.693715594332417851e+01 4.355982426708433053e+01
4.693715594332417851e+01 4.608333036228484048e+01
4.693715594332417851e+01 5.025751194406196021e+01
4.693715594332417851e+01 4.330433340729884151e+01
4.693715594332417851e+01 4.524742244876119912e+01
4.693715594332417851e+01 4.645476710138284915e+01
4.693715594332417851e+01 4.664051161771086385e+01
4.693715594332417851e+01 4.517911189992814514e+01
4.693715594332417851e+01 4.643377608903765719e+01
4.693715594332417851e+01 4.576585285568685180e+01
4.693715594332417851e+01 5.032851995215315810e+01
4.693715594332417851e+01 4.631801605584413295e+01
4.693715594332417851e+01 4.183767635085654035e+01
4.693715594332417851e+01 4.459295848805172113e+01
4.693715594332417851e+01 4.460963620946773744e+01
4.693715594332417851e+01 4.202630426964571342e+01
4.693715594332417851e+01 5.203394639280078593e+01
4.693715594332417851e+01 5.569643054853122521e+01
4.693715594332417851e+01 4.696701908303601414e+01
4.693715594332417851e+01 4.732939912580702213e+01
4.693715594332417851e+01 4.607620813979448116e+01
4.693715594332417851e+01 4.423804040062282894e+01
4.693715594332417851e+01 4.623998571054065820e+01
4.693715594332417851e+01 4.444046853930041863e+01
4.693715594332417851e+01 4.681884917707782279e+01
4.693715594332417851e+01 3.963523247622278944e+01
4.693715594332417851e+01 4.918269014875652090e+01
4.693715594332417851e+01 4.994341243176901912e+01
4.693715594332417851e+01 4.491097530927682868e+01
4.693715594332417851e+01 4.982661771155760988e+01
4.693715594332417851e+01 5.182429242972430927e+01
4.693715594332417851e+01 4.353785699493737837e+01
4.693715594332417851e+01 4.223309018407877602e+01
4.693715594332417851e+01 4.411343002456664664e+01
4.693715594332417851e+01 4.712751596977790314e+01
4.693715594332417851e+01 4.631338569624328727e+01
4.693715594332417851e+01 4.825031303683879003e+01
4.693715594332417851e+01 4.147089789015170425e+01
4.693715594332417851e+01 4.602111767891128835e+01
4.693715594332417851e+01 4.204392475090211434e+01
4.693715594332417851e+01 4.413097584538174090e+01
4.693715594332417851e+01 4.366090447529055041e+01
4.693715594332417851e+01 4.148423611777068487e+01
4.693715594332417851e+01 4.905140335035503796e+01
4.693715594332417851e+01 4.965483431768211631e+01
4.693715594332417851e+01 4.679257843564079167e+01
4.693715594332417851e+01 4.522999447936342676e+01
4.693715594332417851e+01 5.517640080310037831e+01
4.693715594332417851e+01 5.005154814832711452e+01
4.693715594332417851e+01 4.193456708564225011e+01
4.693715594332417851e+01 4.780010425322883805e+01
4.693715594332417851e+01 4.733738460301012196e+01
4.693715594332417851e+01 4.019634748869125929e+01
4.693715594332417851e+01 5.228330845258097526e+01
4.693715594332417851e+01 4.931886419505256214e+01
4.693715594332417851e+01 5.137841084962229843e+01
4.693715594332417851e+01 4.393297905015709404e+01
4.693715594332417851e+01 4.232899854739094536e+01
4.693715594332417851e+01 5.036240881454402540e+01
4.693715594332417851e+01 4.670011513578777596e+01
4.693715594332417851e+01 4.722799160151627973e+01
4.693715594332417851e+01 4.946306131171252218e+01
4.693715594332417851e+01 4.154061084394080439e+01
4.693715594332417851e+01 4.340879636933476604e+01
4.693715594332417851e+01 4.502499260016620752e+01
4.693715594332417851e+01 4.805614032016583081e+01
4.693715594332417851e+01 4.234045802460769181e+01
4.693715594332417851e+01 4.252729238079633234e+01
4.693715594332417851e+01 4.793769868344844554e+01
4.693715594332417851e+01 3.959886734806952546e+01
4.693715594332417851e+01 4.791667979295547042e+01
4.693715594332417851e+01 4.568302621591239188e+01
4.693715594332417851e+01 4.254655009877923533e+01
4.693715594332417851e+01 4.621506209233848494e+01
4.693715594332417851e+01 4.648482259242295100e+01
4.693715594332417851e+01 5.049450107284631883e+01
4.693715594332417851e+01 4.908072346539113795e+01
4.693715594332417851e+01 5.129508936175323441e+01
4.693715594332417851e+01 4.447466520519856203e+01
4.693715594332417851e+01 4.163603188568286839e+01
4.693715594332417851e+01 4.688155056626012396e+01
4.693715594332417851e+01 4.238950952109041026e+01
4.693715594332417851e+01 4.436652919784654614e+01
4.693715594332417851e+01 4.426881255866163656e+01
4.693715594332417851e+01 5.016353748728354134e+01
4.693715594332417851e+01 5.028392240814397240e+01
4.693715594332417851e+01 4.693451719938654776e+01
4.693715594332417851e+01 4.638822403027715779e+01
4.693715594332417851e+01 4.761160387881164979e+01
4.693715594332417851e+01 4.675773390666561369e+01
4.693715594332417851e+01 4.807467702808565946e+01
4.693715594332417851e+01 4.686293155550460909e+01
4.693715594332417851e+01 4.689934623874191999e+01
4.693715594332417851e+01 4.694070560141120296e+01
4.693715594332417851e+01 4.295062377821464139e+01
4.693715594332417851e+01 4.148444944445552807e+01
4.693715594332417851e+01 4.512066423926935954e+01
4.693715594332417851e+01 5.026011556488252552e+01
4.693715594332417851e+01 4.838306624642581255e+01
4.693715594332417851e+01 3.869550227599933834e+01
4.693715594332417851e+01 4.879580144011791276e+01
4.693715594332417851e+01 4.751050189098137366e+01
4.693715594332417851e+01 5.091164784206235794e+01
4.693715594332417851e+01 5.115093605180430103e+01
4.693715594332417851e+01 4.525404398125663619e+01
4.693715594332417851e+01 5.064230013742461978e+01
4.693715594332417851e+01 4.735156035754878445e+01
4.693715594332417851e+01 4.583223484921310842e+01
4.693715594332417851e+01 4.310325579920236549e+01
4.693715594332417851e+01 5.089101515522209240e+01
4.693715594332417851e+01 4.683666075347903757e+01
4.693715594332417851e+01 4.377662577304742797e+01
4.693715594332417851e+01 4.901373430333615033e+01
4.693715594332417851e+01 4.063849422839314229e+01
4.693715594332417851e+01 4.844851796988412929e+01
4.693715594332417851e+01 4.618102366601855380e+01
4.693715594332417851e+01 4.806454940541203769e+01
4.693715594332417851e+01 4.781075262123085423e+01
4.693715594332417851e+01 4.845579874557990507e+01
4.693715594332417851e+01 4.320338584041705587e+01
4.693715594332417851e+01 4.955862512708618084e+01
4.693715594332417851e+01 4.798430037296295581e+01
4.693715594332417851e+01 5.454051763358012295e+01
4.693715594332417851e+01 4.761991512126829207e+01
4.693715594332417851e+01 4.496499507411444796e+01
4.693715594332417851e+01 4.266807384332940956e+01
4.693715594332417851e+01 4.597640891367541371e+01
4.693715594332417851e+01 4.434046096302316897e+01
4.693715594332417851e+01 4.868502103710451934e+01
4.693715594332417851e+01 4.440691821635808623e+01
4.693715594332417851e+01 5.220134067131974831e+01
4.693715594332417851e+01 4.134602311940834340e+01
4.693715594332417851e+01 5.645905981256078121e+01
4.693715594332417851e+01 4.748197235097519098e+01
4.693715594332417851e+01 4.427833768464120112e+01
4.693715594332417851e+01 4.825060327579490149e+01
4.693715594332417851e+01 4.708084972339753449e+01
4.693715594332417851e+01 4.845695103625320854e+01
4.693715594332417851e+01 4.884682716263537117e+01
4.693715594332417851e+01 5.010766277094674592e+01
4.693715594332417851e+01 4.772411646602286339e+01
4.693715594332417851e+01 4.857909076195674203e+01
4.693715594332417851e+01 4.355738718898682293e+01
4.693715594332417851e+01 4.856060868498852301e+01
4.693715594332417851e+01 4.583909865227686709e+01
4.693715594332417851e+01 4.204100246610159530e+01
4.693715594332417851e+01 4.602744684626639327e+01
4.693715594332417851e+01 4.567214359936097168e+01
4.693715594332417851e+01 4.640114411553651053e+01
4.693715594332417851e+01 5.501874336220750905e+01
4.693715594332417851e+01 5.055196471706505434e+01
4.693715594332417851e+01 4.828874642229487790e+01
4.693715594332417851e+01 4.489733759591838691e+01
4.693715594332417851e+01 5.268395227776577627e+01
4.693715594332417851e+01 4.260792976296156098e+01
4.693715594332417851e+01 4.545963416633212262e+01
4.693715594332417851e+01 5.033507965888909297e+01
4.693715594332417851e+01 5.027842357072047008e+01
4.693715594332417851e+01 4.371980520140780158e+01
4.693715594332417851e+01 4.844263969056653707e+01
4.693715594332417851e+01 4.082910400917818805e+01
4.693715594332417851e+01 4.667422013827940219e+01
4.693715594332417851e+01 4.752780163896654386e+01
4.693715594332417851e+01 4.243134337237980702e+01
4.693715594332417851e+01 4.525138884754728963e+01
4.693715594332417851e+01 4.490810408083245875e+01
4.693715594332417851e+01 4.551378483087518134e+01
4.693715594332417851e+01 5.190484479325657929e+01
4.693715594332417851e+01 4.772098966317111035e+01
4.693715594332417851e+01 4.668720275353621929e+01
4.693715594332417851e+01 4.664059230792916111e+01
4.693715594332417851e+01 4.187564533571392644e+01
4.693715594332417851e+01 4.391405645577063410e+01
4.693715594332417851e+01 5.309772168889961819e+01
4.693715594332417851e+01 4.191612892249546718e+01
4.693715594332417851e+01 4.585175496791516991e+01
4.693715594332417851e+01 5.168416767493167896e+01
4.693715594332417851e+01 4.408488677624181662e+01
4.693715594332417851e+01 4.750726011097576418e+01
4.693715594332417851e+01 4.177360076430835534e+01
4.693715594332417851e+01 3.905179360529263022e+01
4.693715594332417851e+01 4.786199217832580644e+01
4.693715594332417851e+01 4.474297922424551643e+01
4.693715594332417851e+01 5.042061229281040369e+01
4.693715594332417851e+01 4.711456808358954618e+01
4.693715594332417851e+01 4.434291274696156648e+01
4.693715594332417851e+01 4.760585482015601855e+01
4.693715594332417851e+01 5.171330927722812021e+01
4.693715594332417851e+01 4.117284361183057229e+01
4.693715594332417851e+01 4.453078637012688290e+01
4.693715594332417851e+01 4.271809783115883619e+01
4.693715594332417851e+01 4.524880351037221971e+01
4.693715594332417851e+01 4.754182871346333172e+01
4.693715594332417851e+01 5.143927608639626214e+01
4.693715594332417851e+01 4.623834763048195384e+01
4.693715594332417851e+01 4.645409472003267126e+01
4.693715594332417851e+01 4.556879133127816317e+01
4.693715594332417851e+01 4.226937229911614935e+01
4.693715594332417851e+01 4.607954389598482692e+01
4.693715594332417851e+01 4.267589926634915543e+01
4.693715594332417851e+01 4.601465001203956717e+01
4.693715594332417851e+01 5.306875975792543443e+01
4.693715594332417851e+01 4.885316506254297053e+01
4.693715594332417851e+01 5.349093709699580756e+01
4.693715594332417851e+01 4.379096633982505438e+01
4.693715594332417851e+01 4.556429735374422307e+01
4.693715594332417851e+01 4.468532555288858532e+01
4.693715594332417851e+01 4.691041185156429805e+01
4.693715594332417851e+01 4.807840518708133004e+01
4.693715594332417851e+01 4.875209129992269652e+01
4.693715594332417851e+01 4.926750575114537156e+01
4.693715594332417851e+01 4.825633661940117491e+01
4.693715594332417851e+01 4.765300217836595209e+01
4.693715594332417851e+01 4.182391743740963364e+01
4.693715594332417851e+01 4.313094893410359987e+01
4.693715594332417851e+01 4.510773941802660403e+01
4.693715594332417851e+01 4.453217292305068753e+01
4.693715594332417851e+01 5.353871546331173192e+01
4.693715594332417851e+01 4.281509079904625992e+01
4.693715594332417851e+01 4.385822694836673463e+01
4.693715594332417851e+01 4.859933067117313499e+01
4.693715594332417851e+01 4.213237950052180736e+01
4.693715594332417851e+01 4.723390785294985506e+01
4.693715594332417851e+01 4.515407556887646479e+01
4.693715594332417851e+01 4.045574821165081403e+01
4.693715594332417851e+01 4.335210778082164751e+01
4.693715594332417851e+01 4.450575177585554343e+01
4.693715594332417851e+01 4.295096423396540075e+01
4.693715594332417851e+01 4.618046564704064849e+01
4.693715594332417851e+01 4.673551837756772187e+01
4.693715594332417851e+01 4.596891344782552835e+01
4.693715594332417851e+01 4.891866000003592063e+01
4.693715594332417851e+01 4.540002178181308068e+01
4.693715594332417851e+01 5.141671693120473208e+01
4.693715594332417851e+01 4.768286097021963599e+01
4.693715594332417851e+01 4.568047454459559020e+01
4.693715594332417851e+01 5.345545958447747381e+01
4.693715594332417851e+01 4.841186227118338792e+01
4.693715594332417851e+01 4.833667495084386445e+01
4.693715594332417851e+01 5.326226074389595766e+01
4.693715594332417851e+01 4.565541071069377210e+01
4.693715594332417851e+01 4.553220047541233839e+01
4.693715594332417851e+01 4.294419795165863007e+01
4.693715594332417851e+01 4.394326162823732318e+01
4.693715594332417851e+01 4.421063796908792654e+01
4.693715594332417851e+01 4.852942398864733775e+01
4.693715594332417851e+01 4.863686692334599115e+01
4.693715594332417851e+01 4.628026170290456065e+01
4.693715594332417851e+01 4.730950927835591102e+01
4.693715594332417851e+01 4.850994373630223322e+01
4.693715594332417851e+01 5.019023538892806613e+01
4.693715594332417851e+01 4.314224636022733961e+01
4.693715594332417851e+01 4.853524523230482401e+01
4.693715594332417851e+01 4.928286059034727629e+01
4.693715594332417851e+01 4.785239506093603978e+01
4.693715594332417851e+01 4.672889108978978356e+01
4.693715594332417851e+01 4.528080026047911133e+01
4.693715594332417851e+01 4.257151317892400044e+01
4.693715594332417851e+01 4.929622355492978869e+01
4.693715594332417851e+01 4.715911309025667464e+01
4.693715594332417851e+01 4.960295892691308950e+01
4.693715594332417851e+01 4.520978359767293853e+01
4.693715594332417851e+01 4.341843301691422141e+01
4.693715594332417851e+01 4.685390993215675337e+01
4.693715594332417851e+01 4.726998412446823039e+01
4.693715594332417851e+01 4.313656916183792589e+01
4.693715594332417851e+01 4.159174597431928078e+01
4.693715594332417851e+01 4.267153787022118649e+01
4.693715594332417851e+01 4.294293010544249256e+01
4.693715594332417851e+01 4.493142829021044093e+01
4.693715594332417851e+01 4.184780220514111448e+01
4.693715594332417851e+01 4.112196733187963815e+01
4.693715594332417851e+01 4.986649935207088902e+01
4.693715594332417851e+01 4.134656293137208394e+01
4.693715594332417851e+01 4.466859373901508690e+01
4.693715594332417851e+01 4.492477281290324953e+01
4.693715594332417851e+01 4.437224231498389315e+01
4.693715594332417851e+01 5.104593159638756106e+01
4.693715594332417851e+01 5.094745721824276075e+01
4.693715594332417851e+01 4.158727891885934014e+01
4.693715594332417851e+01 4.802895336197595100e+01
4.693715594332417851e+01 4.885224176087768200e+01
4.693715594332417851e+01 4.648325358867312218e+01
4.693715594332417851e+01 4.244533813481687901e+01
4.693715594332417851e+01 4.452413822745347716e+01
4.693715594332417851e+01 4.806821643422821211e+01
4.693715594332417851e+01 5.030630543865053994e+01
4.693715594332417851e+01 4.717839105403552225e+01
4.693715594332417851e+01 4.743451047833710277e+01
4.693715594332417851e+01 5.073649671877018363e+01
4.693715594332417851e+01 5.395925859157832605e+01
4.693715594332417851e+01 5.047531119636921915e+01
4.693715594332417851e+01 4.750116505005418333e+01
4.693715594332417851e+01 4.592257095748326634e+01
4.693715594332417851e+01 5.278778476735004688e+01
4.693715594332417851e+01 4.737330783433062464e+01
4.693715594332417851e+01 4.136915553828600167e+01
4.693715594332417851e+01 4.713484599649954276e+01
4.693715594332417851e+01 3.943201339450087062e+01
4.693715594332417851e+01 4.515294947055652131e+01
4.693715594332417851e+01 4.570170042704053515e+01
4.693715594332417851e+01 4.568101937977692018e+01
4.693715594332417851e+01 4.254205123624256402e+01
4.693715594332417851e+01 4.069510405048418988e+01
4.693715594332417851e+01 4.728277235993887473e+01
4.693715594332417851e+01 4.651832777354088222e+01
4.693715594332417851e+01 4.867673582263091703e+01
4.693715594332417851e+01 5.218740477522713661e+01
4.693715594332417851e+01 5.236904493324901466e+01
4.693715594332417851e+01 4.750961583560992807e+01
4.693715594332417851e+01 5.273328986967860033e+01
4.693715594332417851e+01 4.858116511621872746e+01
4.693715594332417851e+01 4.785552399031455906e+01
4.693715594332417851e+01 5.059390566462653993e+01
4.693715594332417851e+01 4.461524017568503808e+01
4.693715594332417851e+01 4.325255191228105645e+01
4.693715594332417851e+01 4.784654382033132691e+01
4.693715594332417851e+01 4.467780752194863680e+01
4.693715594332417851e+01 4.112164144598298776e+01
4.693715594332417851e+01 4.801353626541816766e+01
4.693715594332417851e+01 4.616140252725642057e+01
4.693715594332417851e+01 4.684196247332928920e+01
4.693715594332417851e+01 4.243407066048644083e+01
4.693715594332417851e+01 4.132895657676898082e+01
4.693715594332417851e+01 4.622816086332123575e+01
4.693715594332417851e+01 4.329729689386612534e+01
4.693715594332417851e+01 4.143630765361432111e+01
4.693715594332417851e+01 4.914478846742464668e+01
4.693715594332417851e+01 4.714500519179829752e+01
4.693715594332417851e+01 5.132470404554017307e+01
4.693715594332417851e+01 4.734874934095385868e+01
4.693715594332417851e+01 4.294424749979365430e+01
4.693715594332417851e+01 4.893605645613949662e+01
4.693715594332417851e+01 4.926817447576183895e+01
4.693715594332417851e+01 5.293621750426255801e+01
4.693715594332417851e+01 4.121390812803331727e+01
4.693715594332417851e+01 4.332293552285894123e+01
4.693715594332417851e+01 4.564550885673310177e+01
4.693715594332417851e+01 4.467214296513128602e+01
4.693715594332417851e+01 4.521826203671975009e+01
4.693715594332417851e+01 5.045565926847922356e+01
4.693715594332417851e+01 4.547861018591233062e+01
