4.693715594332417851e+01 5.204055198777668778e+01
4.693715594332417851e+01 4.443666470486436992e+01
4.693715594332417851e+01 4.599491890638201141e+01
4.693715594332417851e+01 4.797900285170424439e+01
4.693715594332417851e+01 4.182153679930044632e+01
4.693715594332417851e+01 4.625182244333047521e+01
4.693715594332417851e+01 4.538299647569984074e+01
4.693715594332417851e+01 4.558812538373194201e+01
4.693715594332417851e+01 4.894617439930789971e+01
4.693715594332417851e+01 4.884832598366120493e+01
4.693715594332417851e+01 4.358080416282401615e+01
4.693715594332417851e+01 4.617747385851352249e+01
4.693715594332417851e+01 4.639465618127439939e+01
4.693715594332417851e+01 4.678570624246754761e+01
4.693715594332417851e+01 4.958635550313115203e+01
4.693715594332417851e+01 4.605921966817244595e+01
4.693715594332417851e+01 4.215362619034858938e+01
4.693715594332417851e+01 4.533524485595256692e+01
4.693715594332417851e+01 4.865918818236745125e+01
4.693715594332417851e+01 5.024164635084480324e+01
4.693715594332417851e+01 4.273126308876049961e+01
4.693715594332417851e+01 4.390906672232410557e+01
4.693715594332417851e+01 4.460260997875139566e+01
4.693715594332417851e+01 4.394467204127020210e+01
4.693715594332417851e+01 4.320258766914766113e+01
4.693715594332417851e+01 5.174440066140579120e+01
4.693715594332417851e+01 5.216820580199782142e+01
4.693715594332417851e+01 4.323792236109829190e+01
4.693715594332417851e+01 4.421446499227322136e+01
4.693715594332417851e+01 4.479997041509498246e+01
4.693715594332417851e+01 5.112690873766661070e+01
4.693715594332417851e+01 4.730791056401128003e+01
4.693715594332417851e+01 4.477596459331406464e+01
4.693715594332417851e+01 4.787305376536271950e+01
4.693715594332417851e+01 4.631364252513184709e+01
4.693715594332417851e+01 4.759454468750661249e+01
4.693715594332417851e+01 4.535440256761480526e+01
4.693715594332417851e+01 5.160664024182715792e+01
4.693715594332417851e+01 5.267302068859446962e+01
4.693715594332417851e+01 4.286375393750307694e+01
4.693715594332417851e+01 4.686305212259265573e+01
4.693715594332417851e+01 4.678661924938425187e+01
4.693715594332417851e+01 5.409765413850251292e+01
4.693715594332417851e+01 4.473181593760130426e+01
4.693715594332417851e+01 5.140828564215374286e+01
4.693715594332417851e+01 5.238665883240546606e+01
4.693715594332417851e+01 4.746220498349010342e+01
4.693715594332417851e+01 4.865377074353801135e+01
4.693715594332417851e+01 4.887208504035572076e+01
4.693715594332417851e+01 5.137580274152547588e+01
4.693715594332417851e+01 4.543983511259306596e+01
4.693715594332417851e+01 5.067513864931175505e+01
4.693715594332417851e+01 4.662207725852931617e+01
4.693715594332417851e+01 4.360665068660558319e+01
4.693715594332417851e+01 4.494742378697457497e+01
4.693715594332417851e+01 4.948254520923948974e+01
4.693715594332417851e+01 4.676793605856980918e+01
4.693715594332417851e+01 4.307466470153344318e+01
4.693715594332417851e+01 4.437694759334181782e+01
4.693715594332417851e+01 4.712244691412713848e+01
4.693715594332417851e+01 4.989798225765747475e+01
4.693715594332417851e+01 5.149976113728979499e+01
4.693715594332417851e+01 4.812275000910071299e+01
4.693715594332417851e+01 5.129065386051436093e+01
4.693715594332417851e+01 4.140523163556276387e+01
4.693715594332417851e+01 4.369621066416068089e+01
4.693715594332417851e+01 4.117091441696809540e+01
4.693715594332417851e+01 4.648632576958969054e+01
4.693715594332417851e+01 4.733751754645316367e+01
4.693715594332417851e+01 4.728347597785899836e+01
4.693715594332417851e+01 4.746111903218630346e+01
4.693715594332417851e+01 3.934819024811765331e+01
4.693715594332417851e+01 4.506358883137103533e+01
4.693715594332417851e+01 4.321386385159799914e+01
4.693715594332417851e+01 4.657072435737460125e+01
4.693715594332417851e+01 4.272749690148642543e+01
4.693715594332417851e+01 3.909394765944398387e+01
4.693715594332417851e+01 4.784651025907947286e+01
4.693715594332417851e+01 5.113327224785606973e+01
4.693715594332417851e+01 3.964430559821657596e+01
4.693715594332417851e+01 4.928887734754189154e+01
4.693715594332417851e+01 4.877613703575675430e+01
4.693715594332417851e+01 3.905006425218955712e+01
4.693715594332417851e+01 4.170349969340983165e+01
4.693715594332417851e+01 4.487096618486411614e+01
4.693715594332417851e+01 4.456846601485705861e+01
4.693715594332417851e+01 4.454624669628216083e+01
4.693715594332417851e+01 4.853422082124221504e+01
4.693715594332417851e+01 3.861337000487731075e+01
4.693715594332417851e+01 4.349136342188877080e+01
4.693715594332417851e+01 4.910227137002544850e+01
4.693715594332417851e+01 4.632361092301024996e+01
4.693715594332417851e+01 4.682391563556789293e+01
4.693715594332417851e+01 4.512059057922112970e+01
4.693715594332417851e+01 4.487086906524074692e+01
4.693715594332417851e+01 4.748235903495614707e+01
4.693715594332417851e+01 4.717240535349850461e+01
4.693715594332417851e+01 5.048169014425297974e+01
4.693715594332417851e+01 4.209195362044605560e+01
4.693715594332417851e+01 4.191587510560870555e+01
4.693715594332417851e+01 4.402139505505082440e+01
4.693715594332417851e+01 5.040228058044363024e+01
4.693715594332417851e+01 4.902218994321679446e+01
4.693715594332417851e+01 4.528680896679102830e+01
4.693715594332417851e+01 4.930221980618063782e+01
4.693715594332417851e+01 4.699955715181497595e+01
4.693715594332417851e+01 4.970053632184319525e+01
4.693715594332417851e+01 5.683868507451320085e+01
4.693715594332417851e+01 4.282277620876671875e+01
4.693715594332417851e+01 4.609978469500304499e+01
4.693715594332417851e+01 5.146147145624937735e+01
4.693715594332417851e+01 4.219184024439679348e+01
4.693715594332417851e+01 4.907286461177332626e+01
4.693715594332417851e+01 4.377104818058964497e+01
4.693715594332417851e+01 3.977153467578521884e+01
4.693715594332417851e+01 3.673549476046645168e+01
4.693715594332417851e+01 4.312073511526572389e+01
4.693715594332417851e+01 4.471931569006795826e+01
4.693715594332417851e+01 4.594876329114879354e+01
4.693715594332417851e+01 5.206617269886619681e+01
4.693715594332417851e+01 4.749371936639432334e+01
4.693715594332417851e+01 4.721067885268121245e+01
4.693715594332417851e+01 4.434916745318037812e+01
4.693715594332417851e+01 4.813053754156278075e+01
4.693715594332417851e+01 4.317417990952134232e+01
4.693715594332417851e+01 4.579035295285696350e+01
4.693715594332417851e+01 4.751391081557836316e+01
4.693715594332417851e+01 4.442964440218545974e+01
4.693715594332417851e+01 4.608164499419741844e+01
4.693715594332417851e+01 4.665003872413097241e+01
4.693715594332417851e+01 4.644749007165803789e+01
4.693715594332417851e+01 5.222482558723968538e+01
4.693715594332417851e+01 4.373322307828183853e+01
4.693715594332417851e+01 4.454601180076900846e+01
4.693715594332417851e+01 4.647379557211784373e+01
4.693715594332417851e+01 5.451080333242911280e+01
4.693715594332417851e+01 4.948317718688321776e+01
4.693715594332417851e+01 4.790603543698454558e+01
4.693715594332417851e+01 4.664443239555393461e+01
4.693715594332417851e+01 4.434083353812135897e+01
4.693715594332417851e+01 5.199308437717412801e+01
4.693715594332417851e+01 4.294909107491740485e+01
4.693715594332417851e+01 4.593317295960948599e+01
4.693715594332417851e+01 4.737896685168173860e+01
4.693715594332417851e+01 4.631036696229485727e+01
4.693715594332417851e+01 4.738899949597723094e+01
4.693715594332417851e+01 4.407884753152628576e+01
4.693715594332417851e+01 5.023399486086318433e+01
4.693715594332417851e+01 4.523241866003244382e+01
4.693715594332417851e+01 4.516771803108045447e+01
4.693715594332417851e+01 4.761347337107310551e+01
4.693715594332417851e+01 4.649215274048326307e+01
4.693715594332417851e+01 4.484491161945181403e+01
4.693715594332417851e+01 4.752064935473242002e+01
4.693715594332417851e+01 4.372150452615969130e+01
4.693715594332417851e+01 4.411692198422674949e+01
4.693715594332417851e+01 4.273453731843860481e+01
4.693715594332417851e+01 4.633887848823448508e+01
4.693715594332417851e+01 4.368054529398668961e+01
4.693715594332417851e+01 4.752464151210600818e+01
4.693715594332417851e+01 4.835391296132888783e+01
4.693715594332417851e+01 4.709412527663264569e+01
4.693715594332417851e+01 4.829324022531820759e+01
4.693715594332417851e+01 4.241506994721450496e+01
4.693715594332417851e+01 4.489671490533095266e+01
4.693715594332417851e+01 4.538672281909374107e+01
4.693715594332417851e+01 4.856623147298510901e+01
4.693715594332417851e+01 4.770199785112414759e+01
4.693715594332417851e+01 4.200467637647848562e+01
4.693715594332417851e+01 5.119135340573998150e+01
4.693715594332417851e+01 4.750033349333070731e+01
4.693715594332417851e+01 4.554171773758343278e+01
4.693715594332417851e+01 4.598362598821777425e+01
4.693715594332417851e+01 5.286677582082130300e+01
4.693715594332417851e+01 4.244210818814701724e+01
4.693715594332417851e+01 4.657156027411702581e+01
4.693715594332417851e+01 4.945420031386150583e+01
4.693715594332417851e+01 5.150017909490654233e+01
4.693715594332417851e+01 4.238680837145586366e+01
4.693715594332417851e+01 4.414567189341167364e+01
4.693715594332417851e+01 4.676852761237514500e+01
4.693715594332417851e+01 5.528503361623359069e+01
4.693715594332417851e+01 4.607384585036140834e+01
4.693715594332417851e+01 4.213064447404286739e+01
4.693715594332417851e+01 4.069456153856295089e+01
4.693715594332417851e+01 4.533964005061750413e+01
4.693715594332417851e+01 4.939597308021571109e+01
4.693715594332417851e+01 5.246188492494162148e+01
4.693715594332417851e+01 4.437563239598743792e+01
4.693715594332417851e+01 4.096863789402210898e+01
4.693715594332417851e+01 4.713209399779094610e+01
4.693715594332417851e+01 4.085857221383625415e+01
4.693715594332417851e+01 4.594702371548022768e+01
4.693715594332417851e+01 4.879270031533276608e+01
4.693715594332417851e+01 4.974699144774791648e+01
4.693715594332417851e+01 5.201246080220553125e+01
4.693715594332417851e+01 4.785697199219276854e+01
4.693715594332417851e+01 3.981039808794051993e+01
4.693715594332417851e+01 4.303299432717821560e+01
4.693715594332417851e+01 4.845503986452885670e+01
4.693715594332417851e+01 4.305108395552561262e+01
4.693715594332417851e+01 4.476512576813162525e+01
4.693715594332417851e+01 4.880966313533239287e+01
4.693715594332417851e+01 4.537882275759624662e+01
4.693715594332417851e+01 5.089855488544358053e+01
4.693715594332417851e+01 4.071994614470909823e+01
4.693715594332417851e+01 4.260079912432595250e+01
4.693715594332417851e+01 5.061513987783736468e+01
4.693715594332417851e+01 3.991527080580026876e+01
4.693715594332417851e+01 4.337979663011343945e+01
4.693715594332417851e+01 4.259890222776601831e+01
4.693715594332417851e+01 4.413075644950590259e+01
4.693715594332417851e+01 4.784751177253787091e+01
4.693715594332417851e+01 4.976861520555397078e+01
4.693715594332417851e+01 4.420789846962446745e+01
4.693715594332417851e+01 4.252435048195991385e+01
4.693715594332417851e+01 4.267866333974826887e+01
4.693715594332417851e+01 4.917319377835936223e+01
4.693715594332417851e+01 4.426793666344139666e+01
4.693715594332417851e+01 4.610990971938671379e+01
4.693715594332417851e+01 4.339412304997259895e+01
4.693715594332417851e+01 4.731943039920334115e+01
4.693715594332417851e+01 4.424434487331308219e+01
4.693715594332417851e+01 4.370235002982929018e+01
4.693715594332417851e+01 4.674218337439666726e+01
4.693715594332417851e+01 4.646573687032455524e+01
4.693715594332417851e+01 4.406172217378315281e+01
4.693715594332417851e+01 4.323803305761187232e+01
4.693715594332417851e+01 4.872913200767447250e+01
4.693715594332417851e+01 5.126532307174817760e+01
4.693715594332417851e+01 5.168697408839911844e+01
4.693715594332417851e+01 5.653295680492815478e+01
4.693715594332417851e+01 5.014626547213335783e+01
4.693715594332417851e+01 5.073026456547884067e+01
4.693715594332417851e+01 4.756529789875573755e+01
4.693715594332417851e+01 4.465057121886670899e+01
4.693715594332417851e+01 4.008385713962399421e+01
4.693715594332417851e+01 4.322515626309557035e+01
4.693715594332417851e+01 5.149036263641716005e+01
4.693715594332417851e+01 5.014350982843296833e+01
4.693715594332417851e+01 4.452241621505891800e+01
4.693715594332417851e+01 4.410627490098671188e+01
4.693715594332417851e+01 4.396874060037140453e+01
4.693715594332417851e+01 4.615826822971854426e+01
4.693715594332417851e+01 4.972044248551038947e+01
4.693715594332417851e+01 4.515757638960088372e+01
4.693715594332417851e+01 4.262723354850768231e+01
4.693715594332417851e+01 4.479877290880805418e+01
4.693715594332417851e+01 4.806266686526326026e+01
4.693715594332417851e+01 4.785536545530458596e+01
4.693715594332417851e+01 4.758213124659536675e+01
4.693715594332417851e+01 4.382356833416407937e+01
4.693715594332417851e+01 4.869805271475985364e+01
4.693715594332417851e+01 4.260513018966899779e+01
4.693715594332417851e+01 4.527428620568886686e+01
4.693715594332417851e+01 4.768766267725942498e+01
4.693715594332417851e+01 4.457717230476238512e+01
4.693715594332417851e+01 4.472834196486738279e+01
4.693715594332417851e+01 4.788002587259824594e+01
4.693715594332417851e+01 4.861317457604368286e+01
4.693715594332417851e+01 4.579179009384754551e+01
4.693715594332417851e+01 5.429324758999450751e+01
4.693715594332417851e+01 4.945897232596427529e+01
4.693715594332417851e+01 4.403393082452356566e+01
4.693715594332417851e+01 4.979207543728526986e+01
4.693715594332417851e+01 4.259299697081399927e+01
4.693715594332417851e+01 4.287985788046375291e+01
4.693715594332417851e+01 4.470976445803359667e+01
4.693715594332417851e+01 4.733257279002128826e+01
4.693715594332417851e+01 4.795907692493585728e+01
4.693715594332417851e+01 4.299214042046159534e+01
4.693715594332417851e+01 5.150995271589570734e+01
4.693715594332417851e+01 4.383975801339057199e+01
4.693715594332417851e+01 3.953234423617391968e+01
4.693715594332417851e+01 4.821434858585877947e+01
4.693715594332417851e+01 4.516654506361993526e+01
4.693715594332417851e+01 4.427384192389164497e+01
4.693715594332417851e+01 4.337976018905055042e+01
4.693715594332417851e+01 4.368787556010848050e+01
4.693715594332417851e+01 4.803657316904778440e+01
4.693715594332417851e+01 4.392102820375286854e+01
4.693715594332417851e+01 4.908708297027746426e+01
4.693715594332417851e+01 4.967618197204570407e+01
4.693715594332417851e+01 4.852256379667494457e+01
4.693715594332417851e+01 4.170437095935841398e+01
4.693715594332417851e+01 4.573186346392461132e+01
4.693715594332417851e+01 4.080394829513719657e+01
4.693715594332417851e+01 5.296086197862190659e+01
4.693715594332417851e+01 4.128956223381822355e+01
4.693715594332417851e+01 5.002726430050090300e+01
4.693715594332417851e+01 4.879386859281485300e+01
4.693715594332417851e+01 4.742304624615741204e+01
4.693715594332417851e+01 4.942867564943598779e+01
4.693715594332417851e+01 4.983862616350801744e+01
4.693715594332417851e+01 4.530155657576512596e+01
4.693715594332417851e+01 4.968462875741669649e+01
4.693715594332417851e+01 4.730592244754831199e+01
4.693715594332417851e+01 4.537912134937653974e+01
4.693715594332417851e+01 4.653125677644774782e+01
4.693715594332417851e+01 4.652911150334200840e+01
4.693715594332417851e+01 4.614108751483808391e+01
4.693715594332417851e+01 3.939887925641991728e+01
4.693715594332417851e+01 4.636884978084745512e+01
4.693715594332417851e+01 4.943929514522316282e+01
4.693715594332417851e+01 4.786953164712016928e+01
4.693715594332417851e+01 4.215667709441989075e+01
4.693715594332417851e+01 4.780088794991480228e+01
4.693715594332417851e+01 4.327418409835419055e+01
4.693715594332417851e+01 4.563188306167933916e+01
4.693715594332417851e+01 4.721297303024849157e+01
4.693715594332417851e+01 4.926998433566978264e+01
4.693715594332417851e+01 4.851189132862377562e+01
4.693715594332417851e+01 4.329014686763279940e+01
4.693715594332417851e+01 4.413085807024691576e+01
4.693715594332417851e+01 4.045909596543130959e+01
4.693715594332417851e+01 4.839527723595756470e+01
4.693715594332417851e+01 5.500685283007906889e+01
4.693715594332417851e+01 4.611870562306259558e+01
4.693715594332417851e+01 4.657082802231835217e+01
4.693715594332417851e+01 4.204531274683907327e+01
4.693715594332417851e+01 4.774023123098430688e+01
4.693715594332417851e+01 4.843532669748469033e+01
4.693715594332417851e+01 4.660632802967286636e+01
4.693715594332417851e+01 4.655703457937818257e+01
4.693715594332417851e+01 4.642351702161887772e+01
4.693715594332417851e+01 4.590012712248267945e+01
4.693715594332417851e+01 4.491003422221787389e+01
4.693715594332417851e+01 4.263206087471289862e+01
4.693715594332417851e+01 4.074225940084093622e+01
4.693715594332417851e+01 4.604468043290412993e+01
4.693715594332417851e+01 4.661456479243566520e+01
4.693715594332417851e+01 4.408885486411487875e+01
4.693715594332417851e+01 4.004377917590409908e+01
4.693715594332417851e+01 4.482660195354630872e+01
4.693715594332417851e+01 5.090100979650242152e+01
4.693715594332417851e+01 4.509286452767243958e+01
4.693715594332417851e+01 4.889344044413249435e+01
4.693715594332417851e+01 4.737178305587217153e+01
4.693715594332417851e+01 4.375385662954827382e+01
4.693715594332417851e+01 4.954695322103510335e+01
4.693715594332417851e+01 4.681574840175806429e+01
4.693715594332417851e+01 4.824691130487855872e+01
4.693715594332417851e+01 4.622808913005784603e+01
4.693715594332417851e+01 4.358624330210339082e+01
4.693715594332417851e+01 4.810667671271193058e+01
4.693715594332417851e+01 4.907254413876973587e+01
4.693715594332417851e+01 3.937045333172143557e+01
4.693715594332417851e+01 4.320018486402337032e+01
4.693715594332417851e+01 5.089605266559870245e+01
4.693715594332417851e+01 4.179613684472809609e+01
4.693715594332417851e+01 4.623617697611617672e+01
4.693715594332417851e+01 4.636568618215235915e+01
4.693715594332417851e+01 4.379633764300639598e+01
4.693715594332417851e+01 4.264693726257549855e+01
4.693715594332417851e+01 4.563180598443000235e+01
4.693715594332417851e+01 5.229945249890038639e+01
4.693715594332417851e+01 4.501857371928517892e+01
4.693715594332417851e+01 4.760185448607447256e+01
4.693715594332417851e+01 4.691779762204195237e+01
4.693715594332417851e+01 4.327520171773375068e+01
4.693715594332417851e+01 4.456709736760404894e+01
4.693715594332417851e+01 4.550687661601692469e+01
4.693715594332417851e+01 4.273822942680236991e+01
4.693715594332417851e+01 4.507044020602375411e+01
4.693715594332417851e+01 4.865310409757533705e+01
4.693715594332417851e+01 4.969960645162716872e+01
4.693715594332417851e+01 4.109701847555385257e+01
4.693715594332417851e+01 4.452498854613321555e+01
4.693715594332417851e+01 5.098641240129290964e+01
4.693715594332417851e+01 4.991847047702174933e+01
4.693715594332417851e+01 4.209753769705909576e+01
4.693715594332417851e+01 4.862282542217379699e+01
4.693715594332417851e+01 4.627332682100853845e+01
4.693715594332417851e+01 5.342780125418862980e+01
4.693715594332417851e+01 4.993174370107602300e+01
4.693715594332417851e+01 4.443300163843696993e+01
4.693715594332417851e+01 4.405955294868770977e+01
4.693715594332417851e+01 4.569311250188177098e+01
4.693715594332417851e+01 4.204928635288730021e+01
4.693715594332417851e+01 4.308293071036924715e+01
4.693715594332417851e+01 5.049699002226748235e+01
4.693715594332417851e+01 4.646118968638915447e+01
4.693715594332417851e+01 4.599403020729737079e+01
4.693715594332417851e+01 5.006733103338510915e+01
4.693715594332417851e+01 4.364964162318374008e+01
4.693715594332417851e+01 4.412326189185034053e+01
4.693715594332417851e+01 4.544117445077929318e+01
4.693715594332417851e+01 4.829986151197596200e+01
4.693715594332417851e+01 4.817108279176984809e+01
4.693715594332417851e+01 4.291572935630028951e+01
4.693715594332417851e+01 4.753574578079555124e+01
4.693715594332417851e+01 4.206650748770076120e+01
4.693715594332417851e+01 4.069642865008896848e+01
4.693715594332417851e+01 5.400997172047978978e+01
4.693715594332417851e+01 3.977532565372314366e+01
4.693715594332417851e+01 4.821892880573594198e+01
4.693715594332417851e+01 4.401858498390734553e+01
4.693715594332417851e+01 4.556356903921478363e+01
4.693715594332417851e+01 4.325567610793632412e+01
4.693715594332417851e+01 3.602488623427775138e+01
4.693715594332417851e+01 5.449406991828739422e+01
4.693715594332417851e+01 5.118462127051135724e+01
4.693715594332417851e+01 4.423044150765741733e+01
4.693715594332417851e+01 4.334773352549924397e+01
4.693715594332417851e+01 4.232750197399849412e+01
4.693715594332417851e+01 4.566838312548061651e+01
4.693715594332417851e+01 4.208428784411787404e+01
4.693715594332417851e+01 4.474209476982598943e+01
4.693715594332417851e+01 5.038985786945784184e+01
4.693715594332417851e+01 5.296600493280727306e+01
4.693715594332417851e+01 4.132227749586426313e+01
4.693715594332417851e+01 4.738418402529743645e+01
4.693715594332417851e+01 4.327886349606517769e+01
4.693715594332417851e+01 5.189687825654817033e+01
4.693715594332417851e+01 4.371262055757243559e+01
4.693715594332417851e+01 4.957172772472593891e+01
4.693715594332417851e+01 4.341345897560054823e+01
4.693715594332417851e+01 4.785649599180971592e+01
4.693715594332417851e+01 4.454533744454170829e+01
4.693715594332417851e+01 4.580118745098704380e+01
4.693715594332417851e+01 4.927870462223083337e+01
4.693715594332417851e+01 4.783318190087322108e+01
4.693715594332417851e+01 4.650156677008762074e+01
4.693715594332417851e+01 4.871578934752122336e+01
4.693715594332417851e+01 4.188779326182761054e+01
4.693715594332417851e+01 4.710877317173717671e+01
4.693715594332417851e+01 4.764414099299675343e+01
4.693715594332417851e+01 4.771049105870128670e+01
4.693715594332417851e+01 4.792991613323003719e+01
4.693715594332417851e+01 4.272565680133837418e+01
4.693715594332417851e+01 5.532218001263350970e+01
4.693715594332417851e+01 5.807953786177752420e+01
4.693715594332417851e+01 4.863000928280948187e+01
4.693715594332417851e+01 4.427360570934001061e+01
4.693715594332417851e+01 5.437288011861845405e+01
4.693715594332417851e+01 4.637623565038265383e+01
4.693715594332417851e+01 4.277830998662054895e+01
4.693715594332417851e+01 5.014950007721412817e+01
4.693715594332417851e+01 4.299468923187685476e+01
4.693715594332417851e+01 4.458971295193132534e+01
4.693715594332417851e+01 4.476032316869432037e+01
4.693715594332417851e+01 4.758396586490350444e+01
4.693715594332417851e+01 4.449197177408527892e+01
4.693715594332417851e+01 4.807688693827654447e+01
4.693715594332417851e+01 4.523287620162469835e+01
4.693715594332417851e+01 4.839345274559135390e+01
4.693715594332417851e+01 5.103321769324843160e+01
4.693715594332417851e+01 4.675379306213318387e+01
4.693715594332417851e+01 4.918584071989673845e+01
4.693715594332417851e+01 5.013492830248615917e+01
4.693715594332417851e+01 4.919002944434543423e+01
4.693715594332417851e+01 4.553622418533274896e+01
4.693715594332417851e+01 4.457637401595891902e+01
4.693715594332417851e+01 4.251148605014041948e+01
4.693715594332417851e+01 4.194307764303393782e+01
4.693715594332417851e+01 4.873969259370825569e+01
4.693715594332417851e+01 4.948252512755734500e+01
4.693715594332417851e+01 4.317127256129582236e+01
4.693715594332417851e+01 4.227897403067984072e+01
4.693715594332417851e+01 4.477557037889908997e+01
4.693715594332417851e+01 4.929662569972544617e+01
4.693715594332417851e+01 4.057260182407059546e+01
4.693715594332417851e+01 4.335144625576182875e+01
4.693715594332417851e+01 4.470122613800985789e+01
4.693715594332417851e+01 4.458528223397974699e+01
4.693715594332417851e+01 5.089974098305896888e+01
4.693715594332417851e+01 4.548930220348928088e+01
4.693715594332417851e+01 4.566516174182550003e+01
4.693715594332417851e+01 4.342757381324252464e+01
4.693715594332417851e+01 4.479022146936773652e+01
4.693715594332417851e+01 4.444133847945641236e+01
4.693715594332417851e+01 4.180945659790775437e+01
4.693715594332417851e+01 4.230721001237920831e+01
4.693715594332417851e+01 4.457008945755522689e+01
4.693715594332417851e+01 4.250423273573107963e+01
4.693715594332417851e+01 4.507174679884379742e+01
4.693715594332417851e+01 5.416598262864930291e+01
4.693715594332417851e+01 4.722747113152080800e+01
4.693715594332417851e+01 5.086658685597461727e+01
4.693715594332417851e+01 4.610330553979684254e+01
4.693715594332417851e+01 4.769233669399631736e+01
4.693715594332417851e+01 4.341176028600224157e+01
4.693715594332417851e+01 4.881876793195331743e+01
4.693715594332417851e+01 4.464739655976103450e+01
4.693715594332417851e+01 5.004392010153274839e+01
4.693715594332417851e+01 4.774542482073876926e+01
4.693715594332417851e+01 4.641712240633891895e+01
4.693715594332417851e+01 4.595261804267593675e+01
4.693715594332417851e+01 4.700692006066606154e+01
4.693715594332417851e+01 4.205598701163282271e+01
4.693715594332417851e+01 5.241731703513130469e+01
4.693715594332417851e+01 4.335733412705637591e+01
4.693715594332417851e+01 4.250154294612559625e+01
4.693715594332417851e+01 4.449623196058683305e+01
4.693715594332417851e+01 4.689811096198926066e+01
4.693715594332417851e+01 4.412157371653064075e+01
4.693715594332417851e+01 4.988157582582815053e+01
4.693715594332417851e+01 3.938623246159012581e+01
4.693715594332417851e+01 3.951668626890357672e+01
4.693715594332417851e+01 4.383308635877132531e+01
4.693715594332417851e+01 4.649330435096159420e+01
4.693715594332417851e+01 4.843714559634069161e+01
4.693715594332417851e+01 4.873031522143622851e+01
4.693715594332417851e+01 4.775414230690960693e+01
4.693715594332417851e+01 5.084568642251665693e+01
4.693715594332417851e+01 5.361323459736885866e+01
4.693715594332417851e+01 4.558209967209654678e+01
4.693715594332417851e+01 4.842712095069937561e+01
4.693715594332417851e+01 5.349231911225403024e+01
4.693715594332417851e+01 5.029802527119271360e+01
4.693715594332417851e+01 4.313104839097432119e+01
4.693715594332417851e+01 4.853896475303474745e+01
4.693715594332417851e+01 4.545272472775684491e+01
4.693715594332417851e+01 4.605095049985214928e+01
4.693715594332417851e+01 5.405576528086044164e+01
4.693715594332417851e+01 5.090277187711255635e+01
4.693715594332417851e+01 4.900788595669570924e+01
4.693715594332417851e+01 4.036513409344477310e+01
4.693715594332417851e+01 4.186941515763572852e+01
4.693715594332417851e+01 4.071574508944367921e+01
4.693715594332417851e+01 4.367612868813081661e+01
4.693715594332417851e+01 4.203682625508637472e+01
4.693715594332417851e+01 4.137713182383271260e+01
4.693715594332417851e+01 4.734943441739068248e+01
4.693715594332417851e+01 4.318796469927368520e+01
4.693715594332417851e+01 4.548307728289974250e+01
4.693715594332417851e+01 4.802239725395167369e+01
4.693715594332417851e+01 4.338526804352358113e+01
4.693715594332417851e+01 4.984451451175924319e+01
4.693715594332417851e+01 4.284175758502448161e+01
4.693715594332417851e+01 4.767786015854548509e+01
4.693715594332417851e+01 4.452515385280027260e+01
4.693715594332417851e+01 4.436946310714539266e+01
4.693715594332417851e+01 4.577485609078396323e+01
4.693715594332417851e+01 3.933470407283891035e+01
4.693715594332417851e+01 4.561514070166973056e+01
4.693715594332417851e+01 4.955883919465063769e+01
4.693715594332417851e+01 4.478131788182378159e+01
4.693715594332417851e+01 4.785059505443629746e+01
4.693715594332417851e+01 4.795634093074237114e+01
4.693715594332417851e+01 4.531029192135840589e+01
4.693715594332417851e+01 4.451351010680782139e+01
4.693715594332417851e+01 4.140955428524430459e+01
4.693715594332417851e+01 4.741307215519162810e+01
4.693715594332417851e+01 4.624424399577378608e+01
4.693715594332417851e+01 4.955649488331258112e+01
4.693715594332417851e+01 4.638956088463972094e+01
4.693715594332417851e+01 4.886730727523005413e+01
4.693715594332417851e+01 4.863182878743257476e+01
4.693715594332417851e+01 4.373844973028652561e+01
4.693715594332417851e+01 4.455835926006448489e+01
4.693715594332417851e+01 4.046609290054414743e+01
4.693715594332417851e+01 4.551348402081043787e+01
4.693715594332417851e+01 4.818300226412890908e+01
4.693715594332417851e+01 5.025107112924006003e+01
4.693715594332417851e+01 4.587982773554330151e+01
4.693715594332417851e+01 4.518703434155042231e+01
4.693715594332417851e+01 4.601016536277798963e+01
4.693715594332417851e+01 4.217073428112002631e+01
4.693715594332417851e+01 4.513671739074419520e+01
4.693715594332417851e+01 4.752892739539922928e+01
4.693715594332417851e+01 4.117748795229723413e+01
4.693715594332417851e+01 3.682150613689576346e+01
4.693715594332417851e+01 4.367949152041398975e+01
4.693715594332417851e+01 4.474825542375184284e+01
4.693715594332417851e+01 4.712281334517979303e+01
4.693715594332417851e+01 4.966656302164503245e+01
4.693715594332417851e+01 3.914627414138963246e+01
4.693715594332417851e+01 4.276434560910971072e+01
4.693715594332417851e+01 4.991810813425165350e+01
4.693715594332417851e+01 4.506867503125209851e+01
4.693715594332417851e+01 4.811995693385708961e+01
4.693715594332417851e+01 4.465610162718922993e+01
4.693715594332417851e+01 4.566405780924566216e+01
4.693715594332417851e+01 5.001705907639315285e+01
4.693715594332417851e+01 4.808636896668221539e+01
4.693715594332417851e+01 4.588246432273549402e+01
4.693715594332417851e+01 4.153822409565547957e+01
4.693715594332417851e+01 4.426669519372545381e+01
4.693715594332417851e+01 5.224407523752026350e+01
4.693715594332417851e+01 4.488015075638114837e+01
4.693715594332417851e+01 4.544076952479164788e+01
4.693715594332417851e+01 4.307504709506007856e+01
4.693715594332417851e+01 4.776432258256507879e+01
4.693715594332417851e+01 5.086424961743166762e+01
4.693715594332417851e+01 4.509966706858853058e+01
4.693715594332417851e+01 4.356410769314469889e+01
4.693715594332417851e+01 4.887855994021703054e+01
4.693715594332417851e+01 5.039463305119051739e+01
4.693715594332417851e+01 4.060011300025138326e+01
4.693715594332417851e+01 4.545224127287274740e+01
4.693715594332417851e+01 4.473157392803393861e+01
4.693715594332417851e+01 3.717590748854893690e+01
4.693715594332417851e+01 4.498883861121861116e+01
4.693715594332417851e+01 4.240134248986503707e+01
4.693715594332417851e+01 5.361023798818435182e+01
4.693715594332417851e+01 4.789660798876099790e+01
4.693715594332417851e+01 4.520358973400728786e+01
4.693715594332417851e+01 5.104121328515201839e+01
4.693715594332417851e+01 4.054098846931623257e+01
4.693715594332417851e+01 4.330518167149923414e+01
4.693715594332417851e+01 4.678388239095598067e+01
4.693715594332417851e+01 4.236443064590105223e+01
4.693715594332417851e+01 4.691740726191098787e+01
4.693715594332417851e+01 4.805917872897433085e+01
4.693715594332417851e+01 4.787884909858803439e+01
4.693715594332417851e+01 4.533113572187567542e+01
4.693715594332417851e+01 4.633827616786935977e+01
4.693715594332417851e+01 4.443571011929627446e+01
4.693715594332417851e+01 4.827810635055998034e+01
4.693715594332417851e+01 4.642571037007724755e+01
4.693715594332417851e+01 5.066793146560955563e+01
4.693715594332417851e+01 4.566655301671401190e+01
4.693715594332417851e+01 4.789305298654434750e+01
4.693715594332417851e+01 4.509396054847191948e+01
4.693715594332417851e+01 4.291958569343142926e+01
4.693715594332417851e+01 4.776266008376308037e+01
4.693715594332417851e+01 4.858240400241191281e+01
4.693715594332417851e+01 4.506552206021898854e+01
4.693715594332417851e+01 4.573625921097374203e+01
4.693715594332417851e+01 4.808700170918083217e+01
4.693715594332417851e+01 4.703155746386836711e+01
4.693715594332417851e+01 4.381039811687511332e+01
4.693715594332417851e+01 4.368468368499295451e+01
4.693715594332417851e+01 4.429614874469993424e+01
4.693715594332417851e+01 4.482440769618567344e+01
4.693715594332417851e+01 4.583147954803769153e+01
4.693715594332417851e+01 4.244576223123453218e+01
4.693715594332417851e+01 4.629194114221350276e+01
4.693715594332417851e+01 4.427229491366557568e+01
4.693715594332417851e+01 4.571241330116989587e+01
4.693715594332417851e+01 4.356302417077053235e+01
4.693715594332417851e+01 4.440796554704251520e+01
4.693715594332417851e+01 4.796403638716948592e+01
4.693715594332417851e+01 4.314640282761415335e+01
4.693715594332417851e+01 4.293622086456126397e+01
4.693715594332417851e+01 4.634433278921078170e+01
4.693715594332417851e+01 4.896828210154396288e+01
4.693715594332417851e+01 4.653328348709307249e+01
4.693715594332417851e+01 3.975138568841998676e+01
4.693715594332417851e+01 4.814941520054460966e+01
4.693715594332417851e+01 4.470255785564980755e+01
4.693715594332417851e+01 4.012639351904787333e+01
4.693715594332417851e+01 4.621836240982634791e+01
4.693715594332417851e+01 4.335515185909915203e+01
4.693715594332417851e+01 4.503374800360359131e+01
4.693715594332417851e+01 4.713574103056961206e+01
4.693715594332417851e+01 4.591162799036470687e+01
4.693715594332417851e+01 4.878289527874877507e+01
4.693715594332417851e+01 4.054459403873605794e+01
4.693715594332417851e+01 4.684665051413534798e+01
4.693715594332417851e+01 5.521599232440131999e+01
4.693715594332417851e+01 5.168307632387828932e+01
4.693715594332417851e+01 4.789090382819482983e+01
4.693715594332417851e+01 4.368390533178545354e+01
4.693715594332417851e+01 5.126679120851070337e+01
4.693715594332417851e+01 5.246663800299285185e+01
4.693715594332417851e+01 4.568793444641612211e+01
4.693715594332417851e+01 4.896219725995447902e+01
4.693715594332417851e+01 4.516639248338245949e+01
4.693715594332417851e+01 4.619937612836469043e+01
4.693715594332417851e+01 4.209312227049704092e+01
4.693715594332417851e+01 4.471150512487282214e+01
4.693715594332417851e+01 4.545723899580308824e+01
4.693715594332417851e+01 4.466747784212064687e+01
4.693715594332417851e+01 4.606340235969791053e+01
4.693715594332417851e+01 4.351972648814108169e+01
4.693715594332417851e+01 4.140662353824399844e+01
4.693715594332417851e+01 4.541934398518714033e+01
4.693715594332417851e+01 4.300266646035613149e+01
4.693715594332417851e+01 5.446104644572359632e+01
4.693715594332417851e+01 4.972634163252219253e+01
4.693715594332417851e+01 4.842304311258691030e+01
4.693715594332417851e+01 3.980775128605287705e+01
4.693715594332417851e+01 4.800165829782130089e+01
4.693715594332417851e+01 4.536980613347051872e+01
4.693715594332417851e+01 5.103398691346195903e+01
4.693715594332417851e+01 4.546081931633347750e+01
4.693715594332417851e+01 4.833615928991373778e+01
4.693715594332417851e+01 4.911533908436412332e+01
4.693715594332417851e+01 4.161846542710811292e+01
4.693715594332417851e+01 4.723907542572991503e+01
4.693715594332417851e+01 4.621936058371512956e+01
4.693715594332417851e+01 4.785299770486597026e+01
4.693715594332417851e+01 4.541658211224613240e+01
4.693715594332417851e+01 4.777875034289201039e+01
4.693715594332417851e+01 4.648693250703392721e+01
4.693715594332417851e+01 4.473758619650244128e+01
4.693715594332417851e+01 4.556799137292149737e+01
4.693715594332417851e+01 4.581354158096163331e+01
4.693715594332417851e+01 4.710076754653842812e+01
4.693715594332417851e+01 4.612967228802804698e+01
4.693715594332417851e+01 4.552426888372498581e+01
4.693715594332417851e+01 4.568401428489288918e+01
4.693715594332417851e+01 4.874084368395117650e+01
4.693715594332417851e+01 4.452466960521761052e+01
4.693715594332417851e+01 4.470201545496454543e+01
4.693715594332417851e+01 5.033746603903588834e+01
4.693715594332417851e+01 4.851586295761210010e+01
4.693715594332417851e+01 4.483074888975598782e+01
4.693715594332417851e+01 4.689152124409021383e+01
4.693715594332417851e+01 4.723050220947303757e+01
4.693715594332417851e+01 4.451400583649617460e+01
4.693715594332417851e+01 4.743370695541646853e+01
4.693715594332417851e+01 4.607381784000870084e+01
4.693715594332417851e+01 4.504852488593642335e+01
4.693715594332417851e+01 4.990941017906326493e+01
4.693715594332417851e+01 4.554554215758694369e+01
4.693715594332417851e+01 5.145641405874847152e+01
4.693715594332417851e+01 4.516085330956641997e+01
4.693715594332417851e+01 5.145738583361757179e+01
4.693715594332417851e+01 4.656570252867182091e+01
4.693715594332417851e+01 4.262873062086649156e+01
4.693715594332417851e+01 4.747627356190236725e+01
4.693715594332417851e+01 4.732785055595505241e+01
4.693715594332417851e+01 4.418609394577994465e+01
4.693715594332417851e+01 4.511489994248591984e+01
4.693715594332417851e+01 4.450212026682986277e+01
4.693715594332417851e+01 4.710863467329726717e+01
4.693715594332417851e+01 5.123188012287364046e+01
4.693715594332417851e+01 4.651397519678108239e+01
4.693715594332417851e+01 4.463193744587637468e+01
4.693715594332417851e+01 4.413946649969872738e+01
4.693715594332417851e+01 4.086109757215374572e+01
4.693715594332417851e+01 5.242071648174737675e+01
4.693715594332417851e+01 4.893873637533051379e+01
4.693715594332417851e+01 4.445876790860252470e+01
4.693715594332417851e+01 4.450881175963665015e+01
4.693715594332417851e+01 5.140715427185800479e+01
4.693715594332417851e+01 4.086853006967744761e+01
4.693715594332417851e+01 4.803211541180413491e+01
4.693715594332417851e+01 4.470974793290750426e+01
4.693715594332417851e+01 4.867237229201509052e+01
4.693715594332417851e+01 4.787803593744403940e+01
4.693715594332417851e+01 4.238022755052598001e+01
4.693715594332417851e+01 4.467298686080172843e+01
4.693715594332417851e+01 4.689846466192849306e+01
4.693715594332417851e+01 4.302911616106182890e+01
4.693715594332417851e+01 4.819505782615141243e+01
4.693715594332417851e+01 4.635110702493569335e+01
4.693715594332417851e+01 5.034695277982159212e+01
4.693715594332417851e+01 5.091461586882896739e+01
4.693715594332417851e+01 4.907278989466680486e+01
4.693715594332417851e+01 4.302350961429191045e+01
4.693715594332417851e+01 4.761908885970068894e+01
4.693715594332417851e+01 4.792589586805463853e+01
4.693715594332417851e+01 4.906954530832746286e+01
4.693715594332417851e+01 3.851942475439324909e+01
4.693715594332417851e+01 5.098989771664855652e+01
4.693715594332417851e+01 5.237151873274045499e+01
4.693715594332417851e+01 4.331546785095873275e+01
4.693715594332417851e+01 4.425713781471152686e+01
4.693715594332417851e+01 4.512166787850040350e+01
4.693715594332417851e+01 4.424886509149832392e+01
4.693715594332417851e+01 4.872334374012513081e+01
4.693715594332417851e+01 4.671779291877680862e+01
4.693715594332417851e+01 4.427552827344723596e+01
4.693715594332417851e+01 4.751184042979572553e+01
4.693715594332417851e+01 4.609318018156377406e+01
4.693715594332417851e+01 4.948748771930412715e+01
4.693715594332417851e+01 4.733315067298154588e+01
4.693715594332417851e+01 4.504719966515820317e+01
4.693715594332417851e+01 5.297581579317770917e+01
4.693715594332417851e+01 4.714566684652510276e+01
4.693715594332417851e+01 4.315613304547775897e+01
4.693715594332417851e+01 4.478994815383072137e+01
4.693715594332417851e+01 4.789453805696417277e+01
4.693715594332417851e+01 4.658686270744824753e+01
4.693715594332417851e+01 4.787365059643760645e+01
4.693715594332417851e+01 4.725456976456717229e+01
4.693715594332417851e+01 5.754781215892363377e+01
4.693715594332417851e+01 4.720657857892570064e+01
4.693715594332417851e+01 4.575806285042574473e+01
4.693715594332417851e+01 4.671783459891602774e+01
4.693715594332417851e+01 4.616734071730299149e+01
4.693715594332417851e+01 4.116659342576530634e+01
4.693715594332417851e+01 4.307696428998930571e+01
4.693715594332417851e+01 4.258930359513294661e+01
4.693715594332417851e+01 4.611803312268676791e+01
4.693715594332417851e+01 4.745556386239400126e+01
4.693715594332417851e+01 4.441811660470391843e+01
4.693715594332417851e+01 4.373896837530391224e+01
4.693715594332417851e+01 4.679869654218997255e+01
4.693715594332417851e+01 4.108151996314295928e+01
4.693715594332417851e+01 4.342228595703221572e+01
4.693715594332417851e+01 5.054819553183250491e+01
4.693715594332417851e+01 4.919259556242456455e+01
4.693715594332417851e+01 4.409531402782545229e+01
4.693715594332417851e+01 4.709836937823041580e+01
4.693715594332417851e+01 4.207508258227139208e+01
4.693715594332417851e+01 4.302747998732825607e+01
4.693715594332417851e+01 4.458785713188652267e+01
4.693715594332417851e+01 4.155280173658886156e+01
4.693715594332417851e+01 4.765292322377374035e+01
4.693715594332417851e+01 4.743160419537804984e+01
4.693715594332417851e+01 4.237044444177884372e+01
4.693715594332417851e+01 4.642601160327669874e+01
4.693715594332417851e+01 4.171061163351178180e+01
4.693715594332417851e+01 4.420479361971733567e+01
4.693715594332417851e+01 4.880236395370503999e+01
4.693715594332417851e+01 4.999440397857483021e+01
4.693715594332417851e+01 4.776156250163769101e+01
4.693715594332417851e+01 4.732855465482780488e+01
4.693715594332417851e+01 4.390228137751282844e+01
4.693715594332417851e+01 4.991054282813836807e+01
4.693715594332417851e+01 4.747395668540637104e+01
4.693715594332417851e+01 5.201648339791761799e+01
4.693715594332417851e+01 4.156443257631558197e+01
4.693715594332417851e+01 4.862894684846772719e+01
4.693715594332417851e+01 4.773266126961657818e+01
4.693715594332417851e+01 4.795211394695782303e+01
4.693715594332417851e+01 4.190132458885994993e+01
4.693715594332417851e+01 4.585678099001319197e+01
4.693715594332417851e+01 4.316833138999092512e+01
4.693715594332417851e+01 4.354830126956285596e+01
4.693715594332417851e+01 4.542670301142463529e+01
4.693715594332417851e+01 4.755151908068628330e+01
4.693715594332417851e+01 4.446843902213416300e+01
4.693715594332417851e+01 5.156611751280722444e+01
4.693715594332417851e+01 4.392116059198039579e+01
4.693715594332417851e+01 4.457734489765162778e+01
4.693715594332417851e+01 4.736805944667583645e+01
4.693715594332417851e+01 4.867113461934984997e+01
4.693715594332417851e+01 4.589396839061672040e+01
4.693715594332417851e+01 4.555165467566555293e+01
4.693715594332417851e+01 4.701533210344904035e+01
4.693715594332417851e+01 4.518495085561828262e+01
4.693715594332417851e+01 4.190388833409151914e+01
4.693715594332417851e+01 4.682589807416585614e+01
4.693715594332417851e+01 5.048472796352492509e+01
4.693715594332417851e+01 5.354931748210081111e+01
4.693715594332417851e+01 4.561989274064460176e+01
4.693715594332417851e+01 4.508032269590726315e+01
4.693715594332417851e+01 4.376024382536103019e+01
4.693715594332417851e+01 4.579887763669434264e+01
4.693715594332417851e+01 4.380243224431983151e+01
4.693715594332417851e+01 5.135113263371240322e+01
4.693715594332417851e+01 5.143397544337609162e+01
4.693715594332417851e+01 5.214372796923090903e+01
4.693715594332417851e+01 4.539022358471208918e+01
4.693715594332417851e+01 4.135796700705652285e+01
4.693715594332417851e+01 4.263759868537713515e+01
4.693715594332417851e+01 4.348142151937283018e+01
4.693715594332417851e+01 4.618725861775713781e+01
4.693715594332417851e+01 5.326044582603863375e+01
4.693715594332417851e+01 4.798469959097037929e+01
4.693715594332417851e+01 4.373723915516138305e+01
4.693715594332417851e+01 4.772035508626129285e+01
4.693715594332417851e+01 4.741363610732997813e+01
4.693715594332417851e+01 4.478438581733990986e+01
4.693715594332417851e+01 4.535092821023222598e+01
4.693715594332417851e+01 5.106330582928175943e+01
4.693715594332417851e+01 4.284913814491318362e+01
4.693715594332417851e+01 4.331902709255334827e+01
4.693715594332417851e+01 4.956800125466119056e+01
4.693715594332417851e+01 4.744781682647537480e+01
4.693715594332417851e+01 5.205949621454383447e+01
4.693715594332417851e+01 4.756619186897711415e+01
4.693715594332417851e+01 5.268089791678484346e+01
4.693715594332417851e+01 4.260646638483743942e+01
4.693715594332417851e+01 4.949414423319157663e+01
4.693715594332417851e+01 4.938284196731927267e+01
4.693715594332417851e+01 4.417725259735166787e+01
4.693715594332417851e+01 4.265881521632254447e+01
4.693715594332417851e+01 4.203360859233981017e+01
4.693715594332417851e+01 4.655595938414732160e+01
4.693715594332417851e+01 4.169222721729660464e+01
4.693715594332417851e+01 4.809308317231689500e+01
4.693715594332417851e+01 4.494070159172241574e+01
4.693715594332417851e+01 4.888439250956710680e+01
4.693715594332417851e+01 4.316275707744057399e+01
4.693715594332417851e+01 4.530720639963534779e+01
4.693715594332417851e+01 4.294254787450496735e+01
4.693715594332417851e+01 4.467656409562889053e+01
4.693715594332417851e+01 5.003111951995759910e+01
4.693715594332417851e+01 4.816116187144140071e+01
4.693715594332417851e+01 4.700746667825609393e+01
4.693715594332417851e+01 4.154192079266709214e+01
4.693715594332417851e+01 4.359839267878386693e+01
4.693715594332417851e+01 5.026457455792376550e+01
4.693715594332417851e+01 4.327306155543845989e+01
4.693715594332417851e+01 4.461043602908359418e+01
4.693715594332417851e+01 4.465894365481859296e+01
4.693715594332417851e+01 4.811903636162907105e+01
4.693715594332417851e+01 4.402205551526199656e+01
4.693715594332417851e+01 4.763731878343352832e+01
4.693715594332417851e+01 4.232574781327416957e+01
4.693715594332417851e+01 4.744056624307542336e+01
4.693715594332417851e+01 4.246067864705713646e+01
4.693715594332417851e+01 4.533763329622855309e+01
4.693715594332417851e+01 4.901998349957919032e+01
4.693715594332417851e+01 4.428222549672710073e+01
4.693715594332417851e+01 4.186514873138028037e+01
4.693715594332417851e+01 4.070744446767981373e+01
4.693715594332417851e+01 4.532555308711538089e+01
4.693715594332417851e+01 4.342087955641010666e+01
4.693715594332417851e+01 4.838454128281193078e+01
4.693715594332417851e+01 4.191041930181751241e+01
4.693715594332417851e+01 4.425636375730042715e+01
4.693715594332417851e+01 4.806080162159877744e+01
4.693715594332417851e+01 4.957754487322687709e+01
4.693715594332417851e+01 4.663747704462727484e+01
4.693715594332417851e+01 4.318370759019043703e+01
4.693715594332417851e+01 4.397684908055841646e+01
4.693715594332417851e+01 4.415977553270408151e+01
4.693715594332417851e+01 4.590491841042832988e+01
4.693715594332417851e+01 4.433125529803727005e+01
4.693715594332417851e+01 4.668401759037877952e+01
4.693715594332417851e+01 5.000488502028670013e+01
4.693715594332417851e+01 4.421976100721045810e+01
4.693715594332417851e+01 5.688235405620984153e+01
4.693715594332417851e+01 4.856717694045499201e+01
4.693715594332417851e+01 4.515108525450130372e+01
4.693715594332417851e+01 4.364216379626639508e+01
4.693715594332417851e+01 4.827788408410589227e+01
4.693715594332417851e+01 4.906948751220787841e+01
4.693715594332417851e+01 5.041116041730017372e+01
4.693715594332417851e+01 4.318520157362316780e+01
4.693715594332417851e+01 4.285392034232242509e+01
4.693715594332417851e+01 4.449985140829694075e+01
4.693715594332417851e+01 4.857303639263930961e+01
4.693715594332417851e+01 4.514681932227819061e+01
4.693715594332417851e+01 4.444137090125762057e+01
4.693715594332417851e+01 4.519872277965744445e+01
4.693715594332417851e+01 4.684925545973974437e+01
4.693715594332417851e+01 4.357168679499597630e+01
4.693715594332417851e+01 5.473317770153353479e+01
4.693715594332417851e+01 4.403073576334297456e+01
4.693715594332417851e+01 4.632370539038846857e+01
4.693715594332417851e+01 4.809058603571597956e+01
4.693715594332417851e+01 3.890001050367579438e+01
4.693715594332417851e+01 4.247250362045497241e+01
4.693715594332417851e+01 4.397623317342876703e+01
4.693715594332417851e+01 4.505462113891323384e+01
4.693715594332417851e+01 4.760591994753391987e+01
4.693715594332417851e+01 4.958697449060822038e+01
4.693715594332417851e+01 4.563180313474245509e+01
4.693715594332417851e+01 4.744300626893200246e+01
4.693715594332417851e+01 5.053624475700870278e+01
4.693715594332417851e+01 4.694291698959985837e+01
4.693715594332417851e+01 4.646346633035574314e+01
4.693715594332417851e+01 4.249248667900350540e+01
4.693715594332417851e+01 4.767374450824154053e+01
4.693715594332417851e+01 4.502325031836414126e+01
4.693715594332417851e+01 4.796162312376488046e+01
4.693715594332417851e+01 5.143974758106415379e+01
4.693715594332417851e+01 4.705669356242148638e+01
4.693715594332417851e+01 4.471725605513123725e+01
4.693715594332417851e+01 4.940471829143562843e+01
4.693715594332417851e+01 4.309488149853323335e+01
4.693715594332417851e+01 4.352553270859266377e+01
4.693715594332417851e+01 4.641796039353823033e+01
4.693715594332417851e+01 4.336401772887300865e+01
4.693715594332417851e+01 4.676667728103575428e+01
4.693715594332417851e+01 4.973892974654992116e+01
4.693715594332417851e+01 4.995801558816786070e+01
4.693715594332417851e+01 4.229375031299282739e+01
4.693715594332417851e+01 5.706152407319055442e+01
4.693715594332417851e+01 4.560744328627483668e+01
4.693715594332417851e+01 4.557022465789703602e+01
4.693715594332417851e+01 4.047859389198572444e+01
4.693715594332417851e+01 4.985653705754653942e+01
4.693715594332417851e+01 4.738838277410813049e+01
4.693715594332417851e+01 4.672528976904654741e+01
4.693715594332417851e+01 4.821839735069077904e+01
4.693715594332417851e+01 4.444997018531199018e+01
4.693715594332417851e+01 4.423428641014431406e+01
4.693715594332417851e+01 4.721946243876039517e+01
4.693715594332417851e+01 4.739397515010107043e+01
4.693715594332417851e+01 4.405936425754004659e+01
4.693715594332417851e+01 4.691921824378955108e+01
4.693715594332417851e+01 4.669317068563838546e+01
4.693715594332417851e+01 4.326334410375838502e+01
4.693715594332417851e+01 4.222803438089181327e+01
4.693715594332417851e+01 4.331199506534136390e+01
4.693715594332417851e+01 5.241178137282195593e+01
4.693715594332417851e+01 5.106507723588123326e+01
4.693715594332417851e+01 4.230984044770021058e+01
4.693715594332417851e+01 4.421613669830251325e+01
4.693715594332417851e+01 4.632847553465024504e+01
4.693715594332417851e+01 4.216677928550149090e+01
4.693715594332417851e+01 4.514235932756314895e+01
4.693715594332417851e+01 4.533622682013803029e+01
4.693715594332417851e+01 4.980587472230014612e+01
4.693715594332417851e+01 4.524648090147351098e+01
4.693715594332417851e+01 4.835128497930389813e+01
4.693715594332417851e+01 4.674576147613736055e+01
4.693715594332417851e+01 5.054777430974837671e+01
4.693715594332417851e+01 4.628131671725748930e+01
4.693715594332417851e+01 4.352253941335492016e+01
4.693715594332417851e+01 5.491124805771744377e+01
4.693715594332417851e+01 4.940295903533402821e+01
4.693715594332417851e+01 4.370327502880402903e+01
4.693715594332417851e+01 4.659416431240023115e+01
4.693715594332417851e+01 4.672342557384357775e+01
4.693715594332417851e+01 4.425266378589123661e+01
4.693715594332417851e+01 4.616090907668635879e+01
4.693715594332417851e+01 4.382981660592918161e+01
4.693715594332417851e+01 4.443067136096890835e+01
4.693715594332417851e+01 3.889881706867155486e+01
