4.693715594332417851e+01 4.345375998729929279e+01
4.693715594332417851e+01 5.257611109164895424e+01
4.693715594332417851e+01 4.659159872941339131e+01
4.693715594332417851e+01 4.604908650116078661e+01
4.693715594332417851e+01 4.547783869728837658e+01
4.693715594332417851e+01 4.160005451485014305e+01
4.693715594332417851e+01 4.922367381495013205e+01
4.693715594332417851e+01 4.919014947502923008e+01
4.693715594332417851e+01 4.366362598183445698e+01
4.693715594332417851e+01 4.846132889088738693e+01
4.693715594332417851e+01 4.549651255911584258e+01
4.693715594332417851e+01 4.005562265925157561e+01
4.693715594332417851e+01 4.294873109635302910e+01
4.693715594332417851e+01 5.021425032992795678e+01
4.693715594332417851e+01 4.876531070816083258e+01
4.693715594332417851e+01 4.565154761015213580e+01
4.693715594332417851e+01 4.438795793361081365e+01
4.693715594332417851e+01 5.120750620713074142e+01
4.693715594332417851e+01 4.990182712310420499e+01
4.693715594332417851e+01 4.412242919755574633e+01
4.693715594332417851e+01 4.147286344721506879e+01
4.693715594332417851e+01 4.856438242912994241e+01
4.693715594332417851e+01 4.267434241489604574e+01
4.693715594332417851e+01 4.538724068462089178e+01
4.693715594332417851e+01 4.312983659175057483e+01
4.693715594332417851e+01 3.780972098298603612e+01
4.693715594332417851e+01 4.833542118756110284e+01
4.693715594332417851e+01 4.808511551578239818e+01
4.693715594332417851e+01 4.986993431351559991e+01
4.693715594332417851e+01 4.446586153257300822e+01
4.693715594332417851e+01 4.758826939963920211e+01
4.693715594332417851e+01 4.698812785487413635e+01
4.693715594332417851e+01 4.593049712812359786e+01
4.693715594332417851e+01 4.093793364183686379e+01
4.693715594332417851e+01 4.358689134341467764e+01
4.693715594332417851e+01 4.740747049869649032e+01
4.693715594332417851e+01 4.368090418143448517e+01
4.693715594332417851e+01 4.854445187612539314e+01
4.693715594332417851e+01 4.962180029875125342e+01
4.693715594332417851e+01 4.811627289873700875e+01
4.693715594332417851e+01 4.661815613472129627e+01
4.693715594332417851e+01 4.940628672329508930e+01
4.693715594332417851e+01 5.015824289604044139e+01
4.693715594332417851e+01 4.224591616733759736e+01
4.693715594332417851e+01 4.243895040991826306e+01
4.693715594332417851e+01 4.695534272323454417e+01
4.693715594332417851e+01 4.941568545993694528e+01
4.693715594332417851e+01 4.879967088490879945e+01
4.693715594332417851e+01 4.630626692056777216e+01
4.693715594332417851e+01 4.740988687381500455e+01
4.693715594332417851e+01 4.882769448270403956e+01
4.693715594332417851e+01 4.195647254369772128e+01
4.693715594332417851e+01 4.300697001698603827e+01
4.693715594332417851e+01 4.986313174796868708e+01
4.693715594332417851e+01 4.931721389365026198e+01
4.693715594332417851e+01 4.800396720292465602e+01
4.693715594332417851e+01 4.714917817364370478e+01
4.693715594332417851e+01 4.355280547678432157e+01
4.693715594332417851e+01 4.782455335458445944e+01
4.693715594332417851e+01 4.543194706859165422e+01
4.693715594332417851e+01 4.976346073228560840e+01
4.693715594332417851e+01 4.122704975665788396e+01
4.693715594332417851e+01 4.309425692840431310e+01
4.693715594332417851e+01 5.326923214390556893e+01
4.693715594332417851e+01 4.388844209389788631e+01
4.693715594332417851e+01 4.553610071141503113e+01
4.693715594332417851e+01 4.267549690212887015e+01
4.693715594332417851e+01 4.475090874108614969e+01
4.693715594332417851e+01 4.055873370608900785e+01
4.693715594332417851e+01 3.962964653281845528e+01
4.693715594332417851e+01 4.414817502824956108e+01
4.693715594332417851e+01 4.299184497098256230e+01
4.693715594332417851e+01 5.211251821032571740e+01
4.693715594332417851e+01 4.623327078243874411e+01
4.693715594332417851e+01 4.639693490567955791e+01
4.693715594332417851e+01 4.762029998264944908e+01
4.693715594332417851e+01 4.759452330786483998e+01
4.693715594332417851e+01 4.386708040433133249e+01
4.693715594332417851e+01 4.854377149876474107e+01
4.693715594332417851e+01 4.988247289306916343e+01
4.693715594332417851e+01 4.689663878521031393e+01
4.693715594332417851e+01 5.365173215627092418e+01
4.693715594332417851e+01 4.657036386004780582e+01
4.693715594332417851e+01 4.658343581097867769e+01
4.693715594332417851e+01 4.214294172380510872e+01
4.693715594332417851e+01 4.484699386181664238e+01
4.693715594332417851e+01 4.813391175687387147e+01
4.693715594332417851e+01 4.184854483588167540e+01
4.693715594332417851e+01 4.666673317305745172e+01
4.693715594332417851e+01 5.018784534549615017e+01
4.693715594332417851e+01 4.045518953961305897e+01
4.693715594332417851e+01 4.156242279176498045e+01
4.693715594332417851e+01 4.438879686636035160e+01
4.693715594332417851e+01 3.954601044009872624e+01
4.693715594332417851e+01 4.600911594281620864e+01
4.693715594332417851e+01 4.853415346420327836e+01
4.693715594332417851e+01 4.296301348049310320e+01
4.693715594332417851e+01 4.845222863827714832e+01
4.693715594332417851e+01 4.532161612249424110e+01
4.693715594332417851e+01 4.338277024642452773e+01
4.693715594332417851e+01 5.227402244757860217e+01
4.693715594332417851e+01 4.518625349140438630e+01
4.693715594332417851e+01 4.525870027390638484e+01
4.693715594332417851e+01 4.754164776213623611e+01
4.693715594332417851e+01 4.259787702453942160e+01
4.693715594332417851e+01 4.732708780318569097e+01
4.693715594332417851e+01 4.623201142962513899e+01
4.693715594332417851e+01 4.872267288801441509e+01
4.693715594332417851e+01 4.898891857697888241e+01
4.693715594332417851e+01 4.909651873660851606e+01
4.693715594332417851e+01 4.463046889449655907e+01
4.693715594332417851e+01 5.253654737955884002e+01
4.693715594332417851e+01 4.506185976307966712e+01
4.693715594332417851e+01 4.746414694306936610e+01
4.693715594332417851e+01 4.730855473202892369e+01
4.693715594332417851e+01 4.530364551007604490e+01
4.693715594332417851e+01 4.985551686429391083e+01
4.693715594332417851e+01 4.932493935174154132e+01
4.693715594332417851e+01 4.465681747870285534e+01
4.693715594332417851e+01 4.441309803682833746e+01
4.693715594332417851e+01 4.140539626934437223e+01
4.693715594332417851e+01 4.752614850291219284e+01
4.693715594332417851e+01 4.667780780478279468e+01
4.693715594332417851e+01 4.439210330599670584e+01
4.693715594332417851e+01 4.402247720819701726e+01
4.693715594332417851e+01 5.082767019915932849e+01
4.693715594332417851e+01 4.254472673318991127e+01
4.693715594332417851e+01 4.650047544191281190e+01
4.693715594332417851e+01 4.960008110635005352e+01
4.693715594332417851e+01 4.688817735624780880e+01
4.693715594332417851e+01 4.557772646674197148e+01
4.693715594332417851e+01 4.596922360881102065e+01
4.693715594332417851e+01 4.837090943813817745e+01
4.693715594332417851e+01 5.054313352303066154e+01
4.693715594332417851e+01 4.828734053293226935e+01
4.693715594332417851e+01 3.850640582546233759e+01
4.693715594332417851e+01 4.441058625500439661e+01
4.693715594332417851e+01 4.628502372049245395e+01
4.693715594332417851e+01 4.525536079673388912e+01
4.693715594332417851e+01 4.531235026490785600e+01
4.693715594332417851e+01 4.794035207958103229e+01
4.693715594332417851e+01 4.259366923630547319e+01
4.693715594332417851e+01 4.191347921385062136e+01
4.693715594332417851e+01 4.342523394730039143e+01
4.693715594332417851e+01 4.686253695567999245e+01
4.693715594332417851e+01 4.707072595519387193e+01
4.693715594332417851e+01 3.930444037694930870e+01
4.693715594332417851e+01 5.346908928222060098e+01
4.693715594332417851e+01 3.999201995968365964e+01
4.693715594332417851e+01 4.047003745767300131e+01
4.693715594332417851e+01 5.318153589807189974e+01
4.693715594332417851e+01 4.695931129499312107e+01
4.693715594332417851e+01 4.906542686680634091e+01
4.693715594332417851e+01 4.990683722324980209e+01
4.693715594332417851e+01 4.595404821362980385e+01
4.693715594332417851e+01 4.473311059482852414e+01
4.693715594332417851e+01 4.056503150243556632e+01
4.693715594332417851e+01 4.779894137605903381e+01
4.693715594332417851e+01 4.426259530310720436e+01
4.693715594332417851e+01 4.980084791995415827e+01
4.693715594332417851e+01 4.464482220351145259e+01
4.693715594332417851e+01 4.750173373306819258e+01
4.693715594332417851e+01 4.740454985201274241e+01
4.693715594332417851e+01 5.000956004298054580e+01
4.693715594332417851e+01 4.345516670526745884e+01
4.693715594332417851e+01 5.104619523206029186e+01
4.693715594332417851e+01 5.611919218456444014e+01
4.693715594332417851e+01 4.621749056953279933e+01
4.693715594332417851e+01 4.689373458100444481e+01
4.693715594332417851e+01 4.642033073589918502e+01
4.693715594332417851e+01 5.067664343551736295e+01
4.693715594332417851e+01 4.504720255734110168e+01
4.693715594332417851e+01 4.827548858281084421e+01
4.693715594332417851e+01 5.245302867880985076e+01
4.693715594332417851e+01 4.725504626831583010e+01
4.693715594332417851e+01 5.497879736698966724e+01
4.693715594332417851e+01 4.793662718273093759e+01
4.693715594332417851e+01 4.799414432496865857e+01
4.693715594332417851e+01 3.907217056683095535e+01
4.693715594332417851e+01 4.027475040414530127e+01
4.693715594332417851e+01 4.780294860268934798e+01
4.693715594332417851e+01 4.242520337428918253e+01
4.693715594332417851e+01 4.678280020759207503e+01
4.693715594332417851e+01 4.932445600637539940e+01
4.693715594332417851e+01 4.910217544776681819e+01
4.693715594332417851e+01 4.487867046013218442e+01
4.693715594332417851e+01 4.639989948548585375e+01
4.693715594332417851e+01 4.801864333511135641e+01
4.693715594332417851e+01 4.083700836090022790e+01
4.693715594332417851e+01 4.320829018348410244e+01
4.693715594332417851e+01 4.458787115360667030e+01
4.693715594332417851e+01 4.915175875879692313e+01
4.693715594332417851e+01 4.539098187132134399e+01
4.693715594332417851e+01 5.317776320171796556e+01
4.693715594332417851e+01 3.925031837432537429e+01
4.693715594332417851e+01 4.988587273686530921e+01
4.693715594332417851e+01 5.315868277406327991e+01
4.693715594332417851e+01 4.430938663003691858e+01
4.693715594332417851e+01 4.250949752317359298e+01
4.693715594332417851e+01 4.534413032549215217e+01
4.693715594332417851e+01 4.482767685789116996e+01
4.693715594332417851e+01 4.570272994760659913e+01
4.693715594332417851e+01 4.780798088845958915e+01
4.693715594332417851e+01 4.840715895649834977e+01
4.693715594332417851e+01 4.382843720395234755e+01
4.693715594332417851e+01 4.722035441738346151e+01
4.693715594332417851e+01 4.274424362911824460e+01
4.693715594332417851e+01 4.490671521995147231e+01
4.693715594332417851e+01 4.342104062226650996e+01
4.693715594332417851e+01 4.284382650410156401e+01
4.693715594332417851e+01 4.495124961426963495e+01
4.693715594332417851e+01 4.884136038799356783e+01
4.693715594332417851e+01 4.432588131388558850e+01
4.693715594332417851e+01 4.733388128952957885e+01
4.693715594332417851e+01 4.765659194534894283e+01
4.693715594332417851e+01 4.407124154009015626e+01
4.693715594332417851e+01 4.471182072354960724e+01
4.693715594332417851e+01 4.477424446249747092e+01
4.693715594332417851e+01 5.075692880859915590e+01
4.693715594332417851e+01 4.017427144956410245e+01
4.693715594332417851e+01 4.883524443754787825e+01
4.693715594332417851e+01 4.950048624293655308e+01
4.693715594332417851e+01 4.011859210396126940e+01
4.693715594332417851e+01 4.158941626873389907e+01
4.693715594332417851e+01 4.058888516648283229e+01
4.693715594332417851e+01 4.480006908691613887e+01
4.693715594332417851e+01 4.334561908647810924e+01
4.693715594332417851e+01 4.498018129576698954e+01
4.693715594332417851e+01 4.280794014000966996e+01
4.693715594332417851e+01 4.311834979862127426e+01
4.693715594332417851e+01 5.013352669416155294e+01
4.693715594332417851e+01 4.525441121406104372e+01
4.693715594332417851e+01 5.886850118018315925e+01
4.693715594332417851e+01 4.694320292720936294e+01
4.693715594332417851e+01 4.635117406452258848e+01
4.693715594332417851e+01 4.479250249696433883e+01
4.693715594332417851e+01 4.957143582089872780e+01
4.693715594332417851e+01 4.257031938883353916e+01
4.693715594332417851e+01 5.015757191826662620e+01
4.693715594332417851e+01 3.753364374844738904e+01
4.693715594332417851e+01 4.810584004622850784e+01
4.693715594332417851e+01 4.929630946069168118e+01
4.693715594332417851e+01 4.954162264887289524e+01
4.693715594332417851e+01 4.141145870919886107e+01
4.693715594332417851e+01 4.536170015665283728e+01
4.693715594332417851e+01 4.333912598098343949e+01
4.693715594332417851e+01 4.634575004616431926e+01
4.693715594332417851e+01 4.090688380445389782e+01
4.693715594332417851e+01 4.238419106325306274e+01
4.693715594332417851e+01 4.831843738022692492e+01
4.693715594332417851e+01 4.884308084206017497e+01
4.693715594332417851e+01 4.959354852856544937e+01
4.693715594332417851e+01 4.264588087887005941e+01
4.693715594332417851e+01 4.296622806266507411e+01
4.693715594332417851e+01 4.549597103988364211e+01
4.693715594332417851e+01 4.068728652903285337e+01
4.693715594332417851e+01 4.401921723027905387e+01
4.693715594332417851e+01 4.465098993004286854e+01
4.693715594332417851e+01 4.878164829209493547e+01
4.693715594332417851e+01 4.487739558711902532e+01
4.693715594332417851e+01 4.718393268533937146e+01
4.693715594332417851e+01 4.947289964378410332e+01
4.693715594332417851e+01 4.529767815787739949e+01
4.693715594332417851e+01 4.558495335974522789e+01
4.693715594332417851e+01 4.509207942998937568e+01
4.693715594332417851e+01 4.488705838021999739e+01
4.693715594332417851e+01 5.441254912866240545e+01
4.693715594332417851e+01 4.661738164079658731e+01
4.693715594332417851e+01 4.476574825115608292e+01
4.693715594332417851e+01 4.543636519308073929e+01
4.693715594332417851e+01 4.158969462605028866e+01
4.693715594332417851e+01 4.330375777318883479e+01
4.693715594332417851e+01 4.962018038276561072e+01
4.693715594332417851e+01 5.220681132716486417e+01
4.693715594332417851e+01 4.985044125015785710e+01
4.693715594332417851e+01 4.714723884861346903e+01
4.693715594332417851e+01 4.392892832595867958e+01
4.693715594332417851e+01 5.165121810223826060e+01
4.693715594332417851e+01 4.794399758264763278e+01
4.693715594332417851e+01 5.039429849930655791e+01
4.693715594332417851e+01 4.673914546143431181e+01
4.693715594332417851e+01 4.806944275476433148e+01
4.693715594332417851e+01 4.752411876702816329e+01
4.693715594332417851e+01 4.728677266935285672e+01
4.693715594332417851e+01 4.330518619413923886e+01
4.693715594332417851e+01 4.674069262895673660e+01
4.693715594332417851e+01 4.897573768129407767e+01
4.693715594332417851e+01 4.483225206966083931e+01
4.693715594332417851e+01 4.678292121165262074e+01
4.693715594332417851e+01 4.403888575036285857e+01
4.693715594332417851e+01 4.360732271869456866e+01
4.693715594332417851e+01 4.476336988191422961e+01
4.693715594332417851e+01 4.790649921913963993e+01
4.693715594332417851e+01 4.614934673064711035e+01
4.693715594332417851e+01 4.480280374947181343e+01
4.693715594332417851e+01 4.344843100512946421e+01
4.693715594332417851e+01 4.592747869476395550e+01
4.693715594332417851e+01 4.230403824449433614e+01
4.693715594332417851e+01 4.720315673241497478e+01
4.693715594332417851e+01 5.418761585614996079e+01
4.693715594332417851e+01 5.125838622836329250e+01
4.693715594332417851e+01 4.983291133082498447e+01
4.693715594332417851e+01 5.087083739593352760e+01
4.693715594332417851e+01 4.918277751835524469e+01
4.693715594332417851e+01 4.042981032445452882e+01
4.693715594332417851e+01 5.175373780013695324e+01
4.693715594332417851e+01 4.849362787150525378e+01
4.693715594332417851e+01 4.645384421968012134e+01
4.693715594332417851e+01 4.381583941968521145e+01
4.693715594332417851e+01 4.149112444376163467e+01
4.693715594332417851e+01 4.728055458715897430e+01
4.693715594332417851e+01 4.555955687279031707e+01
4.693715594332417851e+01 4.782402816763549680e+01
4.693715594332417851e+01 4.807236589216675071e+01
4.693715594332417851e+01 4.600753465727549951e+01
4.693715594332417851e+01 4.691121725441929158e+01
4.693715594332417851e+01 4.520930718519937841e+01
4.693715594332417851e+01 4.399770919618381271e+01
4.693715594332417851e+01 4.179692230125881025e+01
4.693715594332417851e+01 3.596772315354917282e+01
4.693715594332417851e+01 4.916550703093866304e+01
4.693715594332417851e+01 4.915039055487078201e+01
4.693715594332417851e+01 4.655700178906588604e+01
4.693715594332417851e+01 4.177265829703760858e+01
4.693715594332417851e+01 4.562739601247002952e+01
4.693715594332417851e+01 4.554509013439972165e+01
4.693715594332417851e+01 5.287395201854506865e+01
4.693715594332417851e+01 4.984042704371389476e+01
4.693715594332417851e+01 4.305635883788659157e+01
4.693715594332417851e+01 5.132659137755560863e+01
4.693715594332417851e+01 4.121387634193437322e+01
4.693715594332417851e+01 4.353341933997153745e+01
4.693715594332417851e+01 4.668605707599761701e+01
4.693715594332417851e+01 4.343826808263683859e+01
4.693715594332417851e+01 4.390718778964577496e+01
4.693715594332417851e+01 5.354460064585237689e+01
4.693715594332417851e+01 4.679287059637120194e+01
4.693715594332417851e+01 4.395245064061675322e+01
4.693715594332417851e+01 5.387423071951376130e+01
4.693715594332417851e+01 5.141346325581582732e+01
4.693715594332417851e+01 4.358316993416784157e+01
4.693715594332417851e+01 4.909435197689879971e+01
4.693715594332417851e+01 4.511347668352726714e+01
4.693715594332417851e+01 5.200627721112206103e+01
4.693715594332417851e+01 4.904229949181691239e+01
4.693715594332417851e+01 4.514668557699721418e+01
4.693715594332417851e+01 4.888771068051575241e+01
4.693715594332417851e+01 4.394188731815756199e+01
4.693715594332417851e+01 4.603512707014296268e+01
4.693715594332417851e+01 4.401276037232956639e+01
4.693715594332417851e+01 4.264805497071778717e+01
4.693715594332417851e+01 3.996800537485628269e+01
4.693715594332417851e+01 4.935586439204784881e+01
4.693715594332417851e+01 4.539018989497328249e+01
4.693715594332417851e+01 4.345179523114100562e+01
4.693715594332417851e+01 5.066046592157496775e+01
4.693715594332417851e+01 4.810753346875352321e+01
4.693715594332417851e+01 4.669235935217854916e+01
4.693715594332417851e+01 4.466991059591919111e+01
4.693715594332417851e+01 4.541062245506330441e+01
4.693715594332417851e+01 4.730468472935246638e+01
4.693715594332417851e+01 4.120477354802964953e+01
4.693715594332417851e+01 4.946744639793327991e+01
4.693715594332417851e+01 4.533365778474026797e+01
4.693715594332417851e+01 4.480735254981438942e+01
4.693715594332417851e+01 4.663625680282286368e+01
4.693715594332417851e+01 4.684377655194114709e+01
4.693715594332417851e+01 4.374358028618473071e+01
4.693715594332417851e+01 4.737616851566718879e+01
4.693715594332417851e+01 4.326903835846153612e+01
4.693715594332417851e+01 4.374745466426755769e+01
4.693715594332417851e+01 5.030488084130247728e+01
4.693715594332417851e+01 4.451740933200256478e+01
4.693715594332417851e+01 4.773157095638537584e+01
4.693715594332417851e+01 4.792006375821580377e+01
4.693715594332417851e+01 4.944476125754866302e+01
4.693715594332417851e+01 4.701331124109582049e+01
4.693715594332417851e+01 4.826047396631383890e+01
4.693715594332417851e+01 4.617733756565196046e+01
4.693715594332417851e+01 3.979701567367871462e+01
4.693715594332417851e+01 4.243067804521137276e+01
4.693715594332417851e+01 4.367000546289560248e+01
4.693715594332417851e+01 4.858943056052793708e+01
4.693715594332417851e+01 4.701122646794612336e+01
4.693715594332417851e+01 4.672808568854765099e+01
4.693715594332417851e+01 4.658736175418945891e+01
4.693715594332417851e+01 4.631405062762621583e+01
4.693715594332417851e+01 4.675268227866619952e+01
4.693715594332417851e+01 4.829106117403871679e+01
4.693715594332417851e+01 4.638606824987734001e+01
4.693715594332417851e+01 4.885855275322415991e+01
4.693715594332417851e+01 4.698455101372152853e+01
4.693715594332417851e+01 4.494044632228102643e+01
4.693715594332417851e+01 4.195158882786808618e+01
4.693715594332417851e+01 4.878470196417268312e+01
4.693715594332417851e+01 4.701586866915957330e+01
4.693715594332417851e+01 4.480283809536661721e+01
4.693715594332417851e+01 4.524706937391877659e+01
4.693715594332417851e+01 4.091997016911848561e+01
4.693715594332417851e+01 4.387308300397481986e+01
4.693715594332417851e+01 4.385074645755387479e+01
4.693715594332417851e+01 4.746686941015299510e+01
4.693715594332417851e+01 5.455107569700265913e+01
4.693715594332417851e+01 4.407389050836309963e+01
4.693715594332417851e+01 5.167362214802982123e+01
4.693715594332417851e+01 4.428852936421334618e+01
4.693715594332417851e+01 4.848286772369692699e+01
4.693715594332417851e+01 4.001812013061945805e+01
4.693715594332417851e+01 4.568905591461587079e+01
4.693715594332417851e+01 4.485057321250307893e+01
4.693715594332417851e+01 4.655943737191774545e+01
4.693715594332417851e+01 4.913151993791481686e+01
4.693715594332417851e+01 4.927148374150375076e+01
4.693715594332417851e+01 4.886387111911876957e+01
4.693715594332417851e+01 4.390066934963193290e+01
4.693715594332417851e+01 4.518440639332415998e+01
4.693715594332417851e+01 4.984061279382242304e+01
4.693715594332417851e+01 4.547255819916512820e+01
4.693715594332417851e+01 4.888049577122669120e+01
4.693715594332417851e+01 5.146160539838838588e+01
4.693715594332417851e+01 4.405329085149730162e+01
4.693715594332417851e+01 4.446624592740671034e+01
4.693715594332417851e+01 5.044479871081757238e+01
4.693715594332417851e+01 4.704833080198875450e+01
4.693715594332417851e+01 4.798748625008754942e+01
4.693715594332417851e+01 4.530728934654215578e+01
4.693715594332417851e+01 4.240476888361611429e+01
4.693715594332417851e+01 5.139043913825479137e+01
4.693715594332417851e+01 4.679092335682950932e+01
4.693715594332417851e+01 4.892390292860007861e+01
4.693715594332417851e+01 4.809650864251902647e+01
4.693715594332417851e+01 4.624822124518142630e+01
4.693715594332417851e+01 4.657581225559563620e+01
4.693715594332417851e+01 4.485372585394713951e+01
4.693715594332417851e+01 4.286122505957725082e+01
4.693715594332417851e+01 5.214105288293160356e+01
4.693715594332417851e+01 3.974652607026079210e+01
4.693715594332417851e+01 4.769887184451934559e+01
4.693715594332417851e+01 4.972721488432712533e+01
4.693715594332417851e+01 4.080516673623284873e+01
4.693715594332417851e+01 4.378907279093733962e+01
4.693715594332417851e+01 4.395603706515493769e+01
4.693715594332417851e+01 4.686727384912121153e+01
4.693715594332417851e+01 5.305002580719972372e+01
4.693715594332417851e+01 5.018814983237410843e+01
4.693715594332417851e+01 4.329935186560495453e+01
4.693715594332417851e+01 4.616588266692480147e+01
4.693715594332417851e+01 4.734767791760832267e+01
4.693715594332417851e+01 4.784920560302652603e+01
4.693715594332417851e+01 4.204262429420167990e+01
4.693715594332417851e+01 4.540900953320205247e+01
4.693715594332417851e+01 4.033955987830637469e+01
4.693715594332417851e+01 4.089979086012203879e+01
4.693715594332417851e+01 4.848220299414361278e+01
4.693715594332417851e+01 4.210996383890334016e+01
4.693715594332417851e+01 5.139274261089041573e+01
4.693715594332417851e+01 4.897111975118975380e+01
4.693715594332417851e+01 4.784289379589409918e+01
4.693715594332417851e+01 4.216024752716408841e+01
4.693715594332417851e+01 5.027041504103415548e+01
4.693715594332417851e+01 4.736364784406999462e+01
4.693715594332417851e+01 4.448268418009515557e+01
4.693715594332417851e+01 4.782857114870976289e+01
4.693715594332417851e+01 5.248331449916361890e+01
4.693715594332417851e+01 4.772527623782162465e+01
4.693715594332417851e+01 4.761064317709661964e+01
4.693715594332417851e+01 4.416239610363685131e+01
4.693715594332417851e+01 4.835343477465173123e+01
4.693715594332417851e+01 4.318420869303415799e+01
4.693715594332417851e+01 4.798458773267228850e+01
4.693715594332417851e+01 5.106375976593016475e+01
4.693715594332417851e+01 4.968631847539619173e+01
4.693715594332417851e+01 5.254412603152554340e+01
4.693715594332417851e+01 5.062315110534741081e+01
4.693715594332417851e+01 4.939250189108429367e+01
4.693715594332417851e+01 4.537847953769676934e+01
4.693715594332417851e+01 4.836172242879819549e+01
4.693715594332417851e+01 4.482734619654236496e+01
4.693715594332417851e+01 4.614847834141988869e+01
4.693715594332417851e+01 4.583672086659193923e+01
4.693715594332417851e+01 3.988117078814075001e+01
4.693715594332417851e+01 4.731091812788919526e+01
4.693715594332417851e+01 4.624185967658409169e+01
4.693715594332417851e+01 4.662682439594827599e+01
4.693715594332417851e+01 4.831239230062831069e+01
4.693715594332417851e+01 4.492801225924085884e+01
4.693715594332417851e+01 4.095991427696683473e+01
4.693715594332417851e+01 4.502105012212410884e+01
4.693715594332417851e+01 3.960313985990022445e+01
4.693715594332417851e+01 4.604000666423276300e+01
4.693715594332417851e+01 4.826345218797553116e+01
4.693715594332417851e+01 4.291229400846389552e+01
4.693715594332417851e+01 4.595323443418166676e+01
4.693715594332417851e+01 4.144308305650973523e+01
4.693715594332417851e+01 4.981409037079678370e+01
4.693715594332417851e+01 5.021955346334763703e+01
4.693715594332417851e+01 4.002401184039544546e+01
4.693715594332417851e+01 4.292718881462646863e+01
4.693715594332417851e+01 4.282792748946823735e+01
4.693715594332417851e+01 4.184169890768451694e+01
4.693715594332417851e+01 4.681953426008815455e+01
4.693715594332417851e+01 4.533784541498229004e+01
4.693715594332417851e+01 4.706865721815685077e+01
4.693715594332417851e+01 5.021528695223682348e+01
4.693715594332417851e+01 4.929329354633094340e+01
4.693715594332417851e+01 5.375429076680384810e+01
4.693715594332417851e+01 4.820284155357632017e+01
4.693715594332417851e+01 5.286141690728423725e+01
4.693715594332417851e+01 4.739786677430049622e+01
4.693715594332417851e+01 4.418051219507155025e+01
4.693715594332417851e+01 4.753826967348713595e+01
4.693715594332417851e+01 4.465933068660041272e+01
4.693715594332417851e+01 4.505635669108162489e+01
4.693715594332417851e+01 4.332213550460579654e+01
4.693715594332417851e+01 4.279985728532199829e+01
4.693715594332417851e+01 4.817743357459140441e+01
4.693715594332417851e+01 4.492604870570499287e+01
4.693715594332417851e+01 4.945574436300163512e+01
4.693715594332417851e+01 4.773006084137652039e+01
4.693715594332417851e+01 4.553059497104590037e+01
4.693715594332417851e+01 4.435081550665005778e+01
4.693715594332417851e+01 4.496236080079162889e+01
4.693715594332417851e+01 4.856456926048984002e+01
4.693715594332417851e+01 4.791540399451007914e+01
4.693715594332417851e+01 5.158166009553606557e+01
4.693715594332417851e+01 3.981049811404701444e+01
4.693715594332417851e+01 4.721172395582394898e+01
4.693715594332417851e+01 4.591798271090727468e+01
4.693715594332417851e+01 5.231628360299615110e+01
4.693715594332417851e+01 4.400394915596650947e+01
4.693715594332417851e+01 4.518299700384316964e+01
4.693715594332417851e+01 4.033250590740981778e+01
4.693715594332417851e+01 4.690957797247781969e+01
4.693715594332417851e+01 4.637226948304778773e+01
4.693715594332417851e+01 4.594409534626487357e+01
4.693715594332417851e+01 5.149859675975957884e+01
4.693715594332417851e+01 4.489729213892139370e+01
4.693715594332417851e+01 5.089090141325197436e+01
4.693715594332417851e+01 4.955055497109628249e+01
4.693715594332417851e+01 4.558694559528949242e+01
4.693715594332417851e+01 4.313218018255379604e+01
4.693715594332417851e+01 4.904337597148108330e+01
4.693715594332417851e+01 4.287355045075963744e+01
4.693715594332417851e+01 5.137755022352456535e+01
4.693715594332417851e+01 4.477041483940673317e+01
4.693715594332417851e+01 4.716390945167062654e+01
4.693715594332417851e+01 5.171503976351172582e+01
4.693715594332417851e+01 5.203704582614938090e+01
4.693715594332417851e+01 4.411752443344928309e+01
4.693715594332417851e+01 4.872340832780668052e+01
4.693715594332417851e+01 4.386849963691548737e+01
4.693715594332417851e+01 5.118765236362986570e+01
4.693715594332417851e+01 4.266435251214728908e+01
4.693715594332417851e+01 4.264526993526639842e+01
4.693715594332417851e+01 5.025882610190784305e+01
4.693715594332417851e+01 4.622351804625097316e+01
4.693715594332417851e+01 5.103406735424483287e+01
4.693715594332417851e+01 4.483858080043495420e+01
4.693715594332417851e+01 4.441237815942350409e+01
4.693715594332417851e+01 3.947167244716040102e+01
4.693715594332417851e+01 4.820307013239568050e+01
4.693715594332417851e+01 4.662859789364487995e+01
4.693715594332417851e+01 4.547935407020854370e+01
4.693715594332417851e+01 4.440228653759466226e+01
4.693715594332417851e+01 4.253776840862040842e+01
4.693715594332417851e+01 4.683969679646085638e+01
4.693715594332417851e+01 4.253686387994385143e+01
4.693715594332417851e+01 4.633836714133259704e+01
4.693715594332417851e+01 4.599680919112351773e+01
4.693715594332417851e+01 4.569619812296406280e+01
4.693715594332417851e+01 3.790521294247827200e+01
4.693715594332417851e+01 4.855812365444512579e+01
4.693715594332417851e+01 4.504836915968090238e+01
4.693715594332417851e+01 4.752990688918415429e+01
4.693715594332417851e+01 4.542362803869416155e+01
4.693715594332417851e+01 4.892770679390015687e+01
4.693715594332417851e+01 4.357032288175979318e+01
4.693715594332417851e+01 4.885983713728876410e+01
4.693715594332417851e+01 4.475615866245737351e+01
4.693715594332417851e+01 5.142676206941477801e+01
4.693715594332417851e+01 4.150959635833594774e+01
4.693715594332417851e+01 4.518894692174385597e+01
4.693715594332417851e+01 4.543908847357008796e+01
4.693715594332417851e+01 4.890616971819775927e+01
4.693715594332417851e+01 5.428186395731893299e+01
4.693715594332417851e+01 4.156033604914537705e+01
4.693715594332417851e+01 4.449635878540477307e+01
4.693715594332417851e+01 4.513671732228538502e+01
4.693715594332417851e+01 4.349259416536830258e+01
4.693715594332417851e+01 4.365813873380395904e+01
4.693715594332417851e+01 4.167551129321992676e+01
4.693715594332417851e+01 4.674937412351388133e+01
4.693715594332417851e+01 4.713711987375221213e+01
4.693715594332417851e+01 4.380548241776164531e+01
4.693715594332417851e+01 4.617949917641345792e+01
4.693715594332417851e+01 4.843821023628039768e+01
4.693715594332417851e+01 4.190794713912649883e+01
4.693715594332417851e+01 4.890905584436355014e+01
4.693715594332417851e+01 4.527189429410501731e+01
4.693715594332417851e+01 5.296674436646251394e+01
4.693715594332417851e+01 5.273012504042544180e+01
4.693715594332417851e+01 4.464443108649532377e+01
4.693715594332417851e+01 4.707580939242209439e+01
4.693715594332417851e+01 4.547453872481363391e+01
4.693715594332417851e+01 4.730694488791501584e+01
4.693715594332417851e+01 4.736534129221954004e+01
4.693715594332417851e+01 4.347893264901368582e+01
4.693715594332417851e+01 4.644998480168565180e+01
4.693715594332417851e+01 4.673153746874641712e+01
4.693715594332417851e+01 4.437146135272255520e+01
4.693715594332417851e+01 5.054908424094321617e+01
4.693715594332417851e+01 4.764460870718039587e+01
4.693715594332417851e+01 4.565582986306038293e+01
4.693715594332417851e+01 4.646513824173231910e+01
4.693715594332417851e+01 4.341853918809358959e+01
4.693715594332417851e+01 4.667798808412081257e+01
4.693715594332417851e+01 4.635621254061990726e+01
4.693715594332417851e+01 4.863929366158404832e+01
4.693715594332417851e+01 5.186042891564510882e+01
4.693715594332417851e+01 4.616030502839689120e+01
4.693715594332417851e+01 5.068526076410489623e+01
4.693715594332417851e+01 4.667503192391897215e+01
4.693715594332417851e+01 4.804728168909905150e+01
4.693715594332417851e+01 5.273782350104530536e+01
4.693715594332417851e+01 4.569361395106276547e+01
4.693715594332417851e+01 4.787523019274797065e+01
4.693715594332417851e+01 4.603975602100862119e+01
4.693715594332417851e+01 4.338779372029388526e+01
4.693715594332417851e+01 4.927079798707700320e+01
4.693715594332417851e+01 4.486106487764865847e+01
4.693715594332417851e+01 4.580956539119501514e+01
4.693715594332417851e+01 4.518003940791198403e+01
4.693715594332417851e+01 5.187347969370750889e+01
4.693715594332417851e+01 5.132284122888217581e+01
4.693715594332417851e+01 5.059228986919275428e+01
4.693715594332417851e+01 4.785267619226709002e+01
4.693715594332417851e+01 4.448246726399219142e+01
4.693715594332417851e+01 4.955027103529811683e+01
4.693715594332417851e+01 4.753485127489858542e+01
4.693715594332417851e+01 4.610975801588100609e+01
4.693715594332417851e+01 5.057551107770980536e+01
4.693715594332417851e+01 4.432490579807399200e+01
4.693715594332417851e+01 4.457818195579815068e+01
4.693715594332417851e+01 4.562920454095910827e+01
4.693715594332417851e+01 5.242793667036946914e+01
4.693715594332417851e+01 4.710755754717075661e+01
4.693715594332417851e+01 5.246748759383007155e+01
4.693715594332417851e+01 4.757825595224042559e+01
4.693715594332417851e+01 4.252199954242288271e+01
4.693715594332417851e+01 4.648728899886086907e+01
4.693715594332417851e+01 4.360028968412419914e+01
4.693715594332417851e+01 4.439407760017940774e+01
4.693715594332417851e+01 4.937962023609154727e+01
4.693715594332417851e+01 4.226515969639157788e+01
4.693715594332417851e+01 4.203826103835957184e+01
4.693715594332417851e+01 3.977191779775676395e+01
4.693715594332417851e+01 4.700249332744604658e+01
4.693715594332417851e+01 4.040169565805684471e+01
4.693715594332417851e+01 4.417773835261657212e+01
4.693715594332417851e+01 4.375922691253293806e+01
4.693715594332417851e+01 4.080047323974670803e+01
4.693715594332417851e+01 4.905645297295414764e+01
4.693715594332417851e+01 4.732306918363553194e+01
4.693715594332417851e+01 4.585746441559307129e+01
4.693715594332417851e+01 4.622689560783877027e+01
4.693715594332417851e+01 4.450621602500449114e+01
4.693715594332417851e+01 4.540730136891784241e+01
4.693715594332417851e+01 4.239566653705350063e+01
4.693715594332417851e+01 4.519122818869730906e+01
4.693715594332417851e+01 4.042813948094403287e+01
4.693715594332417851e+01 5.146255617779642932e+01
4.693715594332417851e+01 5.378023332071932572e+01
4.693715594332417851e+01 5.056851253093993392e+01
4.693715594332417851e+01 4.458627801682138170e+01
4.693715594332417851e+01 4.342870281395463650e+01
4.693715594332417851e+01 5.179125293359699356e+01
4.693715594332417851e+01 4.633811092753445138e+01
4.693715594332417851e+01 4.554858687928615524e+01
4.693715594332417851e+01 4.876049815864670478e+01
4.693715594332417851e+01 5.286326875421218574e+01
4.693715594332417851e+01 4.543114156128476822e+01
4.693715594332417851e+01 4.841795144231458181e+01
4.693715594332417851e+01 4.312168405819773653e+01
4.693715594332417851e+01 4.403003110523519581e+01
4.693715594332417851e+01 4.959826263659104484e+01
4.693715594332417851e+01 4.569371811001399664e+01
4.693715594332417851e+01 4.756975504390342735e+01
4.693715594332417851e+01 4.298423535364751302e+01
4.693715594332417851e+01 4.865509441840058713e+01
4.693715594332417851e+01 4.400092207321463889e+01
4.693715594332417851e+01 4.518347532853038473e+01
4.693715594332417851e+01 4.408223742736475970e+01
4.693715594332417851e+01 4.944963600226199674e+01
4.693715594332417851e+01 5.060645768377533926e+01
4.693715594332417851e+01 5.055649959119681824e+01
4.693715594332417851e+01 5.187967533044657387e+01
4.693715594332417851e+01 4.646605991540474179e+01
4.693715594332417851e+01 4.852304414183544878e+01
4.693715594332417851e+01 4.655783500663093832e+01
4.693715594332417851e+01 4.559399975144970085e+01
4.693715594332417851e+01 4.408091116676536103e+01
4.693715594332417851e+01 4.786012568159259217e+01
4.693715594332417851e+01 5.249311217058380663e+01
4.693715594332417851e+01 5.020090827731173277e+01
4.693715594332417851e+01 4.500980587176180592e+01
4.693715594332417851e+01 4.834293451942917130e+01
4.693715594332417851e+01 4.265212976037474846e+01
4.693715594332417851e+01 4.080312751527446835e+01
4.693715594332417851e+01 4.634902335175203802e+01
4.693715594332417851e+01 4.484410759946135272e+01
4.693715594332417851e+01 4.337653777622668372e+01
4.693715594332417851e+01 4.151434942834714548e+01
4.693715594332417851e+01 4.660598864327523216e+01
4.693715594332417851e+01 4.823657186383727691e+01
4.693715594332417851e+01 4.671314224836085316e+01
4.693715594332417851e+01 4.414907149910300888e+01
4.693715594332417851e+01 5.745575472376525283e+01
4.693715594332417851e+01 4.260752144918564710e+01
4.693715594332417851e+01 5.066981499616845497e+01
4.693715594332417851e+01 4.281853886579618518e+01
4.693715594332417851e+01 4.313530178311264507e+01
4.693715594332417851e+01 5.036223919319409958e+01
4.693715594332417851e+01 4.502594654700345700e+01
4.693715594332417851e+01 4.721335066090970400e+01
4.693715594332417851e+01 4.214891008408383044e+01
4.693715594332417851e+01 4.604451899252608627e+01
4.693715594332417851e+01 4.842020814018478347e+01
4.693715594332417851e+01 5.280174024382780118e+01
4.693715594332417851e+01 4.400176822624420225e+01
4.693715594332417851e+01 5.216602622377288156e+01
4.693715594332417851e+01 4.920453972596833125e+01
4.693715594332417851e+01 4.946104615076748701e+01
4.693715594332417851e+01 4.473046335974098753e+01
4.693715594332417851e+01 4.333484203414320035e+01
4.693715594332417851e+01 4.646297034415920280e+01
4.693715594332417851e+01 4.467935964789336367e+01
4.693715594332417851e+01 4.410018196512248068e+01
4.693715594332417851e+01 5.334172730908102267e+01
4.693715594332417851e+01 4.809587330282948869e+01
4.693715594332417851e+01 3.983260058384475855e+01
4.693715594332417851e+01 4.630110351768105659e+01
4.693715594332417851e+01 4.322938142371783954e+01
4.693715594332417851e+01 4.538441877739897734e+01
4.693715594332417851e+01 4.677353732793913821e+01
4.693715594332417851e+01 4.847271488779136916e+01
4.693715594332417851e+01 4.522441129080988986e+01
4.693715594332417851e+01 4.292699483756659617e+01
4.693715594332417851e+01 4.093463915320006663e+01
4.693715594332417851e+01 5.031371426300626126e+01
4.693715594332417851e+01 4.403347289030323708e+01
4.693715594332417851e+01 4.005883343447705869e+01
4.693715594332417851e+01 5.123469501455018360e+01
4.693715594332417851e+01 5.083718227108163035e+01
4.693715594332417851e+01 5.128002680847835393e+01
4.693715594332417851e+01 4.114734742404768042e+01
4.693715594332417851e+01 4.531947203068150287e+01
4.693715594332417851e+01 4.499441521144836997e+01
4.693715594332417851e+01 4.916186560594484689e+01
4.693715594332417851e+01 4.841070168277729380e+01
4.693715594332417851e+01 4.164794416810239852e+01
4.693715594332417851e+01 4.672599246626147362e+01
4.693715594332417851e+01 4.622355086491036502e+01
4.693715594332417851e+01 4.377699118706614456e+01
4.693715594332417851e+01 5.252983635412974195e+01
4.693715594332417851e+01 4.300969225969658538e+01
4.693715594332417851e+01 4.321554916523557921e+01
4.693715594332417851e+01 4.886722558547053552e+01
4.693715594332417851e+01 4.459710306106154576e+01
4.693715594332417851e+01 4.725034153337404064e+01
4.693715594332417851e+01 4.775501805657459897e+01
4.693715594332417851e+01 4.556341360718930389e+01
4.693715594332417851e+01 5.049522459467099367e+01
4.693715594332417851e+01 4.549429700181627112e+01
4.693715594332417851e+01 4.710745633651276876e+01
4.693715594332417851e+01 4.874948297307167167e+01
4.693715594332417851e+01 4.510484984809379227e+01
4.693715594332417851e+01 4.554702415847026487e+01
4.693715594332417851e+01 4.106839656162252084e+01
4.693715594332417851e+01 5.223409520430477215e+01
4.693715594332417851e+01 4.825207896821095233e+01
4.693715594332417851e+01 4.239033717188659267e+01
4.693715594332417851e+01 4.406626806396288032e+01
4.693715594332417851e+01 4.571835774802782026e+01
4.693715594332417851e+01 4.975844648316046204e+01
4.693715594332417851e+01 4.843980302438221486e+01
4.693715594332417851e+01 4.878019643954588958e+01
4.693715594332417851e+01 4.763552879781686755e+01
4.693715594332417851e+01 4.537779185837877094e+01
4.693715594332417851e+01 4.684219834729763932e+01
4.693715594332417851e+01 4.209600788296735630e+01
4.693715594332417851e+01 4.739640848544438256e+01
4.693715594332417851e+01 4.769332960664871734e+01
4.693715594332417851e+01 5.634102894285903318e+01
4.693715594332417851e+01 4.810971916608517063e+01
4.693715594332417851e+01 4.640242996952389376e+01
4.693715594332417851e+01 4.364741316740420274e+01
4.693715594332417851e+01 3.939232277966554108e+01
4.693715594332417851e+01 4.377817967067534255e+01
4.693715594332417851e+01 4.241241119586749164e+01
4.693715594332417851e+01 4.851697206059037626e+01
4.693715594332417851e+01 4.686834117858762738e+01
4.693715594332417851e+01 4.634523480813735574e+01
4.693715594332417851e+01 4.644443140137362747e+01
4.693715594332417851e+01 4.963714441080564654e+01
4.693715594332417851e+01 5.022979223200862009e+01
4.693715594332417851e+01 4.907230896968235356e+01
4.693715594332417851e+01 4.126728256186976296e+01
4.693715594332417851e+01 4.842017222089131678e+01
4.693715594332417851e+01 4.844564314154897033e+01
4.693715594332417851e+01 4.705951692516902796e+01
4.693715594332417851e+01 4.699025460333216841e+01
4.693715594332417851e+01 5.098630728774134013e+01
4.693715594332417851e+01 5.153657399547436313e+01
4.693715594332417851e+01 4.807283967560663029e+01
4.693715594332417851e+01 5.171213900191271762e+01
4.693715594332417851e+01 4.885803725194165281e+01
4.693715594332417851e+01 5.341596007529372514e+01
4.693715594332417851e+01 4.067054970005190739e+01
4.693715594332417851e+01 4.384899934577303782e+01
4.693715594332417851e+01 4.766667906516394737e+01
4.693715594332417851e+01 5.032279199871267394e+01
4.693715594332417851e+01 4.609926479762489038e+01
4.693715594332417851e+01 4.778296834367048262e+01
4.693715594332417851e+01 4.312521645632157430e+01
4.693715594332417851e+01 4.495863832608409894e+01
4.693715594332417851e+01 4.182119642724811115e+01
4.693715594332417851e+01 4.311569854290638659e+01
4.693715594332417851e+01 4.437149813711954494e+01
4.693715594332417851e+01 4.795674625741904862e+01
4.693715594332417851e+01 4.918299472238518177e+01
4.693715594332417851e+01 4.383385854610958887e+01
4.693715594332417851e+01 4.552250843056434348e+01
4.693715594332417851e+01 4.837574722288564999e+01
4.693715594332417851e+01 4.830872316122518129e+01
4.693715594332417851e+01 4.662818988903072182e+01
4.693715594332417851e+01 4.618260797287969410e+01
4.693715594332417851e+01 4.181437599807288308e+01
4.693715594332417851e+01 3.921716342506822173e+01
4.693715594332417851e+01 4.450521644736850391e+01
4.693715594332417851e+01 4.504899668192086182e+01
4.693715594332417851e+01 4.624478948272663814e+01
4.693715594332417851e+01 4.778215086171187664e+01
4.693715594332417851e+01 4.262271404152495080e+01
4.693715594332417851e+01 4.651758344708175485e+01
4.693715594332417851e+01 4.532378106874912760e+01
4.693715594332417851e+01 4.460519438448960727e+01
4.693715594332417851e+01 4.597751856053578479e+01
4.693715594332417851e+01 4.629601219897038078e+01
4.693715594332417851e+01 4.596457226636611182e+01
4.693715594332417851e+01 4.870770022843404945e+01
4.693715594332417851e+01 4.518413136231006177e+01
4.693715594332417851e+01 4.422753950294048053e+01
4.693715594332417851e+01 4.410827105486240640e+01
4.693715594332417851e+01 4.709627461572215879e+01
4.693715594332417851e+01 4.711220310068887329e+01
4.693715594332417851e+01 5.177749845014699304e+01
4.693715594332417851e+01 4.604307048644481171e+01
4.693715594332417851e+01 4.725502467581234356e+01
4.693715594332417851e+01 4.703636047480323157e+01
4.693715594332417851e+01 4.466198444493918629e+01
4.693715594332417851e+01 4.380354083306332313e+01
4.693715594332417851e+01 4.353461172061253137e+01
4.693715594332417851e+01 4.291373404341966591e+01
4.693715594332417851e+01 4.770244833180551325e+01
4.693715594332417851e+01 4.665385664201630789e+01
4.693715594332417851e+01 4.356930770926491903e+01
4.693715594332417851e+01 4.578632783930635242e+01
4.693715594332417851e+01 5.029736862514093332e+01
4.693715594332417851e+01 4.334387757748904590e+01
4.693715594332417851e+01 4.537352314928795494e+01
4.693715594332417851e+01 4.339595896113740991e+01
4.693715594332417851e+01 4.375377988524332551e+01
4.693715594332417851e+01 4.620850102945550475e+01
4.693715594332417851e+01 4.342690687124272841e+01
4.693715594332417851e+01 4.608945730302341559e+01
4.693715594332417851e+01 4.275116222670188648e+01
4.693715594332417851e+01 4.272334890887300674e+01
4.693715594332417851e+01 4.211879979720347933e+01
4.693715594332417851e+01 4.242450717395774262e+01
4.693715594332417851e+01 4.751492293657020127e+01
4.693715594332417851e+01 4.213938476587029669e+01
4.693715594332417851e+01 4.872424185170424238e+01
4.693715594332417851e+01 3.950527383077558596e+01
4.693715594332417851e+01 5.333268596100750614e+01
4.693715594332417851e+01 4.474156269664833019e+01
4.693715594332417851e+01 4.869954613025412726e+01
4.693715594332417851e+01 4.737507373284915246e+01
4.693715594332417851e+01 4.646340767102982738e+01
4.693715594332417851e+01 4.691031372990848070e+01
4.693715594332417851e+01 4.429738407506898312e+01
4.693715594332417851e+01 5.405487277025581960e+01
4.693715594332417851e+01 4.973258109361153601e+01
4.693715594332417851e+01 5.427063129853787871e+01
4.693715594332417851e+01 4.922155942141183971e+01
4.693715594332417851e+01 4.922652255730488946e+01
4.693715594332417851e+01 4.580036525031585626e+01
4.693715594332417851e+01 4.812637175728006866e+01
4.693715594332417851e+01 4.507701964550815887e+01
4.693715594332417851e+01 5.547876659373792307e+01
4.693715594332417851e+01 4.289045168832459609e+01
4.693715594332417851e+01 4.773110326760548361e+01
4.693715594332417851e+01 5.137087653925241426e+01
4.693715594332417851e+01 4.979215977206418842e+01
4.693715594332417851e+01 5.023787614813937807e+01
4.693715594332417851e+01 4.261764429265924292e+01
4.693715594332417851e+01 4.242726064784086049e+01
4.693715594332417851e+01 4.738438721767160899e+01
4.693715594332417851e+01 4.824871278574502043e+01
4.693715594332417851e+01 4.372311372893866377e+01
4.693715594332417851e+01 4.396635478459322854e+01
4.693715594332417851e+01 4.594232412824277390e+01
4.693715594332417851e+01 4.419056668317167436e+01
4.693715594332417851e+01 4.043531934841730191e+01
4.693715594332417851e+01 4.271843424160308444e+01
4.693715594332417851e+01 5.041695273665842336e+01
4.693715594332417851e+01 4.098900579243883158e+01
4.693715594332417851e+01 4.819344081487874831e+01
4.693715594332417851e+01 4.390941457907739931e+01
4.693715594332417851e+01 4.791289110899258219e+01
4.693715594332417851e+01 4.741726190244076378e+01
4.693715594332417851e+01 4.909267449854714727e+01
4.693715594332417851e+01 4.518878166743325409e+01
4.693715594332417851e+01 5.004601647161300804e+01
4.693715594332417851e+01 4.892531251980322793e+01
4.693715594332417851e+01 4.412992846771262379e+01
4.693715594332417851e+01 4.301574921513730487e+01
4.693715594332417851e+01 5.026550738326267265e+01
4.693715594332417851e+01 5.065148419083521958e+01
4.693715594332417851e+01 4.463518747494108396e+01
4.693715594332417851e+01 4.263794356860385193e+01
4.693715594332417851e+01 4.559453827703574547e+01
4.693715594332417851e+01 4.459229957689841228e+01
4.693715594332417851e+01 4.686507962093264013e+01
4.693715594332417851e+01 5.032425582294412436e+01
4.693715594332417851e+01 4.456043433438839685e+01
4.693715594332417851e+01 4.423564997644348296e+01
4.693715594332417851e+01 4.720592185470972879e+01
4.693715594332417851e+01 5.103080996861866225e+01
4.693715594332417851e+01 5.095153573345212550e+01
4.693715594332417851e+01 5.322699525369539231e+01
4.693715594332417851e+01 4.671083787861223868e+01
4.693715594332417851e+01 4.308511858067508626e+01
4.693715594332417851e+01 4.331443722880730718e+01
4.693715594332417851e+01 4.934346294057503712e+01
4.693715594332417851e+01 5.233785929137851411e+01
4.693715594332417851e+01 4.819391753276116219e+01
4.693715594332417851e+01 5.007512640097515799e+01
4.693715594332417851e+01 4.435573976386820760e+01
4.693715594332417851e+01 4.870429842084450911e+01
4.693715594332417851e+01 4.741069169034045672e+01
4.693715594332417851e+01 4.579863710700970358e+01
4.693715594332417851e+01 4.713841966652588411e+01
4.693715594332417851e+01 4.531323997522385838e+01
4.693715594332417851e+01 4.860902532416103128e+01
4.693715594332417851e+01 4.706567405826426409e+01
4.693715594332417851e+01 4.161358310260011706e+01
4.693715594332417851e+01 4.641550464085624839e+01
4.693715594332417851e+01 5.135685861328175861e+01
4.693715594332417851e+01 3.853030576982731503e+01
4.693715594332417851e+01 4.412174724310835217e+01
4.693715594332417851e+01 4.386433617435965004e+01
4.693715594332417851e+01 4.702548185813857629e+01
4.693715594332417851e+01 5.060268908425496903e+01
4.693715594332417851e+01 4.311375876358154358e+01
4.693715594332417851e+01 4.504543526175522317e+01
4.693715594332417851e+01 4.793804426278493480e+01
4.693715594332417851e+01 4.860751374702655880e+01
4.693715594332417851e+01 4.866869102891759979e+01
4.693715594332417851e+01 4.766246993962271006e+01
4.693715594332417851e+01 4.700464939990038005e+01
4.693715594332417851e+01 4.579413992423867086e+01
4.693715594332417851e+01 4.565307942241831540e+01
4.693715594332417851e+01 4.906654529956009725e+01
4.693715594332417851e+01 3.934701525703712122e+01
4.693715594332417851e+01 4.498030355337859021e+01
4.693715594332417851e+01 4.836554906436368384e+01
4.693715594332417851e+01 4.098316097441865935e+01
4.693715594332417851e+01 4.818057271671872144e+01
4.693715594332417851e+01 4.406024898196383077e+01
4.693715594332417851e+01 4.468906970121999933e+01
4.693715594332417851e+01 5.169652756655776216e+01
4.693715594332417851e+01 4.276272950283418339e+01
4.693715594332417851e+01 4.075064524870678895e+01
4.693715594332417851e+01 4.503882254803735918e+01
4.693715594332417851e+01 3.900072368709145110e+01
4.693715594332417851e+01 4.489616941444427312e+01
4.693715594332417851e+01 4.430707292715775480e+01
4.693715594332417851e+01 5.214297367652965676e+01
4.693715594332417851e+01 4.282002190520417884e+01
4.693715594332417851e+01 4.453982726499212674e+01
4.693715594332417851e+01 4.698193469721282867e+01
4.693715594332417851e+01 4.286237635260913947e+01
4.693715594332417851e+01 4.153246404467063968e+01
4.693715594332417851e+01 4.253066732325898158e+01
4.693715594332417851e+01 5.074376763390203848e+01
4.693715594332417851e+01 4.360875064817308555e+01
4.693715594332417851e+01 4.699510566650059218e+01
4.693715594332417851e+01 4.513249594214563842e+01
4.693715594332417851e+01 4.817758266490987040e+01
4.693715594332417851e+01 4.799879567848830675e+01
