4.693715594332417851e+01 4.284732058598566340e+01
4.693715594332417851e+01 5.126494822533203433e+01
4.693715594332417851e+01 4.313979559504181083e+01
4.693715594332417851e+01 4.884737520505971275e+01
4.693715594332417851e+01 4.686948186111671788e+01
4.693715594332417851e+01 4.455167265533489740e+01
4.693715594332417851e+01 4.608380293517359405e+01
4.693715594332417851e+01 4.758282369221914365e+01
4.693715594332417851e+01 4.324322300583221335e+01
4.693715594332417851e+01 4.541070640482730880e+01
4.693715594332417851e+01 4.944053156147751338e+01
4.693715594332417851e+01 4.976971711550211097e+01
4.693715594332417851e+01 5.141604210597973434e+01
4.693715594332417851e+01 4.700210165730430845e+01
4.693715594332417851e+01 4.653764399593040935e+01
4.693715594332417851e+01 4.304272967534475214e+01
4.693715594332417851e+01 4.830940309270506106e+01
4.693715594332417851e+01 4.612956808264033270e+01
4.693715594332417851e+01 4.653890924140285534e+01
4.693715594332417851e+01 4.734807405176577078e+01
4.693715594332417851e+01 5.561955342040211292e+01
4.693715594332417851e+01 4.506153814046798800e+01
4.693715594332417851e+01 4.614647763928567770e+01
4.693715594332417851e+01 5.085155276749677000e+01
4.693715594332417851e+01 4.024696564799631204e+01
4.693715594332417851e+01 4.333377233357416713e+01
4.693715594332417851e+01 4.708215114441517102e+01
4.693715594332417851e+01 4.618579733310064483e+01
4.693715594332417851e+01 4.545899600445487465e+01
4.693715594332417851e+01 4.339328229079967514e+01
4.693715594332417851e+01 4.434782017405304089e+01
4.693715594332417851e+01 4.845663239762243535e+01
4.693715594332417851e+01 4.848063047631938360e+01
4.693715594332417851e+01 4.487766108619430838e+01
4.693715594332417851e+01 4.822644443969710437e+01
4.693715594332417851e+01 4.309602904243053700e+01
4.693715594332417851e+01 4.114849189923316430e+01
4.693715594332417851e+01 4.514047679568004412e+01
4.693715594332417851e+01 4.239876361273898198e+01
4.693715594332417851e+01 4.898376361569729198e+01
4.693715594332417851e+01 4.405966028913223198e+01
4.693715594332417851e+01 4.705908554879676586e+01
4.693715594332417851e+01 5.026174206126312782e+01
4.693715594332417851e+01 4.892042127758547565e+01
4.693715594332417851e+01 4.298004104806587122e+01
4.693715594332417851e+01 4.598596844261373917e+01
4.693715594332417851e+01 4.977290432747312110e+01
4.693715594332417851e+01 4.095882845409812489e+01
4.693715594332417851e+01 4.362081926427504897e+01
4.693715594332417851e+01 4.470700240850447926e+01
4.693715594332417851e+01 4.027212049374092828e+01
4.693715594332417851e+01 4.534195037986886234e+01
4.693715594332417851e+01 4.052702448249019795e+01
4.693715594332417851e+01 4.300031799570328417e+01
4.693715594332417851e+01 4.371324666749855936e+01
4.693715594332417851e+01 4.767890010925386690e+01
4.693715594332417851e+01 4.498312022436276436e+01
4.693715594332417851e+01 4.407721197357327725e+01
4.693715594332417851e+01 4.828327465715685918e+01
4.693715594332417851e+01 4.769955682475502812e+01
4.693715594332417851e+01 4.503612567744207951e+01
4.693715594332417851e+01 4.538777928876407231e+01
4.693715594332417851e+01 4.696863825198263243e+01
4.693715594332417851e+01 4.615815790838430388e+01
4.693715594332417851e+01 3.987001546162410648e+01
4.693715594332417851e+01 4.727017524739940768e+01
4.693715594332417851e+01 5.282464152305894345e+01
4.693715594332417851e+01 4.875926402183777952e+01
4.693715594332417851e+01 4.527115459039115564e+01
4.693715594332417851e+01 5.087524254849714822e+01
4.693715594332417851e+01 5.440040092661340054e+01
4.693715594332417851e+01 4.737781789994551218e+01
4.693715594332417851e+01 5.051986745459493733e+01
4.693715594332417851e+01 4.499120669050340382e+01
4.693715594332417851e+01 4.738183759464174472e+01
4.693715594332417851e+01 4.415929641596801503e+01
4.693715594332417851e+01 4.775613887719163131e+01
4.693715594332417851e+01 4.725353288177323918e+01
4.693715594332417851e+01 4.528338044841216004e+01
4.693715594332417851e+01 4.588349424674127874e+01
4.693715594332417851e+01 3.902803629376687411e+01
4.693715594332417851e+01 4.584199571007095386e+01
4.693715594332417851e+01 4.447576703514265972e+01
4.693715594332417851e+01 4.430247838717488662e+01
4.693715594332417851e+01 4.560634879749502346e+01
4.693715594332417851e+01 4.910723407805533469e+01
4.693715594332417851e+01 4.486763767448820772e+01
4.693715594332417851e+01 4.918623467833449325e+01
4.693715594332417851e+01 4.603835682301468779e+01
4.693715594332417851e+01 3.925933109516900998e+01
4.693715594332417851e+01 4.166301023090297662e+01
4.693715594332417851e+01 4.447277710912283766e+01
4.693715594332417851e+01 4.237052358833836507e+01
4.693715594332417851e+01 4.654121188850350421e+01
4.693715594332417851e+01 4.772078755816705353e+01
4.693715594332417851e+01 4.790436830196782125e+01
4.693715594332417851e+01 4.654297767843638667e+01
4.693715594332417851e+01 3.857280326432184836e+01
4.693715594332417851e+01 4.855209283380881402e+01
4.693715594332417851e+01 3.867863051572388855e+01
4.693715594332417851e+01 4.858237387905911220e+01
4.693715594332417851e+01 4.675956598858685709e+01
4.693715594332417851e+01 3.994896331897140129e+01
4.693715594332417851e+01 3.803821130264296357e+01
4.693715594332417851e+01 5.073121233995582458e+01
4.693715594332417851e+01 4.978447313427516008e+01
4.693715594332417851e+01 4.118387221247397179e+01
4.693715594332417851e+01 5.100844522496902300e+01
4.693715594332417851e+01 4.931172909597631815e+01
4.693715594332417851e+01 5.116679717199684774e+01
4.693715594332417851e+01 4.299484229451840633e+01
4.693715594332417851e+01 4.347187385858209296e+01
4.693715594332417851e+01 4.638873309893271113e+01
4.693715594332417851e+01 4.821026329180501335e+01
4.693715594332417851e+01 4.160567952229347100e+01
4.693715594332417851e+01 4.761399903933960331e+01
4.693715594332417851e+01 4.784134493258296317e+01
4.693715594332417851e+01 4.764598674445763038e+01
4.693715594332417851e+01 4.682034010077414621e+01
4.693715594332417851e+01 4.524496549338822149e+01
4.693715594332417851e+01 4.719129508373263349e+01
4.693715594332417851e+01 4.812445761495231267e+01
4.693715594332417851e+01 4.650883421252513017e+01
4.693715594332417851e+01 4.565837771712784132e+01
4.693715594332417851e+01 4.384827780026832045e+01
4.693715594332417851e+01 4.700773042991615824e+01
4.693715594332417851e+01 4.727467922649549337e+01
4.693715594332417851e+01 4.721723786794266431e+01
4.693715594332417851e+01 4.431871003632814876e+01
4.693715594332417851e+01 4.335679643641208258e+01
4.693715594332417851e+01 4.140114344853824946e+01
4.693715594332417851e+01 4.578220171881883260e+01
4.693715594332417851e+01 4.462374859419283979e+01
4.693715594332417851e+01 4.610771593886001796e+01
4.693715594332417851e+01 4.817374783576984498e+01
4.693715594332417851e+01 4.383052935753696033e+01
4.693715594332417851e+01 4.781153948664375974e+01
4.693715594332417851e+01 5.064300107939752138e+01
4.693715594332417851e+01 5.578253231342011276e+01
4.693715594332417851e+01 4.707182636382040641e+01
4.693715594332417851e+01 4.986439588173853110e+01
4.693715594332417851e+01 5.033336435159696265e+01
4.693715594332417851e+01 4.501062161010624862e+01
4.693715594332417851e+01 4.640253713279279424e+01
4.693715594332417851e+01 4.506822530325422349e+01
4.693715594332417851e+01 4.487069202793557565e+01
4.693715594332417851e+01 4.765512784129743551e+01
4.693715594332417851e+01 4.738907996534604194e+01
4.693715594332417851e+01 4.986637710506609977e+01
4.693715594332417851e+01 4.598776762614438951e+01
4.693715594332417851e+01 4.205674550336583906e+01
4.693715594332417851e+01 4.546335950264026593e+01
4.693715594332417851e+01 5.252545405420519842e+01
4.693715594332417851e+01 4.270265776543531189e+01
4.693715594332417851e+01 4.666499242958753513e+01
4.693715594332417851e+01 4.952185116636402995e+01
4.693715594332417851e+01 4.597231185549464527e+01
4.693715594332417851e+01 4.269373997091442874e+01
4.693715594332417851e+01 4.171101901383220678e+01
4.693715594332417851e+01 4.817608367486840848e+01
4.693715594332417851e+01 5.027255925853166474e+01
4.693715594332417851e+01 4.084677421767213445e+01
4.693715594332417851e+01 4.496008336619453871e+01
4.693715594332417851e+01 4.706812283850466372e+01
4.693715594332417851e+01 4.489952668714043682e+01
4.693715594332417851e+01 5.044885267569569720e+01
4.693715594332417851e+01 4.838709944373312055e+01
4.693715594332417851e+01 4.477865863199005503e+01
4.693715594332417851e+01 4.775292957781370262e+01
4.693715594332417851e+01 5.043221630603076022e+01
4.693715594332417851e+01 4.306829773045740950e+01
4.693715594332417851e+01 4.280932415086094522e+01
4.693715594332417851e+01 5.068162899364376273e+01
4.693715594332417851e+01 4.522528581543673454e+01
4.693715594332417851e+01 5.101436156472780681e+01
4.693715594332417851e+01 4.714328460592649606e+01
4.693715594332417851e+01 4.951238570549384121e+01
4.693715594332417851e+01 4.656579369669086077e+01
4.693715594332417851e+01 4.068724877259999317e+01
4.693715594332417851e+01 4.797959465595203454e+01
4.693715594332417851e+01 4.342660689102884675e+01
4.693715594332417851e+01 4.484496917488947076e+01
4.693715594332417851e+01 5.124218209687758474e+01
4.693715594332417851e+01 5.061358466915072540e+01
4.693715594332417851e+01 4.527301613864008800e+01
4.693715594332417851e+01 5.018480099518628634e+01
4.693715594332417851e+01 4.559283453572798095e+01
4.693715594332417851e+01 4.990460708098310505e+01
4.693715594332417851e+01 4.434912548587825398e+01
4.693715594332417851e+01 4.503193664052039225e+01
4.693715594332417851e+01 4.189075180379437313e+01
4.693715594332417851e+01 4.687620629178860554e+01
4.693715594332417851e+01 4.945734928601525127e+01
4.693715594332417851e+01 4.143080438353261741e+01
4.693715594332417851e+01 4.670261538069755858e+01
4.693715594332417851e+01 4.170615002406083960e+01
4.693715594332417851e+01 5.476615389909907350e+01
4.693715594332417851e+01 5.040990329191158281e+01
4.693715594332417851e+01 4.316209781588312921e+01
4.693715594332417851e+01 5.000808997395679967e+01
4.693715594332417851e+01 4.823723249331265350e+01
4.693715594332417851e+01 5.006486287621748943e+01
4.693715594332417851e+01 4.704181438946944382e+01
4.693715594332417851e+01 4.333188307264620676e+01
4.693715594332417851e+01 4.475246026694451729e+01
4.693715594332417851e+01 4.873916764949556324e+01
4.693715594332417851e+01 4.391560003035123572e+01
4.693715594332417851e+01 4.989359561226790163e+01
4.693715594332417851e+01 4.022849892284239104e+01
4.693715594332417851e+01 4.658097360480420690e+01
4.693715594332417851e+01 4.745351393721522726e+01
4.693715594332417851e+01 4.567125065763265468e+01
4.693715594332417851e+01 4.997810715297396200e+01
4.693715594332417851e+01 4.468197094119832258e+01
4.693715594332417851e+01 4.954231164823336542e+01
4.693715594332417851e+01 4.748414153366337587e+01
4.693715594332417851e+01 4.763504764083904774e+01
4.693715594332417851e+01 4.556332121335672980e+01
4.693715594332417851e+01 4.992717506480823175e+01
4.693715594332417851e+01 4.983116311215609073e+01
4.693715594332417851e+01 4.812825097071646496e+01
4.693715594332417851e+01 4.779036802058714528e+01
4.693715594332417851e+01 4.448134557905925845e+01
4.693715594332417851e+01 4.940202775888729292e+01
4.693715594332417851e+01 4.441140952305792666e+01
4.693715594332417851e+01 4.720155242439620480e+01
4.693715594332417851e+01 5.045625759355772288e+01
4.693715594332417851e+01 4.516527494377824326e+01
4.693715594332417851e+01 4.604773662782605470e+01
4.693715594332417851e+01 4.708288563192519405e+01
4.693715594332417851e+01 5.057532220473719065e+01
4.693715594332417851e+01 4.390334464176841323e+01
4.693715594332417851e+01 5.026266202862368004e+01
4.693715594332417851e+01 5.158891221794752369e+01
4.693715594332417851e+01 4.248994369787789083e+01
4.693715594332417851e+01 4.297938129765048387e+01
4.693715594332417851e+01 4.555616114472011446e+01
4.693715594332417851e+01 5.355291392008678031e+01
4.693715594332417851e+01 4.303020513316206319e+01
4.693715594332417851e+01 4.560079881913249977e+01
4.693715594332417851e+01 4.127541179254005499e+01
4.693715594332417851e+01 4.568939206156498756e+01
4.693715594332417851e+01 4.729143639208464123e+01
4.693715594332417851e+01 4.955222254817603300e+01
4.693715594332417851e+01 4.326789148989386291e+01
4.693715594332417851e+01 4.578526314966202193e+01
4.693715594332417851e+01 4.763881842282959411e+01
4.693715594332417851e+01 4.620158120478653530e+01
4.693715594332417851e+01 4.778958728528195365e+01
4.693715594332417851e+01 5.071141457384820939e+01
4.693715594332417851e+01 5.245087205168051980e+01
4.693715594332417851e+01 4.538675185533990231e+01
4.693715594332417851e+01 4.855210452997756931e+01
4.693715594332417851e+01 5.594947132265277645e+01
4.693715594332417851e+01 4.735783199272340482e+01
4.693715594332417851e+01 4.244412241227210103e+01
4.693715594332417851e+01 4.441919049092955873e+01
4.693715594332417851e+01 4.196786136036670456e+01
4.693715594332417851e+01 4.520552763730577084e+01
4.693715594332417851e+01 5.235584019165411007e+01
4.693715594332417851e+01 4.202051415566016601e+01
4.693715594332417851e+01 4.851061891709706231e+01
4.693715594332417851e+01 4.455715415222073972e+01
4.693715594332417851e+01 4.731441251521649605e+01
4.693715594332417851e+01 4.878684671365675740e+01
4.693715594332417851e+01 4.482376650165825538e+01
4.693715594332417851e+01 5.339315245461083492e+01
4.693715594332417851e+01 4.640072901726924925e+01
4.693715594332417851e+01 5.362513813252294170e+01
4.693715594332417851e+01 4.720843531055933795e+01
4.693715594332417851e+01 3.923226938641353456e+01
4.693715594332417851e+01 4.775415155408815338e+01
4.693715594332417851e+01 4.956483283183745669e+01
4.693715594332417851e+01 4.425121610214254986e+01
4.693715594332417851e+01 4.692150612553913902e+01
4.693715594332417851e+01 4.749524590119229117e+01
4.693715594332417851e+01 4.828914404891641965e+01
4.693715594332417851e+01 4.392986954426640267e+01
4.693715594332417851e+01 4.895476438059460378e+01
4.693715594332417851e+01 4.296776076542639800e+01
4.693715594332417851e+01 4.310923325728042244e+01
4.693715594332417851e+01 4.242074027252559176e+01
4.693715594332417851e+01 4.862474089161880642e+01
4.693715594332417851e+01 4.561051894355207992e+01
4.693715594332417851e+01 5.064362503402904991e+01
4.693715594332417851e+01 4.600770518770743678e+01
4.693715594332417851e+01 4.320508855440534290e+01
4.693715594332417851e+01 4.450147506165384925e+01
4.693715594332417851e+01 4.714838622508798238e+01
4.693715594332417851e+01 4.022188332707478509e+01
4.693715594332417851e+01 4.725880214819444092e+01
4.693715594332417851e+01 4.429088723851563714e+01
4.693715594332417851e+01 3.923768936630217752e+01
4.693715594332417851e+01 4.922516901164402725e+01
4.693715594332417851e+01 4.783329899384671791e+01
4.693715594332417851e+01 4.424319394840821218e+01
4.693715594332417851e+01 4.754859236722706584e+01
4.693715594332417851e+01 4.299580848412544043e+01
4.693715594332417851e+01 4.919240576219678474e+01
4.693715594332417851e+01 4.473326983090085918e+01
4.693715594332417851e+01 4.930367437847915824e+01
4.693715594332417851e+01 4.637688123145503738e+01
4.693715594332417851e+01 4.274161957538751722e+01
4.693715594332417851e+01 4.774036563249264731e+01
4.693715594332417851e+01 4.730503594055594618e+01
4.693715594332417851e+01 4.077704325417939657e+01
4.693715594332417851e+01 4.159504391519421063e+01
4.693715594332417851e+01 4.542960627395220286e+01
4.693715594332417851e+01 4.410743233129532825e+01
4.693715594332417851e+01 4.096136065443304375e+01
4.693715594332417851e+01 4.933924366481955559e+01
4.693715594332417851e+01 4.399456616187359970e+01
4.693715594332417851e+01 4.618304227102610326e+01
4.693715594332417851e+01 4.670353749230940821e+01
4.693715594332417851e+01 4.665601713837649811e+01
4.693715594332417851e+01 4.010312465294375528e+01
4.693715594332417851e+01 4.384136442418191137e+01
4.693715594332417851e+01 4.821752234733403242e+01
4.693715594332417851e+01 4.652229166785481596e+01
4.693715594332417851e+01 4.721547720487984634e+01
4.693715594332417851e+01 4.859810230649806329e+01
4.693715594332417851e+01 4.323804147668664655e+01
4.693715594332417851e+01 4.716501174721670964e+01
4.693715594332417851e+01 4.824294958204178130e+01
4.693715594332417851e+01 4.649254862514942488e+01
4.693715594332417851e+01 4.589367890974040876e+01
4.693715594332417851e+01 4.226830380526918418e+01
4.693715594332417851e+01 4.189442889034067719e+01
4.693715594332417851e+01 3.782816017287495924e+01
4.693715594332417851e+01 4.513462377145676641e+01
4.693715594332417851e+01 4.103319457100633372e+01
4.693715594332417851e+01 4.550792210963662399e+01
4.693715594332417851e+01 3.943321780085798878e+01
4.693715594332417851e+01 4.624759220992707753e+01
4.693715594332417851e+01 4.718205534313631944e+01
4.693715594332417851e+01 3.872347873119945660e+01
4.693715594332417851e+01 4.612718974475064471e+01
4.693715594332417851e+01 4.402697914671410473e+01
4.693715594332417851e+01 5.107959885789142618e+01
4.693715594332417851e+01 4.575766621156009251e+01
4.693715594332417851e+01 4.450483923737759540e+01
4.693715594332417851e+01 4.529684003142972415e+01
4.693715594332417851e+01 5.107853550241951979e+01
4.693715594332417851e+01 4.255285263875332191e+01
4.693715594332417851e+01 4.393826456957942383e+01
4.693715594332417851e+01 4.677859948442662841e+01
4.693715594332417851e+01 4.505898320554771885e+01
4.693715594332417851e+01 4.724170303979047247e+01
4.693715594332417851e+01 5.074281556731369847e+01
4.693715594332417851e+01 4.328086341875958709e+01
4.693715594332417851e+01 4.808837187088664678e+01
4.693715594332417851e+01 4.828709101900674483e+01
4.693715594332417851e+01 4.832639800363897820e+01
4.693715594332417851e+01 4.670791201244487212e+01
4.693715594332417851e+01 4.677793673603918023e+01
4.693715594332417851e+01 4.976918746898540036e+01
4.693715594332417851e+01 4.448916491453746147e+01
4.693715594332417851e+01 4.667748998604560029e+01
4.693715594332417851e+01 5.101427177739613228e+01
4.693715594332417851e+01 4.805001080694165694e+01
4.693715594332417851e+01 4.508293106625296787e+01
4.693715594332417851e+01 4.512143762422493154e+01
4.693715594332417851e+01 5.229365405044548254e+01
4.693715594332417851e+01 4.186471426237743998e+01
4.693715594332417851e+01 4.202456397828377987e+01
4.693715594332417851e+01 4.671696451911508774e+01
4.693715594332417851e+01 4.582260050047528921e+01
4.693715594332417851e+01 4.297312881192520706e+01
4.693715594332417851e+01 4.675530443877246256e+01
4.693715594332417851e+01 4.006397607150322671e+01
4.693715594332417851e+01 4.609186121945014492e+01
4.693715594332417851e+01 4.925046259451325170e+01
4.693715594332417851e+01 4.458516565564953282e+01
4.693715594332417851e+01 4.339646594940982993e+01
4.693715594332417851e+01 4.684513727756510093e+01
4.693715594332417851e+01 4.801673148875882191e+01
4.693715594332417851e+01 4.800898672905753983e+01
4.693715594332417851e+01 4.913798497614945404e+01
4.693715594332417851e+01 4.540650033263937502e+01
4.693715594332417851e+01 4.392652315884427594e+01
4.693715594332417851e+01 4.482479751163852910e+01
4.693715594332417851e+01 5.398425916993419804e+01
4.693715594332417851e+01 4.778395563585415573e+01
4.693715594332417851e+01 4.638745470181645913e+01
4.693715594332417851e+01 4.672775385700225570e+01
4.693715594332417851e+01 4.675942562082257581e+01
4.693715594332417851e+01 4.839040246682073843e+01
4.693715594332417851e+01 4.894668275343661179e+01
4.693715594332417851e+01 4.248560737582086944e+01
4.693715594332417851e+01 4.717006855674409138e+01
4.693715594332417851e+01 5.116568310514444562e+01
4.693715594332417851e+01 4.717083594759178311e+01
4.693715594332417851e+01 5.011314186867016218e+01
4.693715594332417851e+01 4.078539140684718944e+01
4.693715594332417851e+01 4.661584447067837544e+01
4.693715594332417851e+01 4.574394844733915022e+01
4.693715594332417851e+01 4.576676854651691428e+01
4.693715594332417851e+01 4.833817143005100547e+01
4.693715594332417851e+01 4.696595515325260095e+01
4.693715594332417851e+01 4.154052935344366659e+01
4.693715594332417851e+01 4.908612955676381517e+01
4.693715594332417851e+01 4.346746247956549070e+01
4.693715594332417851e+01 4.348466453107787544e+01
4.693715594332417851e+01 5.068759871661289651e+01
4.693715594332417851e+01 4.677385695087092898e+01
4.693715594332417851e+01 5.214075048746377661e+01
4.693715594332417851e+01 4.439874639677730528e+01
4.693715594332417851e+01 4.860115388069197451e+01
4.693715594332417851e+01 4.918356642936463885e+01
4.693715594332417851e+01 4.812379010633861753e+01
4.693715594332417851e+01 4.643790897344836566e+01
4.693715594332417851e+01 5.130140237413802851e+01
4.693715594332417851e+01 4.502776274129883660e+01
4.693715594332417851e+01 4.627824808189294714e+01
4.693715594332417851e+01 5.317580075839698850e+01
4.693715594332417851e+01 4.593918245042181070e+01
4.693715594332417851e+01 4.606385946964417144e+01
4.693715594332417851e+01 4.741768145001928048e+01
4.693715594332417851e+01 4.493473609079056530e+01
4.693715594332417851e+01 4.268091306348095770e+01
4.693715594332417851e+01 5.070359981535002447e+01
4.693715594332417851e+01 4.773484310388344909e+01
4.693715594332417851e+01 4.506767947412600250e+01
4.693715594332417851e+01 4.539007424388640288e+01
4.693715594332417851e+01 4.606809772321160068e+01
4.693715594332417851e+01 4.760435941586870712e+01
4.693715594332417851e+01 4.455490932907963497e+01
4.693715594332417851e+01 4.338880190308972118e+01
4.693715594332417851e+01 4.757832297348274153e+01
4.693715594332417851e+01 4.515295470235178499e+01
4.693715594332417851e+01 4.448523321687972043e+01
4.693715594332417851e+01 4.305106914474411894e+01
4.693715594332417851e+01 4.467263206177209156e+01
4.693715594332417851e+01 4.898029571961941286e+01
4.693715594332417851e+01 4.355849653482338368e+01
4.693715594332417851e+01 4.603653944622379868e+01
4.693715594332417851e+01 4.096739555895003093e+01
4.693715594332417851e+01 4.762359166274303846e+01
4.693715594332417851e+01 4.620059291503755361e+01
4.693715594332417851e+01 4.597977203620494180e+01
4.693715594332417851e+01 4.552910288152339291e+01
4.693715594332417851e+01 5.041577244354886034e+01
4.693715594332417851e+01 4.100134859779971919e+01
4.693715594332417851e+01 4.758556689030694997e+01
4.693715594332417851e+01 4.570891705898060309e+01
4.693715594332417851e+01 4.606083606492900628e+01
4.693715594332417851e+01 4.492106726306659681e+01
4.693715594332417851e+01 4.218296549266214157e+01
4.693715594332417851e+01 4.770382668153781225e+01
4.693715594332417851e+01 4.816730729023301905e+01
4.693715594332417851e+01 4.679864097480099616e+01
4.693715594332417851e+01 4.817035480266859082e+01
4.693715594332417851e+01 4.488378669174696256e+01
4.693715594332417851e+01 4.534034577237206065e+01
4.693715594332417851e+01 4.302590157584786823e+01
4.693715594332417851e+01 4.504133773909502736e+01
4.693715594332417851e+01 4.795860894333646485e+01
4.693715594332417851e+01 4.301906047790265575e+01
4.693715594332417851e+01 4.901078658727389126e+01
4.693715594332417851e+01 5.089558999431756092e+01
4.693715594332417851e+01 5.008660901499735729e+01
4.693715594332417851e+01 4.534989540213724268e+01
4.693715594332417851e+01 5.286022844560559975e+01
4.693715594332417851e+01 5.148442449381261810e+01
4.693715594332417851e+01 3.982285814746992259e+01
4.693715594332417851e+01 4.534845675345349747e+01
4.693715594332417851e+01 4.511240304026019032e+01
4.693715594332417851e+01 4.446247197145257246e+01
4.693715594332417851e+01 4.057154754569597799e+01
4.693715594332417851e+01 4.782016086923361797e+01
4.693715594332417851e+01 4.455451285193048960e+01
4.693715594332417851e+01 5.036159518969658677e+01
4.693715594332417851e+01 4.894785042559956878e+01
4.693715594332417851e+01 5.332177028156245768e+01
4.693715594332417851e+01 4.471833215904796077e+01
4.693715594332417851e+01 4.468985463142338688e+01
4.693715594332417851e+01 4.688904404244521373e+01
4.693715594332417851e+01 4.100229933928409309e+01
4.693715594332417851e+01 4.336975814090146031e+01
4.693715594332417851e+01 4.593047098911151949e+01
4.693715594332417851e+01 4.088088173697077821e+01
4.693715594332417851e+01 5.253013672708515003e+01
4.693715594332417851e+01 4.611570023483742631e+01
4.693715594332417851e+01 4.077318100476905016e+01
4.693715594332417851e+01 5.112726934446421723e+01
4.693715594332417851e+01 4.576568397345089068e+01
4.693715594332417851e+01 4.573516185433141601e+01
4.693715594332417851e+01 4.418775578725788478e+01
4.693715594332417851e+01 4.250530609855247377e+01
4.693715594332417851e+01 5.200235852107699941e+01
4.693715594332417851e+01 4.627958241558329888e+01
4.693715594332417851e+01 4.731675357423618777e+01
4.693715594332417851e+01 4.735135379801802458e+01
4.693715594332417851e+01 4.738703219938675204e+01
4.693715594332417851e+01 4.267811827424692694e+01
4.693715594332417851e+01 4.903983020944986748e+01
4.693715594332417851e+01 4.169897232564066769e+01
4.693715594332417851e+01 4.633999010650116190e+01
4.693715594332417851e+01 4.677189063146470716e+01
4.693715594332417851e+01 4.376055891524366359e+01
4.693715594332417851e+01 4.836309209811275878e+01
4.693715594332417851e+01 4.550258202252366146e+01
4.693715594332417851e+01 4.691886139721297155e+01
4.693715594332417851e+01 4.756479674619137654e+01
4.693715594332417851e+01 4.269092271297655117e+01
4.693715594332417851e+01 4.415820669244128283e+01
4.693715594332417851e+01 3.994125567303681379e+01
4.693715594332417851e+01 4.318340614687225809e+01
4.693715594332417851e+01 5.308961076558690451e+01
4.693715594332417851e+01 4.482573921091145053e+01
4.693715594332417851e+01 4.371411107734314072e+01
4.693715594332417851e+01 4.906858360149078635e+01
4.693715594332417851e+01 4.565384261047027081e+01
4.693715594332417851e+01 4.084432218511501134e+01
4.693715594332417851e+01 4.047891089673072429e+01
4.693715594332417851e+01 4.129525537977205119e+01
4.693715594332417851e+01 4.325795208603355491e+01
4.693715594332417851e+01 4.803985940019004630e+01
4.693715594332417851e+01 4.938152521977237797e+01
4.693715594332417851e+01 4.297097501874856817e+01
4.693715594332417851e+01 4.386124927902540804e+01
4.693715594332417851e+01 4.223611633928860698e+01
4.693715594332417851e+01 4.162548497740421993e+01
4.693715594332417851e+01 4.419566880998230118e+01
4.693715594332417851e+01 4.639312922579031806e+01
4.693715594332417851e+01 5.181179284529147822e+01
4.693715594332417851e+01 4.479047098259921711e+01
4.693715594332417851e+01 4.557117426934104287e+01
4.693715594332417851e+01 4.434595450520440352e+01
4.693715594332417851e+01 4.577081854756882251e+01
4.693715594332417851e+01 4.574652387042710444e+01
4.693715594332417851e+01 4.520216014665113846e+01
4.693715594332417851e+01 4.884729014813868275e+01
4.693715594332417851e+01 4.525060304671086442e+01
4.693715594332417851e+01 5.290831455150394902e+01
4.693715594332417851e+01 4.609278793514543082e+01
4.693715594332417851e+01 5.254981225374628906e+01
4.693715594332417851e+01 4.185379776560594678e+01
4.693715594332417851e+01 4.768135191606705803e+01
4.693715594332417851e+01 4.531868760005338004e+01
4.693715594332417851e+01 4.575452491303282443e+01
4.693715594332417851e+01 4.619314761183648699e+01
4.693715594332417851e+01 4.916927272631163959e+01
4.693715594332417851e+01 4.686437253506584000e+01
4.693715594332417851e+01 4.852262519560424892e+01
4.693715594332417851e+01 4.967480618475307352e+01
4.693715594332417851e+01 4.929790433637214875e+01
4.693715594332417851e+01 4.014377185569637874e+01
4.693715594332417851e+01 4.650043619281375129e+01
4.693715594332417851e+01 4.355025397210625471e+01
4.693715594332417851e+01 4.741216151834800030e+01
4.693715594332417851e+01 4.551510536086352232e+01
4.693715594332417851e+01 4.865058819317181360e+01
4.693715594332417851e+01 5.246543687628805941e+01
4.693715594332417851e+01 4.728276741482822842e+01
4.693715594332417851e+01 4.816589908953587695e+01
4.693715594332417851e+01 5.330199252263125231e+01
4.693715594332417851e+01 4.547741548871066186e+01
4.693715594332417851e+01 4.465738821089980348e+01
4.693715594332417851e+01 4.527325474758323764e+01
4.693715594332417851e+01 4.806978981752940427e+01
4.693715594332417851e+01 5.199128090956636328e+01
4.693715594332417851e+01 4.278969129663045123e+01
4.693715594332417851e+01 4.497348555911761281e+01
4.693715594332417851e+01 5.129880679119732179e+01
4.693715594332417851e+01 4.379797183979194131e+01
4.693715594332417851e+01 4.079526703611879412e+01
4.693715594332417851e+01 4.371276306122525313e+01
4.693715594332417851e+01 4.124809270585424059e+01
4.693715594332417851e+01 4.630686619162433004e+01
4.693715594332417851e+01 5.007636762500131766e+01
4.693715594332417851e+01 4.740728740491483961e+01
4.693715594332417851e+01 4.339981843170113507e+01
4.693715594332417851e+01 5.151271323473218189e+01
4.693715594332417851e+01 4.313662552484738910e+01
4.693715594332417851e+01 4.351785315669759768e+01
4.693715594332417851e+01 4.611445452494156427e+01
4.693715594332417851e+01 4.675763213784940575e+01
4.693715594332417851e+01 4.594934840698947198e+01
4.693715594332417851e+01 4.195814706716526388e+01
4.693715594332417851e+01 4.966381423037952914e+01
4.693715594332417851e+01 4.703708358702900227e+01
4.693715594332417851e+01 4.903883267709602478e+01
4.693715594332417851e+01 4.505021195294477820e+01
4.693715594332417851e+01 4.746570831822418768e+01
4.693715594332417851e+01 4.183578752477609441e+01
4.693715594332417851e+01 4.281219122097749619e+01
4.693715594332417851e+01 4.585038480568861985e+01
4.693715594332417851e+01 5.049728202684816836e+01
4.693715594332417851e+01 4.298611797019877656e+01
4.693715594332417851e+01 5.111881345143456912e+01
4.693715594332417851e+01 4.422474661478811697e+01
4.693715594332417851e+01 4.424838925277524737e+01
4.693715594332417851e+01 4.490012557872633892e+01
4.693715594332417851e+01 4.653594259401713629e+01
4.693715594332417851e+01 4.474982230386335402e+01
4.693715594332417851e+01 4.250177040790926242e+01
4.693715594332417851e+01 5.057103050892440166e+01
4.693715594332417851e+01 4.596120391648819492e+01
4.693715594332417851e+01 4.340740913317532090e+01
4.693715594332417851e+01 4.484575700604281678e+01
4.693715594332417851e+01 4.752616705769577266e+01
4.693715594332417851e+01 4.969824840487993356e+01
4.693715594332417851e+01 4.692230407288347749e+01
4.693715594332417851e+01 4.623754668010941060e+01
4.693715594332417851e+01 4.581562476573440534e+01
4.693715594332417851e+01 4.716005698817755132e+01
4.693715594332417851e+01 4.902040391215768977e+01
4.693715594332417851e+01 4.787796658202417888e+01
4.693715594332417851e+01 4.585247268682027766e+01
4.693715594332417851e+01 4.216543281892801076e+01
4.693715594332417851e+01 5.059481167050976325e+01
4.693715594332417851e+01 4.173155969420369615e+01
4.693715594332417851e+01 4.167001213463781539e+01
4.693715594332417851e+01 4.839437023436857288e+01
4.693715594332417851e+01 4.682653059559295627e+01
4.693715594332417851e+01 4.287351288102035340e+01
4.693715594332417851e+01 5.230078313347205921e+01
4.693715594332417851e+01 4.560689706146691691e+01
4.693715594332417851e+01 4.239420956204879332e+01
4.693715594332417851e+01 4.307353793040044820e+01
4.693715594332417851e+01 4.454357714377245969e+01
4.693715594332417851e+01 4.262772291612541409e+01
4.693715594332417851e+01 4.103068954108282895e+01
4.693715594332417851e+01 4.246742310943912457e+01
4.693715594332417851e+01 4.370348828935257757e+01
4.693715594332417851e+01 4.383674102209371171e+01
4.693715594332417851e+01 5.056461882258834351e+01
4.693715594332417851e+01 4.088270716483553713e+01
4.693715594332417851e+01 4.455752678638003061e+01
4.693715594332417851e+01 4.913179249647617297e+01
4.693715594332417851e+01 4.441262631569546926e+01
4.693715594332417851e+01 4.887914679947397900e+01
4.693715594332417851e+01 4.195343635321060560e+01
4.693715594332417851e+01 4.631915317436962454e+01
4.693715594332417851e+01 4.778541298145099603e+01
4.693715594332417851e+01 5.008658968082801977e+01
4.693715594332417851e+01 4.571112126241023077e+01
4.693715594332417851e+01 4.537866195770897093e+01
4.693715594332417851e+01 5.496055706591150170e+01
4.693715594332417851e+01 4.493150913673734692e+01
4.693715594332417851e+01 5.320014924520155830e+01
4.693715594332417851e+01 4.382485612990034696e+01
4.693715594332417851e+01 5.284349581644396210e+01
4.693715594332417851e+01 4.958860972400852063e+01
4.693715594332417851e+01 4.768099706139477689e+01
4.693715594332417851e+01 4.814249860669371373e+01
4.693715594332417851e+01 4.440787216476429222e+01
4.693715594332417851e+01 4.712112036835473106e+01
4.693715594332417851e+01 4.870565729992711113e+01
4.693715594332417851e+01 4.411490981400409339e+01
4.693715594332417851e+01 4.790421520121843457e+01
4.693715594332417851e+01 4.144692514394503036e+01
4.693715594332417851e+01 3.896622514430840312e+01
4.693715594332417851e+01 4.607000598523259782e+01
4.693715594332417851e+01 4.699663974366636410e+01
4.693715594332417851e+01 4.413579591707465255e+01
4.693715594332417851e+01 4.406198906470407906e+01
4.693715594332417851e+01 4.660934045689367622e+01
4.693715594332417851e+01 5.166536992784672577e+01
4.693715594332417851e+01 4.981898961252355917e+01
4.693715594332417851e+01 4.552692912572650386e+01
4.693715594332417851e+01 4.798128604381768270e+01
4.693715594332417851e+01 4.164873675197338088e+01
4.693715594332417851e+01 5.376264325641892583e+01
4.693715594332417851e+01 4.986292338239677946e+01
4.693715594332417851e+01 4.383920373927647063e+01
4.693715594332417851e+01 5.048119221065440598e+01
4.693715594332417851e+01 4.354755598636262448e+01
4.693715594332417851e+01 4.997869208532340224e+01
4.693715594332417851e+01 4.999458659844160735e+01
4.693715594332417851e+01 4.638795790326821589e+01
4.693715594332417851e+01 4.674836437563379832e+01
4.693715594332417851e+01 4.818956364169206097e+01
4.693715594332417851e+01 4.239197429544526585e+01
4.693715594332417851e+01 4.128520763847108555e+01
4.693715594332417851e+01 4.400044379571787800e+01
4.693715594332417851e+01 5.024868808030239364e+01
4.693715594332417851e+01 4.752288772695265351e+01
4.693715594332417851e+01 4.503248054041562654e+01
4.693715594332417851e+01 4.508269176108723286e+01
4.693715594332417851e+01 4.405000233756824457e+01
4.693715594332417851e+01 4.338390150016591207e+01
4.693715594332417851e+01 4.641353078258692477e+01
4.693715594332417851e+01 4.557298284712662451e+01
4.693715594332417851e+01 4.922229229631650327e+01
4.693715594332417851e+01 4.693486511882184686e+01
4.693715594332417851e+01 4.885580736637605526e+01
4.693715594332417851e+01 4.419360891029140248e+01
4.693715594332417851e+01 4.399999285585428055e+01
4.693715594332417851e+01 4.580146058721471292e+01
4.693715594332417851e+01 4.415456175693791607e+01
4.693715594332417851e+01 4.515215123116215779e+01
4.693715594332417851e+01 5.064925398477823393e+01
4.693715594332417851e+01 4.753372524726615467e+01
4.693715594332417851e+01 4.772322780040076395e+01
4.693715594332417851e+01 4.946828749521374391e+01
4.693715594332417851e+01 4.541152547138875661e+01
4.693715594332417851e+01 4.514579839949220741e+01
4.693715594332417851e+01 4.482342491992053368e+01
4.693715594332417851e+01 4.950240888709064535e+01
4.693715594332417851e+01 4.765949267323907179e+01
4.693715594332417851e+01 5.103780226267605258e+01
4.693715594332417851e+01 4.009239158898720490e+01
4.693715594332417851e+01 4.981687198221537471e+01
4.693715594332417851e+01 4.320984353671591549e+01
4.693715594332417851e+01 4.535978985846702471e+01
4.693715594332417851e+01 4.897137871510892637e+01
4.693715594332417851e+01 4.330327843083200179e+01
4.693715594332417851e+01 4.030890243242780713e+01
4.693715594332417851e+01 4.877354966339105147e+01
4.693715594332417851e+01 4.663824869623012148e+01
4.693715594332417851e+01 4.500163605201649375e+01
4.693715594332417851e+01 4.370662571876107449e+01
4.693715594332417851e+01 5.391844200063879100e+01
4.693715594332417851e+01 4.325750776228669281e+01
4.693715594332417851e+01 4.614346103360884399e+01
4.693715594332417851e+01 4.724538607361504461e+01
4.693715594332417851e+01 4.284373174669318729e+01
4.693715594332417851e+01 4.592266647882190256e+01
4.693715594332417851e+01 4.827278656700959658e+01
4.693715594332417851e+01 5.091697291102003220e+01
4.693715594332417851e+01 4.517733270849365113e+01
4.693715594332417851e+01 4.930253606263370614e+01
4.693715594332417851e+01 4.735766268218903718e+01
4.693715594332417851e+01 5.127662537148675881e+01
4.693715594332417851e+01 5.347873993262947323e+01
4.693715594332417851e+01 4.421118595408901797e+01
4.693715594332417851e+01 4.498015861921534508e+01
4.693715594332417851e+01 4.547929924928704537e+01
4.693715594332417851e+01 4.518588622254719667e+01
4.693715594332417851e+01 4.693733407172153704e+01
4.693715594332417851e+01 4.695880851589884486e+01
4.693715594332417851e+01 4.734997557748203434e+01
4.693715594332417851e+01 4.125113425497693243e+01
4.693715594332417851e+01 4.878207694210036749e+01
4.693715594332417851e+01 4.787297759921942486e+01
4.693715594332417851e+01 4.659621840563833217e+01
4.693715594332417851e+01 4.863227884500211218e+01
4.693715594332417851e+01 4.653336133064929925e+01
4.693715594332417851e+01 4.727750816164656555e+01
4.693715594332417851e+01 4.702836606623512239e+01
4.693715594332417851e+01 5.124695795003269438e+01
4.693715594332417851e+01 5.383217942819042889e+01
4.693715594332417851e+01 5.086017851919088173e+01
4.693715594332417851e+01 4.781682997637902588e+01
4.693715594332417851e+01 4.835175354328432462e+01
4.693715594332417851e+01 4.389463594657667045e+01
4.693715594332417851e+01 4.849296719231852393e+01
4.693715594332417851e+01 4.413843848026416339e+01
4.693715594332417851e+01 4.184174001329571269e+01
4.693715594332417851e+01 4.111956232200844852e+01
4.693715594332417851e+01 4.434730108418506944e+01
4.693715594332417851e+01 4.458425679585432988e+01
4.693715594332417851e+01 4.631858050821090700e+01
4.693715594332417851e+01 4.174925719033265636e+01
4.693715594332417851e+01 4.844044239120029260e+01
4.693715594332417851e+01 5.153388497268451829e+01
4.693715594332417851e+01 5.078568143693993875e+01
4.693715594332417851e+01 4.176862611335958064e+01
4.693715594332417851e+01 4.205521310659233336e+01
4.693715594332417851e+01 4.709128553381607674e+01
4.693715594332417851e+01 4.656132606840045440e+01
4.693715594332417851e+01 4.482911429117886826e+01
4.693715594332417851e+01 4.609098560538303957e+01
4.693715594332417851e+01 4.868362715883228731e+01
4.693715594332417851e+01 4.569875443109517477e+01
4.693715594332417851e+01 4.021655025743675793e+01
4.693715594332417851e+01 4.391173595343927616e+01
4.693715594332417851e+01 5.186078936809000339e+01
4.693715594332417851e+01 4.343006350358898970e+01
4.693715594332417851e+01 4.476312436596852962e+01
4.693715594332417851e+01 4.527504392172256331e+01
4.693715594332417851e+01 4.667870747523023311e+01
4.693715594332417851e+01 4.720507548307821821e+01
4.693715594332417851e+01 4.745706811245877788e+01
4.693715594332417851e+01 4.770684530005623714e+01
4.693715594332417851e+01 3.967147809152459814e+01
4.693715594332417851e+01 4.705255871851364446e+01
4.693715594332417851e+01 4.344663393933020501e+01
4.693715594332417851e+01 5.183451899279105390e+01
4.693715594332417851e+01 4.417556133021468412e+01
4.693715594332417851e+01 4.339376348108833525e+01
4.693715594332417851e+01 4.355890499417625250e+01
4.693715594332417851e+01 4.416423242458051135e+01
4.693715594332417851e+01 4.640343324827071569e+01
4.693715594332417851e+01 5.081355398907106036e+01
4.693715594332417851e+01 4.444158691240915715e+01
4.693715594332417851e+01 4.580988700391516488e+01
4.693715594332417851e+01 4.574422271826440323e+01
4.693715594332417851e+01 4.381723056903012292e+01
4.693715594332417851e+01 4.717162681092708709e+01
4.693715594332417851e+01 4.164393016717978924e+01
4.693715594332417851e+01 4.917134359522636089e+01
4.693715594332417851e+01 4.422768294457890192e+01
4.693715594332417851e+01 4.541268066798431136e+01
4.693715594332417851e+01 5.049381113712884428e+01
4.693715594332417851e+01 4.342627648287803055e+01
4.693715594332417851e+01 4.715828614802592256e+01
4.693715594332417851e+01 5.112394019347851071e+01
4.693715594332417851e+01 4.413307351019831515e+01
4.693715594332417851e+01 5.112602783096684078e+01
4.693715594332417851e+01 4.513056690676204141e+01
4.693715594332417851e+01 4.435233736587006348e+01
4.693715594332417851e+01 5.188347869358582898e+01
4.693715594332417851e+01 4.520387250955135272e+01
4.693715594332417851e+01 4.980644302994479489e+01
4.693715594332417851e+01 4.943578749502939473e+01
4.693715594332417851e+01 4.628355766341696409e+01
4.693715594332417851e+01 4.098920953246701515e+01
4.693715594332417851e+01 4.564492920167973722e+01
4.693715594332417851e+01 4.956755779684685592e+01
4.693715594332417851e+01 4.311444757105093828e+01
4.693715594332417851e+01 4.404197668840227209e+01
4.693715594332417851e+01 4.774041565109784102e+01
4.693715594332417851e+01 4.429579572956112088e+01
4.693715594332417851e+01 4.341441298966907425e+01
4.693715594332417851e+01 4.615192443645612741e+01
4.693715594332417851e+01 4.406581353238863130e+01
4.693715594332417851e+01 4.390215456036759178e+01
4.693715594332417851e+01 4.307741639103967657e+01
4.693715594332417851e+01 4.334603384068502407e+01
4.693715594332417851e+01 4.971070589615784030e+01
4.693715594332417851e+01 4.227054514289091003e+01
4.693715594332417851e+01 4.558516654744128971e+01
4.693715594332417851e+01 4.994876886689882411e+01
4.693715594332417851e+01 4.649902774225498092e+01
4.693715594332417851e+01 4.866095452879851280e+01
4.693715594332417851e+01 4.604228990157704260e+01
4.693715594332417851e+01 4.318472131617166099e+01
4.693715594332417851e+01 4.768544199752997770e+01
4.693715594332417851e+01 4.217885714175280754e+01
4.693715594332417851e+01 4.075247737733209874e+01
4.693715594332417851e+01 4.683130766246760146e+01
4.693715594332417851e+01 4.489305890448635949e+01
4.693715594332417851e+01 4.463396905554090210e+01
4.693715594332417851e+01 4.787373755996637215e+01
4.693715594332417851e+01 4.502730597526034728e+01
4.693715594332417851e+01 4.866182576390475134e+01
4.693715594332417851e+01 4.996120284961015301e+01
4.693715594332417851e+01 4.749505360120839015e+01
4.693715594332417851e+01 4.427054099561566147e+01
4.693715594332417851e+01 5.063098647504005356e+01
4.693715594332417851e+01 4.567132792105034866e+01
4.693715594332417851e+01 4.089852594004420894e+01
4.693715594332417851e+01 4.086199878774931449e+01
4.693715594332417851e+01 4.053996797151896203e+01
4.693715594332417851e+01 4.447665030940609654e+01
4.693715594332417851e+01 4.600352706750121001e+01
4.693715594332417851e+01 4.772350567162190060e+01
4.693715594332417851e+01 4.972937792404300694e+01
4.693715594332417851e+01 4.230515808702813985e+01
4.693715594332417851e+01 4.783161661684858501e+01
4.693715594332417851e+01 4.899992183544437552e+01
4.693715594332417851e+01 5.112632103263896255e+01
4.693715594332417851e+01 4.559235330898424365e+01
4.693715594332417851e+01 4.548179161316326002e+01
4.693715594332417851e+01 4.483770466740514848e+01
4.693715594332417851e+01 4.869855204983914376e+01
4.693715594332417851e+01 5.634539704631650636e+01
4.693715594332417851e+01 4.601501064260134655e+01
4.693715594332417851e+01 5.583439929019883152e+01
4.693715594332417851e+01 4.716259426912052533e+01
4.693715594332417851e+01 4.423618253109216170e+01
4.693715594332417851e+01 4.414802475823541528e+01
4.693715594332417851e+01 4.779665313258448123e+01
4.693715594332417851e+01 4.344283765025216582e+01
4.693715594332417851e+01 4.524724138702106302e+01
4.693715594332417851e+01 5.274554506614704508e+01
4.693715594332417851e+01 4.472133172587919603e+01
4.693715594332417851e+01 4.598501939566754970e+01
4.693715594332417851e+01 4.395356981816161124e+01
4.693715594332417851e+01 4.141303220407095154e+01
4.693715594332417851e+01 4.916920987315505442e+01
4.693715594332417851e+01 4.506074751349673591e+01
4.693715594332417851e+01 4.957728222744655255e+01
4.693715594332417851e+01 5.099034952236159768e+01
4.693715594332417851e+01 5.006920136116674769e+01
4.693715594332417851e+01 4.164280866280347482e+01
4.693715594332417851e+01 3.911478134771203941e+01
4.693715594332417851e+01 4.494814700576292665e+01
4.693715594332417851e+01 4.772892101480804428e+01
4.693715594332417851e+01 4.791537862152399185e+01
4.693715594332417851e+01 4.553702387351418679e+01
4.693715594332417851e+01 4.730545951459293263e+01
4.693715594332417851e+01 4.715908713790430795e+01
4.693715594332417851e+01 4.845537593027557222e+01
4.693715594332417851e+01 4.552673788042717717e+01
4.693715594332417851e+01 4.143660720730880342e+01
4.693715594332417851e+01 5.597365797829653644e+01
4.693715594332417851e+01 4.565228435033019849e+01
4.693715594332417851e+01 5.034414423459561760e+01
4.693715594332417851e+01 4.255025043152900110e+01
4.693715594332417851e+01 5.268642372478890223e+01
4.693715594332417851e+01 5.171007134959462093e+01
4.693715594332417851e+01 5.006114600489094357e+01
4.693715594332417851e+01 5.329707086608107858e+01
4.693715594332417851e+01 4.890738028372707191e+01
4.693715594332417851e+01 4.576404499529390080e+01
4.693715594332417851e+01 4.701986720764876537e+01
4.693715594332417851e+01 4.301539404988810844e+01
4.693715594332417851e+01 5.037349396325968343e+01
4.693715594332417851e+01 4.667108194845080504e+01
4.693715594332417851e+01 4.781016254196995874e+01
4.693715594332417851e+01 4.849781978412861605e+01
4.693715594332417851e+01 5.033502928911268270e+01
4.693715594332417851e+01 4.819061336153684749e+01
4.693715594332417851e+01 4.563266021267669004e+01
4.693715594332417851e+01 4.877509331504688106e+01
4.693715594332417851e+01 4.638695303102527845e+01
4.693715594332417851e+01 4.488882581756064383e+01
4.693715594332417851e+01 4.601858568501292979e+01
4.693715594332417851e+01 4.642562337288151753e+01
4.693715594332417851e+01 4.623033746042877823e+01
4.693715594332417851e+01 5.289043250019642528e+01
4.693715594332417851e+01 4.267762012092817514e+01
4.693715594332417851e+01 4.487205253035433117e+01
4.693715594332417851e+01 4.687288856480594745e+01
4.693715594332417851e+01 4.149782029646104320e+01
4.693715594332417851e+01 4.614381708065923959e+01
4.693715594332417851e+01 4.734394634979577177e+01
4.693715594332417851e+01 4.164236313897934849e+01
4.693715594332417851e+01 4.758786651616600949e+01
4.693715594332417851e+01 5.128469574301595202e+01
4.693715594332417851e+01 4.046125741123829300e+01
4.693715594332417851e+01 4.813523365693679779e+01
4.693715594332417851e+01 5.362889387612688097e+01
4.693715594332417851e+01 4.737293918795554504e+01
4.693715594332417851e+01 4.151352209442436703e+01
4.693715594332417851e+01 4.672888660871753785e+01
4.693715594332417851e+01 4.843753172685988773e+01
4.693715594332417851e+01 4.449957260533435033e+01
4.693715594332417851e+01 3.566016482603327376e+01
4.693715594332417851e+01 4.409701974091821342e+01
4.693715594332417851e+01 4.584150731247123645e+01
4.693715594332417851e+01 4.470883902992606806e+01
4.693715594332417851e+01 4.604449971230427963e+01
4.693715594332417851e+01 4.263275235655763140e+01
4.693715594332417851e+01 4.445285934690321028e+01
4.693715594332417851e+01 4.701177070140880687e+01
4.693715594332417851e+01 4.593809816882668429e+01
4.693715594332417851e+01 4.606725723569297060e+01
4.693715594332417851e+01 4.098040592971806717e+01
4.693715594332417851e+01 4.540935275523590775e+01
4.693715594332417851e+01 4.194885819281890349e+01
4.693715594332417851e+01 4.312650470315089990e+01
4.693715594332417851e+01 4.585393856134125201e+01
4.693715594332417851e+01 4.665400293845085145e+01
4.693715594332417851e+01 5.064889575869920435e+01
4.693715594332417851e+01 4.094703718155952998e+01
4.693715594332417851e+01 4.393643939245143315e+01
4.693715594332417851e+01 4.244545137646827015e+01
4.693715594332417851e+01 4.983777954100146701e+01
4.693715594332417851e+01 4.776936471056899336e+01
4.693715594332417851e+01 5.532962695780825157e+01
4.693715594332417851e+01 4.786123612115275705e+01
4.693715594332417851e+01 4.795519733533855344e+01
4.693715594332417851e+01 4.909075572355177997e+01
4.693715594332417851e+01 5.890241062437625175e+01
4.693715594332417851e+01 4.600367029036045352e+01
4.693715594332417851e+01 4.369110621472148637e+01
4.693715594332417851e+01 4.536294651003372280e+01
4.693715594332417851e+01 4.721842999394205975e+01
4.693715594332417851e+01 4.617898343129370886e+01
4.693715594332417851e+01 4.220215450699100046e+01
4.693715594332417851e+01 4.952943275752425478e+01
4.693715594332417851e+01 4.565071163592364201e+01
4.693715594332417851e+01 4.315429209162777369e+01
4.693715594332417851e+01 4.731741259810011258e+01
4.693715594332417851e+01 4.020300873559108368e+01
4.693715594332417851e+01 4.244435517499231736e+01
4.693715594332417851e+01 4.641755409006984223e+01
4.693715594332417851e+01 4.726306317519946276e+01
4.693715594332417851e+01 4.616362478665897839e+01
4.693715594332417851e+01 4.524649710972645522e+01
4.693715594332417851e+01 4.621393486886187674e+01
4.693715594332417851e+01 4.842425147694194010e+01
4.693715594332417851e+01 4.364495542566395159e+01
4.693715594332417851e+01 4.429987654650101803e+01
4.693715594332417851e+01 4.350074172268046624e+01
4.693715594332417851e+01 4.910835843302686499e+01
4.693715594332417851e+01 4.300758401046990542e+01
4.693715594332417851e+01 4.734877101023974433e+01
4.693715594332417851e+01 4.338206728424560055e+01
4.693715594332417851e+01 4.602609545013498149e+01
4.693715594332417851e+01 4.078496649218786274e+01
4.693715594332417851e+01 4.690083185706586022e+01
4.693715594332417851e+01 4.934405816204740347e+01
4.693715594332417851e+01 4.452613954405079255e+01
4.693715594332417851e+01 4.868391570909165722e+01
4.693715594332417851e+01 5.227039856440027421e+01
4.693715594332417851e+01 4.583305472208812148e+01
4.693715594332417851e+01 5.213402143726141702e+01
4.693715594332417851e+01 4.791162968747356388e+01
4.693715594332417851e+01 4.515480089768591654e+01
4.693715594332417851e+01 4.502077936163146887e+01
4.693715594332417851e+01 4.503457422858878090e+01
4.693715594332417851e+01 4.377947344087641568e+01
4.693715594332417851e+01 3.894109064370298512e+01
4.693715594332417851e+01 4.341516864796732733e+01
