4.693715594332417851e+01 4.730442300923964893e+01
4.693715594332417851e+01 4.716785030154065339e+01
4.693715594332417851e+01 4.442924102708613532e+01
4.693715594332417851e+01 5.232077115225761332e+01
4.693715594332417851e+01 4.578273205824876868e+01
4.693715594332417851e+01 4.633894260164332479e+01
4.693715594332417851e+01 4.357230939267967074e+01
4.693715594332417851e+01 4.018297288253180000e+01
4.693715594332417851e+01 3.980407640049326545e+01
4.693715594332417851e+01 4.783367487824875752e+01
4.693715594332417851e+01 4.649167517132559624e+01
4.693715594332417851e+01 4.621952909548365085e+01
4.693715594332417851e+01 4.466440246706786610e+01
4.693715594332417851e+01 4.459916945531161048e+01
4.693715594332417851e+01 4.719561511450736191e+01
4.693715594332417851e+01 4.548284676026437268e+01
4.693715594332417851e+01 4.087974316130822672e+01
4.693715594332417851e+01 4.657352888363413967e+01
4.693715594332417851e+01 4.803646239419335018e+01
4.693715594332417851e+01 4.472357504791327187e+01
4.693715594332417851e+01 4.151743949433152636e+01
4.693715594332417851e+01 4.687959967981093712e+01
4.693715594332417851e+01 5.341775665779007198e+01
4.693715594332417851e+01 4.605695051997872724e+01
4.693715594332417851e+01 4.731221597278966584e+01
4.693715594332417851e+01 4.339779068059125677e+01
4.693715594332417851e+01 4.287167938388501653e+01
4.693715594332417851e+01 4.894716384095408301e+01
4.693715594332417851e+01 4.580150181750707361e+01
4.693715594332417851e+01 4.435012884459846561e+01
4.693715594332417851e+01 4.612612349438684589e+01
4.693715594332417851e+01 4.713175701248354699e+01
4.693715594332417851e+01 4.199728246403861931e+01
4.693715594332417851e+01 4.854918608299993821e+01
4.693715594332417851e+01 4.514565379013200896e+01
4.693715594332417851e+01 4.990874616611772296e+01
4.693715594332417851e+01 4.688022333029758215e+01
4.693715594332417851e+01 5.016003854654309890e+01
4.693715594332417851e+01 4.509299203175108772e+01
4.693715594332417851e+01 4.578240267876667247e+01
4.693715594332417851e+01 4.710015930173206300e+01
4.693715594332417851e+01 4.378532575080881628e+01
4.693715594332417851e+01 4.291662253165642937e+01
4.693715594332417851e+01 4.846738842072041820e+01
4.693715594332417851e+01 4.885125867411763778e+01
4.693715594332417851e+01 4.768214327132886154e+01
4.693715594332417851e+01 4.048431734105014357e+01
4.693715594332417851e+01 4.610334520615070630e+01
4.693715594332417851e+01 4.765705646094122727e+01
4.693715594332417851e+01 4.455639060892526260e+01
4.693715594332417851e+01 4.665949747818246607e+01
4.693715594332417851e+01 4.784806058383328065e+01
4.693715594332417851e+01 4.004187393971999853e+01
4.693715594332417851e+01 5.166127941340013763e+01
4.693715594332417851e+01 4.125138274504045199e+01
4.693715594332417851e+01 4.140823247100323812e+01
4.693715594332417851e+01 4.852499546424937193e+01
4.693715594332417851e+01 4.767464535987193130e+01
4.693715594332417851e+01 5.365726810529402258e+01
4.693715594332417851e+01 4.396622937132567444e+01
4.693715594332417851e+01 4.200415967779574089e+01
4.693715594332417851e+01 5.227085675670915066e+01
4.693715594332417851e+01 4.696034856807767000e+01
4.693715594332417851e+01 4.304843597093776708e+01
4.693715594332417851e+01 4.265976437067567417e+01
4.693715594332417851e+01 4.779191027985326201e+01
4.693715594332417851e+01 4.405498701479717738e+01
4.693715594332417851e+01 4.962084378462489553e+01
4.693715594332417851e+01 4.386944918292243045e+01
4.693715594332417851e+01 4.252381024098903595e+01
4.693715594332417851e+01 4.277797107513846697e+01
4.693715594332417851e+01 4.279891661672328240e+01
4.693715594332417851e+01 4.334555556538143861e+01
4.693715594332417851e+01 4.580516509756284904e+01
4.693715594332417851e+01 4.395662410570253797e+01
4.693715594332417851e+01 4.396985401208115007e+01
4.693715594332417851e+01 3.977574259868019624e+01
4.693715594332417851e+01 4.795395097734981960e+01
4.693715594332417851e+01 4.410789782896409861e+01
4.693715594332417851e+01 4.456603089651766680e+01
4.693715594332417851e+01 4.889293895219360309e+01
4.693715594332417851e+01 4.568824476445491456e+01
4.693715594332417851e+01 4.813933893101373940e+01
4.693715594332417851e+01 4.358289557353248966e+01
4.693715594332417851e+01 4.460374688760759199e+01
4.693715594332417851e+01 4.268367057883028792e+01
4.693715594332417851e+01 4.076027214044125913e+01
4.693715594332417851e+01 4.425297890310714166e+01
4.693715594332417851e+01 4.485520063929481438e+01
4.693715594332417851e+01 4.426021991010062351e+01
4.693715594332417851e+01 4.144182431756296836e+01
4.693715594332417851e+01 4.741646365188958612e+01
4.693715594332417851e+01 4.720589780637889277e+01
4.693715594332417851e+01 4.913690536098351203e+01
4.693715594332417851e+01 4.773727716818319067e+01
4.693715594332417851e+01 4.734692152285859379e+01
4.693715594332417851e+01 5.055306889441271068e+01
4.693715594332417851e+01 5.073283189837836460e+01
4.693715594332417851e+01 5.006409191405925441e+01
4.693715594332417851e+01 4.817121342353233615e+01
4.693715594332417851e+01 4.362848021770226836e+01
4.693715594332417851e+01 4.896071876732185757e+01
4.693715594332417851e+01 4.065022095877819197e+01
4.693715594332417851e+01 4.252295295925153340e+01
4.693715594332417851e+01 4.609993685899205218e+01
4.693715594332417851e+01 4.505693786624543407e+01
4.693715594332417851e+01 4.042591103085452175e+01
4.693715594332417851e+01 4.231527575199510238e+01
4.693715594332417851e+01 4.328703780008309820e+01
4.693715594332417851e+01 4.684940175530439888e+01
4.693715594332417851e+01 4.773234925045898080e+01
4.693715594332417851e+01 4.985882042194878494e+01
4.693715594332417851e+01 4.324228415806683756e+01
4.693715594332417851e+01 4.928596141694919908e+01
4.693715594332417851e+01 4.121392820333522877e+01
4.693715594332417851e+01 4.511181284773111599e+01
4.693715594332417851e+01 5.617163571860542959e+01
4.693715594332417851e+01 4.445867416185230070e+01
4.693715594332417851e+01 4.241086121208805793e+01
4.693715594332417851e+01 4.320864946585650301e+01
4.693715594332417851e+01 4.249554162772138710e+01
4.693715594332417851e+01 4.815482490774453339e+01
4.693715594332417851e+01 4.293147410200150205e+01
4.693715594332417851e+01 4.251773228593397391e+01
4.693715594332417851e+01 4.618294491593398021e+01
4.693715594332417851e+01 4.995957117789962609e+01
4.693715594332417851e+01 4.376936725866644196e+01
4.693715594332417851e+01 4.469976005118209628e+01
4.693715594332417851e+01 4.748830789823755083e+01
4.693715594332417851e+01 4.629116254846335465e+01
4.693715594332417851e+01 4.924137999157436951e+01
4.693715594332417851e+01 4.547371493738232573e+01
4.693715594332417851e+01 5.285108693990989792e+01
4.693715594332417851e+01 5.033135623139069281e+01
4.693715594332417851e+01 4.581683405834381517e+01
4.693715594332417851e+01 4.393530383987393151e+01
4.693715594332417851e+01 4.877255633597905415e+01
4.693715594332417851e+01 4.929837370524552398e+01
4.693715594332417851e+01 4.398005163689820307e+01
4.693715594332417851e+01 4.483129671238810943e+01
4.693715594332417851e+01 4.802525205806632869e+01
4.693715594332417851e+01 4.649231417055204219e+01
4.693715594332417851e+01 4.997158640912192595e+01
4.693715594332417851e+01 4.313669865930673808e+01
4.693715594332417851e+01 5.027771629508024631e+01
4.693715594332417851e+01 5.050144001833790952e+01
4.693715594332417851e+01 4.022966402776860662e+01
4.693715594332417851e+01 4.349194904428487263e+01
4.693715594332417851e+01 4.113507622784532458e+01
4.693715594332417851e+01 4.885039300040360644e+01
4.693715594332417851e+01 4.846645300836928527e+01
4.693715594332417851e+01 4.494028050612916303e+01
4.693715594332417851e+01 4.240018456565521632e+01
4.693715594332417851e+01 4.795550592076300944e+01
4.693715594332417851e+01 4.481513286660253925e+01
4.693715594332417851e+01 4.967961744802746438e+01
4.693715594332417851e+01 4.064103517734032067e+01
4.693715594332417851e+01 4.433404474894634006e+01
4.693715594332417851e+01 4.971626211834036724e+01
4.693715594332417851e+01 4.450979509541608081e+01
4.693715594332417851e+01 4.867567922161865113e+01
4.693715594332417851e+01 4.207991568504377256e+01
4.693715594332417851e+01 4.261273791581277948e+01
4.693715594332417851e+01 4.040907602424713474e+01
4.693715594332417851e+01 4.676999609472840547e+01
4.693715594332417851e+01 4.519621815329043102e+01
4.693715594332417851e+01 4.123923930838330421e+01
4.693715594332417851e+01 4.415787388778533540e+01
4.693715594332417851e+01 4.625596186395124221e+01
4.693715594332417851e+01 4.147623830822703894e+01
4.693715594332417851e+01 4.616717117513264412e+01
4.693715594332417851e+01 4.800639506924329680e+01
4.693715594332417851e+01 4.570711494920144702e+01
4.693715594332417851e+01 4.273351824594205794e+01
4.693715594332417851e+01 4.371417408117252990e+01
4.693715594332417851e+01 4.740911616733569645e+01
4.693715594332417851e+01 5.121067752382984395e+01
4.693715594332417851e+01 4.893096244337530010e+01
4.693715594332417851e+01 4.779143886895875681e+01
4.693715594332417851e+01 4.549566812852015119e+01
4.693715594332417851e+01 4.583882835122285826e+01
4.693715594332417851e+01 4.652810616127169396e+01
4.693715594332417851e+01 4.865565117867793532e+01
4.693715594332417851e+01 4.599438063812674216e+01
4.693715594332417851e+01 4.771783690679227874e+01
4.693715594332417851e+01 4.845030619802641780e+01
4.693715594332417851e+01 4.671845473371484303e+01
4.693715594332417851e+01 4.334675850401194452e+01
4.693715594332417851e+01 4.589694289981294872e+01
4.693715594332417851e+01 4.699450074489980267e+01
4.693715594332417851e+01 4.527681036044816665e+01
4.693715594332417851e+01 4.652393933893358735e+01
4.693715594332417851e+01 4.859401618334773332e+01
4.693715594332417851e+01 4.771300370991473017e+01
4.693715594332417851e+01 4.359340422985032149e+01
4.693715594332417851e+01 4.545402024477359504e+01
4.693715594332417851e+01 4.458229547766298850e+01
4.693715594332417851e+01 4.539556632042808104e+01
4.693715594332417851e+01 5.147038226188426080e+01
4.693715594332417851e+01 4.669226072733415833e+01
4.693715594332417851e+01 5.214031946969337383e+01
4.693715594332417851e+01 4.430407889223462092e+01
4.693715594332417851e+01 4.700975982410306386e+01
4.693715594332417851e+01 4.480534769660068406e+01
4.693715594332417851e+01 4.850669731816851282e+01
4.693715594332417851e+01 4.390502111157849185e+01
4.693715594332417851e+01 4.576325477235924666e+01
4.693715594332417851e+01 4.526544312748314525e+01
4.693715594332417851e+01 4.679888278480226660e+01
4.693715594332417851e+01 4.498021171492055714e+01
4.693715594332417851e+01 4.525315757435632946e+01
4.693715594332417851e+01 4.677644173760207025e+01
4.693715594332417851e+01 5.154827734397139949e+01
4.693715594332417851e+01 4.603612650063730882e+01
4.693715594332417851e+01 4.381065489403773228e+01
4.693715594332417851e+01 4.534981933725495651e+01
4.693715594332417851e+01 4.672654480587536341e+01
4.693715594332417851e+01 5.004387051179490697e+01
4.693715594332417851e+01 4.523297907263060580e+01
4.693715594332417851e+01 4.302454628710152917e+01
4.693715594332417851e+01 4.820370023591915043e+01
4.693715594332417851e+01 5.047615227580463682e+01
4.693715594332417851e+01 4.565083092000718779e+01
4.693715594332417851e+01 4.373204877600091578e+01
4.693715594332417851e+01 4.589037276306454771e+01
4.693715594332417851e+01 4.631476321004837615e+01
4.693715594332417851e+01 4.531270912046021238e+01
4.693715594332417851e+01 4.823585154237949979e+01
4.693715594332417851e+01 4.301492836440272782e+01
4.693715594332417851e+01 4.575122941339608929e+01
4.693715594332417851e+01 4.914554953860341158e+01
4.693715594332417851e+01 4.879669777201081615e+01
4.693715594332417851e+01 5.106401973148718554e+01
4.693715594332417851e+01 4.472711304965449841e+01
4.693715594332417851e+01 4.875712059946938837e+01
4.693715594332417851e+01 4.667386798704372097e+01
4.693715594332417851e+01 4.664333949205453678e+01
4.693715594332417851e+01 4.321628176081755868e+01
4.693715594332417851e+01 5.284368173527990109e+01
4.693715594332417851e+01 4.192436965949773509e+01
4.693715594332417851e+01 4.640078726925931818e+01
4.693715594332417851e+01 3.770330316192378461e+01
4.693715594332417851e+01 4.665391732464715346e+01
4.693715594332417851e+01 4.875306546230872584e+01
4.693715594332417851e+01 4.432043339644710755e+01
4.693715594332417851e+01 4.699342110965831409e+01
4.693715594332417851e+01 5.254414399501950328e+01
4.693715594332417851e+01 4.429257308164321216e+01
4.693715594332417851e+01 5.087547721073455165e+01
4.693715594332417851e+01 4.655641212061722456e+01
4.693715594332417851e+01 4.789399367675662234e+01
4.693715594332417851e+01 4.452783041033711697e+01
4.693715594332417851e+01 4.791433460081108819e+01
4.693715594332417851e+01 4.753941312494606564e+01
4.693715594332417851e+01 4.499236336712148443e+01
4.693715594332417851e+01 4.677736529169293078e+01
4.693715594332417851e+01 4.587045768638260768e+01
4.693715594332417851e+01 4.346517549967135352e+01
4.693715594332417851e+01 4.179384845030224227e+01
4.693715594332417851e+01 4.660303755138206583e+01
4.693715594332417851e+01 4.220589106583080508e+01
4.693715594332417851e+01 4.617541232394745521e+01
4.693715594332417851e+01 4.207343593489195399e+01
4.693715594332417851e+01 4.693471742136142666e+01
4.693715594332417851e+01 4.730174033030351666e+01
4.693715594332417851e+01 4.908620440595878875e+01
4.693715594332417851e+01 4.448952867053466065e+01
4.693715594332417851e+01 4.804436085779662591e+01
4.693715594332417851e+01 4.161710368995376541e+01
4.693715594332417851e+01 4.330153452042368656e+01
4.693715594332417851e+01 5.510672771835878336e+01
4.693715594332417851e+01 4.745008286286966381e+01
4.693715594332417851e+01 5.435334237553465897e+01
4.693715594332417851e+01 4.792135169630198988e+01
4.693715594332417851e+01 5.166610786542841538e+01
4.693715594332417851e+01 5.252643243868795508e+01
4.693715594332417851e+01 4.460980834183641264e+01
4.693715594332417851e+01 4.628049745358184452e+01
4.693715594332417851e+01 4.492415207519233178e+01
4.693715594332417851e+01 4.825308915996344439e+01
4.693715594332417851e+01 4.850832812869820287e+01
4.693715594332417851e+01 4.266805504316275233e+01
4.693715594332417851e+01 4.472732400836121514e+01
4.693715594332417851e+01 4.183473057501871040e+01
4.693715594332417851e+01 4.264681107282635253e+01
4.693715594332417851e+01 4.890854795066218941e+01
4.693715594332417851e+01 4.096941421235607095e+01
4.693715594332417851e+01 4.265620460450783469e+01
4.693715594332417851e+01 5.016198605991059623e+01
4.693715594332417851e+01 4.592973750730005378e+01
4.693715594332417851e+01 4.421490047419514724e+01
4.693715594332417851e+01 4.926494043838027892e+01
4.693715594332417851e+01 5.276343558641944753e+01
4.693715594332417851e+01 4.716954362403922119e+01
4.693715594332417851e+01 5.229897055069290701e+01
4.693715594332417851e+01 4.463024446919047250e+01
4.693715594332417851e+01 4.480866996523026557e+01
4.693715594332417851e+01 4.553190340882392917e+01
4.693715594332417851e+01 4.494028677746573663e+01
4.693715594332417851e+01 4.196581486260147642e+01
4.693715594332417851e+01 4.108429956769097657e+01
4.693715594332417851e+01 4.409315527137744084e+01
4.693715594332417851e+01 4.749625586420839340e+01
4.693715594332417851e+01 4.753070797857210295e+01
4.693715594332417851e+01 4.896070960351026002e+01
4.693715594332417851e+01 4.496022124285578059e+01
4.693715594332417851e+01 4.308136850220892455e+01
4.693715594332417851e+01 4.451955876097583342e+01
4.693715594332417851e+01 4.645161673570905236e+01
4.693715594332417851e+01 3.998455697338481940e+01
4.693715594332417851e+01 5.184142755961297411e+01
4.693715594332417851e+01 4.688775999926385651e+01
4.693715594332417851e+01 4.862979938261774038e+01
4.693715594332417851e+01 5.361221495364551970e+01
4.693715594332417851e+01 4.328301861745602253e+01
4.693715594332417851e+01 4.758123613142831232e+01
4.693715594332417851e+01 4.585792090860993397e+01
4.693715594332417851e+01 4.764388919813421808e+01
4.693715594332417851e+01 3.860438876227475191e+01
4.693715594332417851e+01 4.530740986847365548e+01
4.693715594332417851e+01 4.194809468103169081e+01
4.693715594332417851e+01 4.337048725125571735e+01
4.693715594332417851e+01 4.701943760746687673e+01
4.693715594332417851e+01 4.785128645078957987e+01
4.693715594332417851e+01 5.089155543227744261e+01
4.693715594332417851e+01 4.944742226873745494e+01
4.693715594332417851e+01 4.710410057933818706e+01
4.693715594332417851e+01 3.932541561776393024e+01
4.693715594332417851e+01 4.606530973834554743e+01
4.693715594332417851e+01 4.015696592618880345e+01
4.693715594332417851e+01 4.043430925132867060e+01
4.693715594332417851e+01 4.684625418209422776e+01
4.693715594332417851e+01 4.535546744843954770e+01
4.693715594332417851e+01 4.858270100661921731e+01
4.693715594332417851e+01 4.417773219777021154e+01
4.693715594332417851e+01 4.585931701137054972e+01
4.693715594332417851e+01 4.290006951973373361e+01
4.693715594332417851e+01 4.246294076380991811e+01
4.693715594332417851e+01 4.521413667885074972e+01
4.693715594332417851e+01 4.570034538988961970e+01
4.693715594332417851e+01 4.738080709455977058e+01
4.693715594332417851e+01 4.811403402364907578e+01
4.693715594332417851e+01 5.131021637645795863e+01
4.693715594332417851e+01 4.943664698079832931e+01
4.693715594332417851e+01 4.165053948119206240e+01
4.693715594332417851e+01 4.062656795511610852e+01
4.693715594332417851e+01 4.303650275353310661e+01
4.693715594332417851e+01 4.454767330283441851e+01
4.693715594332417851e+01 4.278455140646071442e+01
4.693715594332417851e+01 4.564918280145282381e+01
4.693715594332417851e+01 5.001964260707219978e+01
4.693715594332417851e+01 5.455161339487875694e+01
4.693715594332417851e+01 4.224955564240047323e+01
4.693715594332417851e+01 4.460864004320617937e+01
4.693715594332417851e+01 4.735623650196039591e+01
4.693715594332417851e+01 4.371053792461542287e+01
4.693715594332417851e+01 4.598087874907983519e+01
4.693715594332417851e+01 5.117293319933713747e+01
4.693715594332417851e+01 4.306478513368558225e+01
4.693715594332417851e+01 4.169197284552148375e+01
4.693715594332417851e+01 4.727332525642741246e+01
4.693715594332417851e+01 4.412607787141610061e+01
4.693715594332417851e+01 4.282594217163014605e+01
4.693715594332417851e+01 4.721307710598983931e+01
4.693715594332417851e+01 4.722693021515616607e+01
4.693715594332417851e+01 5.026009886837588425e+01
4.693715594332417851e+01 4.294681955423256881e+01
4.693715594332417851e+01 4.943897031952092647e+01
4.693715594332417851e+01 4.944880414239648303e+01
4.693715594332417851e+01 4.342889543361571469e+01
4.693715594332417851e+01 4.698477483063452098e+01
4.693715594332417851e+01 4.521987292069463393e+01
4.693715594332417851e+01 4.929594124984939185e+01
4.693715594332417851e+01 5.074707652491728282e+01
4.693715594332417851e+01 4.574095547846365406e+01
4.693715594332417851e+01 4.315750297543274172e+01
4.693715594332417851e+01 4.033386253394402843e+01
4.693715594332417851e+01 4.640234180122659779e+01
4.693715594332417851e+01 4.438280552389231559e+01
4.693715594332417851e+01 4.547917346853660092e+01
4.693715594332417851e+01 4.414670268204940839e+01
4.693715594332417851e+01 4.457660488412995647e+01
4.693715594332417851e+01 4.718501082868997543e+01
4.693715594332417851e+01 4.625080204657508887e+01
4.693715594332417851e+01 4.310147460910714301e+01
4.693715594332417851e+01 4.920944239816061838e+01
4.693715594332417851e+01 4.818715885841066893e+01
4.693715594332417851e+01 4.502218549470002529e+01
4.693715594332417851e+01 4.375867715156613258e+01
4.693715594332417851e+01 4.008432005120639019e+01
4.693715594332417851e+01 4.940477311257352966e+01
4.693715594332417851e+01 4.397251025155759407e+01
4.693715594332417851e+01 4.360316725207546540e+01
4.693715594332417851e+01 3.937316554981736516e+01
4.693715594332417851e+01 4.338446105723901525e+01
4.693715594332417851e+01 5.145128863907630290e+01
4.693715594332417851e+01 4.124367923415952930e+01
4.693715594332417851e+01 4.268038860285056302e+01
4.693715594332417851e+01 4.757627361521080189e+01
4.693715594332417851e+01 4.429482888442031907e+01
4.693715594332417851e+01 4.724905350598491083e+01
4.693715594332417851e+01 5.082206980373581473e+01
4.693715594332417851e+01 4.856844728777867459e+01
4.693715594332417851e+01 5.340008858743760811e+01
4.693715594332417851e+01 4.190310989400056485e+01
4.693715594332417851e+01 5.008607579534948684e+01
4.693715594332417851e+01 4.487079326586045624e+01
4.693715594332417851e+01 4.771389791714434381e+01
4.693715594332417851e+01 5.257117988772360917e+01
4.693715594332417851e+01 4.153901179947329325e+01
4.693715594332417851e+01 4.387110132317688027e+01
4.693715594332417851e+01 4.707121912424020138e+01
4.693715594332417851e+01 5.109666922393194710e+01
4.693715594332417851e+01 4.529205238400701461e+01
4.693715594332417851e+01 4.902202847348739567e+01
4.693715594332417851e+01 4.440483670253091475e+01
4.693715594332417851e+01 5.090636082775345983e+01
4.693715594332417851e+01 5.230813805963434504e+01
4.693715594332417851e+01 4.229151777178846316e+01
4.693715594332417851e+01 4.695317605454755494e+01
4.693715594332417851e+01 4.609584960993996816e+01
4.693715594332417851e+01 4.040329768036151847e+01
4.693715594332417851e+01 4.828166007126144166e+01
4.693715594332417851e+01 4.493856907049809735e+01
4.693715594332417851e+01 4.881152999402071657e+01
4.693715594332417851e+01 4.697821394396967065e+01
4.693715594332417851e+01 5.053332433273650537e+01
4.693715594332417851e+01 4.643733995104986434e+01
4.693715594332417851e+01 4.107991564860049039e+01
4.693715594332417851e+01 4.885248823319501099e+01
4.693715594332417851e+01 4.313290843206890912e+01
4.693715594332417851e+01 4.356489056244282665e+01
4.693715594332417851e+01 4.476677091787627205e+01
4.693715594332417851e+01 4.471605460534936327e+01
4.693715594332417851e+01 3.901043277939535869e+01
4.693715594332417851e+01 5.070061697184222993e+01
4.693715594332417851e+01 5.094434089018946565e+01
4.693715594332417851e+01 4.355522894263986444e+01
4.693715594332417851e+01 4.769258507670928537e+01
4.693715594332417851e+01 4.442089705722902693e+01
4.693715594332417851e+01 4.327863862094139336e+01
4.693715594332417851e+01 4.489389483887305943e+01
4.693715594332417851e+01 3.904765700083054014e+01
4.693715594332417851e+01 4.692743736707681279e+01
4.693715594332417851e+01 4.414061417440480994e+01
4.693715594332417851e+01 4.551711035482932743e+01
4.693715594332417851e+01 4.810355305253619917e+01
4.693715594332417851e+01 3.874684727678158680e+01
4.693715594332417851e+01 4.797492121521378294e+01
4.693715594332417851e+01 4.585183043681202264e+01
4.693715594332417851e+01 5.205852950462647044e+01
4.693715594332417851e+01 4.408450697606688351e+01
4.693715594332417851e+01 4.546069822516558645e+01
4.693715594332417851e+01 4.966550587611479273e+01
4.693715594332417851e+01 4.711780300971593505e+01
4.693715594332417851e+01 4.066648139202396095e+01
4.693715594332417851e+01 4.359911482959938667e+01
4.693715594332417851e+01 4.319613850039235103e+01
4.693715594332417851e+01 4.666094481716977072e+01
4.693715594332417851e+01 4.879182835168507637e+01
4.693715594332417851e+01 4.525495518252211014e+01
4.693715594332417851e+01 5.018976494463925064e+01
4.693715594332417851e+01 5.286243073139047510e+01
4.693715594332417851e+01 4.978858897695016594e+01
4.693715594332417851e+01 4.574912902031775275e+01
4.693715594332417851e+01 4.328431547138244895e+01
4.693715594332417851e+01 4.730773189005829948e+01
4.693715594332417851e+01 4.834193176609352349e+01
4.693715594332417851e+01 4.235291205412418947e+01
4.693715594332417851e+01 4.674047041290184978e+01
4.693715594332417851e+01 4.927857045235585076e+01
4.693715594332417851e+01 4.867966606754615810e+01
4.693715594332417851e+01 4.943228291686064324e+01
4.693715594332417851e+01 4.356607127252948430e+01
4.693715594332417851e+01 4.327084559426562294e+01
4.693715594332417851e+01 4.773913976873273413e+01
4.693715594332417851e+01 4.412323787961109645e+01
4.693715594332417851e+01 4.267768422923728622e+01
4.693715594332417851e+01 4.919722240929064583e+01
4.693715594332417851e+01 4.796644118142788926e+01
4.693715594332417851e+01 5.684999954797693533e+01
4.693715594332417851e+01 4.701201757213317478e+01
4.693715594332417851e+01 4.251319094509103991e+01
4.693715594332417851e+01 4.753663678776675283e+01
4.693715594332417851e+01 4.403770554400591664e+01
4.693715594332417851e+01 4.548549218256438564e+01
4.693715594332417851e+01 5.790218902847520610e+01
4.693715594332417851e+01 4.302410023295527708e+01
4.693715594332417851e+01 4.675938242316004789e+01
4.693715594332417851e+01 4.246428379969312772e+01
4.693715594332417851e+01 4.715545593555660275e+01
4.693715594332417851e+01 4.462517709033787838e+01
4.693715594332417851e+01 4.465746786408902835e+01
4.693715594332417851e+01 4.300839665666540412e+01
4.693715594332417851e+01 5.182135013621701347e+01
4.693715594332417851e+01 4.859710056046156978e+01
4.693715594332417851e+01 4.586920425137440560e+01
4.693715594332417851e+01 4.403704551213589724e+01
4.693715594332417851e+01 4.791242353203539039e+01
4.693715594332417851e+01 5.244565101891026160e+01
4.693715594332417851e+01 4.822850913469299172e+01
4.693715594332417851e+01 4.387058707574042415e+01
4.693715594332417851e+01 4.822918647824791094e+01
4.693715594332417851e+01 4.700741228642384328e+01
4.693715594332417851e+01 4.613990232787989498e+01
4.693715594332417851e+01 4.780454601384659696e+01
4.693715594332417851e+01 4.730425937068898179e+01
4.693715594332417851e+01 4.074669606880835460e+01
4.693715594332417851e+01 5.259958949063270239e+01
4.693715594332417851e+01 4.671776969963946158e+01
4.693715594332417851e+01 4.456854801875382321e+01
4.693715594332417851e+01 5.177066798531923553e+01
4.693715594332417851e+01 5.212776159224488026e+01
4.693715594332417851e+01 4.799277371092086497e+01
4.693715594332417851e+01 4.829933281968337866e+01
4.693715594332417851e+01 4.624883516653107307e+01
4.693715594332417851e+01 4.772195838104111942e+01
4.693715594332417851e+01 4.167065179604585978e+01
4.693715594332417851e+01 4.143634030494293796e+01
4.693715594332417851e+01 4.625571529984094354e+01
4.693715594332417851e+01 4.967884989434250542e+01
4.693715594332417851e+01 4.392159098528820493e+01
4.693715594332417851e+01 4.447530763270870580e+01
4.693715594332417851e+01 4.507968241353386674e+01
4.693715594332417851e+01 4.878469226639259659e+01
4.693715594332417851e+01 4.197288679254490518e+01
4.693715594332417851e+01 4.988313003149651337e+01
4.693715594332417851e+01 5.107544505648487387e+01
4.693715594332417851e+01 4.467466790697272216e+01
4.693715594332417851e+01 3.793123971292082075e+01
4.693715594332417851e+01 4.750995270613942267e+01
4.693715594332417851e+01 4.649355217001684792e+01
4.693715594332417851e+01 4.881442986775167725e+01
4.693715594332417851e+01 4.938837558735747990e+01
4.693715594332417851e+01 4.475493430722158195e+01
4.693715594332417851e+01 3.731415635330550629e+01
4.693715594332417851e+01 4.949613436370052000e+01
4.693715594332417851e+01 4.878096041878652755e+01
4.693715594332417851e+01 4.448927551876916908e+01
4.693715594332417851e+01 4.273706796113084749e+01
4.693715594332417851e+01 4.688663633372965478e+01
4.693715594332417851e+01 4.424206529976062541e+01
4.693715594332417851e+01 4.738015597265126644e+01
4.693715594332417851e+01 4.325690941472960560e+01
4.693715594332417851e+01 4.314328069843631397e+01
4.693715594332417851e+01 4.756876389122054150e+01
4.693715594332417851e+01 4.786492693436647272e+01
4.693715594332417851e+01 4.962455066026659978e+01
4.693715594332417851e+01 4.206487042789213149e+01
4.693715594332417851e+01 4.312454833853389857e+01
4.693715594332417851e+01 4.843629729511532389e+01
4.693715594332417851e+01 4.205589470949070119e+01
4.693715594332417851e+01 4.229300088523626044e+01
4.693715594332417851e+01 5.002482931486738238e+01
4.693715594332417851e+01 5.111163673831250520e+01
4.693715594332417851e+01 5.010826708843671184e+01
4.693715594332417851e+01 3.967935404664228827e+01
4.693715594332417851e+01 4.353080659952524201e+01
4.693715594332417851e+01 4.526447902230480480e+01
4.693715594332417851e+01 4.399467056519997499e+01
4.693715594332417851e+01 4.010162272154472873e+01
4.693715594332417851e+01 4.674941190511926692e+01
4.693715594332417851e+01 4.807730824926534297e+01
4.693715594332417851e+01 4.543033428872600865e+01
4.693715594332417851e+01 3.980354767472642408e+01
4.693715594332417851e+01 4.609357831041732112e+01
4.693715594332417851e+01 4.428112583821956605e+01
4.693715594332417851e+01 4.598802186050996710e+01
4.693715594332417851e+01 4.863260030100020259e+01
4.693715594332417851e+01 4.029855967821988116e+01
4.693715594332417851e+01 4.910963170803517386e+01
4.693715594332417851e+01 4.548583296105029916e+01
4.693715594332417851e+01 4.998901058504480943e+01
4.693715594332417851e+01 4.534309177794599321e+01
4.693715594332417851e+01 4.740493534285395327e+01
4.693715594332417851e+01 4.666308905217638170e+01
4.693715594332417851e+01 4.780791244005195040e+01
4.693715594332417851e+01 5.307935280647365062e+01
4.693715594332417851e+01 5.028086263129316080e+01
4.693715594332417851e+01 4.269349749886926304e+01
4.693715594332417851e+01 4.555795482444203515e+01
4.693715594332417851e+01 4.257722281400496911e+01
4.693715594332417851e+01 4.647072016459276966e+01
4.693715594332417851e+01 4.992535847486929157e+01
4.693715594332417851e+01 4.389315956305244271e+01
4.693715594332417851e+01 5.110809413729651851e+01
4.693715594332417851e+01 4.604199986327575544e+01
4.693715594332417851e+01 4.536152852585398421e+01
4.693715594332417851e+01 4.230235801914295024e+01
4.693715594332417851e+01 4.337176487409946191e+01
4.693715594332417851e+01 4.729275716177845368e+01
4.693715594332417851e+01 4.522541707395480870e+01
4.693715594332417851e+01 4.514621327321407307e+01
4.693715594332417851e+01 4.753282963196288335e+01
4.693715594332417851e+01 4.712613088500143022e+01
4.693715594332417851e+01 5.227871415441727265e+01
4.693715594332417851e+01 4.259508741132790988e+01
4.693715594332417851e+01 4.694084779684887110e+01
4.693715594332417851e+01 4.059553368623122083e+01
4.693715594332417851e+01 4.185781299851942094e+01
4.693715594332417851e+01 4.497733568068605337e+01
4.693715594332417851e+01 4.802004912926621927e+01
4.693715594332417851e+01 4.984629027630040810e+01
4.693715594332417851e+01 4.426819475846875207e+01
4.693715594332417851e+01 4.432722400386541750e+01
4.693715594332417851e+01 4.922105508411077324e+01
4.693715594332417851e+01 4.466107963051414487e+01
4.693715594332417851e+01 5.140425799552094333e+01
4.693715594332417851e+01 3.946145249212208483e+01
4.693715594332417851e+01 4.658723173126389838e+01
4.693715594332417851e+01 5.096410198008496906e+01
4.693715594332417851e+01 4.441545206698143744e+01
4.693715594332417851e+01 4.433889246446683785e+01
4.693715594332417851e+01 4.298313545562451310e+01
4.693715594332417851e+01 4.339025629720345734e+01
4.693715594332417851e+01 4.654874792376160997e+01
4.693715594332417851e+01 4.785356885853101261e+01
4.693715594332417851e+01 4.654679420888412267e+01
4.693715594332417851e+01 4.615934550414922910e+01
4.693715594332417851e+01 5.007716842076770547e+01
4.693715594332417851e+01 4.948804876913617079e+01
4.693715594332417851e+01 4.634662414609407932e+01
4.693715594332417851e+01 5.177394022924131178e+01
4.693715594332417851e+01 4.627700593761555581e+01
4.693715594332417851e+01 4.428980768536182921e+01
4.693715594332417851e+01 4.487072383123433639e+01
4.693715594332417851e+01 4.966087529837179915e+01
4.693715594332417851e+01 4.654904785071815354e+01
4.693715594332417851e+01 4.603701408316621979e+01
4.693715594332417851e+01 5.092931344371920943e+01
4.693715594332417851e+01 4.619858397899146496e+01
4.693715594332417851e+01 4.490305481677948052e+01
4.693715594332417851e+01 4.990702375312095285e+01
4.693715594332417851e+01 4.978575876243592546e+01
4.693715594332417851e+01 4.654401974879201731e+01
4.693715594332417851e+01 5.081595633540797508e+01
4.693715594332417851e+01 4.085293270307630564e+01
4.693715594332417851e+01 4.225102970835425964e+01
4.693715594332417851e+01 4.861366708879131693e+01
4.693715594332417851e+01 4.030597493018950672e+01
4.693715594332417851e+01 4.419418335776665430e+01
4.693715594332417851e+01 5.041691346629913539e+01
4.693715594332417851e+01 4.616218365972453341e+01
4.693715594332417851e+01 4.254175636448588449e+01
4.693715594332417851e+01 4.300161453031634551e+01
4.693715594332417851e+01 4.562842490410971408e+01
4.693715594332417851e+01 4.460007412609532196e+01
4.693715594332417851e+01 4.968451314626339865e+01
4.693715594332417851e+01 5.120120065628117345e+01
4.693715594332417851e+01 5.023686395518834757e+01
4.693715594332417851e+01 4.765301549189113217e+01
4.693715594332417851e+01 3.993264881168691005e+01
4.693715594332417851e+01 4.770701468825887304e+01
4.693715594332417851e+01 4.503856869359675841e+01
4.693715594332417851e+01 4.381007210261059015e+01
4.693715594332417851e+01 5.774445392613390027e+01
4.693715594332417851e+01 4.420438355884146375e+01
4.693715594332417851e+01 4.319595683740251957e+01
4.693715594332417851e+01 4.984600373729524136e+01
4.693715594332417851e+01 5.023783612987983815e+01
4.693715594332417851e+01 4.206756985015045558e+01
4.693715594332417851e+01 4.603074165268424878e+01
4.693715594332417851e+01 4.628419247718203167e+01
4.693715594332417851e+01 4.620025099999963203e+01
4.693715594332417851e+01 5.083207784410055297e+01
4.693715594332417851e+01 5.065224462424503571e+01
4.693715594332417851e+01 4.641196170154937306e+01
4.693715594332417851e+01 4.822902998570651789e+01
4.693715594332417851e+01 4.818550510205830761e+01
4.693715594332417851e+01 4.330734113094504067e+01
4.693715594332417851e+01 4.160954320088929137e+01
4.693715594332417851e+01 4.966689476296456007e+01
4.693715594332417851e+01 4.821393178971978699e+01
4.693715594332417851e+01 4.662063406214776506e+01
4.693715594332417851e+01 4.916247188869448337e+01
4.693715594332417851e+01 4.360371340149292507e+01
4.693715594332417851e+01 4.338758649370668508e+01
4.693715594332417851e+01 4.469577272209206598e+01
4.693715594332417851e+01 5.061148517707060535e+01
4.693715594332417851e+01 4.546258766112920569e+01
4.693715594332417851e+01 4.541042876160367570e+01
4.693715594332417851e+01 5.270752747036272012e+01
4.693715594332417851e+01 5.683591776201460277e+01
4.693715594332417851e+01 4.611153678815029622e+01
4.693715594332417851e+01 4.476780303207218736e+01
4.693715594332417851e+01 3.963272387016792919e+01
4.693715594332417851e+01 4.626065490625757803e+01
4.693715594332417851e+01 4.878393383697710561e+01
4.693715594332417851e+01 4.395219556123830529e+01
4.693715594332417851e+01 4.453466929207149150e+01
4.693715594332417851e+01 4.598675303258786329e+01
4.693715594332417851e+01 4.784433434736876478e+01
4.693715594332417851e+01 4.000060190927233350e+01
4.693715594332417851e+01 4.416714240648554579e+01
4.693715594332417851e+01 4.733643598875552527e+01
4.693715594332417851e+01 5.058726835931449983e+01
4.693715594332417851e+01 4.213118895952511167e+01
4.693715594332417851e+01 5.082830246521821493e+01
4.693715594332417851e+01 4.657089117707287329e+01
4.693715594332417851e+01 4.506640298144309753e+01
4.693715594332417851e+01 4.705198895810163151e+01
4.693715594332417851e+01 4.617809240282718974e+01
4.693715594332417851e+01 4.937101297854923132e+01
4.693715594332417851e+01 4.947992020948594671e+01
4.693715594332417851e+01 4.397069159070346700e+01
4.693715594332417851e+01 4.446842453593932021e+01
4.693715594332417851e+01 4.776726414872557314e+01
4.693715594332417851e+01 4.065062555857844018e+01
4.693715594332417851e+01 4.694315247713360151e+01
4.693715594332417851e+01 4.941299880140230982e+01
4.693715594332417851e+01 4.018946609243936763e+01
4.693715594332417851e+01 4.429671775848287041e+01
4.693715594332417851e+01 4.205072436877183861e+01
4.693715594332417851e+01 4.969573648446774428e+01
4.693715594332417851e+01 4.147709057650710918e+01
4.693715594332417851e+01 4.640570509392318144e+01
4.693715594332417851e+01 4.504425825266756789e+01
4.693715594332417851e+01 4.869613037918804110e+01
4.693715594332417851e+01 4.096852645551475547e+01
4.693715594332417851e+01 4.704749974380815303e+01
4.693715594332417851e+01 4.226190092692954181e+01
4.693715594332417851e+01 4.331713114821643273e+01
4.693715594332417851e+01 4.904086807034752127e+01
4.693715594332417851e+01 4.746510573909591812e+01
4.693715594332417851e+01 4.304241604306687918e+01
4.693715594332417851e+01 5.271315337270200985e+01
4.693715594332417851e+01 4.781576159348141175e+01
4.693715594332417851e+01 4.910245176221166474e+01
4.693715594332417851e+01 5.367319970817806762e+01
4.693715594332417851e+01 5.290780666187469450e+01
4.693715594332417851e+01 4.827846643427513840e+01
4.693715594332417851e+01 4.390530356436630655e+01
4.693715594332417851e+01 4.121681139965378549e+01
4.693715594332417851e+01 4.254342396066174103e+01
4.693715594332417851e+01 4.722363853693867242e+01
4.693715594332417851e+01 4.548300107574247875e+01
4.693715594332417851e+01 4.530944451479780355e+01
4.693715594332417851e+01 4.895787730038119179e+01
4.693715594332417851e+01 4.968782853040732306e+01
4.693715594332417851e+01 4.741079238051814571e+01
4.693715594332417851e+01 4.095590313357602952e+01
4.693715594332417851e+01 4.959139572693475628e+01
4.693715594332417851e+01 4.095452230345516398e+01
4.693715594332417851e+01 4.734848293750688697e+01
4.693715594332417851e+01 4.665752539269763588e+01
4.693715594332417851e+01 4.660267188449829945e+01
4.693715594332417851e+01 3.806674434431295850e+01
4.693715594332417851e+01 5.265746296189250586e+01
4.693715594332417851e+01 4.867043273950969251e+01
4.693715594332417851e+01 4.925824196607913308e+01
4.693715594332417851e+01 4.558196800243057822e+01
4.693715594332417851e+01 4.884890801682929862e+01
4.693715594332417851e+01 4.653311618150068796e+01
4.693715594332417851e+01 4.551706582935593559e+01
4.693715594332417851e+01 4.891672209051546361e+01
4.693715594332417851e+01 4.614960237196548576e+01
4.693715594332417851e+01 4.368558963912225579e+01
4.693715594332417851e+01 4.532248578312879062e+01
4.693715594332417851e+01 4.889459062516757371e+01
4.693715594332417851e+01 4.806093919202226061e+01
4.693715594332417851e+01 4.628264321189086417e+01
4.693715594332417851e+01 4.611886254869516222e+01
4.693715594332417851e+01 4.778065240248874801e+01
4.693715594332417851e+01 4.463122905509197835e+01
4.693715594332417851e+01 4.123756611537744021e+01
4.693715594332417851e+01 4.524716823389086073e+01
4.693715594332417851e+01 4.827681707671472822e+01
4.693715594332417851e+01 4.809995801622803668e+01
4.693715594332417851e+01 4.124187628973234609e+01
4.693715594332417851e+01 4.682871712960908894e+01
4.693715594332417851e+01 4.981032265234139089e+01
4.693715594332417851e+01 4.432295281069482940e+01
4.693715594332417851e+01 4.430689301723515428e+01
4.693715594332417851e+01 4.236641541099884023e+01
4.693715594332417851e+01 4.680457694649231115e+01
4.693715594332417851e+01 4.811905903839841159e+01
4.693715594332417851e+01 4.386615556798872007e+01
4.693715594332417851e+01 5.119276438961234987e+01
4.693715594332417851e+01 4.895187080764362975e+01
4.693715594332417851e+01 5.158720995248565089e+01
4.693715594332417851e+01 4.683695170107719008e+01
4.693715594332417851e+01 4.817529576258924351e+01
4.693715594332417851e+01 4.898766401284207461e+01
4.693715594332417851e+01 4.748922320027273258e+01
4.693715594332417851e+01 4.648134865548296091e+01
4.693715594332417851e+01 4.684466096161509796e+01
4.693715594332417851e+01 4.787099490168859006e+01
4.693715594332417851e+01 4.734308282827441872e+01
4.693715594332417851e+01 4.844558854201062559e+01
4.693715594332417851e+01 4.307605909081666340e+01
4.693715594332417851e+01 4.611615756116891163e+01
4.693715594332417851e+01 4.723207517921474619e+01
4.693715594332417851e+01 4.724032747265331977e+01
4.693715594332417851e+01 4.755873508592873122e+01
4.693715594332417851e+01 4.802857117062583825e+01
4.693715594332417851e+01 4.601872039957406457e+01
4.693715594332417851e+01 4.979152219550810088e+01
4.693715594332417851e+01 4.630793052072407079e+01
4.693715594332417851e+01 4.267958025049231452e+01
4.693715594332417851e+01 5.254245675604575183e+01
4.693715594332417851e+01 4.430722418171762200e+01
4.693715594332417851e+01 4.340121473907600347e+01
4.693715594332417851e+01 5.173706938523316978e+01
4.693715594332417851e+01 4.746531435004973787e+01
4.693715594332417851e+01 3.951666286949574669e+01
4.693715594332417851e+01 4.365775376245959194e+01
4.693715594332417851e+01 5.261153639638413182e+01
4.693715594332417851e+01 4.636813445785023902e+01
4.693715594332417851e+01 4.562424906186038243e+01
4.693715594332417851e+01 4.200365731041716089e+01
4.693715594332417851e+01 4.608902365624032171e+01
4.693715594332417851e+01 4.533199151296554419e+01
4.693715594332417851e+01 4.773848468154438507e+01
4.693715594332417851e+01 4.760552223759058421e+01
4.693715594332417851e+01 4.537886683703662527e+01
4.693715594332417851e+01 4.605104157507127383e+01
4.693715594332417851e+01 4.259399807790492076e+01
4.693715594332417851e+01 4.626956925948719856e+01
4.693715594332417851e+01 4.249059588330470660e+01
4.693715594332417851e+01 5.486577765622701008e+01
4.693715594332417851e+01 4.683517912513794812e+01
4.693715594332417851e+01 4.167773092652694800e+01
4.693715594332417851e+01 4.485194718978211625e+01
4.693715594332417851e+01 4.397218995325285107e+01
4.693715594332417851e+01 4.811417510597377856e+01
4.693715594332417851e+01 4.405657196366379935e+01
4.693715594332417851e+01 4.550340281646708718e+01
4.693715594332417851e+01 4.256576229735326677e+01
4.693715594332417851e+01 4.889508929242929014e+01
4.693715594332417851e+01 4.391580894026974846e+01
4.693715594332417851e+01 4.930009917226931293e+01
4.693715594332417851e+01 4.354389888949183529e+01
4.693715594332417851e+01 4.771805008243033797e+01
4.693715594332417851e+01 4.898121580588350810e+01
4.693715594332417851e+01 4.766608689878007254e+01
4.693715594332417851e+01 4.497763054516434522e+01
4.693715594332417851e+01 4.205470361765097209e+01
4.693715594332417851e+01 5.045536855282750821e+01
4.693715594332417851e+01 4.227628982887490139e+01
4.693715594332417851e+01 5.054573864769310632e+01
4.693715594332417851e+01 4.705930657822467111e+01
4.693715594332417851e+01 4.637323689699167062e+01
4.693715594332417851e+01 4.771210624694350599e+01
4.693715594332417851e+01 4.453071962036340636e+01
4.693715594332417851e+01 4.374893506787944375e+01
4.693715594332417851e+01 4.239647433337463411e+01
4.693715594332417851e+01 5.036657521231894208e+01
4.693715594332417851e+01 5.147987121594172777e+01
4.693715594332417851e+01 4.848598979235627127e+01
4.693715594332417851e+01 4.654569494111059669e+01
4.693715594332417851e+01 4.422154388215045628e+01
4.693715594332417851e+01 4.840987127282880209e+01
4.693715594332417851e+01 4.995961364989099707e+01
4.693715594332417851e+01 4.368899214346167525e+01
4.693715594332417851e+01 5.067960380519942731e+01
4.693715594332417851e+01 4.434343997230177337e+01
4.693715594332417851e+01 4.676283343669132364e+01
4.693715594332417851e+01 5.030448917776620021e+01
4.693715594332417851e+01 4.601172518407970102e+01
4.693715594332417851e+01 4.657574274619868504e+01
4.693715594332417851e+01 4.166510495267409198e+01
4.693715594332417851e+01 4.562092139833295334e+01
4.693715594332417851e+01 4.268646873770302363e+01
4.693715594332417851e+01 4.969101079851846237e+01
4.693715594332417851e+01 4.267204792879627462e+01
4.693715594332417851e+01 4.185388708823401771e+01
4.693715594332417851e+01 4.863519583845646821e+01
4.693715594332417851e+01 4.945328019400628961e+01
4.693715594332417851e+01 5.031041943512568082e+01
4.693715594332417851e+01 4.712848354218030522e+01
4.693715594332417851e+01 5.399400614892028472e+01
4.693715594332417851e+01 4.626492655590090664e+01
4.693715594332417851e+01 4.687558885694394917e+01
4.693715594332417851e+01 4.544809121988009082e+01
4.693715594332417851e+01 4.938858536946418099e+01
4.693715594332417851e+01 4.676823905066923714e+01
4.693715594332417851e+01 4.516148889112952247e+01
4.693715594332417851e+01 5.645501050374180352e+01
4.693715594332417851e+01 4.357681467884189885e+01
4.693715594332417851e+01 4.486814643206960085e+01
4.693715594332417851e+01 4.746232723373078954e+01
4.693715594332417851e+01 4.945727045462539451e+01
4.693715594332417851e+01 4.285984340646140112e+01
4.693715594332417851e+01 4.222975880009103378e+01
4.693715594332417851e+01 4.449555344578654115e+01
4.693715594332417851e+01 3.970615898950610045e+01
4.693715594332417851e+01 4.294922043656026744e+01
4.693715594332417851e+01 5.446181887261111854e+01
4.693715594332417851e+01 4.703455047330918859e+01
4.693715594332417851e+01 4.615662790603300891e+01
4.693715594332417851e+01 4.390130146024974067e+01
4.693715594332417851e+01 4.544641657254668132e+01
4.693715594332417851e+01 4.677970709087756518e+01
4.693715594332417851e+01 4.812835383454184779e+01
4.693715594332417851e+01 4.017402820823656384e+01
4.693715594332417851e+01 4.659878482623042117e+01
4.693715594332417851e+01 4.242650620005174034e+01
4.693715594332417851e+01 4.910650752298340649e+01
4.693715594332417851e+01 4.762437907747384003e+01
4.693715594332417851e+01 4.487177566087150637e+01
4.693715594332417851e+01 4.560618090229265675e+01
4.693715594332417851e+01 4.932750390870747736e+01
4.693715594332417851e+01 4.193354643546901173e+01
4.693715594332417851e+01 4.549888866936715459e+01
4.693715594332417851e+01 4.168293805445426159e+01
4.693715594332417851e+01 5.232180711969259335e+01
4.693715594332417851e+01 4.608075853865230442e+01
4.693715594332417851e+01 4.356448988411418100e+01
4.693715594332417851e+01 4.595936944965669824e+01
4.693715594332417851e+01 4.576945019633873102e+01
4.693715594332417851e+01 4.671399251296605115e+01
4.693715594332417851e+01 4.185525617855159197e+01
4.693715594332417851e+01 4.870059373994463670e+01
4.693715594332417851e+01 4.432315669953575110e+01
4.693715594332417851e+01 4.708232774150708622e+01
4.693715594332417851e+01 4.826583717241207694e+01
4.693715594332417851e+01 4.868580401593649754e+01
4.693715594332417851e+01 4.529561947541557032e+01
4.693715594332417851e+01 4.319855268133677129e+01
4.693715594332417851e+01 5.001679316860453639e+01
4.693715594332417851e+01 4.001613546321740955e+01
4.693715594332417851e+01 4.411474037025605810e+01
4.693715594332417851e+01 4.582828249517944386e+01
4.693715594332417851e+01 4.243033172542484976e+01
4.693715594332417851e+01 4.636919219178122376e+01
4.693715594332417851e+01 4.420774080521317018e+01
4.693715594332417851e+01 4.491089492863900290e+01
4.693715594332417851e+01 4.921922884155512179e+01
4.693715594332417851e+01 4.411405504980497483e+01
4.693715594332417851e+01 4.918695086659342053e+01
4.693715594332417851e+01 4.698966309156418220e+01
4.693715594332417851e+01 4.529750369817539735e+01
4.693715594332417851e+01 4.826054645773648133e+01
4.693715594332417851e+01 4.923839625239092754e+01
4.693715594332417851e+01 5.127455354911722907e+01
4.693715594332417851e+01 4.739714310288801613e+01
4.693715594332417851e+01 4.888104515746358203e+01
4.693715594332417851e+01 4.320224119284048925e+01
4.693715594332417851e+01 4.301340233346616770e+01
4.693715594332417851e+01 4.157228644587363675e+01
4.693715594332417851e+01 4.936472500720560674e+01
4.693715594332417851e+01 4.887941388364438922e+01
4.693715594332417851e+01 4.660716509373088456e+01
4.693715594332417851e+01 4.453790398752895641e+01
4.693715594332417851e+01 4.579689019282363915e+01
4.693715594332417851e+01 4.937493933319404960e+01
4.693715594332417851e+01 4.598410984355879805e+01
4.693715594332417851e+01 5.112604152146521841e+01
4.693715594332417851e+01 5.519257503353630057e+01
4.693715594332417851e+01 4.502259316351257468e+01
4.693715594332417851e+01 4.688086052239204804e+01
4.693715594332417851e+01 4.887266836917238066e+01
4.693715594332417851e+01 4.490226941140988970e+01
4.693715594332417851e+01 4.573259932728313970e+01
4.693715594332417851e+01 4.817862241710536608e+01
4.693715594332417851e+01 4.891300665777340839e+01
4.693715594332417851e+01 4.978740938665411875e+01
4.693715594332417851e+01 4.844037586460277822e+01
4.693715594332417851e+01 4.026855991336891094e+01
4.693715594332417851e+01 4.702764381969822693e+01
4.693715594332417851e+01 4.554384717844379793e+01
4.693715594332417851e+01 4.459665735415845234e+01
4.693715594332417851e+01 4.984951561623998373e+01
4.693715594332417851e+01 5.000433296584981235e+01
4.693715594332417851e+01 4.517546490704177131e+01
4.693715594332417851e+01 4.749838347611028411e+01
4.693715594332417851e+01 4.314764984352635224e+01
4.693715594332417851e+01 5.109409837719460512e+01
4.693715594332417851e+01 4.562752234499591708e+01
4.693715594332417851e+01 4.719322022581827270e+01
4.693715594332417851e+01 4.629986486545715252e+01
4.693715594332417851e+01 4.415237771022258784e+01
4.693715594332417851e+01 4.510771877618583403e+01
4.693715594332417851e+01 4.425261754912578027e+01
4.693715594332417851e+01 4.423983146623690033e+01
4.693715594332417851e+01 4.396981190411284501e+01
4.693715594332417851e+01 4.561769034466094297e+01
4.693715594332417851e+01 4.323733204185063528e+01
4.693715594332417851e+01 4.794238909108609192e+01
4.693715594332417851e+01 4.470767127886053771e+01
4.693715594332417851e+01 4.347351788039834020e+01
4.693715594332417851e+01 4.684025315551100732e+01
4.693715594332417851e+01 4.947102599780466647e+01
4.693715594332417851e+01 4.214880849006218710e+01
4.693715594332417851e+01 4.757445122643218127e+01
4.693715594332417851e+01 4.942068554501253175e+01
4.693715594332417851e+01 4.379955101586729427e+01
4.693715594332417851e+01 4.417545167430214548e+01
4.693715594332417851e+01 4.352895275125554519e+01
4.693715594332417851e+01 4.409736764257878860e+01
4.693715594332417851e+01 4.844251723691276368e+01
4.693715594332417851e+01 4.775540671793285696e+01
4.693715594332417851e+01 4.799082887921287721e+01
4.693715594332417851e+01 4.605841120226057228e+01
4.693715594332417851e+01 4.372854548595687874e+01
4.693715594332417851e+01 4.502751161465988616e+01
4.693715594332417851e+01 4.453289710191106821e+01
4.693715594332417851e+01 4.879567155860458172e+01
4.693715594332417851e+01 4.654511682514536375e+01
4.693715594332417851e+01 5.193219614936199235e+01
