4.693715594332417851e+01 4.843969765797586291e+01
4.693715594332417851e+01 5.248541821903832272e+01
4.693715594332417851e+01 4.681829223543159202e+01
4.693715594332417851e+01 4.714332060244758082e+01
4.693715594332417851e+01 4.714916764680007333e+01
4.693715594332417851e+01 4.076592555671673068e+01
4.693715594332417851e+01 4.715252688434689077e+01
4.693715594332417851e+01 4.747825344097339695e+01
4.693715594332417851e+01 5.179482374972937464e+01
4.693715594332417851e+01 4.520168216583243037e+01
4.693715594332417851e+01 4.490791483140496609e+01
4.693715594332417851e+01 4.917006116289524442e+01
4.693715594332417851e+01 4.759419468493031502e+01
4.693715594332417851e+01 4.432867027786019065e+01
4.693715594332417851e+01 5.300259257656233558e+01
4.693715594332417851e+01 4.254715467768998138e+01
4.693715594332417851e+01 4.845409694414671975e+01
4.693715594332417851e+01 4.440162607581726206e+01
4.693715594332417851e+01 4.337307434473612489e+01
4.693715594332417851e+01 4.244820930661703784e+01
4.693715594332417851e+01 4.462423574880968147e+01
4.693715594332417851e+01 4.816213650183962613e+01
4.693715594332417851e+01 5.021229446521269324e+01
4.693715594332417851e+01 5.746836574823329613e+01
4.693715594332417851e+01 4.659313616903364164e+01
4.693715594332417851e+01 4.332123651882129423e+01
4.693715594332417851e+01 4.740733014265698841e+01
4.693715594332417851e+01 4.932582511854220542e+01
4.693715594332417851e+01 4.425664233578180529e+01
4.693715594332417851e+01 4.272912992034010671e+01
4.693715594332417851e+01 4.738035909817202196e+01
4.693715594332417851e+01 4.169911101178503543e+01
4.693715594332417851e+01 5.416715610323883112e+01
4.693715594332417851e+01 4.156337407127792716e+01
4.693715594332417851e+01 4.507970441355870150e+01
4.693715594332417851e+01 4.237190692231363442e+01
4.693715594332417851e+01 4.580388815781616074e+01
4.693715594332417851e+01 4.762285154283981825e+01
4.693715594332417851e+01 4.429149875206225317e+01
4.693715594332417851e+01 4.655767370210891443e+01
4.693715594332417851e+01 4.047191059116779144e+01
4.693715594332417851e+01 4.511364527292077042e+01
4.693715594332417851e+01 5.266947741762711388e+01
4.693715594332417851e+01 5.461187149531752283e+01
4.693715594332417851e+01 4.719233479977909695e+01
4.693715594332417851e+01 4.476431569400698862e+01
4.693715594332417851e+01 4.435943872159900536e+01
4.693715594332417851e+01 4.676400861628129491e+01
4.693715594332417851e+01 4.364203203230535166e+01
4.693715594332417851e+01 4.562528395411595739e+01
4.693715594332417851e+01 4.125640777828937189e+01
4.693715594332417851e+01 4.673521426888989083e+01
4.693715594332417851e+01 4.942404889344204122e+01
4.693715594332417851e+01 4.675002190948875125e+01
4.693715594332417851e+01 4.653448243920075811e+01
4.693715594332417851e+01 4.608764905071637941e+01
4.693715594332417851e+01 4.771197129688348326e+01
4.693715594332417851e+01 4.418663551328975814e+01
4.693715594332417851e+01 4.890603266512891167e+01
4.693715594332417851e+01 5.418466281061008516e+01
4.693715594332417851e+01 4.952006851745279192e+01
4.693715594332417851e+01 4.658320095417879259e+01
4.693715594332417851e+01 4.779140323328518036e+01
4.693715594332417851e+01 4.953173262532622800e+01
4.693715594332417851e+01 4.766201462510636588e+01
4.693715594332417851e+01 5.148855204184405210e+01
4.693715594332417851e+01 4.738725639190801076e+01
4.693715594332417851e+01 4.812076718896352645e+01
4.693715594332417851e+01 4.523520751835066989e+01
4.693715594332417851e+01 4.011109729641975008e+01
4.693715594332417851e+01 4.585496966830368848e+01
4.693715594332417851e+01 4.855937181269365510e+01
4.693715594332417851e+01 4.124154083963870931e+01
4.693715594332417851e+01 4.705272881257803164e+01
4.693715594332417851e+01 4.626237321332471453e+01
4.693715594332417851e+01 4.043456442970083486e+01
4.693715594332417851e+01 4.913957754719918825e+01
4.693715594332417851e+01 4.194079578613518322e+01
4.693715594332417851e+01 4.575725985676599805e+01
4.693715594332417851e+01 4.288101948423832255e+01
4.693715594332417851e+01 4.985263635763910628e+01
4.693715594332417851e+01 4.872951206459659801e+01
4.693715594332417851e+01 4.524230435211956092e+01
4.693715594332417851e+01 4.411436123448686430e+01
4.693715594332417851e+01 4.478344593737534751e+01
4.693715594332417851e+01 4.541114237512156393e+01
4.693715594332417851e+01 5.079562397266021634e+01
4.693715594332417851e+01 4.596111342452723392e+01
4.693715594332417851e+01 4.957844192775934999e+01
4.693715594332417851e+01 4.195979987615250195e+01
4.693715594332417851e+01 4.817177105220486766e+01
4.693715594332417851e+01 4.877753513116584827e+01
4.693715594332417851e+01 4.780657914468829972e+01
4.693715594332417851e+01 5.465212408085989892e+01
4.693715594332417851e+01 4.607168898768941290e+01
4.693715594332417851e+01 4.685847290928802522e+01
4.693715594332417851e+01 3.834206549011531706e+01
4.693715594332417851e+01 4.707048463258740156e+01
4.693715594332417851e+01 4.703495064307780638e+01
4.693715594332417851e+01 4.190594817760369040e+01
4.693715594332417851e+01 4.537317726191514566e+01
4.693715594332417851e+01 4.148846274468616713e+01
4.693715594332417851e+01 4.431509568337073546e+01
4.693715594332417851e+01 4.503178464245230828e+01
4.693715594332417851e+01 4.692088298671279034e+01
4.693715594332417851e+01 4.947069095974652697e+01
4.693715594332417851e+01 4.297182218437482959e+01
4.693715594332417851e+01 4.610102122397372426e+01
4.693715594332417851e+01 4.463330850460459942e+01
4.693715594332417851e+01 4.338944144088765142e+01
4.693715594332417851e+01 4.398361911077442699e+01
4.693715594332417851e+01 4.377138298208400613e+01
4.693715594332417851e+01 4.948833049707510412e+01
4.693715594332417851e+01 4.437169518654715716e+01
4.693715594332417851e+01 4.435356836560666238e+01
4.693715594332417851e+01 5.450766249171623912e+01
4.693715594332417851e+01 4.031424153067413130e+01
4.693715594332417851e+01 5.251531819200391027e+01
4.693715594332417851e+01 5.042415316914033241e+01
4.693715594332417851e+01 4.608820743606007397e+01
4.693715594332417851e+01 3.981038447271747316e+01
4.693715594332417851e+01 4.872592584260878112e+01
4.693715594332417851e+01 4.694193383022060573e+01
4.693715594332417851e+01 4.846457548170892693e+01
4.693715594332417851e+01 5.226899324255821710e+01
4.693715594332417851e+01 4.464456518912508187e+01
4.693715594332417851e+01 4.467519748643699273e+01
4.693715594332417851e+01 4.268678321423013244e+01
4.693715594332417851e+01 4.702977856453249217e+01
4.693715594332417851e+01 5.138843494135587520e+01
4.693715594332417851e+01 4.319494337604832879e+01
4.693715594332417851e+01 4.338438273859964056e+01
4.693715594332417851e+01 4.590849619632142975e+01
4.693715594332417851e+01 4.545060684079271596e+01
4.693715594332417851e+01 4.527983602877326774e+01
4.693715594332417851e+01 4.167156745748608415e+01
4.693715594332417851e+01 4.728884714846474679e+01
4.693715594332417851e+01 4.544463261426464129e+01
4.693715594332417851e+01 4.967234770363869245e+01
4.693715594332417851e+01 4.738186345696183821e+01
4.693715594332417851e+01 4.286438619510095549e+01
4.693715594332417851e+01 4.558608362755244769e+01
4.693715594332417851e+01 4.951218061261382530e+01
4.693715594332417851e+01 4.568143921630197468e+01
4.693715594332417851e+01 4.307619020964241230e+01
4.693715594332417851e+01 4.056183496580281655e+01
4.693715594332417851e+01 4.461935076132436961e+01
4.693715594332417851e+01 4.639562486557125709e+01
4.693715594332417851e+01 4.874436828182457049e+01
4.693715594332417851e+01 4.694486095005848370e+01
4.693715594332417851e+01 5.707664775134737312e+01
4.693715594332417851e+01 4.532956211729880636e+01
4.693715594332417851e+01 5.185715214082131297e+01
4.693715594332417851e+01 4.722983469890424146e+01
4.693715594332417851e+01 4.826278734716248664e+01
4.693715594332417851e+01 4.515775462993326528e+01
4.693715594332417851e+01 4.838388705533620993e+01
4.693715594332417851e+01 4.429210444311510031e+01
4.693715594332417851e+01 3.810556834934960335e+01
4.693715594332417851e+01 4.206232256901743227e+01
4.693715594332417851e+01 4.702992898466143856e+01
4.693715594332417851e+01 4.765826873741656300e+01
4.693715594332417851e+01 4.260513057626343425e+01
4.693715594332417851e+01 4.489528463377819634e+01
4.693715594332417851e+01 4.365194746077077070e+01
4.693715594332417851e+01 4.112899814015683120e+01
4.693715594332417851e+01 4.348616254677406801e+01
4.693715594332417851e+01 4.531737281016608421e+01
4.693715594332417851e+01 4.506214408645474379e+01
4.693715594332417851e+01 4.537409161735919128e+01
4.693715594332417851e+01 4.824719652818097870e+01
4.693715594332417851e+01 4.660788319657214629e+01
4.693715594332417851e+01 4.320987493966319448e+01
4.693715594332417851e+01 4.288007133078212263e+01
4.693715594332417851e+01 4.131297414991731642e+01
4.693715594332417851e+01 4.596781284873555506e+01
4.693715594332417851e+01 4.544792487811629655e+01
4.693715594332417851e+01 4.543435962217085233e+01
4.693715594332417851e+01 3.979562425839112905e+01
4.693715594332417851e+01 4.886016447339221713e+01
4.693715594332417851e+01 5.105313114581578304e+01
4.693715594332417851e+01 4.568089347526134247e+01
4.693715594332417851e+01 4.109035025962416654e+01
4.693715594332417851e+01 3.828393700774031316e+01
4.693715594332417851e+01 4.652352042554693412e+01
4.693715594332417851e+01 4.422518922613029702e+01
4.693715594332417851e+01 4.754722026793817946e+01
4.693715594332417851e+01 5.003846586808911923e+01
4.693715594332417851e+01 4.422533719579183042e+01
4.693715594332417851e+01 4.600799795774462808e+01
4.693715594332417851e+01 4.421230799563942782e+01
4.693715594332417851e+01 4.526127411404686995e+01
4.693715594332417851e+01 4.979916944684265445e+01
4.693715594332417851e+01 4.812891664530826574e+01
4.693715594332417851e+01 4.753232608912239954e+01
4.693715594332417851e+01 5.210969104786808970e+01
4.693715594332417851e+01 4.969443569207488309e+01
4.693715594332417851e+01 5.020730940186105329e+01
4.693715594332417851e+01 5.140272147196726849e+01
4.693715594332417851e+01 4.477398001991127074e+01
4.693715594332417851e+01 4.614780321044316480e+01
4.693715594332417851e+01 4.494664494382793407e+01
4.693715594332417851e+01 4.072339937379300778e+01
4.693715594332417851e+01 4.532112458228348117e+01
4.693715594332417851e+01 4.267763317950505808e+01
4.693715594332417851e+01 4.589706633126420599e+01
4.693715594332417851e+01 4.486664290326295657e+01
4.693715594332417851e+01 4.491209933982134572e+01
4.693715594332417851e+01 4.749151570245643228e+01
4.693715594332417851e+01 5.042290445677355137e+01
4.693715594332417851e+01 4.315216542254917442e+01
4.693715594332417851e+01 4.528254777417304666e+01
4.693715594332417851e+01 4.607423583478279738e+01
4.693715594332417851e+01 4.854845437831576760e+01
4.693715594332417851e+01 4.570784492797366028e+01
4.693715594332417851e+01 4.639187986702946631e+01
4.693715594332417851e+01 5.485587791393953694e+01
4.693715594332417851e+01 5.388498446414928367e+01
4.693715594332417851e+01 4.354116426921832783e+01
4.693715594332417851e+01 4.140481381103382574e+01
4.693715594332417851e+01 4.715371229766860495e+01
4.693715594332417851e+01 4.394404736818308521e+01
4.693715594332417851e+01 4.633014181082379679e+01
4.693715594332417851e+01 4.590972713488545764e+01
4.693715594332417851e+01 4.194071027007898778e+01
4.693715594332417851e+01 4.017502631061137208e+01
4.693715594332417851e+01 4.809849945517882475e+01
4.693715594332417851e+01 4.934653385422121374e+01
4.693715594332417851e+01 4.579168232291836205e+01
4.693715594332417851e+01 4.954610065853134415e+01
4.693715594332417851e+01 4.638996159876377590e+01
4.693715594332417851e+01 4.282168094540673309e+01
4.693715594332417851e+01 4.591579947898877379e+01
4.693715594332417851e+01 4.770088196591547103e+01
4.693715594332417851e+01 4.239828378859732538e+01
4.693715594332417851e+01 4.535159159287922392e+01
4.693715594332417851e+01 4.332054797077111630e+01
4.693715594332417851e+01 3.930590029844364608e+01
4.693715594332417851e+01 5.292186731908955721e+01
4.693715594332417851e+01 4.327208621383740450e+01
4.693715594332417851e+01 3.922890582160241735e+01
4.693715594332417851e+01 4.480611807942484148e+01
4.693715594332417851e+01 4.699406215064782089e+01
4.693715594332417851e+01 4.537366462443139170e+01
4.693715594332417851e+01 4.168468341571100666e+01
4.693715594332417851e+01 4.712420882174479431e+01
4.693715594332417851e+01 4.964983991529727803e+01
4.693715594332417851e+01 4.256794481021826471e+01
4.693715594332417851e+01 4.455672443747857869e+01
4.693715594332417851e+01 4.488343460136299257e+01
4.693715594332417851e+01 4.149940582762153696e+01
4.693715594332417851e+01 3.951129487500408999e+01
4.693715594332417851e+01 4.763654569026826380e+01
4.693715594332417851e+01 4.591595931010933640e+01
4.693715594332417851e+01 4.390892913230855044e+01
4.693715594332417851e+01 5.088624774516564031e+01
4.693715594332417851e+01 4.422055561968035420e+01
4.693715594332417851e+01 4.658530463621021056e+01
4.693715594332417851e+01 4.088270373345886810e+01
4.693715594332417851e+01 4.066289034345309972e+01
4.693715594332417851e+01 4.110188226812653056e+01
4.693715594332417851e+01 4.190295247790133004e+01
4.693715594332417851e+01 4.453054711233539820e+01
4.693715594332417851e+01 4.628808827494594880e+01
4.693715594332417851e+01 4.123395380753363781e+01
4.693715594332417851e+01 4.901654837457783742e+01
4.693715594332417851e+01 4.378641352713692925e+01
4.693715594332417851e+01 4.699094153231958870e+01
4.693715594332417851e+01 4.171923547793531384e+01
4.693715594332417851e+01 4.086272308069611370e+01
4.693715594332417851e+01 4.522923183302302164e+01
4.693715594332417851e+01 4.915036394397167641e+01
4.693715594332417851e+01 4.589672472874850939e+01
4.693715594332417851e+01 4.815957787075083729e+01
4.693715594332417851e+01 4.037446033515327315e+01
4.693715594332417851e+01 4.814880354623193170e+01
4.693715594332417851e+01 4.526710083716958621e+01
4.693715594332417851e+01 4.965465073370332050e+01
4.693715594332417851e+01 4.963978760046114047e+01
4.693715594332417851e+01 4.413402091327183285e+01
4.693715594332417851e+01 5.272718278157861249e+01
4.693715594332417851e+01 4.244943020050860838e+01
4.693715594332417851e+01 4.446610609632011091e+01
4.693715594332417851e+01 4.919583700627094203e+01
4.693715594332417851e+01 4.536156285102512697e+01
4.693715594332417851e+01 4.681183919348312372e+01
4.693715594332417851e+01 5.022181109628735385e+01
4.693715594332417851e+01 4.612530251943532988e+01
4.693715594332417851e+01 3.893503720955972369e+01
4.693715594332417851e+01 4.731132457450918594e+01
4.693715594332417851e+01 4.232677382586988557e+01
4.693715594332417851e+01 4.597184631497623286e+01
4.693715594332417851e+01 4.314490097542061875e+01
4.693715594332417851e+01 5.002800382236138432e+01
4.693715594332417851e+01 4.384637318299698450e+01
4.693715594332417851e+01 4.562754915138559397e+01
4.693715594332417851e+01 4.400759496967118167e+01
4.693715594332417851e+01 4.604588242683178123e+01
4.693715594332417851e+01 4.169247396599253364e+01
4.693715594332417851e+01 4.587346401462274770e+01
4.693715594332417851e+01 4.481314438968041003e+01
4.693715594332417851e+01 4.477000257614454171e+01
4.693715594332417851e+01 4.207473485024006976e+01
4.693715594332417851e+01 4.841345625915678141e+01
4.693715594332417851e+01 4.399404012242183626e+01
4.693715594332417851e+01 4.533116632601089435e+01
4.693715594332417851e+01 4.509943990417858117e+01
4.693715594332417851e+01 4.679696459271924880e+01
4.693715594332417851e+01 4.470703668580843981e+01
4.693715594332417851e+01 4.201588893530189495e+01
4.693715594332417851e+01 4.665349695340554348e+01
4.693715594332417851e+01 4.152470927316844751e+01
4.693715594332417851e+01 4.238354286773118673e+01
4.693715594332417851e+01 4.359202006959615971e+01
4.693715594332417851e+01 5.445143563459637903e+01
4.693715594332417851e+01 4.740557446711404310e+01
4.693715594332417851e+01 5.128454760105527299e+01
4.693715594332417851e+01 4.299768465739251155e+01
4.693715594332417851e+01 5.027971608419440486e+01
4.693715594332417851e+01 4.616472447949166735e+01
4.693715594332417851e+01 4.735904331884976415e+01
4.693715594332417851e+01 4.910490737935617034e+01
4.693715594332417851e+01 4.950355622419780843e+01
4.693715594332417851e+01 4.598217991268329286e+01
4.693715594332417851e+01 4.896009495873257578e+01
4.693715594332417851e+01 4.647796888232845447e+01
4.693715594332417851e+01 5.278164392594006671e+01
4.693715594332417851e+01 4.629990291462049612e+01
4.693715594332417851e+01 4.895184688734676115e+01
4.693715594332417851e+01 4.852824224082507953e+01
4.693715594332417851e+01 4.325632258276191067e+01
4.693715594332417851e+01 5.035462252863642618e+01
4.693715594332417851e+01 4.413538925137657287e+01
4.693715594332417851e+01 4.627696534840828946e+01
4.693715594332417851e+01 4.501952983837843192e+01
4.693715594332417851e+01 4.784223226338276191e+01
4.693715594332417851e+01 4.265960674379615369e+01
4.693715594332417851e+01 4.790832589863127566e+01
4.693715594332417851e+01 4.670356080490626027e+01
4.693715594332417851e+01 4.929740606712002915e+01
4.693715594332417851e+01 4.381240384503173857e+01
4.693715594332417851e+01 4.664067482980178880e+01
4.693715594332417851e+01 3.918585876908210253e+01
4.693715594332417851e+01 4.836776417231524761e+01
4.693715594332417851e+01 4.518093943483006569e+01
4.693715594332417851e+01 4.825779709774744219e+01
4.693715594332417851e+01 4.910343284298264876e+01
4.693715594332417851e+01 4.389933838531332100e+01
4.693715594332417851e+01 4.574949091752131380e+01
4.693715594332417851e+01 4.243119054569393001e+01
4.693715594332417851e+01 4.519561091792111540e+01
4.693715594332417851e+01 4.788180060068420119e+01
4.693715594332417851e+01 4.422617415845910926e+01
4.693715594332417851e+01 4.766693793539169377e+01
4.693715594332417851e+01 4.400156384095568285e+01
4.693715594332417851e+01 4.849771129735248820e+01
4.693715594332417851e+01 4.786211003030594213e+01
4.693715594332417851e+01 4.570955327084578812e+01
4.693715594332417851e+01 4.376893798985997819e+01
4.693715594332417851e+01 4.924641608470783893e+01
4.693715594332417851e+01 3.950704811904814306e+01
4.693715594332417851e+01 3.961380739565851883e+01
4.693715594332417851e+01 4.596909233917773463e+01
4.693715594332417851e+01 5.440965117539363405e+01
4.693715594332417851e+01 4.672331224213246514e+01
4.693715594332417851e+01 4.255423450930237550e+01
4.693715594332417851e+01 4.286957720148397044e+01
4.693715594332417851e+01 4.787519464469536246e+01
4.693715594332417851e+01 3.995754392836021651e+01
4.693715594332417851e+01 4.570995447093483222e+01
4.693715594332417851e+01 4.341080561307023089e+01
4.693715594332417851e+01 4.256075895937167530e+01
4.693715594332417851e+01 4.159964699563611390e+01
4.693715594332417851e+01 4.310517558759274692e+01
4.693715594332417851e+01 4.361806808397155066e+01
4.693715594332417851e+01 5.842485804430128837e+01
4.693715594332417851e+01 4.847898543414370209e+01
4.693715594332417851e+01 4.358422774765351448e+01
4.693715594332417851e+01 4.608653521736638936e+01
4.693715594332417851e+01 4.445994867189966726e+01
4.693715594332417851e+01 4.742504364407857054e+01
4.693715594332417851e+01 4.398734792708729913e+01
4.693715594332417851e+01 4.876904661345265168e+01
4.693715594332417851e+01 4.991887381492330178e+01
4.693715594332417851e+01 4.838431701167118604e+01
4.693715594332417851e+01 4.715325170327350435e+01
4.693715594332417851e+01 4.714002867421191922e+01
4.693715594332417851e+01 4.620108716964026030e+01
4.693715594332417851e+01 4.604574882018993520e+01
4.693715594332417851e+01 4.781061920212550120e+01
4.693715594332417851e+01 4.571820371517330983e+01
4.693715594332417851e+01 4.957964415741987807e+01
4.693715594332417851e+01 4.386092998604602400e+01
4.693715594332417851e+01 4.464718835866273849e+01
4.693715594332417851e+01 4.677093085075488688e+01
4.693715594332417851e+01 4.818961109557670852e+01
4.693715594332417851e+01 4.831390680970638130e+01
4.693715594332417851e+01 4.390375240731444961e+01
4.693715594332417851e+01 5.066291247928909058e+01
4.693715594332417851e+01 5.006015025530275153e+01
4.693715594332417851e+01 4.654968297277140010e+01
4.693715594332417851e+01 4.585881576762632506e+01
4.693715594332417851e+01 4.882678053390730355e+01
4.693715594332417851e+01 4.585181093918021844e+01
4.693715594332417851e+01 4.085289510518483524e+01
4.693715594332417851e+01 4.778662293685471241e+01
4.693715594332417851e+01 4.532121177765197473e+01
4.693715594332417851e+01 4.578319929729516247e+01
4.693715594332417851e+01 4.153960296863959201e+01
4.693715594332417851e+01 4.788045673351271603e+01
4.693715594332417851e+01 4.019290188801440422e+01
4.693715594332417851e+01 4.809773217779066101e+01
4.693715594332417851e+01 4.079823962060528686e+01
4.693715594332417851e+01 4.598734374239008815e+01
4.693715594332417851e+01 4.148935654225775238e+01
4.693715594332417851e+01 5.552685765390543793e+01
4.693715594332417851e+01 4.049465358417980099e+01
4.693715594332417851e+01 4.434950335775585728e+01
4.693715594332417851e+01 4.784311902825729845e+01
4.693715594332417851e+01 4.639072358772629912e+01
4.693715594332417851e+01 4.720301250303137408e+01
4.693715594332417851e+01 4.387424818524675629e+01
4.693715594332417851e+01 4.630424292509629680e+01
4.693715594332417851e+01 4.474103139421080044e+01
4.693715594332417851e+01 5.418506353422073119e+01
4.693715594332417851e+01 5.051965092995975937e+01
4.693715594332417851e+01 4.203814541806597305e+01
4.693715594332417851e+01 4.802217776106888891e+01
4.693715594332417851e+01 4.621474374836915899e+01
4.693715594332417851e+01 4.700419894947830812e+01
4.693715594332417851e+01 4.253108848128232466e+01
4.693715594332417851e+01 4.104998866544559633e+01
4.693715594332417851e+01 5.029157241125113842e+01
4.693715594332417851e+01 4.204414249748859334e+01
4.693715594332417851e+01 4.637153384482317620e+01
4.693715594332417851e+01 4.540092114257064537e+01
4.693715594332417851e+01 4.458652718002887383e+01
4.693715594332417851e+01 4.559119245538619936e+01
4.693715594332417851e+01 4.677445763687070723e+01
4.693715594332417851e+01 4.826327538501693226e+01
4.693715594332417851e+01 4.558453606741417019e+01
4.693715594332417851e+01 4.343789112751791492e+01
4.693715594332417851e+01 4.375948259725413436e+01
4.693715594332417851e+01 4.375065663053068477e+01
4.693715594332417851e+01 5.115082202505547571e+01
4.693715594332417851e+01 4.715799077393512562e+01
4.693715594332417851e+01 4.904216260741774391e+01
4.693715594332417851e+01 4.232268836785679156e+01
4.693715594332417851e+01 4.334757078220141580e+01
4.693715594332417851e+01 4.427575251733739492e+01
4.693715594332417851e+01 4.620105623116198501e+01
4.693715594332417851e+01 4.306848086561885225e+01
4.693715594332417851e+01 4.148910211882575538e+01
4.693715594332417851e+01 4.537354559449761382e+01
4.693715594332417851e+01 4.139415738589889315e+01
4.693715594332417851e+01 5.046286637091463234e+01
4.693715594332417851e+01 4.202222302487437133e+01
4.693715594332417851e+01 4.598248828434554270e+01
4.693715594332417851e+01 4.157339988877556181e+01
4.693715594332417851e+01 4.251495676749792807e+01
4.693715594332417851e+01 4.750026417873905871e+01
4.693715594332417851e+01 4.674631044344893382e+01
4.693715594332417851e+01 4.892125529345912582e+01
4.693715594332417851e+01 4.975048979184897036e+01
4.693715594332417851e+01 4.262773311346929006e+01
4.693715594332417851e+01 4.951674093337094007e+01
4.693715594332417851e+01 4.306342420915945013e+01
4.693715594332417851e+01 4.879038632112953167e+01
4.693715594332417851e+01 4.860937261108708185e+01
4.693715594332417851e+01 4.685702897923413701e+01
4.693715594332417851e+01 4.577666939159666271e+01
4.693715594332417851e+01 5.504431677515152899e+01
4.693715594332417851e+01 4.487202179469647945e+01
4.693715594332417851e+01 4.127738201674650043e+01
4.693715594332417851e+01 4.899238902018426245e+01
4.693715594332417851e+01 4.676596510322573153e+01
4.693715594332417851e+01 4.669178491410872311e+01
4.693715594332417851e+01 4.626059255683444604e+01
4.693715594332417851e+01 4.620276586450368939e+01
4.693715594332417851e+01 4.887191443328249818e+01
4.693715594332417851e+01 4.297968642920080384e+01
4.693715594332417851e+01 5.055733535745166307e+01
4.693715594332417851e+01 4.302726367745379576e+01
4.693715594332417851e+01 4.817271446055221418e+01
4.693715594332417851e+01 4.366846835804959426e+01
4.693715594332417851e+01 5.233534295905142386e+01
4.693715594332417851e+01 4.541763803811570455e+01
4.693715594332417851e+01 4.139317608952732996e+01
4.693715594332417851e+01 4.392643403215214448e+01
4.693715594332417851e+01 5.075267980999704776e+01
4.693715594332417851e+01 4.368616494464419020e+01
4.693715594332417851e+01 4.689615661451652784e+01
4.693715594332417851e+01 4.464945880098744624e+01
4.693715594332417851e+01 4.725262263066004209e+01
4.693715594332417851e+01 4.460536079802006526e+01
4.693715594332417851e+01 4.625527318441108093e+01
4.693715594332417851e+01 4.872471489463136862e+01
4.693715594332417851e+01 5.388290805267740069e+01
4.693715594332417851e+01 4.066438668368101617e+01
4.693715594332417851e+01 4.901712109959758834e+01
4.693715594332417851e+01 4.713183698851023706e+01
4.693715594332417851e+01 4.671526221040381444e+01
4.693715594332417851e+01 4.698377539432597416e+01
4.693715594332417851e+01 4.829868868507769974e+01
4.693715594332417851e+01 4.345747124953857110e+01
4.693715594332417851e+01 4.331344425293392675e+01
4.693715594332417851e+01 4.227120489930661762e+01
4.693715594332417851e+01 4.333503242693550561e+01
4.693715594332417851e+01 4.564295864011955928e+01
4.693715594332417851e+01 4.294453514417136830e+01
4.693715594332417851e+01 4.393323690123521885e+01
4.693715594332417851e+01 4.555533153463715479e+01
4.693715594332417851e+01 4.704902690167210011e+01
4.693715594332417851e+01 4.304369709680460687e+01
4.693715594332417851e+01 4.561609878467344714e+01
4.693715594332417851e+01 4.400979928422385257e+01
4.693715594332417851e+01 5.224350494204658446e+01
4.693715594332417851e+01 4.211092657891309443e+01
4.693715594332417851e+01 4.705636768290695926e+01
4.693715594332417851e+01 4.798477273093232753e+01
4.693715594332417851e+01 4.683920032650163279e+01
4.693715594332417851e+01 4.749549220305877384e+01
4.693715594332417851e+01 4.479089996592651346e+01
4.693715594332417851e+01 4.653786164533473624e+01
4.693715594332417851e+01 4.320443757532195406e+01
4.693715594332417851e+01 4.211869988920093988e+01
4.693715594332417851e+01 5.005292825409287616e+01
4.693715594332417851e+01 4.816910491670930128e+01
4.693715594332417851e+01 4.653085322724439266e+01
4.693715594332417851e+01 4.882355510807083476e+01
4.693715594332417851e+01 4.572860420521696767e+01
4.693715594332417851e+01 4.195892961242969932e+01
4.693715594332417851e+01 5.156795758019189435e+01
4.693715594332417851e+01 4.268839760739608380e+01
4.693715594332417851e+01 4.339514551103711426e+01
4.693715594332417851e+01 4.359262448711043447e+01
4.693715594332417851e+01 4.167967915017926117e+01
4.693715594332417851e+01 3.669934099195219801e+01
4.693715594332417851e+01 4.006142771748717735e+01
4.693715594332417851e+01 5.359704291358900008e+01
4.693715594332417851e+01 4.448769351230458824e+01
4.693715594332417851e+01 5.118168409920493644e+01
4.693715594332417851e+01 4.775035730629554820e+01
4.693715594332417851e+01 4.581225825055189205e+01
4.693715594332417851e+01 4.255230123119917351e+01
4.693715594332417851e+01 4.882371937438738030e+01
4.693715594332417851e+01 4.372617982390118385e+01
4.693715594332417851e+01 4.317479674408463097e+01
4.693715594332417851e+01 4.695920620051767003e+01
4.693715594332417851e+01 4.109903672509627626e+01
4.693715594332417851e+01 4.431138765021344739e+01
4.693715594332417851e+01 4.733329487466024688e+01
4.693715594332417851e+01 4.553290100102393723e+01
4.693715594332417851e+01 3.898628720661364611e+01
4.693715594332417851e+01 4.420471050497937426e+01
4.693715594332417851e+01 4.636559451001436116e+01
4.693715594332417851e+01 4.546005495264928697e+01
4.693715594332417851e+01 4.750155840005384533e+01
4.693715594332417851e+01 4.577593822293833625e+01
4.693715594332417851e+01 4.519681215063927482e+01
4.693715594332417851e+01 4.925317135197253293e+01
4.693715594332417851e+01 4.500651212564716985e+01
4.693715594332417851e+01 5.164174013831468812e+01
4.693715594332417851e+01 4.502683161995061312e+01
4.693715594332417851e+01 4.320476033352041156e+01
4.693715594332417851e+01 5.076245448691237527e+01
4.693715594332417851e+01 4.542031383914564202e+01
4.693715594332417851e+01 4.719514999032423930e+01
4.693715594332417851e+01 4.449541584209666922e+01
4.693715594332417851e+01 4.784038659470917310e+01
4.693715594332417851e+01 4.783175967648258364e+01
4.693715594332417851e+01 4.360344663872486137e+01
4.693715594332417851e+01 4.065316537204071778e+01
4.693715594332417851e+01 4.866432212339933727e+01
4.693715594332417851e+01 4.586782171492544080e+01
4.693715594332417851e+01 4.782217222389967759e+01
4.693715594332417851e+01 4.556723336587853623e+01
4.693715594332417851e+01 4.670358627799657114e+01
4.693715594332417851e+01 4.383043920362029411e+01
4.693715594332417851e+01 4.799187863087387029e+01
4.693715594332417851e+01 4.735444507663058999e+01
4.693715594332417851e+01 4.335956613933640824e+01
4.693715594332417851e+01 4.809877824603849916e+01
4.693715594332417851e+01 4.390887869737785820e+01
4.693715594332417851e+01 4.425311664185471727e+01
4.693715594332417851e+01 5.028251230225068724e+01
4.693715594332417851e+01 5.207160088975817303e+01
4.693715594332417851e+01 4.434861556265933302e+01
4.693715594332417851e+01 4.489566920570874942e+01
4.693715594332417851e+01 4.734535874579430725e+01
4.693715594332417851e+01 4.036225053668642460e+01
4.693715594332417851e+01 4.024550600334358563e+01
4.693715594332417851e+01 4.281091988522470615e+01
4.693715594332417851e+01 4.529248747994930824e+01
4.693715594332417851e+01 5.161405245962855304e+01
4.693715594332417851e+01 4.938130035265921691e+01
4.693715594332417851e+01 4.872023035545640113e+01
4.693715594332417851e+01 4.823809448384859166e+01
4.693715594332417851e+01 4.850962819371089552e+01
4.693715594332417851e+01 4.091885428770726207e+01
4.693715594332417851e+01 4.222562338635562895e+01
4.693715594332417851e+01 4.516671461993799142e+01
4.693715594332417851e+01 4.687663678820595692e+01
4.693715594332417851e+01 4.157232345980376209e+01
4.693715594332417851e+01 4.600562097062718436e+01
4.693715594332417851e+01 4.601114837211295594e+01
4.693715594332417851e+01 4.708623168130703363e+01
4.693715594332417851e+01 5.274465743776703874e+01
4.693715594332417851e+01 4.812233322651132283e+01
4.693715594332417851e+01 4.383927705043815592e+01
4.693715594332417851e+01 4.808405700463674748e+01
4.693715594332417851e+01 5.126816338202339551e+01
4.693715594332417851e+01 4.757447789156687179e+01
4.693715594332417851e+01 4.219774894750397465e+01
4.693715594332417851e+01 4.584884415144067304e+01
4.693715594332417851e+01 4.412945607326263087e+01
4.693715594332417851e+01 4.743404882774143516e+01
4.693715594332417851e+01 5.005043150720458556e+01
4.693715594332417851e+01 4.174221476258319541e+01
4.693715594332417851e+01 4.638499630324585610e+01
4.693715594332417851e+01 5.018765948053608383e+01
4.693715594332417851e+01 4.359827846265329043e+01
4.693715594332417851e+01 4.310262226622175064e+01
4.693715594332417851e+01 4.733699246199859090e+01
4.693715594332417851e+01 4.238955038414349730e+01
4.693715594332417851e+01 4.520955616818800848e+01
4.693715594332417851e+01 4.940223088986901701e+01
4.693715594332417851e+01 4.155732598216422957e+01
4.693715594332417851e+01 5.066470979302349065e+01
4.693715594332417851e+01 4.745827337371876098e+01
4.693715594332417851e+01 4.226890011910214895e+01
4.693715594332417851e+01 4.911410099854796840e+01
4.693715594332417851e+01 4.474286828029349294e+01
4.693715594332417851e+01 5.269239290300623679e+01
4.693715594332417851e+01 3.709636813536965860e+01
4.693715594332417851e+01 4.599287830108205100e+01
4.693715594332417851e+01 4.777742597070875519e+01
4.693715594332417851e+01 4.879286472905073424e+01
4.693715594332417851e+01 4.940209559162893527e+01
4.693715594332417851e+01 4.069779401147828679e+01
4.693715594332417851e+01 4.680355980052495823e+01
4.693715594332417851e+01 4.846065853920938338e+01
4.693715594332417851e+01 4.509365493224093058e+01
4.693715594332417851e+01 4.301835397745649203e+01
4.693715594332417851e+01 4.047175816145687577e+01
4.693715594332417851e+01 4.831522454252495891e+01
4.693715594332417851e+01 5.033940588638845526e+01
4.693715594332417851e+01 4.952585175582146348e+01
4.693715594332417851e+01 4.835923208942478624e+01
4.693715594332417851e+01 4.403251074087532402e+01
4.693715594332417851e+01 4.577967739583542084e+01
4.693715594332417851e+01 4.690471648852086872e+01
4.693715594332417851e+01 4.660894074818651944e+01
4.693715594332417851e+01 5.051678448128760124e+01
4.693715594332417851e+01 4.250250051166557341e+01
4.693715594332417851e+01 4.451517573445129727e+01
4.693715594332417851e+01 4.311570849401244487e+01
4.693715594332417851e+01 4.327520269692551835e+01
4.693715594332417851e+01 4.551148914216874886e+01
4.693715594332417851e+01 4.891775818441035995e+01
4.693715594332417851e+01 4.747132512913365332e+01
4.693715594332417851e+01 4.663920759984625164e+01
4.693715594332417851e+01 4.530459388098666551e+01
4.693715594332417851e+01 4.862100268328574515e+01
4.693715594332417851e+01 4.464732224362311541e+01
4.693715594332417851e+01 4.285016099773497444e+01
4.693715594332417851e+01 5.329471544654424520e+01
4.693715594332417851e+01 4.575184757729235940e+01
4.693715594332417851e+01 4.690195913849243681e+01
4.693715594332417851e+01 4.203039475146114512e+01
4.693715594332417851e+01 5.032947028077827412e+01
4.693715594332417851e+01 4.737527321951937154e+01
4.693715594332417851e+01 4.750219502339586342e+01
4.693715594332417851e+01 4.830517389369053660e+01
4.693715594332417851e+01 5.034650235703249876e+01
4.693715594332417851e+01 4.518483013816011606e+01
4.693715594332417851e+01 4.405084597267714486e+01
4.693715594332417851e+01 4.487539850961871224e+01
4.693715594332417851e+01 4.666582649630472446e+01
4.693715594332417851e+01 4.594359404301899019e+01
4.693715594332417851e+01 4.932551782194622092e+01
4.693715594332417851e+01 4.455493821650067332e+01
4.693715594332417851e+01 4.954957202692725815e+01
4.693715594332417851e+01 4.094524766821469797e+01
4.693715594332417851e+01 4.704989765173160521e+01
4.693715594332417851e+01 4.991892456403591893e+01
4.693715594332417851e+01 4.119501478205753386e+01
4.693715594332417851e+01 4.599689790382673493e+01
4.693715594332417851e+01 4.351268751262914236e+01
4.693715594332417851e+01 4.557671664610030149e+01
4.693715594332417851e+01 5.114957992024461220e+01
4.693715594332417851e+01 4.739482129563717194e+01
4.693715594332417851e+01 4.582789774816968986e+01
4.693715594332417851e+01 4.430147689298996738e+01
4.693715594332417851e+01 5.149547629318924891e+01
4.693715594332417851e+01 5.495521227360301708e+01
4.693715594332417851e+01 5.071617286295547444e+01
4.693715594332417851e+01 4.589885177696779550e+01
4.693715594332417851e+01 4.567631281869665827e+01
4.693715594332417851e+01 4.359318789910121694e+01
4.693715594332417851e+01 4.612009532487052610e+01
4.693715594332417851e+01 3.942717136697189773e+01
4.693715594332417851e+01 4.772178999260005838e+01
4.693715594332417851e+01 4.539013492197870647e+01
4.693715594332417851e+01 4.940582562339016448e+01
4.693715594332417851e+01 4.652334023026391208e+01
4.693715594332417851e+01 4.440842995782548996e+01
4.693715594332417851e+01 4.860950401843953728e+01
4.693715594332417851e+01 4.058272536623576343e+01
4.693715594332417851e+01 4.836046393817975542e+01
4.693715594332417851e+01 4.766717916872003968e+01
4.693715594332417851e+01 4.383554433165706854e+01
4.693715594332417851e+01 4.549711142622467008e+01
4.693715594332417851e+01 4.554858545655391566e+01
4.693715594332417851e+01 4.766599700285556196e+01
4.693715594332417851e+01 5.138677796727387914e+01
4.693715594332417851e+01 4.246020208284495112e+01
4.693715594332417851e+01 4.693253640745766830e+01
4.693715594332417851e+01 4.028235008710675658e+01
4.693715594332417851e+01 4.159098639546260756e+01
4.693715594332417851e+01 4.239363683027453078e+01
4.693715594332417851e+01 4.221730851425287767e+01
4.693715594332417851e+01 4.760118176191122785e+01
4.693715594332417851e+01 4.633105201425705388e+01
4.693715594332417851e+01 4.673027395223798663e+01
4.693715594332417851e+01 4.614583289782392939e+01
4.693715594332417851e+01 5.395642870831551363e+01
4.693715594332417851e+01 4.342678782197461373e+01
4.693715594332417851e+01 4.305898225072209584e+01
4.693715594332417851e+01 4.402115260620928439e+01
4.693715594332417851e+01 3.744708323790912630e+01
4.693715594332417851e+01 5.484275397882789349e+01
4.693715594332417851e+01 4.333065299229389211e+01
4.693715594332417851e+01 4.593917173120000541e+01
4.693715594332417851e+01 4.528011675748337694e+01
4.693715594332417851e+01 4.732881219479849477e+01
4.693715594332417851e+01 4.416979531640841117e+01
4.693715594332417851e+01 5.345614712846790439e+01
4.693715594332417851e+01 4.878507227858890616e+01
4.693715594332417851e+01 5.362973014336370170e+01
4.693715594332417851e+01 3.903704832280615022e+01
4.693715594332417851e+01 4.736125326600921426e+01
4.693715594332417851e+01 4.475457373782447945e+01
4.693715594332417851e+01 3.995518903613616146e+01
4.693715594332417851e+01 4.546148622029903663e+01
4.693715594332417851e+01 4.586457700725580366e+01
4.693715594332417851e+01 4.397852905204945984e+01
4.693715594332417851e+01 4.860909437891374552e+01
4.693715594332417851e+01 4.631884618492593830e+01
4.693715594332417851e+01 4.354454444829851667e+01
4.693715594332417851e+01 4.542675283611054482e+01
4.693715594332417851e+01 4.594079272666363067e+01
4.693715594332417851e+01 4.730679508075859019e+01
4.693715594332417851e+01 3.966555749515199381e+01
4.693715594332417851e+01 4.427542039699788745e+01
4.693715594332417851e+01 4.729488551265247054e+01
4.693715594332417851e+01 4.465945738985348612e+01
4.693715594332417851e+01 4.672506543769006271e+01
4.693715594332417851e+01 4.049987220805184052e+01
4.693715594332417851e+01 4.749186351833389352e+01
4.693715594332417851e+01 4.555237657818673114e+01
4.693715594332417851e+01 3.828617306166978551e+01
4.693715594332417851e+01 5.040563588642642401e+01
4.693715594332417851e+01 4.248763778178326334e+01
4.693715594332417851e+01 4.883098380742345057e+01
4.693715594332417851e+01 4.744116995292301198e+01
4.693715594332417851e+01 4.773548218137901955e+01
4.693715594332417851e+01 4.887431076327917623e+01
4.693715594332417851e+01 4.863521892208426323e+01
4.693715594332417851e+01 5.184535000671119320e+01
4.693715594332417851e+01 4.920261051079506842e+01
4.693715594332417851e+01 4.014803552445891910e+01
4.693715594332417851e+01 4.112428997485216087e+01
4.693715594332417851e+01 4.944446493663517117e+01
4.693715594332417851e+01 4.667948213354820552e+01
4.693715594332417851e+01 4.678218200931183191e+01
4.693715594332417851e+01 5.029457906748014295e+01
4.693715594332417851e+01 4.330846663312746614e+01
4.693715594332417851e+01 4.536192587656938713e+01
4.693715594332417851e+01 4.463967534011688798e+01
4.693715594332417851e+01 4.410373903140708762e+01
4.693715594332417851e+01 4.007097677321571894e+01
4.693715594332417851e+01 5.361195465917997183e+01
4.693715594332417851e+01 5.176395389160746419e+01
4.693715594332417851e+01 4.378799044526444817e+01
4.693715594332417851e+01 5.193820524276826234e+01
4.693715594332417851e+01 4.606232859709389516e+01
4.693715594332417851e+01 4.830238693872290412e+01
4.693715594332417851e+01 4.516789108803376251e+01
4.693715594332417851e+01 4.540470309863788856e+01
4.693715594332417851e+01 4.537398053997451797e+01
4.693715594332417851e+01 3.949062552991049557e+01
4.693715594332417851e+01 5.004201123876704571e+01
4.693715594332417851e+01 4.756269732042102305e+01
4.693715594332417851e+01 4.741964153158550488e+01
4.693715594332417851e+01 4.456240290046712005e+01
4.693715594332417851e+01 4.519525409236743485e+01
4.693715594332417851e+01 4.517145074322036891e+01
4.693715594332417851e+01 4.691679642964857067e+01
4.693715594332417851e+01 4.694039538758808305e+01
4.693715594332417851e+01 5.194406397619384563e+01
4.693715594332417851e+01 4.358164846266510040e+01
4.693715594332417851e+01 4.696307928210816840e+01
4.693715594332417851e+01 5.045465904148321812e+01
4.693715594332417851e+01 4.230233111656381340e+01
4.693715594332417851e+01 4.431538445638095425e+01
4.693715594332417851e+01 5.535221701683911988e+01
4.693715594332417851e+01 4.689755029991020052e+01
4.693715594332417851e+01 4.026691082456104454e+01
4.693715594332417851e+01 4.898840978225242537e+01
4.693715594332417851e+01 5.157184380593818673e+01
4.693715594332417851e+01 4.519358000380195506e+01
4.693715594332417851e+01 4.426884758588276725e+01
4.693715594332417851e+01 4.347270962874230804e+01
4.693715594332417851e+01 4.640028324924986691e+01
4.693715594332417851e+01 4.371666548378104977e+01
4.693715594332417851e+01 4.562993038890584785e+01
4.693715594332417851e+01 4.566438402602730662e+01
4.693715594332417851e+01 4.876484602000228818e+01
4.693715594332417851e+01 4.566929859280461557e+01
4.693715594332417851e+01 4.113563126991712693e+01
4.693715594332417851e+01 4.509232339338566931e+01
4.693715594332417851e+01 4.271808553195189262e+01
4.693715594332417851e+01 4.747337350346077756e+01
4.693715594332417851e+01 5.306769423417680542e+01
4.693715594332417851e+01 5.105439531593732738e+01
4.693715594332417851e+01 5.015503465556366791e+01
4.693715594332417851e+01 4.188756845165291054e+01
4.693715594332417851e+01 5.066017279282203845e+01
4.693715594332417851e+01 4.434565982785545657e+01
4.693715594332417851e+01 4.692866412913591034e+01
4.693715594332417851e+01 3.761086399272072356e+01
4.693715594332417851e+01 4.479271644588386891e+01
4.693715594332417851e+01 4.683716290621124756e+01
4.693715594332417851e+01 4.406013158621504289e+01
4.693715594332417851e+01 4.428976071800622805e+01
4.693715594332417851e+01 4.791301539721604996e+01
4.693715594332417851e+01 4.171314361021023132e+01
4.693715594332417851e+01 4.618621999939618661e+01
4.693715594332417851e+01 4.406327562529385489e+01
4.693715594332417851e+01 4.383873608807103750e+01
4.693715594332417851e+01 4.904497579072214819e+01
4.693715594332417851e+01 5.096518218668846600e+01
4.693715594332417851e+01 4.503884304576823183e+01
4.693715594332417851e+01 4.894364994638800681e+01
4.693715594332417851e+01 4.568438333696111187e+01
4.693715594332417851e+01 4.497021865268844465e+01
4.693715594332417851e+01 5.034608834611617567e+01
4.693715594332417851e+01 4.721550322483034279e+01
4.693715594332417851e+01 4.814724753582817129e+01
4.693715594332417851e+01 5.019480031755787763e+01
4.693715594332417851e+01 4.728363797231308752e+01
4.693715594332417851e+01 4.773261230025964608e+01
4.693715594332417851e+01 4.163790764483502471e+01
4.693715594332417851e+01 4.279843900397721512e+01
4.693715594332417851e+01 4.602590068651294075e+01
4.693715594332417851e+01 4.795891025997925539e+01
4.693715594332417851e+01 4.113058071878053568e+01
4.693715594332417851e+01 5.052817081643031827e+01
4.693715594332417851e+01 5.035941912901076734e+01
4.693715594332417851e+01 4.821658603888001693e+01
4.693715594332417851e+01 4.347696458526800711e+01
4.693715594332417851e+01 4.790585362465607489e+01
4.693715594332417851e+01 4.810011947397572385e+01
4.693715594332417851e+01 4.292879637269128068e+01
4.693715594332417851e+01 4.874070361410889518e+01
4.693715594332417851e+01 4.731934550044216081e+01
4.693715594332417851e+01 4.389015975766793076e+01
4.693715594332417851e+01 4.561958529059220524e+01
4.693715594332417851e+01 5.231496498071561518e+01
4.693715594332417851e+01 4.812596315714594652e+01
4.693715594332417851e+01 4.670996340747643671e+01
4.693715594332417851e+01 4.581818819227670048e+01
4.693715594332417851e+01 4.953259778321130113e+01
4.693715594332417851e+01 4.675243488090738708e+01
4.693715594332417851e+01 4.233348652563230985e+01
4.693715594332417851e+01 4.329993543913609244e+01
4.693715594332417851e+01 5.339431145168445880e+01
4.693715594332417851e+01 4.900267041092835996e+01
4.693715594332417851e+01 4.984424946013506030e+01
4.693715594332417851e+01 4.919047102061837506e+01
4.693715594332417851e+01 4.821067715455967573e+01
4.693715594332417851e+01 5.003394446441963339e+01
4.693715594332417851e+01 4.827244882747933730e+01
4.693715594332417851e+01 4.457985954039946819e+01
4.693715594332417851e+01 4.875598842603911720e+01
4.693715594332417851e+01 4.589075740818637428e+01
4.693715594332417851e+01 4.913040500528488508e+01
4.693715594332417851e+01 4.483898401591653027e+01
4.693715594332417851e+01 4.600812799011737297e+01
4.693715594332417851e+01 4.783596582206679670e+01
4.693715594332417851e+01 4.288778274303241744e+01
4.693715594332417851e+01 4.497322848655998229e+01
4.693715594332417851e+01 5.068147930943763413e+01
4.693715594332417851e+01 4.784205311695214391e+01
4.693715594332417851e+01 4.249288524169021031e+01
4.693715594332417851e+01 5.034964139855633647e+01
4.693715594332417851e+01 4.285153385447205210e+01
4.693715594332417851e+01 4.166091057754778149e+01
4.693715594332417851e+01 4.650019606010765472e+01
4.693715594332417851e+01 4.642606338225376561e+01
4.693715594332417851e+01 4.518542457682450930e+01
4.693715594332417851e+01 4.397085018857597305e+01
4.693715594332417851e+01 4.731417504936697327e+01
4.693715594332417851e+01 4.474111207197346118e+01
4.693715594332417851e+01 4.492222152490474230e+01
4.693715594332417851e+01 4.330871774339045288e+01
4.693715594332417851e+01 4.742371760965383487e+01
4.693715594332417851e+01 4.436522291489787762e+01
4.693715594332417851e+01 4.579488227769930120e+01
4.693715594332417851e+01 4.941754923667541277e+01
4.693715594332417851e+01 4.176147056848891026e+01
4.693715594332417851e+01 4.746816538377914441e+01
4.693715594332417851e+01 4.353574895991118865e+01
4.693715594332417851e+01 4.395943078592633668e+01
4.693715594332417851e+01 4.001436864500397661e+01
4.693715594332417851e+01 4.243492560299752370e+01
4.693715594332417851e+01 4.121942329749786893e+01
4.693715594332417851e+01 4.598951096009214012e+01
4.693715594332417851e+01 4.531593058321758605e+01
4.693715594332417851e+01 5.022056908118575080e+01
4.693715594332417851e+01 4.486645609308498450e+01
4.693715594332417851e+01 4.443694884054754368e+01
4.693715594332417851e+01 4.519546653563138960e+01
4.693715594332417851e+01 5.020407363401614731e+01
4.693715594332417851e+01 4.147489356670635630e+01
4.693715594332417851e+01 4.903002826999244235e+01
4.693715594332417851e+01 4.601945198055676656e+01
4.693715594332417851e+01 4.622657699858797287e+01
4.693715594332417851e+01 4.867678522999079860e+01
4.693715594332417851e+01 4.979418486529461063e+01
4.693715594332417851e+01 4.613995613425726816e+01
4.693715594332417851e+01 5.062079201387593486e+01
4.693715594332417851e+01 3.932736846826820454e+01
4.693715594332417851e+01 4.270286534230832132e+01
4.693715594332417851e+01 4.550592311993527517e+01
4.693715594332417851e+01 4.750282741129593234e+01
4.693715594332417851e+01 4.569177908739418825e+01
4.693715594332417851e+01 5.255284685786404708e+01
4.693715594332417851e+01 5.176240544597520454e+01
4.693715594332417851e+01 3.997549236530502981e+01
4.693715594332417851e+01 4.832258395471297518e+01
4.693715594332417851e+01 4.816748365262081677e+01
4.693715594332417851e+01 4.598317966883683283e+01
4.693715594332417851e+01 5.297079247132340640e+01
4.693715594332417851e+01 4.498947662382843049e+01
4.693715594332417851e+01 4.445805433764603976e+01
4.693715594332417851e+01 3.767709831995682634e+01
4.693715594332417851e+01 4.809269550609477761e+01
4.693715594332417851e+01 4.178515270831140782e+01
4.693715594332417851e+01 4.531772030811979590e+01
4.693715594332417851e+01 4.559548495602078333e+01
4.693715594332417851e+01 4.856577280453695522e+01
4.693715594332417851e+01 4.546919034020898209e+01
4.693715594332417851e+01 5.183374709998506802e+01
4.693715594332417851e+01 4.957339406853142094e+01
4.693715594332417851e+01 4.590640413720180391e+01
4.693715594332417851e+01 4.777957654622305483e+01
4.693715594332417851e+01 4.158864292707346522e+01
4.693715594332417851e+01 4.243840715192666124e+01
4.693715594332417851e+01 4.197828873929884708e+01
4.693715594332417851e+01 4.255513024079999695e+01
4.693715594332417851e+01 4.851780951080073123e+01
4.693715594332417851e+01 4.664265870715683349e+01
4.693715594332417851e+01 4.360194320416272262e+01
4.693715594332417851e+01 5.211373046450237467e+01
4.693715594332417851e+01 4.644070624855157092e+01
4.693715594332417851e+01 4.451273267445169068e+01
4.693715594332417851e+01 4.609289736947614813e+01
4.693715594332417851e+01 4.741237088943204014e+01
4.693715594332417851e+01 4.402319943755350096e+01
4.693715594332417851e+01 4.947845544920490823e+01
4.693715594332417851e+01 4.614731268630535510e+01
4.693715594332417851e+01 3.992578381125644427e+01
4.693715594332417851e+01 4.672561830486824874e+01
4.693715594332417851e+01 4.590687911772192820e+01
4.693715594332417851e+01 4.447794610461339460e+01
4.693715594332417851e+01 4.348047955001209885e+01
4.693715594332417851e+01 4.129886450967642020e+01
4.693715594332417851e+01 4.676970225999224340e+01
4.693715594332417851e+01 4.661401842611160617e+01
4.693715594332417851e+01 4.813768134833171075e+01
4.693715594332417851e+01 3.939316749580042654e+01
4.693715594332417851e+01 4.643015444435416583e+01
4.693715594332417851e+01 4.089629247711211946e+01
4.693715594332417851e+01 4.440355653473307029e+01
4.693715594332417851e+01 4.417660606018667835e+01
4.693715594332417851e+01 4.239078209802612918e+01
4.693715594332417851e+01 4.788668388841846024e+01
4.693715594332417851e+01 4.247874335954903557e+01
4.693715594332417851e+01 4.323621210780058277e+01
4.693715594332417851e+01 4.793918525946305920e+01
4.693715594332417851e+01 4.905871357276625133e+01
4.693715594332417851e+01 4.524576888603808555e+01
4.693715594332417851e+01 4.253008060462922657e+01
4.693715594332417851e+01 4.798739570820949041e+01
4.693715594332417851e+01 4.446492135308756133e+01
4.693715594332417851e+01 4.622799733593724625e+01
4.693715594332417851e+01 4.866102590756261748e+01
4.693715594332417851e+01 4.144429918585235839e+01
