4.693715594332417851e+01 3.951369094363560919e+01
4.693715594332417851e+01 4.669737803761365313e+01
4.693715594332417851e+01 4.891312153352396308e+01
4.693715594332417851e+01 4.613352196906379277e+01
4.693715594332417851e+01 4.704529737951179413e+01
4.693715594332417851e+01 4.771751550132213282e+01
4.693715594332417851e+01 4.914130069904477693e+01
4.693715594332417851e+01 4.505368432448188543e+01
4.693715594332417851e+01 4.366745545473617085e+01
4.693715594332417851e+01 4.278024464866715704e+01
4.693715594332417851e+01 4.891509441877784781e+01
4.693715594332417851e+01 4.903316083001340075e+01
4.693715594332417851e+01 4.709797572545663513e+01
4.693715594332417851e+01 4.396612464724894664e+01
4.693715594332417851e+01 4.890739003633142090e+01
4.693715594332417851e+01 4.476644429311389217e+01
4.693715594332417851e+01 4.594081444410689841e+01
4.693715594332417851e+01 4.674535253418972047e+01
4.693715594332417851e+01 4.542877111607922558e+01
4.693715594332417851e+01 3.976684947664056580e+01
4.693715594332417851e+01 4.837644575120458512e+01
4.693715594332417851e+01 4.754546555186148993e+01
4.693715594332417851e+01 4.131558486001038233e+01
4.693715594332417851e+01 4.417658764224727008e+01
4.693715594332417851e+01 4.417428846171679879e+01
4.693715594332417851e+01 4.142161114611862871e+01
4.693715594332417851e+01 4.948686523658847136e+01
4.693715594332417851e+01 5.094351236598598121e+01
4.693715594332417851e+01 4.190216207888335020e+01
4.693715594332417851e+01 4.511706246656404318e+01
4.693715594332417851e+01 4.203386982047776854e+01
4.693715594332417851e+01 4.756271231713233760e+01
4.693715594332417851e+01 4.792458356281059650e+01
4.693715594332417851e+01 4.359220426243054902e+01
4.693715594332417851e+01 4.655439314244870985e+01
4.693715594332417851e+01 4.586840603680616368e+01
4.693715594332417851e+01 5.109995254613539117e+01
4.693715594332417851e+01 4.344664474775344587e+01
4.693715594332417851e+01 4.499686172775957971e+01
4.693715594332417851e+01 4.743251768334967267e+01
4.693715594332417851e+01 5.142006922961112281e+01
4.693715594332417851e+01 4.757485127837002636e+01
4.693715594332417851e+01 4.402395169747176595e+01
4.693715594332417851e+01 4.511384415656846159e+01
4.693715594332417851e+01 4.199715341182028538e+01
4.693715594332417851e+01 5.154383357933995313e+01
4.693715594332417851e+01 4.529761107619889771e+01
4.693715594332417851e+01 4.490795992213640631e+01
4.693715594332417851e+01 4.367403019512607187e+01
4.693715594332417851e+01 4.985319774481756383e+01
4.693715594332417851e+01 4.490933297470809293e+01
4.693715594332417851e+01 4.798024163282691745e+01
4.693715594332417851e+01 4.761428857882517462e+01
4.693715594332417851e+01 4.289964986388901025e+01
4.693715594332417851e+01 4.900017778098246168e+01
4.693715594332417851e+01 4.353307469313989486e+01
4.693715594332417851e+01 4.299856666944285166e+01
4.693715594332417851e+01 4.175250192918549885e+01
4.693715594332417851e+01 4.805124466500530644e+01
4.693715594332417851e+01 4.516069202134979577e+01
4.693715594332417851e+01 4.132861212798680839e+01
4.693715594332417851e+01 4.950357393361042568e+01
4.693715594332417851e+01 4.418784479711310098e+01
4.693715594332417851e+01 4.257532207174380545e+01
4.693715594332417851e+01 4.493082246916850409e+01
4.693715594332417851e+01 4.237894773017038830e+01
4.693715594332417851e+01 4.340136718190654364e+01
4.693715594332417851e+01 4.629380953503778073e+01
4.693715594332417851e+01 4.396557451983679954e+01
4.693715594332417851e+01 4.658487274726589078e+01
4.693715594332417851e+01 4.378315573687317652e+01
4.693715594332417851e+01 4.524145023143017141e+01
4.693715594332417851e+01 4.996843545833771572e+01
4.693715594332417851e+01 4.777958821988023885e+01
4.693715594332417851e+01 4.543558467971978843e+01
4.693715594332417851e+01 4.917799121827657416e+01
4.693715594332417851e+01 4.367354382002704938e+01
4.693715594332417851e+01 4.318473621358708670e+01
4.693715594332417851e+01 3.906134117178883258e+01
4.693715594332417851e+01 5.266270328877246243e+01
4.693715594332417851e+01 4.425049840544907909e+01
4.693715594332417851e+01 4.320582719772516356e+01
4.693715594332417851e+01 4.933807770847174368e+01
4.693715594332417851e+01 5.002175750415330668e+01
4.693715594332417851e+01 4.568321335879989675e+01
4.693715594332417851e+01 4.718351512834163941e+01
4.693715594332417851e+01 4.794784660073079152e+01
4.693715594332417851e+01 4.828337095521471412e+01
4.693715594332417851e+01 4.950127644597256449e+01
4.693715594332417851e+01 4.537459956128635241e+01
4.693715594332417851e+01 4.936721284718426261e+01
4.693715594332417851e+01 4.292920249763387375e+01
4.693715594332417851e+01 4.491107498324279845e+01
4.693715594332417851e+01 5.075235297253942690e+01
4.693715594332417851e+01 4.654631283558516941e+01
4.693715594332417851e+01 4.451464125422142359e+01
4.693715594332417851e+01 3.986856792807051875e+01
4.693715594332417851e+01 4.933338745449981388e+01
4.693715594332417851e+01 5.101371742596560921e+01
4.693715594332417851e+01 4.283546553720351824e+01
4.693715594332417851e+01 4.084134556547037676e+01
4.693715594332417851e+01 5.112981416240875632e+01
4.693715594332417851e+01 4.668061049300099086e+01
4.693715594332417851e+01 4.468294354658446110e+01
4.693715594332417851e+01 4.401053796327236967e+01
4.693715594332417851e+01 4.636504245620762532e+01
4.693715594332417851e+01 4.625316539176776587e+01
4.693715594332417851e+01 4.280631665891297644e+01
4.693715594332417851e+01 4.981398385548977359e+01
4.693715594332417851e+01 4.564294087670981526e+01
4.693715594332417851e+01 4.846685000773651808e+01
4.693715594332417851e+01 4.697978049727925765e+01
4.693715594332417851e+01 4.309682255988565913e+01
4.693715594332417851e+01 4.578114596294702920e+01
4.693715594332417851e+01 3.964083635527028804e+01
4.693715594332417851e+01 4.734420536483223430e+01
4.693715594332417851e+01 4.651489964845122671e+01
4.693715594332417851e+01 4.293018313691032972e+01
4.693715594332417851e+01 4.779125670898270783e+01
4.693715594332417851e+01 4.455700663842643650e+01
4.693715594332417851e+01 4.861418361536918553e+01
4.693715594332417851e+01 4.448730197421991051e+01
4.693715594332417851e+01 4.181950654363466668e+01
4.693715594332417851e+01 4.282445279252283399e+01
4.693715594332417851e+01 4.799945786448944318e+01
4.693715594332417851e+01 4.882721443662028094e+01
4.693715594332417851e+01 3.898059022491801784e+01
4.693715594332417851e+01 4.295053444648110030e+01
4.693715594332417851e+01 4.732355249160698207e+01
4.693715594332417851e+01 4.606734704533834446e+01
4.693715594332417851e+01 4.797970323360193845e+01
4.693715594332417851e+01 3.996466903220257905e+01
4.693715594332417851e+01 5.144182962651387214e+01
4.693715594332417851e+01 4.263558465321762725e+01
4.693715594332417851e+01 4.022519305694794411e+01
4.693715594332417851e+01 4.721184703862423504e+01
4.693715594332417851e+01 4.399272453248652681e+01
4.693715594332417851e+01 4.410521527790487539e+01
4.693715594332417851e+01 4.329305201570661410e+01
4.693715594332417851e+01 4.527096819735314170e+01
4.693715594332417851e+01 4.843238705030206148e+01
4.693715594332417851e+01 4.652514972827034256e+01
4.693715594332417851e+01 4.383006487754808944e+01
4.693715594332417851e+01 4.322255184273079465e+01
4.693715594332417851e+01 4.524112172294729817e+01
4.693715594332417851e+01 4.234827910537418205e+01
4.693715594332417851e+01 4.435748068660591770e+01
4.693715594332417851e+01 4.634731862275493341e+01
4.693715594332417851e+01 4.528506124245436126e+01
4.693715594332417851e+01 5.271576387404486042e+01
4.693715594332417851e+01 4.847793540203773688e+01
4.693715594332417851e+01 4.599755015668552005e+01
4.693715594332417851e+01 4.352309338454607968e+01
4.693715594332417851e+01 4.909318599235540148e+01
4.693715594332417851e+01 4.974957868908960279e+01
4.693715594332417851e+01 4.846121283584421491e+01
4.693715594332417851e+01 4.346086871445785249e+01
4.693715594332417851e+01 4.674619514322116487e+01
4.693715594332417851e+01 4.813554472875483015e+01
4.693715594332417851e+01 4.482445640087880889e+01
4.693715594332417851e+01 4.718899301610860419e+01
4.693715594332417851e+01 4.149461485818594753e+01
4.693715594332417851e+01 4.513477652684444763e+01
4.693715594332417851e+01 4.293760560031076778e+01
4.693715594332417851e+01 4.612736155783701975e+01
4.693715594332417851e+01 4.698738843251592101e+01
4.693715594332417851e+01 4.552930285410785416e+01
4.693715594332417851e+01 3.654987939930066432e+01
4.693715594332417851e+01 4.438426278140191528e+01
4.693715594332417851e+01 4.328366557543738224e+01
4.693715594332417851e+01 4.540789448582371080e+01
4.693715594332417851e+01 4.599834335852799683e+01
4.693715594332417851e+01 4.485784262055818061e+01
4.693715594332417851e+01 5.159671699725063121e+01
4.693715594332417851e+01 4.405078636244802937e+01
4.693715594332417851e+01 4.581634544027375000e+01
4.693715594332417851e+01 4.581312580893903430e+01
4.693715594332417851e+01 5.411782343966642372e+01
4.693715594332417851e+01 4.413158045788546957e+01
4.693715594332417851e+01 4.257966001864276251e+01
4.693715594332417851e+01 4.274270001172488520e+01
4.693715594332417851e+01 4.460428040390392113e+01
4.693715594332417851e+01 3.994023864116085321e+01
4.693715594332417851e+01 4.006471613343854443e+01
4.693715594332417851e+01 4.795926358476113904e+01
4.693715594332417851e+01 4.504065525312961427e+01
4.693715594332417851e+01 5.274592720264348600e+01
4.693715594332417851e+01 4.740046864533460536e+01
4.693715594332417851e+01 5.184162232232862522e+01
4.693715594332417851e+01 4.203752920441235119e+01
4.693715594332417851e+01 4.375955477148932715e+01
4.693715594332417851e+01 4.988483466789683263e+01
4.693715594332417851e+01 4.631683359322713045e+01
4.693715594332417851e+01 4.436467556117516153e+01
4.693715594332417851e+01 4.930801458475171017e+01
4.693715594332417851e+01 4.799526067991150313e+01
4.693715594332417851e+01 4.403406536250012238e+01
4.693715594332417851e+01 4.856904405578171691e+01
4.693715594332417851e+01 4.617018923173767320e+01
4.693715594332417851e+01 4.711256715608525525e+01
4.693715594332417851e+01 4.254802094169689752e+01
4.693715594332417851e+01 4.755170695257334046e+01
4.693715594332417851e+01 4.852412721637744397e+01
4.693715594332417851e+01 4.447981381228679254e+01
4.693715594332417851e+01 4.448427639221195307e+01
4.693715594332417851e+01 5.059008414166120815e+01
4.693715594332417851e+01 4.585213183439278595e+01
4.693715594332417851e+01 4.467420213641137394e+01
4.693715594332417851e+01 4.797006997391834915e+01
4.693715594332417851e+01 4.268700780786282678e+01
4.693715594332417851e+01 4.196861554754489276e+01
4.693715594332417851e+01 4.474533659504559324e+01
4.693715594332417851e+01 3.932584664245072759e+01
4.693715594332417851e+01 4.486580878800886296e+01
4.693715594332417851e+01 4.605559034052904366e+01
4.693715594332417851e+01 4.398586178030048188e+01
4.693715594332417851e+01 4.627542586399621882e+01
4.693715594332417851e+01 4.922464789931822082e+01
4.693715594332417851e+01 5.074449692509382714e+01
4.693715594332417851e+01 4.639701938738643605e+01
4.693715594332417851e+01 4.770160373977981294e+01
4.693715594332417851e+01 5.046339166369551776e+01
4.693715594332417851e+01 4.945452564042509636e+01
4.693715594332417851e+01 4.105208506905965038e+01
4.693715594332417851e+01 5.017922071569569198e+01
4.693715594332417851e+01 4.796793888199555767e+01
4.693715594332417851e+01 4.353537825799812566e+01
4.693715594332417851e+01 4.790888399528228803e+01
4.693715594332417851e+01 5.180025582378525684e+01
4.693715594332417851e+01 3.752399071700126143e+01
4.693715594332417851e+01 4.616883171342697523e+01
4.693715594332417851e+01 4.731477552130135678e+01
4.693715594332417851e+01 4.572440006132637791e+01
4.693715594332417851e+01 4.953769132233083639e+01
4.693715594332417851e+01 4.855459173010694940e+01
4.693715594332417851e+01 5.251335020741645110e+01
4.693715594332417851e+01 4.550349938900054525e+01
4.693715594332417851e+01 4.656342188983521169e+01
4.693715594332417851e+01 4.342611762100377604e+01
4.693715594332417851e+01 4.948944175561644698e+01
4.693715594332417851e+01 5.200745482606946979e+01
4.693715594332417851e+01 4.538647012629039068e+01
4.693715594332417851e+01 4.842128297279600702e+01
4.693715594332417851e+01 4.529630857188328719e+01
4.693715594332417851e+01 4.028750170557361798e+01
4.693715594332417851e+01 4.813057336949317033e+01
4.693715594332417851e+01 4.615218734818162716e+01
4.693715594332417851e+01 4.979644976509910492e+01
4.693715594332417851e+01 4.456768969255235646e+01
4.693715594332417851e+01 5.079871167991441894e+01
4.693715594332417851e+01 4.734148878116301518e+01
4.693715594332417851e+01 5.198183900351587283e+01
4.693715594332417851e+01 4.538097272179836494e+01
4.693715594332417851e+01 5.018065744307502030e+01
4.693715594332417851e+01 4.287860619101958548e+01
4.693715594332417851e+01 4.893313379081056524e+01
4.693715594332417851e+01 4.578767550516369766e+01
4.693715594332417851e+01 4.878452844509777719e+01
4.693715594332417851e+01 4.989751271514524689e+01
4.693715594332417851e+01 4.614421577933574525e+01
4.693715594332417851e+01 4.612141140297823227e+01
4.693715594332417851e+01 4.763937890257274432e+01
4.693715594332417851e+01 4.936270835709981952e+01
4.693715594332417851e+01 4.701007736939993720e+01
4.693715594332417851e+01 4.481429898789889421e+01
4.693715594332417851e+01 4.601514336342604850e+01
4.693715594332417851e+01 4.467596185992933044e+01
4.693715594332417851e+01 4.751374227081495860e+01
4.693715594332417851e+01 4.356474646122853045e+01
4.693715594332417851e+01 4.450287141074767305e+01
4.693715594332417851e+01 4.247564085889769814e+01
4.693715594332417851e+01 4.127120986868968799e+01
4.693715594332417851e+01 4.383157281474024103e+01
4.693715594332417851e+01 4.491371205784859910e+01
4.693715594332417851e+01 4.847574466661436077e+01
4.693715594332417851e+01 4.455797157136895947e+01
4.693715594332417851e+01 4.118681153961698982e+01
4.693715594332417851e+01 4.474724680322052706e+01
4.693715594332417851e+01 4.927088932473935046e+01
4.693715594332417851e+01 4.633125117947835747e+01
4.693715594332417851e+01 4.883428314116057578e+01
4.693715594332417851e+01 4.469775833882469840e+01
4.693715594332417851e+01 4.543889795089199879e+01
4.693715594332417851e+01 4.969554211252431486e+01
4.693715594332417851e+01 4.689505491219033928e+01
4.693715594332417851e+01 5.292456200993797211e+01
4.693715594332417851e+01 4.624629153050523200e+01
4.693715594332417851e+01 4.519109379790796766e+01
4.693715594332417851e+01 4.543171323178371068e+01
4.693715594332417851e+01 5.040665148814540686e+01
4.693715594332417851e+01 4.263715200453402332e+01
4.693715594332417851e+01 4.224845074932963485e+01
4.693715594332417851e+01 4.549030054685914592e+01
4.693715594332417851e+01 4.609036388724204869e+01
4.693715594332417851e+01 4.408913581111031021e+01
4.693715594332417851e+01 4.332578183853075871e+01
4.693715594332417851e+01 4.447570152663068654e+01
4.693715594332417851e+01 4.613364405417782876e+01
4.693715594332417851e+01 4.764403944911175870e+01
4.693715594332417851e+01 4.977099243988030253e+01
4.693715594332417851e+01 4.385629429684728109e+01
4.693715594332417851e+01 5.167559013917976785e+01
4.693715594332417851e+01 4.614933701556657297e+01
4.693715594332417851e+01 4.261242399508770973e+01
4.693715594332417851e+01 4.077128495825753163e+01
4.693715594332417851e+01 4.815424286600045178e+01
4.693715594332417851e+01 4.425027647569099543e+01
4.693715594332417851e+01 4.750206307274516604e+01
4.693715594332417851e+01 4.794973539656947992e+01
4.693715594332417851e+01 4.827131474250199972e+01
4.693715594332417851e+01 5.134951567669747163e+01
4.693715594332417851e+01 5.361639676445314251e+01
4.693715594332417851e+01 4.425735613783458433e+01
4.693715594332417851e+01 4.494893415525385194e+01
4.693715594332417851e+01 4.595790183212883306e+01
4.693715594332417851e+01 4.819148338418450805e+01
4.693715594332417851e+01 4.002426911723502911e+01
4.693715594332417851e+01 5.457592907288407247e+01
4.693715594332417851e+01 4.434967438072374080e+01
4.693715594332417851e+01 4.541059884653581236e+01
4.693715594332417851e+01 4.612746010921289042e+01
4.693715594332417851e+01 4.511905218027911246e+01
4.693715594332417851e+01 4.517389891639180632e+01
4.693715594332417851e+01 4.870131291711427224e+01
4.693715594332417851e+01 4.928334737259986298e+01
4.693715594332417851e+01 4.842711146718190207e+01
4.693715594332417851e+01 4.445328037973726509e+01
4.693715594332417851e+01 4.605714438379753517e+01
4.693715594332417851e+01 4.719773851552502464e+01
4.693715594332417851e+01 4.692665540786337175e+01
4.693715594332417851e+01 4.895094648417152428e+01
4.693715594332417851e+01 4.795612946884914152e+01
4.693715594332417851e+01 4.752578737845261969e+01
4.693715594332417851e+01 4.402543839443994500e+01
4.693715594332417851e+01 4.398014636923468856e+01
4.693715594332417851e+01 4.228867255327224228e+01
4.693715594332417851e+01 4.295718520916262406e+01
4.693715594332417851e+01 4.944740813046604444e+01
4.693715594332417851e+01 4.174723562090436246e+01
4.693715594332417851e+01 4.499006403238319507e+01
4.693715594332417851e+01 4.919454700864143604e+01
4.693715594332417851e+01 3.978303379414964525e+01
4.693715594332417851e+01 4.640912413021936089e+01
4.693715594332417851e+01 4.585339739606337162e+01
4.693715594332417851e+01 4.157185496603619868e+01
4.693715594332417851e+01 4.203693768989512591e+01
4.693715594332417851e+01 4.171475924089092047e+01
4.693715594332417851e+01 4.732213147732995395e+01
4.693715594332417851e+01 4.630927249756162922e+01
4.693715594332417851e+01 4.294866858984758551e+01
4.693715594332417851e+01 4.501709875555786766e+01
4.693715594332417851e+01 4.722993646235051557e+01
4.693715594332417851e+01 4.278153474926522648e+01
4.693715594332417851e+01 5.181858867900660925e+01
4.693715594332417851e+01 5.217650598046710542e+01
4.693715594332417851e+01 4.067347306745030266e+01
4.693715594332417851e+01 4.655257799353923787e+01
4.693715594332417851e+01 4.437657455692190922e+01
4.693715594332417851e+01 3.898298116883876929e+01
4.693715594332417851e+01 4.767319899209349643e+01
4.693715594332417851e+01 4.816791587235660899e+01
4.693715594332417851e+01 4.817981137658089352e+01
4.693715594332417851e+01 4.828110486775317867e+01
4.693715594332417851e+01 4.184265840266441216e+01
4.693715594332417851e+01 4.951170499327572116e+01
4.693715594332417851e+01 5.023362154634769183e+01
4.693715594332417851e+01 4.918339510570722695e+01
4.693715594332417851e+01 4.480148579928329156e+01
4.693715594332417851e+01 4.781884262752523540e+01
4.693715594332417851e+01 4.413832854101434577e+01
4.693715594332417851e+01 4.993124147985767536e+01
4.693715594332417851e+01 4.857501650547044392e+01
4.693715594332417851e+01 4.550199716333347766e+01
4.693715594332417851e+01 4.260790892349539405e+01
4.693715594332417851e+01 4.373593955685915091e+01
4.693715594332417851e+01 4.093287290561632830e+01
4.693715594332417851e+01 5.007603844707303153e+01
4.693715594332417851e+01 4.165836302307473460e+01
4.693715594332417851e+01 4.247536364469098658e+01
4.693715594332417851e+01 4.876545106777168570e+01
4.693715594332417851e+01 4.544224304992833652e+01
4.693715594332417851e+01 4.508149611834472381e+01
4.693715594332417851e+01 4.307611941269582445e+01
4.693715594332417851e+01 4.704712191481358019e+01
4.693715594332417851e+01 4.623250170345873755e+01
4.693715594332417851e+01 4.484329635525784852e+01
4.693715594332417851e+01 5.224007148445922155e+01
4.693715594332417851e+01 4.502930609079960789e+01
4.693715594332417851e+01 4.314995596151504031e+01
4.693715594332417851e+01 4.533120339575835800e+01
4.693715594332417851e+01 4.828296513099400045e+01
4.693715594332417851e+01 5.409120908275917827e+01
4.693715594332417851e+01 4.950095222295175290e+01
4.693715594332417851e+01 4.625439849738476994e+01
4.693715594332417851e+01 4.833536544746154817e+01
4.693715594332417851e+01 4.169896829947106909e+01
4.693715594332417851e+01 4.300860241502992665e+01
4.693715594332417851e+01 4.319113340026145664e+01
4.693715594332417851e+01 4.335239273426230255e+01
4.693715594332417851e+01 5.218227739633177009e+01
4.693715594332417851e+01 4.888564468956467834e+01
4.693715594332417851e+01 4.447393353396128646e+01
4.693715594332417851e+01 4.642836101549135464e+01
4.693715594332417851e+01 4.742429600630273256e+01
4.693715594332417851e+01 4.598539108618632554e+01
4.693715594332417851e+01 4.628903115017104142e+01
4.693715594332417851e+01 4.724352428855126362e+01
4.693715594332417851e+01 4.420787291009913389e+01
4.693715594332417851e+01 4.259695502667290157e+01
4.693715594332417851e+01 4.876041081446042114e+01
4.693715594332417851e+01 4.660973319847140317e+01
4.693715594332417851e+01 4.169858890260132256e+01
4.693715594332417851e+01 4.722433030560282674e+01
4.693715594332417851e+01 5.383447040737429745e+01
4.693715594332417851e+01 4.791718726060297229e+01
4.693715594332417851e+01 4.165607853166974195e+01
4.693715594332417851e+01 4.711172285112002101e+01
4.693715594332417851e+01 4.675394194478429455e+01
4.693715594332417851e+01 4.343557690019616757e+01
4.693715594332417851e+01 4.423675984486080637e+01
4.693715594332417851e+01 4.835852971653521593e+01
4.693715594332417851e+01 4.614548291949329695e+01
4.693715594332417851e+01 5.513490008722823887e+01
4.693715594332417851e+01 4.869909935976694726e+01
4.693715594332417851e+01 5.309512008314151643e+01
4.693715594332417851e+01 4.295607952918779660e+01
4.693715594332417851e+01 4.889920350480195310e+01
4.693715594332417851e+01 4.694075654656975161e+01
4.693715594332417851e+01 5.284772914431873403e+01
4.693715594332417851e+01 4.319728350596558641e+01
4.693715594332417851e+01 4.297197856832517004e+01
4.693715594332417851e+01 5.316083671989805737e+01
4.693715594332417851e+01 5.031358619837118340e+01
4.693715594332417851e+01 4.294418905191511016e+01
4.693715594332417851e+01 4.660686535433376321e+01
4.693715594332417851e+01 4.484173539129015751e+01
4.693715594332417851e+01 4.028027902755145107e+01
4.693715594332417851e+01 4.942313329437713065e+01
4.693715594332417851e+01 4.710166431687792965e+01
4.693715594332417851e+01 4.635881668744068662e+01
4.693715594332417851e+01 4.514097430237230668e+01
4.693715594332417851e+01 5.217351301908003336e+01
4.693715594332417851e+01 4.201093986833627980e+01
4.693715594332417851e+01 4.896785313192044953e+01
4.693715594332417851e+01 5.030524282041966444e+01
4.693715594332417851e+01 4.119161005706662593e+01
4.693715594332417851e+01 4.188275897430555972e+01
4.693715594332417851e+01 4.668519708544139490e+01
4.693715594332417851e+01 4.920582243687211843e+01
4.693715594332417851e+01 4.232556137682202291e+01
4.693715594332417851e+01 4.192813154455328828e+01
4.693715594332417851e+01 4.496962063624536654e+01
4.693715594332417851e+01 4.405932107377859808e+01
4.693715594332417851e+01 4.533430108037763517e+01
4.693715594332417851e+01 4.573659935821979161e+01
4.693715594332417851e+01 4.376417961273354251e+01
4.693715594332417851e+01 4.091135765740333596e+01
4.693715594332417851e+01 4.548390982859746856e+01
4.693715594332417851e+01 4.202001003396431145e+01
4.693715594332417851e+01 5.115772948461255965e+01
4.693715594332417851e+01 4.421279900069424684e+01
4.693715594332417851e+01 4.741280839491977872e+01
4.693715594332417851e+01 5.146730009602134004e+01
4.693715594332417851e+01 4.179158124949559294e+01
4.693715594332417851e+01 5.240620211323562216e+01
4.693715594332417851e+01 4.685545092110833565e+01
4.693715594332417851e+01 4.477304871051286028e+01
4.693715594332417851e+01 4.428438002426524633e+01
4.693715594332417851e+01 4.758704225880502037e+01
4.693715594332417851e+01 4.294788814081502437e+01
4.693715594332417851e+01 3.899185004226316664e+01
4.693715594332417851e+01 5.263343412210137728e+01
4.693715594332417851e+01 4.923979354708973233e+01
4.693715594332417851e+01 4.975181239676752654e+01
4.693715594332417851e+01 4.685701852166720016e+01
4.693715594332417851e+01 4.595029680716049114e+01
4.693715594332417851e+01 4.887251124696912541e+01
4.693715594332417851e+01 4.387369487452914996e+01
4.693715594332417851e+01 4.345406771449184191e+01
4.693715594332417851e+01 4.884087098801893490e+01
4.693715594332417851e+01 5.169874315596146630e+01
4.693715594332417851e+01 5.448867845029218415e+01
4.693715594332417851e+01 4.588837874158873831e+01
4.693715594332417851e+01 4.371041600162605079e+01
4.693715594332417851e+01 4.440601859453774836e+01
4.693715594332417851e+01 4.346968700405392383e+01
4.693715594332417851e+01 5.090784708357288935e+01
4.693715594332417851e+01 4.477523134443340069e+01
4.693715594332417851e+01 4.783420218740610608e+01
4.693715594332417851e+01 4.835161612687358001e+01
4.693715594332417851e+01 4.487407925704454215e+01
4.693715594332417851e+01 4.894346958319344054e+01
4.693715594332417851e+01 4.816495582883791116e+01
4.693715594332417851e+01 5.079049063206278447e+01
4.693715594332417851e+01 4.371733572404701818e+01
4.693715594332417851e+01 4.577254636653611186e+01
4.693715594332417851e+01 5.024303943440185805e+01
4.693715594332417851e+01 5.292481211528791363e+01
4.693715594332417851e+01 5.281479191485433233e+01
4.693715594332417851e+01 4.389882413401444694e+01
4.693715594332417851e+01 5.155481678568477832e+01
4.693715594332417851e+01 4.554407914667167745e+01
4.693715594332417851e+01 3.996776898081068907e+01
4.693715594332417851e+01 4.380214881434111618e+01
4.693715594332417851e+01 4.498011866161608907e+01
4.693715594332417851e+01 4.743240306287141550e+01
4.693715594332417851e+01 3.932868452022984229e+01
4.693715594332417851e+01 4.780385378671811480e+01
4.693715594332417851e+01 4.084155561200863360e+01
4.693715594332417851e+01 4.559904990814115422e+01
4.693715594332417851e+01 4.645377449374811363e+01
4.693715594332417851e+01 4.615745204198699980e+01
4.693715594332417851e+01 5.079163805003988585e+01
4.693715594332417851e+01 5.222100497861566737e+01
4.693715594332417851e+01 4.934306541544850688e+01
4.693715594332417851e+01 4.916865836109652577e+01
4.693715594332417851e+01 5.135268469451428786e+01
4.693715594332417851e+01 4.608441004068734514e+01
4.693715594332417851e+01 4.178916827931610811e+01
4.693715594332417851e+01 4.323924277601057753e+01
4.693715594332417851e+01 4.673453295808942443e+01
4.693715594332417851e+01 4.814540382734718804e+01
4.693715594332417851e+01 4.523439975161354454e+01
4.693715594332417851e+01 4.865478328948902487e+01
4.693715594332417851e+01 4.886298487766722332e+01
4.693715594332417851e+01 4.475895486319675598e+01
4.693715594332417851e+01 3.957427460200984370e+01
4.693715594332417851e+01 5.181110935242856641e+01
4.693715594332417851e+01 4.687438701089129722e+01
4.693715594332417851e+01 4.441387369522825423e+01
4.693715594332417851e+01 4.753676676424013436e+01
4.693715594332417851e+01 5.029162086273041865e+01
4.693715594332417851e+01 4.038405729164912117e+01
4.693715594332417851e+01 4.838216327592515142e+01
4.693715594332417851e+01 4.625404831937231620e+01
4.693715594332417851e+01 5.230700920631258555e+01
4.693715594332417851e+01 4.325942965442908417e+01
4.693715594332417851e+01 4.661402788475191272e+01
4.693715594332417851e+01 4.185418834735234128e+01
4.693715594332417851e+01 4.500757232180941969e+01
4.693715594332417851e+01 4.489793515217115782e+01
4.693715594332417851e+01 4.596797132941283337e+01
4.693715594332417851e+01 4.646479615197651469e+01
4.693715594332417851e+01 4.400180459847729963e+01
4.693715594332417851e+01 4.721508363969483923e+01
4.693715594332417851e+01 4.483558856657487723e+01
4.693715594332417851e+01 4.510079707698300666e+01
4.693715594332417851e+01 4.101945518239149635e+01
4.693715594332417851e+01 4.406419056327685269e+01
4.693715594332417851e+01 4.681386632931342717e+01
4.693715594332417851e+01 4.570214639193405759e+01
4.693715594332417851e+01 4.958430913114831640e+01
4.693715594332417851e+01 4.917663671713789597e+01
4.693715594332417851e+01 5.018751730761860586e+01
4.693715594332417851e+01 4.665262065971621297e+01
4.693715594332417851e+01 4.749686522593523819e+01
4.693715594332417851e+01 4.672495188178792347e+01
4.693715594332417851e+01 5.109658668365870682e+01
4.693715594332417851e+01 4.441292204540100386e+01
4.693715594332417851e+01 4.504724362724143560e+01
4.693715594332417851e+01 4.794993083580681059e+01
4.693715594332417851e+01 4.707634537814869446e+01
4.693715594332417851e+01 4.670569328212949500e+01
4.693715594332417851e+01 4.441209440701567956e+01
4.693715594332417851e+01 4.044186537428791439e+01
4.693715594332417851e+01 4.421087403664997595e+01
4.693715594332417851e+01 4.619666843930421862e+01
4.693715594332417851e+01 4.572188023954819158e+01
4.693715594332417851e+01 4.252855166775538720e+01
4.693715594332417851e+01 5.024842297501908917e+01
4.693715594332417851e+01 4.385810877405356933e+01
4.693715594332417851e+01 4.523757379822178848e+01
4.693715594332417851e+01 4.072384609495745167e+01
4.693715594332417851e+01 4.741889851349878171e+01
4.693715594332417851e+01 4.859069079511577627e+01
4.693715594332417851e+01 4.658845747414914484e+01
4.693715594332417851e+01 4.410612642929778104e+01
4.693715594332417851e+01 4.436534532125500618e+01
4.693715594332417851e+01 5.079139495701133455e+01
4.693715594332417851e+01 4.549650598658876532e+01
4.693715594332417851e+01 4.647113043458827519e+01
4.693715594332417851e+01 4.626670406566931604e+01
4.693715594332417851e+01 4.444451631701792138e+01
4.693715594332417851e+01 4.528923955352229314e+01
4.693715594332417851e+01 5.368230094323135404e+01
4.693715594332417851e+01 4.947540074388466991e+01
4.693715594332417851e+01 4.645645348866089108e+01
4.693715594332417851e+01 4.472419403099956980e+01
4.693715594332417851e+01 4.542822865228884410e+01
4.693715594332417851e+01 5.153844803822947540e+01
4.693715594332417851e+01 4.880025677691311614e+01
4.693715594332417851e+01 3.993479935400426228e+01
4.693715594332417851e+01 4.977565645641906400e+01
4.693715594332417851e+01 4.681564251143947075e+01
4.693715594332417851e+01 4.197665954200092386e+01
4.693715594332417851e+01 4.086879213200738548e+01
4.693715594332417851e+01 4.854064256040015124e+01
4.693715594332417851e+01 4.539383555355438205e+01
4.693715594332417851e+01 4.869379304373173767e+01
4.693715594332417851e+01 4.575946009309084417e+01
4.693715594332417851e+01 5.232151840460837633e+01
4.693715594332417851e+01 4.450284782155130614e+01
4.693715594332417851e+01 4.533226369178188264e+01
4.693715594332417851e+01 4.411286528386587946e+01
4.693715594332417851e+01 4.262167783476252225e+01
4.693715594332417851e+01 4.558704538938238926e+01
4.693715594332417851e+01 4.703142424521370657e+01
4.693715594332417851e+01 5.000798435601877401e+01
4.693715594332417851e+01 4.344113920647954075e+01
4.693715594332417851e+01 4.131876909974465661e+01
4.693715594332417851e+01 4.746180354183213268e+01
4.693715594332417851e+01 4.749259905241257229e+01
4.693715594332417851e+01 5.234871660983486663e+01
4.693715594332417851e+01 4.233082652452213779e+01
4.693715594332417851e+01 4.706603398538510419e+01
4.693715594332417851e+01 3.884088568193965330e+01
4.693715594332417851e+01 4.856638335927840444e+01
4.693715594332417851e+01 4.747793116714976946e+01
4.693715594332417851e+01 4.251010498708541974e+01
4.693715594332417851e+01 5.295599560268034622e+01
4.693715594332417851e+01 4.636135392561298829e+01
4.693715594332417851e+01 4.544953639489724395e+01
4.693715594332417851e+01 4.694772773785934561e+01
4.693715594332417851e+01 4.690399516906057187e+01
4.693715594332417851e+01 4.525157372065604022e+01
4.693715594332417851e+01 4.973218319973437929e+01
4.693715594332417851e+01 4.530859121394947664e+01
4.693715594332417851e+01 4.384154124042154876e+01
4.693715594332417851e+01 4.863201035001592487e+01
4.693715594332417851e+01 4.341543777265712833e+01
4.693715594332417851e+01 4.389009103189433603e+01
4.693715594332417851e+01 5.105385327383142169e+01
4.693715594332417851e+01 4.925987011383124781e+01
4.693715594332417851e+01 4.825741897839174754e+01
4.693715594332417851e+01 4.327494875610307190e+01
4.693715594332417851e+01 4.363811264597282502e+01
4.693715594332417851e+01 4.236783133286518677e+01
4.693715594332417851e+01 4.465274401591155851e+01
4.693715594332417851e+01 4.428088048310888780e+01
4.693715594332417851e+01 4.411290922473969545e+01
4.693715594332417851e+01 4.486617868333609493e+01
4.693715594332417851e+01 4.793579095346088792e+01
4.693715594332417851e+01 4.567472090451913402e+01
4.693715594332417851e+01 4.931568833683928688e+01
4.693715594332417851e+01 4.460053720123359966e+01
4.693715594332417851e+01 4.434872861849329695e+01
4.693715594332417851e+01 4.617790271922731904e+01
4.693715594332417851e+01 4.727073450031485891e+01
4.693715594332417851e+01 4.223160386927685295e+01
4.693715594332417851e+01 4.760611190588811326e+01
4.693715594332417851e+01 5.156650858502806045e+01
4.693715594332417851e+01 4.202066053709808102e+01
4.693715594332417851e+01 4.810874503614245157e+01
4.693715594332417851e+01 4.562902241289722127e+01
4.693715594332417851e+01 4.556972048835537947e+01
4.693715594332417851e+01 4.384661909800512802e+01
4.693715594332417851e+01 4.468535452145082587e+01
4.693715594332417851e+01 4.443637200186045533e+01
4.693715594332417851e+01 4.201538951177088421e+01
4.693715594332417851e+01 4.610697847751133338e+01
4.693715594332417851e+01 4.977127170448318338e+01
4.693715594332417851e+01 4.289432464079423113e+01
4.693715594332417851e+01 4.930574579152090564e+01
4.693715594332417851e+01 5.149804526883345090e+01
4.693715594332417851e+01 4.754035357867195444e+01
4.693715594332417851e+01 4.241128067439017713e+01
4.693715594332417851e+01 4.732047319581140954e+01
4.693715594332417851e+01 4.215449928819673886e+01
4.693715594332417851e+01 5.375758582136150210e+01
4.693715594332417851e+01 4.645893679992968828e+01
4.693715594332417851e+01 4.395191419536519106e+01
4.693715594332417851e+01 4.889535534949283146e+01
4.693715594332417851e+01 4.722443102344680455e+01
4.693715594332417851e+01 4.470604155877755659e+01
4.693715594332417851e+01 5.202164655303320018e+01
4.693715594332417851e+01 4.349847198000469461e+01
4.693715594332417851e+01 4.829949859040951310e+01
4.693715594332417851e+01 4.966300807696634934e+01
4.693715594332417851e+01 4.106982218779430838e+01
4.693715594332417851e+01 5.044309522129888279e+01
4.693715594332417851e+01 5.037318920502226405e+01
4.693715594332417851e+01 4.507108192954508752e+01
4.693715594332417851e+01 4.736554785461446926e+01
4.693715594332417851e+01 4.869837946997520817e+01
4.693715594332417851e+01 4.876521217047093160e+01
4.693715594332417851e+01 4.618929053725950951e+01
4.693715594332417851e+01 4.120168351293408904e+01
4.693715594332417851e+01 4.012970310479399672e+01
4.693715594332417851e+01 4.578568315200067929e+01
4.693715594332417851e+01 4.740036494338691142e+01
4.693715594332417851e+01 4.210892156348496940e+01
4.693715594332417851e+01 4.820837250683464958e+01
4.693715594332417851e+01 4.199649101560468267e+01
4.693715594332417851e+01 4.009326709844734182e+01
4.693715594332417851e+01 4.971293103038978245e+01
4.693715594332417851e+01 4.555344358969532692e+01
4.693715594332417851e+01 4.717778674144817330e+01
4.693715594332417851e+01 4.559852427598604407e+01
4.693715594332417851e+01 4.370332538831718239e+01
4.693715594332417851e+01 4.764319207034129988e+01
4.693715594332417851e+01 4.577206794169096327e+01
4.693715594332417851e+01 4.716284814247319446e+01
4.693715594332417851e+01 4.627554970130618273e+01
4.693715594332417851e+01 4.599657262186028106e+01
4.693715594332417851e+01 4.697786702873560927e+01
4.693715594332417851e+01 4.458084059139529387e+01
4.693715594332417851e+01 4.708369212441622409e+01
4.693715594332417851e+01 4.454127746240809671e+01
4.693715594332417851e+01 4.268584400196073858e+01
4.693715594332417851e+01 4.846409206832380079e+01
4.693715594332417851e+01 5.315457167933110583e+01
4.693715594332417851e+01 4.897002983715603364e+01
4.693715594332417851e+01 4.452518109193073315e+01
4.693715594332417851e+01 4.445478409785932428e+01
4.693715594332417851e+01 5.057146782065684221e+01
4.693715594332417851e+01 4.765159314866308193e+01
4.693715594332417851e+01 4.344311336427218606e+01
4.693715594332417851e+01 4.638203991877593779e+01
4.693715594332417851e+01 4.568916758881930917e+01
4.693715594332417851e+01 4.764788413592903993e+01
4.693715594332417851e+01 4.495486696670086246e+01
4.693715594332417851e+01 4.225340558399312840e+01
4.693715594332417851e+01 5.082431813827949441e+01
4.693715594332417851e+01 4.649442262116331648e+01
4.693715594332417851e+01 4.432142601460593312e+01
4.693715594332417851e+01 4.602939195671191186e+01
4.693715594332417851e+01 4.745774102892601576e+01
4.693715594332417851e+01 4.223098039666486159e+01
4.693715594332417851e+01 4.222791947360002496e+01
4.693715594332417851e+01 4.620732080733208846e+01
4.693715594332417851e+01 3.917578872345074359e+01
4.693715594332417851e+01 4.929270318243430182e+01
4.693715594332417851e+01 4.349060907311294244e+01
4.693715594332417851e+01 4.316062283886763140e+01
4.693715594332417851e+01 4.484151792770344258e+01
4.693715594332417851e+01 4.734756350857868057e+01
4.693715594332417851e+01 4.185109011715948668e+01
4.693715594332417851e+01 5.239288432779124349e+01
4.693715594332417851e+01 4.450128693459600981e+01
4.693715594332417851e+01 5.051772805799210886e+01
4.693715594332417851e+01 4.250032151089354926e+01
4.693715594332417851e+01 4.200811914955043136e+01
4.693715594332417851e+01 4.434032358172731847e+01
4.693715594332417851e+01 3.961950376267612484e+01
4.693715594332417851e+01 4.433367950170232064e+01
4.693715594332417851e+01 4.692766964892144443e+01
4.693715594332417851e+01 4.763425464695645672e+01
4.693715594332417851e+01 4.608000810577009076e+01
4.693715594332417851e+01 4.642793194110447530e+01
4.693715594332417851e+01 5.381333426809116816e+01
4.693715594332417851e+01 4.446249385192266601e+01
4.693715594332417851e+01 4.584844015368254588e+01
4.693715594332417851e+01 4.899272335285600377e+01
4.693715594332417851e+01 5.081940183695824942e+01
4.693715594332417851e+01 4.183226903183078349e+01
4.693715594332417851e+01 4.203705528832257698e+01
4.693715594332417851e+01 4.497627074495255073e+01
4.693715594332417851e+01 4.552845610224989059e+01
4.693715594332417851e+01 4.876186428573248577e+01
4.693715594332417851e+01 4.265978147944402821e+01
4.693715594332417851e+01 5.209238478851214182e+01
4.693715594332417851e+01 5.081422829973168831e+01
4.693715594332417851e+01 4.695288943895074851e+01
4.693715594332417851e+01 4.200136210642862267e+01
4.693715594332417851e+01 4.503188937992626251e+01
4.693715594332417851e+01 3.949437479493543890e+01
4.693715594332417851e+01 4.573607226379915147e+01
4.693715594332417851e+01 4.211762084611404333e+01
4.693715594332417851e+01 5.769637443141035504e+01
4.693715594332417851e+01 4.631861442335986823e+01
4.693715594332417851e+01 4.421957875407394312e+01
4.693715594332417851e+01 4.796834329749934511e+01
4.693715594332417851e+01 4.707905218306554218e+01
4.693715594332417851e+01 4.213072935840927613e+01
4.693715594332417851e+01 4.241099572428140618e+01
4.693715594332417851e+01 4.298080796056763120e+01
4.693715594332417851e+01 4.039033820546264764e+01
4.693715594332417851e+01 4.224824796654417014e+01
4.693715594332417851e+01 4.163953899408344483e+01
4.693715594332417851e+01 4.255100805304363121e+01
4.693715594332417851e+01 5.145956921851922061e+01
4.693715594332417851e+01 4.850123690334276461e+01
4.693715594332417851e+01 4.702562127344079101e+01
4.693715594332417851e+01 4.736158729482252028e+01
4.693715594332417851e+01 4.752753606265622466e+01
4.693715594332417851e+01 4.286489897518681147e+01
4.693715594332417851e+01 4.085702576783938156e+01
4.693715594332417851e+01 4.584369247040996243e+01
4.693715594332417851e+01 4.474021321445331267e+01
4.693715594332417851e+01 5.058850698027178083e+01
4.693715594332417851e+01 4.603315175000411585e+01
4.693715594332417851e+01 4.454767157314167747e+01
4.693715594332417851e+01 4.668053542471755435e+01
4.693715594332417851e+01 5.023740787559765408e+01
4.693715594332417851e+01 4.221174914336977935e+01
4.693715594332417851e+01 5.128553579737266688e+01
4.693715594332417851e+01 5.233216957010970560e+01
4.693715594332417851e+01 4.544840168347671039e+01
4.693715594332417851e+01 4.477651965410652224e+01
4.693715594332417851e+01 5.232392469283188774e+01
4.693715594332417851e+01 4.179632946731391030e+01
4.693715594332417851e+01 5.256579789725896035e+01
4.693715594332417851e+01 4.733880326966251317e+01
4.693715594332417851e+01 4.603248940334520967e+01
4.693715594332417851e+01 4.644744634822837526e+01
4.693715594332417851e+01 4.208191818954627195e+01
4.693715594332417851e+01 5.014438087732921190e+01
4.693715594332417851e+01 4.857015320047373308e+01
4.693715594332417851e+01 4.387603011529976271e+01
4.693715594332417851e+01 4.482277888538057198e+01
4.693715594332417851e+01 4.289921752991708814e+01
4.693715594332417851e+01 4.674791924629989381e+01
4.693715594332417851e+01 4.954633464265995002e+01
4.693715594332417851e+01 4.929512495424712171e+01
4.693715594332417851e+01 4.946516673287557353e+01
4.693715594332417851e+01 5.293878511681803190e+01
4.693715594332417851e+01 4.695327168276133989e+01
4.693715594332417851e+01 4.919365430607584955e+01
4.693715594332417851e+01 4.430616758046193127e+01
4.693715594332417851e+01 4.184712018607812212e+01
4.693715594332417851e+01 4.843837132124557598e+01
4.693715594332417851e+01 4.778852176099678672e+01
4.693715594332417851e+01 4.456174544853998043e+01
4.693715594332417851e+01 4.702164642404721917e+01
4.693715594332417851e+01 4.416145228876386852e+01
4.693715594332417851e+01 4.819354834432024148e+01
4.693715594332417851e+01 4.829289075754620342e+01
4.693715594332417851e+01 4.347671193797641820e+01
4.693715594332417851e+01 4.553223350756483256e+01
4.693715594332417851e+01 4.286173192482402783e+01
4.693715594332417851e+01 4.747212599033331060e+01
4.693715594332417851e+01 4.821501114331710625e+01
4.693715594332417851e+01 4.096537372280840117e+01
4.693715594332417851e+01 4.484430118137866117e+01
4.693715594332417851e+01 4.213715114234464920e+01
4.693715594332417851e+01 4.329528288116997459e+01
4.693715594332417851e+01 4.322152642146866697e+01
4.693715594332417851e+01 4.579130060109934419e+01
4.693715594332417851e+01 4.666460510309281062e+01
4.693715594332417851e+01 5.016712746782944521e+01
4.693715594332417851e+01 4.565740672116726273e+01
4.693715594332417851e+01 5.063070036634940152e+01
4.693715594332417851e+01 4.387231672211956379e+01
4.693715594332417851e+01 4.512861883503818916e+01
4.693715594332417851e+01 5.210706147932876320e+01
4.693715594332417851e+01 4.489059973185367625e+01
4.693715594332417851e+01 5.195723308969691345e+01
4.693715594332417851e+01 4.502590297425482646e+01
4.693715594332417851e+01 4.673987308273162711e+01
4.693715594332417851e+01 4.740606659658637767e+01
4.693715594332417851e+01 4.252405434954912522e+01
4.693715594332417851e+01 4.923957606142219134e+01
4.693715594332417851e+01 4.673752800047056155e+01
4.693715594332417851e+01 4.551183753953918654e+01
4.693715594332417851e+01 4.584346467872055086e+01
4.693715594332417851e+01 5.230012823232154062e+01
4.693715594332417851e+01 4.115920896692512088e+01
4.693715594332417851e+01 5.100945405561490986e+01
4.693715594332417851e+01 4.720103108294490823e+01
4.693715594332417851e+01 4.306919786264367644e+01
4.693715594332417851e+01 3.981384518653391780e+01
4.693715594332417851e+01 3.877991605090693383e+01
4.693715594332417851e+01 4.255610090987358518e+01
4.693715594332417851e+01 4.737295681160676253e+01
4.693715594332417851e+01 4.745608027139900287e+01
4.693715594332417851e+01 5.567628554972599630e+01
4.693715594332417851e+01 4.849495788309946676e+01
4.693715594332417851e+01 4.378380463829569891e+01
4.693715594332417851e+01 4.049501655941815415e+01
4.693715594332417851e+01 4.418669898821879372e+01
4.693715594332417851e+01 4.507873284234194955e+01
4.693715594332417851e+01 4.682959153646797290e+01
4.693715594332417851e+01 4.947981912813231986e+01
4.693715594332417851e+01 4.174288212808381360e+01
4.693715594332417851e+01 4.718590760989735600e+01
4.693715594332417851e+01 4.175595527737097257e+01
4.693715594332417851e+01 4.258723442953308336e+01
4.693715594332417851e+01 4.354020176092736705e+01
4.693715594332417851e+01 4.417066090769046127e+01
4.693715594332417851e+01 4.346561095188866375e+01
4.693715594332417851e+01 4.483713583134549197e+01
4.693715594332417851e+01 4.438007921139783463e+01
4.693715594332417851e+01 4.607622727711278543e+01
4.693715594332417851e+01 4.828056039659344378e+01
4.693715594332417851e+01 4.443632917169734498e+01
4.693715594332417851e+01 4.368902288607159790e+01
4.693715594332417851e+01 4.229217382428311112e+01
4.693715594332417851e+01 4.884197689461417724e+01
4.693715594332417851e+01 4.856429475234079973e+01
4.693715594332417851e+01 4.696827757122839841e+01
4.693715594332417851e+01 4.771405328309297289e+01
4.693715594332417851e+01 4.756691564206634837e+01
4.693715594332417851e+01 4.406666508893844991e+01
4.693715594332417851e+01 4.553443836432911240e+01
4.693715594332417851e+01 3.938359432442683783e+01
4.693715594332417851e+01 4.516152141324761971e+01
4.693715594332417851e+01 4.744456548325210576e+01
4.693715594332417851e+01 4.879263853085578262e+01
4.693715594332417851e+01 4.988457289313575416e+01
4.693715594332417851e+01 4.687570830043394920e+01
4.693715594332417851e+01 5.229505553157208197e+01
4.693715594332417851e+01 3.921437139006145856e+01
4.693715594332417851e+01 4.233274352213366143e+01
4.693715594332417851e+01 4.373641857359273644e+01
4.693715594332417851e+01 4.693013703832954064e+01
4.693715594332417851e+01 4.893521155960905133e+01
4.693715594332417851e+01 4.377349463298163101e+01
4.693715594332417851e+01 4.800564640635199964e+01
4.693715594332417851e+01 5.145580328528564706e+01
4.693715594332417851e+01 4.410733373315120076e+01
4.693715594332417851e+01 4.421504172340976879e+01
4.693715594332417851e+01 4.640694597116625175e+01
4.693715594332417851e+01 4.401479361858301331e+01
4.693715594332417851e+01 4.559912789101806396e+01
4.693715594332417851e+01 4.228617538862468450e+01
4.693715594332417851e+01 4.882987766842752819e+01
4.693715594332417851e+01 4.730348955912277376e+01
4.693715594332417851e+01 4.920336224016444504e+01
4.693715594332417851e+01 4.673490409091937892e+01
4.693715594332417851e+01 4.604044543179048787e+01
4.693715594332417851e+01 4.801270862881092683e+01
4.693715594332417851e+01 4.153801415001684205e+01
4.693715594332417851e+01 4.606239033406045280e+01
4.693715594332417851e+01 4.758987973810267391e+01
4.693715594332417851e+01 4.481793396273356933e+01
4.693715594332417851e+01 4.135759514956684768e+01
4.693715594332417851e+01 4.514951448779302012e+01
4.693715594332417851e+01 4.593895609039470429e+01
4.693715594332417851e+01 5.019820528059256759e+01
4.693715594332417851e+01 4.528503943323427450e+01
4.693715594332417851e+01 4.893889272502548238e+01
4.693715594332417851e+01 5.551895897833787785e+01
4.693715594332417851e+01 4.866743911016026658e+01
4.693715594332417851e+01 3.969782300447431567e+01
4.693715594332417851e+01 4.424817021433703701e+01
4.693715594332417851e+01 4.789567315342998910e+01
4.693715594332417851e+01 4.783467784163553915e+01
4.693715594332417851e+01 4.183206710180764532e+01
4.693715594332417851e+01 4.568522343780561812e+01
4.693715594332417851e+01 4.660244274139444087e+01
4.693715594332417851e+01 4.845029369404105068e+01
4.693715594332417851e+01 4.784889572209799979e+01
4.693715594332417851e+01 4.457454572875756327e+01
4.693715594332417851e+01 4.356899649573730215e+01
4.693715594332417851e+01 3.984601645455678920e+01
4.693715594332417851e+01 4.171897697098020075e+01
4.693715594332417851e+01 4.599133998197959272e+01
4.693715594332417851e+01 4.359731997405062742e+01
4.693715594332417851e+01 3.826440144301682267e+01
4.693715594332417851e+01 4.742526558783723090e+01
4.693715594332417851e+01 4.439859124956234382e+01
4.693715594332417851e+01 4.850445754443983049e+01
4.693715594332417851e+01 4.751624825609133040e+01
4.693715594332417851e+01 4.406627986745791503e+01
4.693715594332417851e+01 3.876071684965376107e+01
4.693715594332417851e+01 3.993723485746208723e+01
4.693715594332417851e+01 4.364788101619274840e+01
4.693715594332417851e+01 3.913604709499765022e+01
4.693715594332417851e+01 5.195717447071597661e+01
4.693715594332417851e+01 5.232747465724800406e+01
4.693715594332417851e+01 3.875316628287126974e+01
4.693715594332417851e+01 4.669211267617122019e+01
4.693715594332417851e+01 4.586706237022605848e+01
4.693715594332417851e+01 4.778358415312694518e+01
4.693715594332417851e+01 4.511672698531536696e+01
4.693715594332417851e+01 4.863635649154327467e+01
4.693715594332417851e+01 4.565582034234715536e+01
4.693715594332417851e+01 4.281703651404263411e+01
4.693715594332417851e+01 4.714615589127162565e+01
4.693715594332417851e+01 4.791647253141845653e+01
4.693715594332417851e+01 4.357518421626201643e+01
4.693715594332417851e+01 3.915517135109085700e+01
4.693715594332417851e+01 4.807478665093708514e+01
4.693715594332417851e+01 4.534993670566726820e+01
4.693715594332417851e+01 4.435613382096182988e+01
4.693715594332417851e+01 4.880373176513933942e+01
4.693715594332417851e+01 4.670578914465323805e+01
4.693715594332417851e+01 4.319553225475110736e+01
4.693715594332417851e+01 4.861228979149471741e+01
4.693715594332417851e+01 4.620850663789475021e+01
4.693715594332417851e+01 4.558374286836006206e+01
4.693715594332417851e+01 4.497183007385575593e+01
4.693715594332417851e+01 4.522863093052386319e+01
4.693715594332417851e+01 4.300374484341157455e+01
4.693715594332417851e+01 4.772917525453624421e+01
4.693715594332417851e+01 4.158851540307361461e+01
4.693715594332417851e+01 4.312629963968754510e+01
4.693715594332417851e+01 4.292526359475764508e+01
4.693715594332417851e+01 4.641045903593828825e+01
4.693715594332417851e+01 4.726370344244850941e+01
4.693715594332417851e+01 4.736091385743276305e+01
4.693715594332417851e+01 4.168417875543781292e+01
4.693715594332417851e+01 4.755563634799747064e+01
4.693715594332417851e+01 4.332854584422495492e+01
4.693715594332417851e+01 4.392460081693842255e+01
4.693715594332417851e+01 4.336293405436704518e+01
4.693715594332417851e+01 4.915494653797822622e+01
4.693715594332417851e+01 4.381898958314451420e+01
4.693715594332417851e+01 4.556002303939178688e+01
4.693715594332417851e+01 4.744504884299760761e+01
