4.693715594332417851e+01 4.517187232378299910e+01
4.693715594332417851e+01 4.330181386030442070e+01
4.693715594332417851e+01 4.918348554866800981e+01
4.693715594332417851e+01 4.450513513719914727e+01
4.693715594332417851e+01 4.700407707977392846e+01
4.693715594332417851e+01 4.086364600733709551e+01
4.693715594332417851e+01 4.714082450621982190e+01
4.693715594332417851e+01 4.690324445484074545e+01
4.693715594332417851e+01 4.645601017098432095e+01
4.693715594332417851e+01 4.632072779659316097e+01
4.693715594332417851e+01 5.081101154684546373e+01
4.693715594332417851e+01 4.481388860720972644e+01
4.693715594332417851e+01 4.811081549157794512e+01
4.693715594332417851e+01 4.931979541961243996e+01
4.693715594332417851e+01 4.196863277791826619e+01
4.693715594332417851e+01 4.273900844069908800e+01
4.693715594332417851e+01 4.909332748390791323e+01
4.693715594332417851e+01 5.187234307758011198e+01
4.693715594332417851e+01 4.488053746653950782e+01
4.693715594332417851e+01 4.679290056256277097e+01
4.693715594332417851e+01 4.488153719397134012e+01
4.693715594332417851e+01 5.124369923109910729e+01
4.693715594332417851e+01 4.674763667702843861e+01
4.693715594332417851e+01 4.788640503005697724e+01
4.693715594332417851e+01 4.586871587103877346e+01
4.693715594332417851e+01 4.572317600880171540e+01
4.693715594332417851e+01 4.653279081495431768e+01
4.693715594332417851e+01 4.658669976702922355e+01
4.693715594332417851e+01 4.247126854518043615e+01
4.693715594332417851e+01 4.621581000168055908e+01
4.693715594332417851e+01 4.676163750035004796e+01
4.693715594332417851e+01 4.113021936283414703e+01
4.693715594332417851e+01 4.623196081015883152e+01
4.693715594332417851e+01 4.578019240862852257e+01
4.693715594332417851e+01 5.242005314205042765e+01
4.693715594332417851e+01 5.204361890985370565e+01
4.693715594332417851e+01 4.383120317944133859e+01
4.693715594332417851e+01 4.319906607683029165e+01
4.693715594332417851e+01 4.954794232635325812e+01
4.693715594332417851e+01 4.768255221302489844e+01
4.693715594332417851e+01 5.091906554573325394e+01
4.693715594332417851e+01 5.121248784999355053e+01
4.693715594332417851e+01 4.654256482364498027e+01
4.693715594332417851e+01 4.952456502393034299e+01
4.693715594332417851e+01 5.017838320483476622e+01
4.693715594332417851e+01 4.556122440899171266e+01
4.693715594332417851e+01 4.507569019160340673e+01
4.693715594332417851e+01 4.144164374482143387e+01
4.693715594332417851e+01 4.677764219988575434e+01
4.693715594332417851e+01 4.785148769698884053e+01
4.693715594332417851e+01 4.548660077554717418e+01
4.693715594332417851e+01 5.239235731606529356e+01
4.693715594332417851e+01 4.300557208730140957e+01
4.693715594332417851e+01 4.642845540033165719e+01
4.693715594332417851e+01 4.740102752235859640e+01
4.693715594332417851e+01 4.483293371742369260e+01
4.693715594332417851e+01 4.613941886264114345e+01
4.693715594332417851e+01 4.715145431786064734e+01
4.693715594332417851e+01 5.239997028268602008e+01
4.693715594332417851e+01 4.876378744000146526e+01
4.693715594332417851e+01 4.384516197243535629e+01
4.693715594332417851e+01 4.929358398721738865e+01
4.693715594332417851e+01 4.162869370474217590e+01
4.693715594332417851e+01 4.057363839003104289e+01
4.693715594332417851e+01 4.420873987168106822e+01
4.693715594332417851e+01 4.643378388502485876e+01
4.693715594332417851e+01 4.849051525226852988e+01
4.693715594332417851e+01 4.711487195196928468e+01
4.693715594332417851e+01 4.389902367001223382e+01
4.693715594332417851e+01 4.351630315263848559e+01
4.693715594332417851e+01 4.469653584552342807e+01
4.693715594332417851e+01 4.618997511745786255e+01
4.693715594332417851e+01 4.781231967678404970e+01
4.693715594332417851e+01 4.575394920975917046e+01
4.693715594332417851e+01 4.155311719161971951e+01
4.693715594332417851e+01 5.129154494967104938e+01
4.693715594332417851e+01 3.887487101976608272e+01
4.693715594332417851e+01 4.849310697547656446e+01
4.693715594332417851e+01 4.333622591682762248e+01
4.693715594332417851e+01 4.527859104443341209e+01
4.693715594332417851e+01 4.569499454208678912e+01
4.693715594332417851e+01 4.349446508178777293e+01
4.693715594332417851e+01 4.411007493799030499e+01
4.693715594332417851e+01 4.170981322697857507e+01
4.693715594332417851e+01 4.810262075442661001e+01
4.693715594332417851e+01 5.206255395908949879e+01
4.693715594332417851e+01 4.359256737409292981e+01
4.693715594332417851e+01 3.939212430844162327e+01
4.693715594332417851e+01 4.820422418876961501e+01
4.693715594332417851e+01 5.470545906811643277e+01
4.693715594332417851e+01 4.681186825199679191e+01
4.693715594332417851e+01 5.000922832226780912e+01
4.693715594332417851e+01 4.488118057904515013e+01
4.693715594332417851e+01 4.979357681153742021e+01
4.693715594332417851e+01 4.726461121900810269e+01
4.693715594332417851e+01 4.278608972478316019e+01
4.693715594332417851e+01 4.251265985908285217e+01
4.693715594332417851e+01 4.447750916203888494e+01
4.693715594332417851e+01 4.398796963347803057e+01
4.693715594332417851e+01 4.832880764915461214e+01
4.693715594332417851e+01 4.458500459523188653e+01
4.693715594332417851e+01 4.454415950529740797e+01
4.693715594332417851e+01 5.046786866255940396e+01
4.693715594332417851e+01 5.227035977600331051e+01
4.693715594332417851e+01 4.363610307165060220e+01
4.693715594332417851e+01 4.984792313421097276e+01
4.693715594332417851e+01 4.306639586970724309e+01
4.693715594332417851e+01 4.620053121144018604e+01
4.693715594332417851e+01 4.828047688818213601e+01
4.693715594332417851e+01 4.291350025073624863e+01
4.693715594332417851e+01 4.996654181872659706e+01
4.693715594332417851e+01 4.363439957030136185e+01
4.693715594332417851e+01 4.693620420446864472e+01
4.693715594332417851e+01 4.504706432688305284e+01
4.693715594332417851e+01 4.747873068383551498e+01
4.693715594332417851e+01 4.430427421041868996e+01
4.693715594332417851e+01 4.737424872741240733e+01
4.693715594332417851e+01 4.303290624419344113e+01
4.693715594332417851e+01 4.510944158164647178e+01
4.693715594332417851e+01 4.937305990971240988e+01
4.693715594332417851e+01 4.764799669091942036e+01
4.693715594332417851e+01 4.612922883436586829e+01
4.693715594332417851e+01 4.519016631335415468e+01
4.693715594332417851e+01 4.500035142361341656e+01
4.693715594332417851e+01 4.691876880387270177e+01
4.693715594332417851e+01 4.481227232360433987e+01
4.693715594332417851e+01 4.633857980166908419e+01
4.693715594332417851e+01 4.552562833840737966e+01
4.693715594332417851e+01 4.654804915691050837e+01
4.693715594332417851e+01 4.440206952809115393e+01
4.693715594332417851e+01 4.287853813939908321e+01
4.693715594332417851e+01 4.465330113207838991e+01
4.693715594332417851e+01 4.061793210254638353e+01
4.693715594332417851e+01 4.529047665886550789e+01
4.693715594332417851e+01 4.546422957285881949e+01
4.693715594332417851e+01 4.709612148718879610e+01
4.693715594332417851e+01 5.471542696950528750e+01
4.693715594332417851e+01 4.202839957998099862e+01
4.693715594332417851e+01 4.489101990656467933e+01
4.693715594332417851e+01 4.882633042689040082e+01
4.693715594332417851e+01 4.666076260385359120e+01
4.693715594332417851e+01 4.306323772896579527e+01
4.693715594332417851e+01 4.685778661008671264e+01
4.693715594332417851e+01 5.142176866167459082e+01
4.693715594332417851e+01 4.543417401755029772e+01
4.693715594332417851e+01 4.916400408605900907e+01
4.693715594332417851e+01 4.201235960314289741e+01
4.693715594332417851e+01 4.520312390077783249e+01
4.693715594332417851e+01 4.464411920478945461e+01
4.693715594332417851e+01 5.079054797480741001e+01
4.693715594332417851e+01 4.671407943727337653e+01
4.693715594332417851e+01 4.013314402926069846e+01
4.693715594332417851e+01 4.936951082332549845e+01
4.693715594332417851e+01 4.596240280102278319e+01
4.693715594332417851e+01 4.023520559035087985e+01
4.693715594332417851e+01 4.576697819402594547e+01
4.693715594332417851e+01 4.433957626167699573e+01
4.693715594332417851e+01 4.606684733787778185e+01
4.693715594332417851e+01 4.163411502207696913e+01
4.693715594332417851e+01 3.958320218495727261e+01
4.693715594332417851e+01 4.475637835037228029e+01
4.693715594332417851e+01 4.863185776269774863e+01
4.693715594332417851e+01 4.694027593003945498e+01
4.693715594332417851e+01 4.532626646494969691e+01
4.693715594332417851e+01 4.570650156807504061e+01
4.693715594332417851e+01 5.029326039118433300e+01
4.693715594332417851e+01 5.066425494630072279e+01
4.693715594332417851e+01 4.559063489832603011e+01
4.693715594332417851e+01 4.625567331572347740e+01
4.693715594332417851e+01 5.284444137906673689e+01
4.693715594332417851e+01 4.488983882538202863e+01
4.693715594332417851e+01 4.736924757408975495e+01
4.693715594332417851e+01 3.947673461123650895e+01
4.693715594332417851e+01 5.072972195233955972e+01
4.693715594332417851e+01 4.729423512051624101e+01
4.693715594332417851e+01 4.694540244629283876e+01
4.693715594332417851e+01 4.721965489574046870e+01
4.693715594332417851e+01 4.049106189788946608e+01
4.693715594332417851e+01 4.178071539115494915e+01
4.693715594332417851e+01 4.689279163927356109e+01
4.693715594332417851e+01 4.802121252406732310e+01
4.693715594332417851e+01 4.292837699166028642e+01
4.693715594332417851e+01 4.784835233433937418e+01
4.693715594332417851e+01 4.518565869035413840e+01
4.693715594332417851e+01 4.171375396399265867e+01
4.693715594332417851e+01 4.768407129737156680e+01
4.693715594332417851e+01 4.676686794302861472e+01
4.693715594332417851e+01 4.760264369603523704e+01
4.693715594332417851e+01 4.531718874694513488e+01
4.693715594332417851e+01 4.062720847806691893e+01
4.693715594332417851e+01 4.290287765596398373e+01
4.693715594332417851e+01 3.986130366188822904e+01
4.693715594332417851e+01 4.444526010638637814e+01
4.693715594332417851e+01 4.450125590147665378e+01
4.693715594332417851e+01 4.575975380620249666e+01
4.693715594332417851e+01 4.374874828733554466e+01
4.693715594332417851e+01 4.968404748922320380e+01
4.693715594332417851e+01 4.395109249898747095e+01
4.693715594332417851e+01 4.164676172723567760e+01
4.693715594332417851e+01 4.381433632935141986e+01
4.693715594332417851e+01 5.127918030636375590e+01
4.693715594332417851e+01 4.140993387776453005e+01
4.693715594332417851e+01 5.218532604061309854e+01
4.693715594332417851e+01 4.770703862075489354e+01
4.693715594332417851e+01 4.797402965058582680e+01
4.693715594332417851e+01 4.607082470923374728e+01
4.693715594332417851e+01 4.080983464125011295e+01
4.693715594332417851e+01 5.191939011844799268e+01
4.693715594332417851e+01 4.977129007631980073e+01
4.693715594332417851e+01 4.636037883489828459e+01
4.693715594332417851e+01 4.676598637715864015e+01
4.693715594332417851e+01 4.571791939996391818e+01
4.693715594332417851e+01 4.460319040287484427e+01
4.693715594332417851e+01 4.635142698987264254e+01
4.693715594332417851e+01 5.077608359253131454e+01
4.693715594332417851e+01 5.198903245691438713e+01
4.693715594332417851e+01 4.717668279156730904e+01
4.693715594332417851e+01 4.578711363340507035e+01
4.693715594332417851e+01 4.747576156080980780e+01
4.693715594332417851e+01 4.337044010096407476e+01
4.693715594332417851e+01 5.135083584073335317e+01
4.693715594332417851e+01 4.904998600952308152e+01
4.693715594332417851e+01 4.870739319262945344e+01
4.693715594332417851e+01 4.565183016964701324e+01
4.693715594332417851e+01 4.593231337875734965e+01
4.693715594332417851e+01 4.779097818834989653e+01
4.693715594332417851e+01 4.380242341700551378e+01
4.693715594332417851e+01 5.298741833904266940e+01
4.693715594332417851e+01 4.478545320146508857e+01
4.693715594332417851e+01 4.966385113042134236e+01
4.693715594332417851e+01 4.548381725248682983e+01
4.693715594332417851e+01 4.632713999473342881e+01
4.693715594332417851e+01 4.504033375134893902e+01
4.693715594332417851e+01 4.658658989109131454e+01
4.693715594332417851e+01 4.847788515701155632e+01
4.693715594332417851e+01 4.184768373021547205e+01
4.693715594332417851e+01 4.523122519176182266e+01
4.693715594332417851e+01 4.999664394547612289e+01
4.693715594332417851e+01 3.995160500096028500e+01
4.693715594332417851e+01 4.674685868706986014e+01
4.693715594332417851e+01 4.745004849824749726e+01
4.693715594332417851e+01 5.099116523631619202e+01
4.693715594332417851e+01 4.402999361935841449e+01
4.693715594332417851e+01 4.052276069367854205e+01
4.693715594332417851e+01 5.058583871220265848e+01
4.693715594332417851e+01 4.448070452331419489e+01
4.693715594332417851e+01 4.802050705729664770e+01
4.693715594332417851e+01 4.947385815306583368e+01
4.693715594332417851e+01 4.539019705836641094e+01
4.693715594332417851e+01 4.436271481417492168e+01
4.693715594332417851e+01 4.452972375867516774e+01
4.693715594332417851e+01 4.887428800155976916e+01
4.693715594332417851e+01 5.332100907251013666e+01
4.693715594332417851e+01 4.695839398534234732e+01
4.693715594332417851e+01 4.786601830423762749e+01
4.693715594332417851e+01 4.611991293379147550e+01
4.693715594332417851e+01 3.947934394656744672e+01
4.693715594332417851e+01 4.761803367652588292e+01
4.693715594332417851e+01 4.982283475237312587e+01
4.693715594332417851e+01 5.208338005993215347e+01
4.693715594332417851e+01 4.149637515248887354e+01
4.693715594332417851e+01 5.139026075198238885e+01
4.693715594332417851e+01 4.702684613380915835e+01
4.693715594332417851e+01 5.456272503090649195e+01
4.693715594332417851e+01 4.864628452843559359e+01
4.693715594332417851e+01 4.762619044643136590e+01
4.693715594332417851e+01 4.674116831235887304e+01
4.693715594332417851e+01 4.721352012304490842e+01
4.693715594332417851e+01 4.504559414755420477e+01
4.693715594332417851e+01 4.657678855764620351e+01
4.693715594332417851e+01 5.085191691210857812e+01
4.693715594332417851e+01 5.056761763692995260e+01
4.693715594332417851e+01 4.270570791248775322e+01
4.693715594332417851e+01 4.921610693299656702e+01
4.693715594332417851e+01 4.726851044705529148e+01
4.693715594332417851e+01 4.778262828545369700e+01
4.693715594332417851e+01 4.618509206374908160e+01
4.693715594332417851e+01 4.199167561929274228e+01
4.693715594332417851e+01 5.199020484618344540e+01
4.693715594332417851e+01 4.619815914246042610e+01
4.693715594332417851e+01 5.303682775729124188e+01
4.693715594332417851e+01 4.507094395508249818e+01
4.693715594332417851e+01 4.787579763038868208e+01
4.693715594332417851e+01 5.495769033561579420e+01
4.693715594332417851e+01 4.381070927278955196e+01
4.693715594332417851e+01 4.614251195920989801e+01
4.693715594332417851e+01 3.912487889055136492e+01
4.693715594332417851e+01 4.386426740355663156e+01
4.693715594332417851e+01 4.696170353430074584e+01
4.693715594332417851e+01 4.914035804551456010e+01
4.693715594332417851e+01 4.815429083485248896e+01
4.693715594332417851e+01 4.743888715761854513e+01
4.693715594332417851e+01 5.011507402269727862e+01
4.693715594332417851e+01 4.806828603129804378e+01
4.693715594332417851e+01 4.592610660612878348e+01
4.693715594332417851e+01 4.512722327727136928e+01
4.693715594332417851e+01 4.907656888503890258e+01
4.693715594332417851e+01 4.149203595283705681e+01
4.693715594332417851e+01 4.850884707292113518e+01
4.693715594332417851e+01 4.635415546689674215e+01
4.693715594332417851e+01 4.479150983562050214e+01
4.693715594332417851e+01 4.595010268354820937e+01
4.693715594332417851e+01 3.733196994756475817e+01
4.693715594332417851e+01 4.137707922915586778e+01
4.693715594332417851e+01 4.909569918124049082e+01
4.693715594332417851e+01 4.334420534807264858e+01
4.693715594332417851e+01 4.653183110189730343e+01
4.693715594332417851e+01 4.072991948130813711e+01
4.693715594332417851e+01 4.588726680614382758e+01
4.693715594332417851e+01 4.266735943850810742e+01
4.693715594332417851e+01 4.379051574636603306e+01
4.693715594332417851e+01 4.956352577607407994e+01
4.693715594332417851e+01 4.619238174806338293e+01
4.693715594332417851e+01 4.707955347498809573e+01
4.693715594332417851e+01 4.920939111348325667e+01
4.693715594332417851e+01 5.011964930178037747e+01
4.693715594332417851e+01 4.585859187619517741e+01
4.693715594332417851e+01 4.679122869577685861e+01
4.693715594332417851e+01 4.390461305420945592e+01
4.693715594332417851e+01 4.384905036840782344e+01
4.693715594332417851e+01 4.890751678476787134e+01
4.693715594332417851e+01 4.478167137551150745e+01
4.693715594332417851e+01 4.779583535078300827e+01
4.693715594332417851e+01 4.309912725772548470e+01
4.693715594332417851e+01 4.204450414823732984e+01
4.693715594332417851e+01 4.225026656254456725e+01
4.693715594332417851e+01 4.662426369714351182e+01
4.693715594332417851e+01 4.672223022754393185e+01
4.693715594332417851e+01 4.540549421681780018e+01
4.693715594332417851e+01 4.423516353026063541e+01
4.693715594332417851e+01 4.606511472859359912e+01
4.693715594332417851e+01 4.722732713148058536e+01
4.693715594332417851e+01 4.767033715887588841e+01
4.693715594332417851e+01 4.425186416776734433e+01
4.693715594332417851e+01 4.221296894035250347e+01
4.693715594332417851e+01 4.329251712880490288e+01
4.693715594332417851e+01 4.413639161825321366e+01
4.693715594332417851e+01 5.004414722424749584e+01
4.693715594332417851e+01 4.628327056648083726e+01
4.693715594332417851e+01 4.706651651679435133e+01
4.693715594332417851e+01 4.260017576071211920e+01
4.693715594332417851e+01 4.631258401139740499e+01
4.693715594332417851e+01 4.401013396697439362e+01
4.693715594332417851e+01 4.259099828824283662e+01
4.693715594332417851e+01 4.523372031255260595e+01
4.693715594332417851e+01 4.773214144982927110e+01
4.693715594332417851e+01 4.279613348784445748e+01
4.693715594332417851e+01 4.608144288547501333e+01
4.693715594332417851e+01 4.603613549463846510e+01
4.693715594332417851e+01 4.911195479984276346e+01
4.693715594332417851e+01 4.095247836045140133e+01
4.693715594332417851e+01 4.228217527073721982e+01
4.693715594332417851e+01 4.183079060502897306e+01
4.693715594332417851e+01 4.672320979536223717e+01
4.693715594332417851e+01 4.852609322539135661e+01
4.693715594332417851e+01 4.709382026670604660e+01
4.693715594332417851e+01 4.450799761554994660e+01
4.693715594332417851e+01 4.737831114337942751e+01
4.693715594332417851e+01 4.412443461657035471e+01
4.693715594332417851e+01 4.448277584726522349e+01
4.693715594332417851e+01 5.437164507328140672e+01
4.693715594332417851e+01 4.335818115940582373e+01
4.693715594332417851e+01 4.269804641035049286e+01
4.693715594332417851e+01 5.241233110052711197e+01
4.693715594332417851e+01 4.689860855737592260e+01
4.693715594332417851e+01 4.949220076660392920e+01
4.693715594332417851e+01 4.946884224931369545e+01
4.693715594332417851e+01 4.493531312050018300e+01
4.693715594332417851e+01 4.132602922402856649e+01
4.693715594332417851e+01 4.561355495725079123e+01
4.693715594332417851e+01 4.677373998239113462e+01
4.693715594332417851e+01 4.819835762637757171e+01
4.693715594332417851e+01 4.699186055981726184e+01
4.693715594332417851e+01 4.528207751606174725e+01
4.693715594332417851e+01 4.538393658207767345e+01
4.693715594332417851e+01 4.723677166536455019e+01
4.693715594332417851e+01 4.653006304597579401e+01
4.693715594332417851e+01 4.511830740087243896e+01
4.693715594332417851e+01 5.083948139565851676e+01
4.693715594332417851e+01 4.435972865327328662e+01
4.693715594332417851e+01 4.543574011128883683e+01
4.693715594332417851e+01 4.125221871843386623e+01
4.693715594332417851e+01 4.787713284709136730e+01
4.693715594332417851e+01 4.339196488482349423e+01
4.693715594332417851e+01 5.235643943768370434e+01
4.693715594332417851e+01 5.224559810899085477e+01
4.693715594332417851e+01 4.323323793707420748e+01
4.693715594332417851e+01 4.280087775248344428e+01
4.693715594332417851e+01 4.406376777558500635e+01
4.693715594332417851e+01 4.026539729691153724e+01
4.693715594332417851e+01 4.542913805928736792e+01
4.693715594332417851e+01 4.900275205872851814e+01
4.693715594332417851e+01 4.484667323827065388e+01
4.693715594332417851e+01 4.865690160137974374e+01
4.693715594332417851e+01 5.027258781387032371e+01
4.693715594332417851e+01 4.020002793174817413e+01
4.693715594332417851e+01 4.390332487828172248e+01
4.693715594332417851e+01 4.390049781587352840e+01
4.693715594332417851e+01 4.541782431161601608e+01
4.693715594332417851e+01 4.768375637783830001e+01
4.693715594332417851e+01 4.668926615143213610e+01
4.693715594332417851e+01 4.972210665852389155e+01
4.693715594332417851e+01 4.980137556773892982e+01
4.693715594332417851e+01 4.931275889963224301e+01
4.693715594332417851e+01 4.485681506641486749e+01
4.693715594332417851e+01 4.773891621964560272e+01
4.693715594332417851e+01 4.132063421663510638e+01
4.693715594332417851e+01 4.991246261516393901e+01
4.693715594332417851e+01 5.307889267889282081e+01
4.693715594332417851e+01 4.626756128895468123e+01
4.693715594332417851e+01 4.069198954766977039e+01
4.693715594332417851e+01 4.259267086341086639e+01
4.693715594332417851e+01 4.422321977201021781e+01
4.693715594332417851e+01 5.118087492044930542e+01
4.693715594332417851e+01 4.333029802319987311e+01
4.693715594332417851e+01 4.657002651125899462e+01
4.693715594332417851e+01 4.343777617928458312e+01
4.693715594332417851e+01 4.333600821356454702e+01
4.693715594332417851e+01 4.837018756673706577e+01
4.693715594332417851e+01 4.017207217895390414e+01
4.693715594332417851e+01 4.609107439136712969e+01
4.693715594332417851e+01 5.135564792344113272e+01
4.693715594332417851e+01 4.011291221275981655e+01
4.693715594332417851e+01 4.895868941093347360e+01
4.693715594332417851e+01 4.494015755957274649e+01
4.693715594332417851e+01 4.093953499353666814e+01
4.693715594332417851e+01 4.283916732842276787e+01
4.693715594332417851e+01 5.429263421177651594e+01
4.693715594332417851e+01 4.241279300887657655e+01
4.693715594332417851e+01 4.421340950440959006e+01
4.693715594332417851e+01 4.735795141684837972e+01
4.693715594332417851e+01 4.381198784814230862e+01
4.693715594332417851e+01 4.496703814437076829e+01
4.693715594332417851e+01 4.599189046385900781e+01
4.693715594332417851e+01 4.537231677746375880e+01
4.693715594332417851e+01 4.063189830122845336e+01
4.693715594332417851e+01 4.542389627044974532e+01
4.693715594332417851e+01 4.618849482735600986e+01
4.693715594332417851e+01 4.731739684615313735e+01
4.693715594332417851e+01 4.542606285369458163e+01
4.693715594332417851e+01 4.766783388462352633e+01
4.693715594332417851e+01 4.461800918093312873e+01
4.693715594332417851e+01 4.625092364708514481e+01
4.693715594332417851e+01 4.866339143569364722e+01
4.693715594332417851e+01 4.850743839861049622e+01
4.693715594332417851e+01 4.767277766672268058e+01
4.693715594332417851e+01 5.055433799462057465e+01
4.693715594332417851e+01 5.268358005566168600e+01
4.693715594332417851e+01 4.398140765411490349e+01
4.693715594332417851e+01 4.989894976803218185e+01
4.693715594332417851e+01 5.046865659640183566e+01
4.693715594332417851e+01 5.274764208383813724e+01
4.693715594332417851e+01 4.402645046459134193e+01
4.693715594332417851e+01 4.916107498804852582e+01
4.693715594332417851e+01 4.571713468995758944e+01
4.693715594332417851e+01 4.819750776366898037e+01
4.693715594332417851e+01 4.961505819147527063e+01
4.693715594332417851e+01 4.591717204973403454e+01
4.693715594332417851e+01 5.045898740432905782e+01
4.693715594332417851e+01 4.912026778883665656e+01
4.693715594332417851e+01 4.417332336183601171e+01
4.693715594332417851e+01 4.449689575417124132e+01
4.693715594332417851e+01 4.374271377986593734e+01
4.693715594332417851e+01 4.882395116820260483e+01
4.693715594332417851e+01 3.964915349314254911e+01
4.693715594332417851e+01 4.712474148062839419e+01
4.693715594332417851e+01 4.452115141649397145e+01
4.693715594332417851e+01 5.125324056151441710e+01
4.693715594332417851e+01 4.448966415184901280e+01
4.693715594332417851e+01 4.791993385887496260e+01
4.693715594332417851e+01 4.938381498938571212e+01
4.693715594332417851e+01 4.682882239892428089e+01
4.693715594332417851e+01 4.601215855519347997e+01
4.693715594332417851e+01 4.352728461161142803e+01
4.693715594332417851e+01 4.577279326853367536e+01
4.693715594332417851e+01 4.479615403985842903e+01
4.693715594332417851e+01 4.722284297288264554e+01
4.693715594332417851e+01 4.570428591611718616e+01
4.693715594332417851e+01 4.387975208717137576e+01
4.693715594332417851e+01 4.815545801902255363e+01
4.693715594332417851e+01 4.569652603112741218e+01
4.693715594332417851e+01 4.793348407796592880e+01
4.693715594332417851e+01 4.445632904284499887e+01
4.693715594332417851e+01 4.335373788253485117e+01
4.693715594332417851e+01 4.939084461627995637e+01
4.693715594332417851e+01 4.346485566358427377e+01
4.693715594332417851e+01 4.409395351252583595e+01
4.693715594332417851e+01 5.226741282179202841e+01
4.693715594332417851e+01 4.984688193232460662e+01
4.693715594332417851e+01 4.633647967753793750e+01
4.693715594332417851e+01 4.615127550886735008e+01
4.693715594332417851e+01 4.396937895126784213e+01
4.693715594332417851e+01 4.384131770540395223e+01
4.693715594332417851e+01 4.574374883984437190e+01
4.693715594332417851e+01 4.288424119453924277e+01
4.693715594332417851e+01 4.149026162865426670e+01
4.693715594332417851e+01 4.315421278716583231e+01
4.693715594332417851e+01 4.376649911508082624e+01
4.693715594332417851e+01 4.509186396005922148e+01
4.693715594332417851e+01 4.638635395023344188e+01
4.693715594332417851e+01 4.683720544783519557e+01
4.693715594332417851e+01 4.635338467945513230e+01
4.693715594332417851e+01 4.827460334599820868e+01
4.693715594332417851e+01 4.348802442436961968e+01
4.693715594332417851e+01 4.753351454670005438e+01
4.693715594332417851e+01 4.894999383569764007e+01
4.693715594332417851e+01 4.643726809191614535e+01
4.693715594332417851e+01 4.708660059951657217e+01
4.693715594332417851e+01 4.982594149748606327e+01
4.693715594332417851e+01 4.794463355941519467e+01
4.693715594332417851e+01 4.148776191937122348e+01
4.693715594332417851e+01 4.607925282918086651e+01
4.693715594332417851e+01 4.197337845201909801e+01
4.693715594332417851e+01 5.002235657374877320e+01
4.693715594332417851e+01 4.268534267713879871e+01
4.693715594332417851e+01 4.590381080696754879e+01
4.693715594332417851e+01 4.126803652170650594e+01
4.693715594332417851e+01 5.066983860660937466e+01
4.693715594332417851e+01 4.367783610338282330e+01
4.693715594332417851e+01 4.497331624233685687e+01
4.693715594332417851e+01 4.959037673526258061e+01
4.693715594332417851e+01 4.073807325801581669e+01
4.693715594332417851e+01 4.352117302229701323e+01
4.693715594332417851e+01 4.263136721501736304e+01
4.693715594332417851e+01 4.770117571121546263e+01
4.693715594332417851e+01 5.061630440253760810e+01
4.693715594332417851e+01 4.717836911902688257e+01
4.693715594332417851e+01 4.829681829410739624e+01
4.693715594332417851e+01 5.130191357160486376e+01
4.693715594332417851e+01 4.687541667753056629e+01
4.693715594332417851e+01 4.193257040914707545e+01
4.693715594332417851e+01 4.491312765727259659e+01
4.693715594332417851e+01 4.358439456537347922e+01
4.693715594332417851e+01 4.889456277232249448e+01
4.693715594332417851e+01 3.959859481128849978e+01
4.693715594332417851e+01 4.769449999607111579e+01
4.693715594332417851e+01 4.809635700773128519e+01
4.693715594332417851e+01 4.327467407007594602e+01
4.693715594332417851e+01 4.110604064535846902e+01
4.693715594332417851e+01 5.118383033227524237e+01
4.693715594332417851e+01 4.755361049917796379e+01
4.693715594332417851e+01 4.877291357167953834e+01
4.693715594332417851e+01 5.272644972417074172e+01
4.693715594332417851e+01 4.527030871346265428e+01
4.693715594332417851e+01 4.357796021708801248e+01
4.693715594332417851e+01 5.309260415385215026e+01
4.693715594332417851e+01 5.012281926480864058e+01
4.693715594332417851e+01 4.447332581754679381e+01
4.693715594332417851e+01 4.357661678863809840e+01
4.693715594332417851e+01 5.075818896149164772e+01
4.693715594332417851e+01 4.991270453387511452e+01
4.693715594332417851e+01 4.660639396936306156e+01
4.693715594332417851e+01 5.395039957544305764e+01
4.693715594332417851e+01 4.462500180724327947e+01
4.693715594332417851e+01 4.382605224008969458e+01
4.693715594332417851e+01 4.610703746317807372e+01
4.693715594332417851e+01 4.931795208940050657e+01
4.693715594332417851e+01 4.201550165519284974e+01
4.693715594332417851e+01 4.505197034718822380e+01
4.693715594332417851e+01 5.165790325448506337e+01
4.693715594332417851e+01 5.031092299240381038e+01
4.693715594332417851e+01 5.332186492634597386e+01
4.693715594332417851e+01 4.475793502753221276e+01
4.693715594332417851e+01 4.299478609431024978e+01
4.693715594332417851e+01 4.952008978278534101e+01
4.693715594332417851e+01 4.561413006712422202e+01
4.693715594332417851e+01 5.241697848108809410e+01
4.693715594332417851e+01 4.408334428196030785e+01
4.693715594332417851e+01 4.635468364806366282e+01
4.693715594332417851e+01 4.340099111759879946e+01
4.693715594332417851e+01 4.872707912611706860e+01
4.693715594332417851e+01 4.647332939003640462e+01
4.693715594332417851e+01 4.216091515027377312e+01
4.693715594332417851e+01 5.092933378166000580e+01
4.693715594332417851e+01 4.371768822446211544e+01
4.693715594332417851e+01 4.872573079223071346e+01
4.693715594332417851e+01 5.339238642914776278e+01
4.693715594332417851e+01 4.709366389142767417e+01
4.693715594332417851e+01 4.463421813318429088e+01
4.693715594332417851e+01 4.829553039806622650e+01
4.693715594332417851e+01 4.830054413450125139e+01
4.693715594332417851e+01 4.891232884386168678e+01
4.693715594332417851e+01 5.559797630470392704e+01
4.693715594332417851e+01 4.662331230237463586e+01
4.693715594332417851e+01 4.492299838321503103e+01
4.693715594332417851e+01 4.303424689920680635e+01
4.693715594332417851e+01 4.297673281545733914e+01
4.693715594332417851e+01 4.627198428363448102e+01
4.693715594332417851e+01 4.730300098103759154e+01
4.693715594332417851e+01 4.300240946723630486e+01
4.693715594332417851e+01 4.255337350727688772e+01
4.693715594332417851e+01 4.671059722105957235e+01
4.693715594332417851e+01 4.609121889255853688e+01
4.693715594332417851e+01 5.375235278060726785e+01
4.693715594332417851e+01 4.547632789109802331e+01
4.693715594332417851e+01 4.507354394745482296e+01
4.693715594332417851e+01 4.588934870268881383e+01
4.693715594332417851e+01 4.702916214108995518e+01
4.693715594332417851e+01 4.305947616821021029e+01
4.693715594332417851e+01 4.575517647716395686e+01
4.693715594332417851e+01 4.637189822093444036e+01
4.693715594332417851e+01 4.685809151946487816e+01
4.693715594332417851e+01 4.338189414579608894e+01
4.693715594332417851e+01 4.162861249927351537e+01
4.693715594332417851e+01 4.784111288068864809e+01
4.693715594332417851e+01 4.984716382870673357e+01
4.693715594332417851e+01 4.032308655311607026e+01
4.693715594332417851e+01 4.854669694393743384e+01
4.693715594332417851e+01 5.127580693861074224e+01
4.693715594332417851e+01 4.809144766391739267e+01
4.693715594332417851e+01 4.176820729933992027e+01
4.693715594332417851e+01 5.014475763519740781e+01
4.693715594332417851e+01 4.428041057448955087e+01
4.693715594332417851e+01 4.749069505424797200e+01
4.693715594332417851e+01 4.542172873152188828e+01
4.693715594332417851e+01 4.260887852751712046e+01
4.693715594332417851e+01 5.336250784465354258e+01
4.693715594332417851e+01 4.315691137892194007e+01
4.693715594332417851e+01 5.014750077009539808e+01
4.693715594332417851e+01 4.521304107356900914e+01
4.693715594332417851e+01 4.246408605740767683e+01
4.693715594332417851e+01 4.631466804810665394e+01
4.693715594332417851e+01 4.445318176770877727e+01
4.693715594332417851e+01 4.293316040818958612e+01
4.693715594332417851e+01 4.538600278255229625e+01
4.693715594332417851e+01 4.395506125080218851e+01
4.693715594332417851e+01 4.806156486652109550e+01
4.693715594332417851e+01 4.536289080106678284e+01
4.693715594332417851e+01 4.130043364902472547e+01
4.693715594332417851e+01 4.859664727346186908e+01
4.693715594332417851e+01 4.436958049484321265e+01
4.693715594332417851e+01 4.548673780811988365e+01
4.693715594332417851e+01 4.672405196347116174e+01
4.693715594332417851e+01 5.377232791661984379e+01
4.693715594332417851e+01 3.963331549705915791e+01
4.693715594332417851e+01 4.659548245802730548e+01
4.693715594332417851e+01 4.387725689227595183e+01
4.693715594332417851e+01 4.499907672150837357e+01
4.693715594332417851e+01 4.215907711908299405e+01
4.693715594332417851e+01 4.463060262252832899e+01
4.693715594332417851e+01 4.349704746565116409e+01
4.693715594332417851e+01 4.156407736322183410e+01
4.693715594332417851e+01 4.536039726235082270e+01
4.693715594332417851e+01 3.917854896138877763e+01
4.693715594332417851e+01 4.308297086801894693e+01
4.693715594332417851e+01 4.628430783001338256e+01
4.693715594332417851e+01 4.820377589278805885e+01
4.693715594332417851e+01 4.396753167387350203e+01
4.693715594332417851e+01 4.198373468899954020e+01
4.693715594332417851e+01 4.354896085006577522e+01
4.693715594332417851e+01 4.732168063414854942e+01
4.693715594332417851e+01 4.429260121849549137e+01
4.693715594332417851e+01 4.325434700524932197e+01
4.693715594332417851e+01 4.946332632951674668e+01
4.693715594332417851e+01 4.669931241906968467e+01
4.693715594332417851e+01 4.757650176790654228e+01
4.693715594332417851e+01 4.530906561524440690e+01
4.693715594332417851e+01 4.884855119119720257e+01
4.693715594332417851e+01 4.717946114061498264e+01
4.693715594332417851e+01 4.380473041012423607e+01
4.693715594332417851e+01 4.338272885791101885e+01
4.693715594332417851e+01 5.251672026277489636e+01
4.693715594332417851e+01 4.370158431840507518e+01
4.693715594332417851e+01 4.524071882601734984e+01
4.693715594332417851e+01 4.746542069659354723e+01
4.693715594332417851e+01 4.200911266699212376e+01
4.693715594332417851e+01 4.915640337810999227e+01
4.693715594332417851e+01 4.447073884004457511e+01
4.693715594332417851e+01 4.848061821040331409e+01
4.693715594332417851e+01 4.645364166900688474e+01
4.693715594332417851e+01 4.900379090260814507e+01
4.693715594332417851e+01 4.321809543573844792e+01
4.693715594332417851e+01 4.750642585096338877e+01
4.693715594332417851e+01 4.618607755386811675e+01
4.693715594332417851e+01 4.421473497701846611e+01
4.693715594332417851e+01 4.445591122061264144e+01
4.693715594332417851e+01 4.786552065631930475e+01
4.693715594332417851e+01 5.035329457908649431e+01
4.693715594332417851e+01 5.005761021062390626e+01
4.693715594332417851e+01 4.610133067719881694e+01
4.693715594332417851e+01 4.595680853775849073e+01
4.693715594332417851e+01 4.389824834723179947e+01
4.693715594332417851e+01 3.879973981862433874e+01
4.693715594332417851e+01 4.391074963304896528e+01
4.693715594332417851e+01 5.167994647942636988e+01
4.693715594332417851e+01 5.116950353272384433e+01
4.693715594332417851e+01 5.072691098922997099e+01
4.693715594332417851e+01 4.893488264134004595e+01
4.693715594332417851e+01 4.600179247885237999e+01
4.693715594332417851e+01 4.476590140048136846e+01
4.693715594332417851e+01 4.394758148987773438e+01
4.693715594332417851e+01 4.542688274560021711e+01
4.693715594332417851e+01 4.678365856512392895e+01
4.693715594332417851e+01 4.612001662141027225e+01
4.693715594332417851e+01 4.461358577575925466e+01
4.693715594332417851e+01 4.255786817041067849e+01
4.693715594332417851e+01 4.812684314018751763e+01
4.693715594332417851e+01 4.795608826525921842e+01
4.693715594332417851e+01 4.685035289308969908e+01
4.693715594332417851e+01 4.481936560928770064e+01
4.693715594332417851e+01 4.076864062645986309e+01
4.693715594332417851e+01 4.307410893279840991e+01
4.693715594332417851e+01 4.330815873656875681e+01
4.693715594332417851e+01 4.105423390151629093e+01
4.693715594332417851e+01 4.636334420573876969e+01
4.693715594332417851e+01 4.777705562204751999e+01
4.693715594332417851e+01 4.645811382681957014e+01
4.693715594332417851e+01 4.398017165099138737e+01
4.693715594332417851e+01 4.329702314465193069e+01
4.693715594332417851e+01 4.907457089575819253e+01
4.693715594332417851e+01 5.409256763357302589e+01
4.693715594332417851e+01 5.289038017891602550e+01
4.693715594332417851e+01 4.833089045932204186e+01
4.693715594332417851e+01 4.154306990150380585e+01
4.693715594332417851e+01 4.605121130380091188e+01
4.693715594332417851e+01 4.560915173853023674e+01
4.693715594332417851e+01 4.056271827812507524e+01
4.693715594332417851e+01 4.693148140637765664e+01
4.693715594332417851e+01 4.142846700304465912e+01
4.693715594332417851e+01 4.816577844141163212e+01
4.693715594332417851e+01 4.588242884014625389e+01
4.693715594332417851e+01 5.113120773593410462e+01
4.693715594332417851e+01 4.639820793954041989e+01
4.693715594332417851e+01 4.265720593225649537e+01
4.693715594332417851e+01 4.870722760963276698e+01
4.693715594332417851e+01 4.310552430964592929e+01
4.693715594332417851e+01 4.605747781923155060e+01
4.693715594332417851e+01 4.616809142313255876e+01
4.693715594332417851e+01 4.614601094018239280e+01
4.693715594332417851e+01 4.818521716051790094e+01
4.693715594332417851e+01 5.171201630084049583e+01
4.693715594332417851e+01 4.296064693254857758e+01
4.693715594332417851e+01 4.834221676332141726e+01
4.693715594332417851e+01 4.439089143815868965e+01
4.693715594332417851e+01 4.052326380326734778e+01
4.693715594332417851e+01 4.758357365852727838e+01
4.693715594332417851e+01 4.095210398324590528e+01
4.693715594332417851e+01 4.863906537710225564e+01
4.693715594332417851e+01 4.425519098255330164e+01
4.693715594332417851e+01 4.798607091081026255e+01
4.693715594332417851e+01 5.070545947832302147e+01
4.693715594332417851e+01 5.076963602834199918e+01
4.693715594332417851e+01 4.547688210478378323e+01
4.693715594332417851e+01 4.749652723320699721e+01
4.693715594332417851e+01 4.214551036998716427e+01
4.693715594332417851e+01 4.039199600564444381e+01
4.693715594332417851e+01 4.322706922239085259e+01
4.693715594332417851e+01 4.600593807360789356e+01
4.693715594332417851e+01 4.790068109990144762e+01
4.693715594332417851e+01 4.301149577073327634e+01
4.693715594332417851e+01 4.921787887172494891e+01
4.693715594332417851e+01 4.302801932074157776e+01
4.693715594332417851e+01 4.817289491458342354e+01
4.693715594332417851e+01 4.368833513379258449e+01
4.693715594332417851e+01 5.075183075318045667e+01
4.693715594332417851e+01 4.377490592733039421e+01
4.693715594332417851e+01 4.272086863980605642e+01
4.693715594332417851e+01 4.588285698618593500e+01
4.693715594332417851e+01 4.471614367261872047e+01
4.693715594332417851e+01 4.621136696535657507e+01
4.693715594332417851e+01 4.322187149788502580e+01
4.693715594332417851e+01 4.670224612268938102e+01
4.693715594332417851e+01 4.452634916141800403e+01
4.693715594332417851e+01 4.460727276078317516e+01
4.693715594332417851e+01 4.857447095187928454e+01
4.693715594332417851e+01 5.044164026457772110e+01
4.693715594332417851e+01 4.213396149689126702e+01
4.693715594332417851e+01 3.932614820064071637e+01
4.693715594332417851e+01 4.932312725071809467e+01
4.693715594332417851e+01 4.581102789323006874e+01
4.693715594332417851e+01 5.072106485017745570e+01
4.693715594332417851e+01 5.382296115451028129e+01
4.693715594332417851e+01 5.108131756241755284e+01
4.693715594332417851e+01 4.994173745249145213e+01
4.693715594332417851e+01 4.121239758574188983e+01
4.693715594332417851e+01 4.669339751181838949e+01
4.693715594332417851e+01 4.631432676578048557e+01
4.693715594332417851e+01 4.628860954109703130e+01
4.693715594332417851e+01 4.581731579960546696e+01
4.693715594332417851e+01 3.842975726898715294e+01
4.693715594332417851e+01 5.344993970016310669e+01
4.693715594332417851e+01 4.614550138425599357e+01
4.693715594332417851e+01 4.513837085506943936e+01
4.693715594332417851e+01 4.598280062956109049e+01
4.693715594332417851e+01 4.877748414009990086e+01
4.693715594332417851e+01 4.129408231715837019e+01
4.693715594332417851e+01 4.062390594631222029e+01
4.693715594332417851e+01 4.388113811227955097e+01
4.693715594332417851e+01 4.672805370969420835e+01
4.693715594332417851e+01 4.923369541853319475e+01
4.693715594332417851e+01 4.556679085922523598e+01
4.693715594332417851e+01 5.373198536644126477e+01
4.693715594332417851e+01 4.645410190917195337e+01
4.693715594332417851e+01 4.400172479298916528e+01
4.693715594332417851e+01 4.664350830497033229e+01
4.693715594332417851e+01 4.829513023941051131e+01
4.693715594332417851e+01 5.096334859124365124e+01
4.693715594332417851e+01 4.544565235765868749e+01
4.693715594332417851e+01 4.511641720660027488e+01
4.693715594332417851e+01 5.135563695297349796e+01
4.693715594332417851e+01 4.469546971313226180e+01
4.693715594332417851e+01 4.557310774629011974e+01
4.693715594332417851e+01 4.486527758599587656e+01
4.693715594332417851e+01 5.142475630444271673e+01
4.693715594332417851e+01 5.133155685857219908e+01
4.693715594332417851e+01 4.918304913302592496e+01
4.693715594332417851e+01 3.780881284257819175e+01
4.693715594332417851e+01 4.814402643828400841e+01
4.693715594332417851e+01 4.943914068432546571e+01
4.693715594332417851e+01 4.609181433904807079e+01
4.693715594332417851e+01 4.352337701391547142e+01
4.693715594332417851e+01 4.696630646808451104e+01
4.693715594332417851e+01 5.299274077574772690e+01
4.693715594332417851e+01 4.879688400982011132e+01
4.693715594332417851e+01 4.787089937926708672e+01
4.693715594332417851e+01 4.438287715087860619e+01
4.693715594332417851e+01 4.404683122363134373e+01
4.693715594332417851e+01 5.284614179387231303e+01
4.693715594332417851e+01 5.032561585609457211e+01
4.693715594332417851e+01 4.866527096129306074e+01
4.693715594332417851e+01 5.046334907954963711e+01
4.693715594332417851e+01 4.499654471934274369e+01
4.693715594332417851e+01 5.264855846254862826e+01
4.693715594332417851e+01 4.700183214271377352e+01
4.693715594332417851e+01 4.576417294168229688e+01
4.693715594332417851e+01 3.953454017557756828e+01
4.693715594332417851e+01 5.457379152992749027e+01
4.693715594332417851e+01 5.000107932536288757e+01
4.693715594332417851e+01 4.598292562262491856e+01
4.693715594332417851e+01 4.322244453833300781e+01
4.693715594332417851e+01 4.821922891001266009e+01
4.693715594332417851e+01 4.850694688601767268e+01
4.693715594332417851e+01 3.929209865483336728e+01
4.693715594332417851e+01 5.181989108021232937e+01
4.693715594332417851e+01 4.954616862539216271e+01
4.693715594332417851e+01 4.735374481694541515e+01
4.693715594332417851e+01 4.844027304072554330e+01
4.693715594332417851e+01 4.436181060170598300e+01
4.693715594332417851e+01 4.357279671912478847e+01
4.693715594332417851e+01 4.584827636455806754e+01
4.693715594332417851e+01 4.743924997760348106e+01
4.693715594332417851e+01 4.611277084254543013e+01
4.693715594332417851e+01 4.375518608183345037e+01
4.693715594332417851e+01 4.509944701974747261e+01
4.693715594332417851e+01 4.343093891772667803e+01
4.693715594332417851e+01 4.623150460449592458e+01
4.693715594332417851e+01 4.875625125548970829e+01
4.693715594332417851e+01 4.260968776144010661e+01
4.693715594332417851e+01 4.530623577143501279e+01
4.693715594332417851e+01 4.245320640271549451e+01
4.693715594332417851e+01 4.886247116827951231e+01
4.693715594332417851e+01 4.763686660713239007e+01
4.693715594332417851e+01 4.519366570215800039e+01
4.693715594332417851e+01 4.758275584966084182e+01
4.693715594332417851e+01 4.437451928843838544e+01
4.693715594332417851e+01 4.572032372772026321e+01
4.693715594332417851e+01 4.921006692904366986e+01
4.693715594332417851e+01 4.447941038318857920e+01
4.693715594332417851e+01 4.666702638684388660e+01
4.693715594332417851e+01 4.303846938925353527e+01
4.693715594332417851e+01 4.331584039489627003e+01
4.693715594332417851e+01 4.375935861675186089e+01
4.693715594332417851e+01 5.084463310561397265e+01
4.693715594332417851e+01 4.271175043677203575e+01
4.693715594332417851e+01 3.757427281683258968e+01
4.693715594332417851e+01 4.449027247991092082e+01
4.693715594332417851e+01 5.037439689116526864e+01
4.693715594332417851e+01 4.005381049316230246e+01
4.693715594332417851e+01 4.403738858097339914e+01
4.693715594332417851e+01 4.631108218614733119e+01
4.693715594332417851e+01 4.375103710520269118e+01
4.693715594332417851e+01 4.755457848090787820e+01
4.693715594332417851e+01 4.998489055364404976e+01
4.693715594332417851e+01 4.930811500499723365e+01
4.693715594332417851e+01 4.318616689998134461e+01
4.693715594332417851e+01 4.496849597204052174e+01
4.693715594332417851e+01 5.154530203192144455e+01
4.693715594332417851e+01 4.154184657288700322e+01
4.693715594332417851e+01 4.501404359757332685e+01
4.693715594332417851e+01 4.678851311060579121e+01
4.693715594332417851e+01 4.879051314150403584e+01
4.693715594332417851e+01 4.128477994079099034e+01
4.693715594332417851e+01 4.899008377914197609e+01
4.693715594332417851e+01 4.134428400212653543e+01
4.693715594332417851e+01 4.102497950392118042e+01
4.693715594332417851e+01 4.549323612562825758e+01
4.693715594332417851e+01 4.648172934366861853e+01
4.693715594332417851e+01 4.576700098126690364e+01
4.693715594332417851e+01 4.620272230552766501e+01
4.693715594332417851e+01 4.212262821271847457e+01
4.693715594332417851e+01 3.894498650447238219e+01
4.693715594332417851e+01 4.238697132297275516e+01
4.693715594332417851e+01 4.293670883238535652e+01
4.693715594332417851e+01 4.546914233707598640e+01
4.693715594332417851e+01 4.849162306980396409e+01
4.693715594332417851e+01 4.585027760683684761e+01
4.693715594332417851e+01 4.629029801027148494e+01
4.693715594332417851e+01 4.466272663126035525e+01
4.693715594332417851e+01 4.627272484095521321e+01
4.693715594332417851e+01 4.571254104474782309e+01
4.693715594332417851e+01 4.392719244166691084e+01
4.693715594332417851e+01 4.546398792364472996e+01
4.693715594332417851e+01 5.031160611978127406e+01
4.693715594332417851e+01 4.448984075804688842e+01
4.693715594332417851e+01 4.348351893517604339e+01
4.693715594332417851e+01 4.450422365832982763e+01
4.693715594332417851e+01 4.505442636919131161e+01
4.693715594332417851e+01 4.671785813228200368e+01
4.693715594332417851e+01 4.277983426215714502e+01
4.693715594332417851e+01 4.329837165445474767e+01
4.693715594332417851e+01 4.176118391858751977e+01
4.693715594332417851e+01 4.287607419069510684e+01
4.693715594332417851e+01 4.713368314427414418e+01
4.693715594332417851e+01 4.999007560077401990e+01
4.693715594332417851e+01 5.075335691859914533e+01
4.693715594332417851e+01 5.025168177809064218e+01
4.693715594332417851e+01 5.332232426661164482e+01
4.693715594332417851e+01 4.255931759784556334e+01
4.693715594332417851e+01 4.253470294530189477e+01
4.693715594332417851e+01 4.561195723812662806e+01
4.693715594332417851e+01 4.941854241025693284e+01
4.693715594332417851e+01 4.470960471300757177e+01
4.693715594332417851e+01 4.811078895784316956e+01
4.693715594332417851e+01 5.042782318693159738e+01
4.693715594332417851e+01 4.792197644314883576e+01
4.693715594332417851e+01 4.664552903170202569e+01
4.693715594332417851e+01 4.632917496352800413e+01
4.693715594332417851e+01 4.388257165375819113e+01
4.693715594332417851e+01 4.762226784285124381e+01
4.693715594332417851e+01 4.251456235658649518e+01
4.693715594332417851e+01 4.699217241652651467e+01
4.693715594332417851e+01 4.585460228775363589e+01
4.693715594332417851e+01 4.366804553295754943e+01
4.693715594332417851e+01 4.956644818893413884e+01
4.693715594332417851e+01 4.524332753684900865e+01
4.693715594332417851e+01 4.715322393953309899e+01
4.693715594332417851e+01 4.528276294935592006e+01
4.693715594332417851e+01 4.563116328023803447e+01
4.693715594332417851e+01 4.522905848256520756e+01
4.693715594332417851e+01 5.074304880444665855e+01
4.693715594332417851e+01 4.758819905816852724e+01
4.693715594332417851e+01 4.640582283558264010e+01
4.693715594332417851e+01 4.686225879449607135e+01
4.693715594332417851e+01 4.808397563944325981e+01
4.693715594332417851e+01 4.488340702737170318e+01
4.693715594332417851e+01 4.555031740726059297e+01
4.693715594332417851e+01 4.826519645027614303e+01
4.693715594332417851e+01 4.123392119584035953e+01
4.693715594332417851e+01 4.349248936824270828e+01
4.693715594332417851e+01 4.300873561803493317e+01
4.693715594332417851e+01 4.150237937303602109e+01
4.693715594332417851e+01 4.848544917619432226e+01
4.693715594332417851e+01 4.701008982323991603e+01
4.693715594332417851e+01 4.090434960534373232e+01
4.693715594332417851e+01 4.833596979820666206e+01
4.693715594332417851e+01 4.309865919769465847e+01
4.693715594332417851e+01 4.802357602839636996e+01
4.693715594332417851e+01 4.917703837419759338e+01
4.693715594332417851e+01 4.723555472406286526e+01
4.693715594332417851e+01 4.965865005216268457e+01
4.693715594332417851e+01 4.902302533627778303e+01
4.693715594332417851e+01 4.238960792777358932e+01
4.693715594332417851e+01 4.229914667660238337e+01
4.693715594332417851e+01 4.960946946540990155e+01
4.693715594332417851e+01 4.723689471995936628e+01
4.693715594332417851e+01 5.073793856217535847e+01
4.693715594332417851e+01 4.407238203922980802e+01
4.693715594332417851e+01 4.595076937089225311e+01
4.693715594332417851e+01 5.289314047507551919e+01
4.693715594332417851e+01 4.976510328953478535e+01
4.693715594332417851e+01 4.764228446665396888e+01
4.693715594332417851e+01 5.223798557917673691e+01
4.693715594332417851e+01 4.743357362337096106e+01
4.693715594332417851e+01 4.895801043731839286e+01
4.693715594332417851e+01 4.551290181669235579e+01
4.693715594332417851e+01 4.662242584890031338e+01
4.693715594332417851e+01 4.133175976315063593e+01
4.693715594332417851e+01 4.303327424345878427e+01
4.693715594332417851e+01 4.379852434636804048e+01
4.693715594332417851e+01 3.959300406345901280e+01
4.693715594332417851e+01 5.003577181282440733e+01
4.693715594332417851e+01 4.487210980711921593e+01
4.693715594332417851e+01 5.267239946112443505e+01
4.693715594332417851e+01 4.593204547675893679e+01
4.693715594332417851e+01 4.639513091202947237e+01
4.693715594332417851e+01 4.830450674906688135e+01
4.693715594332417851e+01 5.059645696651368496e+01
4.693715594332417851e+01 4.609686659868317804e+01
4.693715594332417851e+01 4.148190010659880045e+01
4.693715594332417851e+01 4.302722055121124356e+01
4.693715594332417851e+01 4.699458205696917190e+01
4.693715594332417851e+01 4.422234582639659095e+01
4.693715594332417851e+01 4.322761411008750088e+01
4.693715594332417851e+01 4.945472401633372073e+01
4.693715594332417851e+01 4.697470767113395596e+01
4.693715594332417851e+01 4.351339692226924427e+01
4.693715594332417851e+01 5.105400948220161439e+01
4.693715594332417851e+01 4.844345943815866917e+01
4.693715594332417851e+01 4.877727159572221183e+01
4.693715594332417851e+01 4.866740926784831345e+01
