4.693715594332417851e+01 5.009567722394058364e+01
4.693715594332417851e+01 4.937701625853140541e+01
4.693715594332417851e+01 4.726450827783635589e+01
4.693715594332417851e+01 5.362762351061143562e+01
4.693715594332417851e+01 5.004315695004142128e+01
4.693715594332417851e+01 4.996552244672783161e+01
4.693715594332417851e+01 4.902042834990657383e+01
4.693715594332417851e+01 4.688293076992972885e+01
4.693715594332417851e+01 4.414508074663799420e+01
4.693715594332417851e+01 4.767027040465391963e+01
4.693715594332417851e+01 5.024643718628571776e+01
4.693715594332417851e+01 5.370362278695392177e+01
4.693715594332417851e+01 5.257098819911133347e+01
4.693715594332417851e+01 4.970457299691191366e+01
4.693715594332417851e+01 4.232917075057738288e+01
4.693715594332417851e+01 4.939268899401643864e+01
4.693715594332417851e+01 4.790907581753563704e+01
4.693715594332417851e+01 4.002083474565887400e+01
4.693715594332417851e+01 4.280329833621789959e+01
4.693715594332417851e+01 4.623390296955200540e+01
4.693715594332417851e+01 4.610665903160744961e+01
4.693715594332417851e+01 4.185379280894256482e+01
4.693715594332417851e+01 4.707777829404442116e+01
4.693715594332417851e+01 5.111329687621478257e+01
4.693715594332417851e+01 4.405878120619199478e+01
4.693715594332417851e+01 4.301902646193432389e+01
4.693715594332417851e+01 4.665641421650121856e+01
4.693715594332417851e+01 4.841928016773539412e+01
4.693715594332417851e+01 4.616866300921581967e+01
4.693715594332417851e+01 4.773680016051390851e+01
4.693715594332417851e+01 4.876769866955692123e+01
4.693715594332417851e+01 4.655216244971023798e+01
4.693715594332417851e+01 4.823825828981650687e+01
4.693715594332417851e+01 4.866051854560037526e+01
4.693715594332417851e+01 4.595520612285839945e+01
4.693715594332417851e+01 5.039593454331817668e+01
4.693715594332417851e+01 4.838293493895468345e+01
4.693715594332417851e+01 4.160462951326570646e+01
4.693715594332417851e+01 4.571421011940068269e+01
4.693715594332417851e+01 4.093664078539317330e+01
4.693715594332417851e+01 5.008033506690126302e+01
4.693715594332417851e+01 4.780675963078550694e+01
4.693715594332417851e+01 4.584264384492752242e+01
4.693715594332417851e+01 4.615264424871288185e+01
4.693715594332417851e+01 4.731093376219080682e+01
4.693715594332417851e+01 4.362559774691342085e+01
4.693715594332417851e+01 4.626366698852054782e+01
4.693715594332417851e+01 4.760127954613600565e+01
4.693715594332417851e+01 4.959750059073319051e+01
4.693715594332417851e+01 4.269004203148059418e+01
4.693715594332417851e+01 5.299783105627455626e+01
4.693715594332417851e+01 4.761942036870589590e+01
4.693715594332417851e+01 4.481325617100358727e+01
4.693715594332417851e+01 4.700949394987993202e+01
4.693715594332417851e+01 4.089092906599948662e+01
4.693715594332417851e+01 4.055115001913733153e+01
4.693715594332417851e+01 4.574378750114943415e+01
4.693715594332417851e+01 4.618894921723408942e+01
4.693715594332417851e+01 4.749200487494302791e+01
4.693715594332417851e+01 4.421168720302965482e+01
4.693715594332417851e+01 4.706221332773091603e+01
4.693715594332417851e+01 4.431636843694938932e+01
4.693715594332417851e+01 4.370613588717925779e+01
4.693715594332417851e+01 4.522892946964948635e+01
4.693715594332417851e+01 4.680019004123478510e+01
4.693715594332417851e+01 4.119171578268448997e+01
4.693715594332417851e+01 4.439023749719779488e+01
4.693715594332417851e+01 4.489516057540602390e+01
4.693715594332417851e+01 5.144956608536788423e+01
4.693715594332417851e+01 4.619587053900764317e+01
4.693715594332417851e+01 4.525387545366923092e+01
4.693715594332417851e+01 4.631617059046687501e+01
4.693715594332417851e+01 4.588194518349974516e+01
4.693715594332417851e+01 4.710413545855826811e+01
4.693715594332417851e+01 4.804914617298121016e+01
4.693715594332417851e+01 4.647453635074000289e+01
4.693715594332417851e+01 5.396056106832205046e+01
4.693715594332417851e+01 4.495490927988785046e+01
4.693715594332417851e+01 4.540017902271370787e+01
4.693715594332417851e+01 4.634062786222121844e+01
4.693715594332417851e+01 4.550436566802140703e+01
4.693715594332417851e+01 4.576524219025255036e+01
4.693715594332417851e+01 4.709542637170083168e+01
4.693715594332417851e+01 4.565303037373843154e+01
4.693715594332417851e+01 4.488121546233201542e+01
4.693715594332417851e+01 4.555266688636450567e+01
4.693715594332417851e+01 4.288063910796589795e+01
4.693715594332417851e+01 4.468997100897009034e+01
4.693715594332417851e+01 5.580442808398300514e+01
4.693715594332417851e+01 4.499329202854636378e+01
4.693715594332417851e+01 4.625316399366168696e+01
4.693715594332417851e+01 5.061100902449440042e+01
4.693715594332417851e+01 5.042818122332948150e+01
4.693715594332417851e+01 4.591526115438904299e+01
4.693715594332417851e+01 4.695897403772490719e+01
4.693715594332417851e+01 4.611160389481646860e+01
4.693715594332417851e+01 4.212843400361866486e+01
4.693715594332417851e+01 4.851538099870556664e+01
4.693715594332417851e+01 4.947890441457672495e+01
4.693715594332417851e+01 4.308456478358358765e+01
4.693715594332417851e+01 4.793978368289648984e+01
4.693715594332417851e+01 4.537308739471741603e+01
4.693715594332417851e+01 4.198329043568819685e+01
4.693715594332417851e+01 4.390941987135356328e+01
4.693715594332417851e+01 4.757777128331514405e+01
4.693715594332417851e+01 4.411812769592377492e+01
4.693715594332417851e+01 4.884986567725177764e+01
4.693715594332417851e+01 3.853487212733593736e+01
4.693715594332417851e+01 4.632920137962320695e+01
4.693715594332417851e+01 4.280388641756520940e+01
4.693715594332417851e+01 4.117434506584017839e+01
4.693715594332417851e+01 5.347511084231824441e+01
4.693715594332417851e+01 4.755538523047476218e+01
4.693715594332417851e+01 4.677210414977887609e+01
4.693715594332417851e+01 4.833530661836575604e+01
4.693715594332417851e+01 4.506981262647662589e+01
4.693715594332417851e+01 4.631947391659545588e+01
4.693715594332417851e+01 5.010501800072092493e+01
4.693715594332417851e+01 4.520296517423631144e+01
4.693715594332417851e+01 4.402507162346656600e+01
4.693715594332417851e+01 4.434989335678441336e+01
4.693715594332417851e+01 4.552833132370565750e+01
4.693715594332417851e+01 4.663290504656800550e+01
4.693715594332417851e+01 4.480741294858009383e+01
4.693715594332417851e+01 4.426661401116763273e+01
4.693715594332417851e+01 4.735780295380801164e+01
4.693715594332417851e+01 4.735557823084882756e+01
4.693715594332417851e+01 4.664869701181032724e+01
4.693715594332417851e+01 4.641540698944115917e+01
4.693715594332417851e+01 5.035769755950060045e+01
4.693715594332417851e+01 4.292106365428911374e+01
4.693715594332417851e+01 4.748312571286601980e+01
4.693715594332417851e+01 4.352973283781693681e+01
4.693715594332417851e+01 4.864034923753062856e+01
4.693715594332417851e+01 5.199976175254818145e+01
4.693715594332417851e+01 4.255055624127476221e+01
4.693715594332417851e+01 4.650194965736647390e+01
4.693715594332417851e+01 4.845730549956151378e+01
4.693715594332417851e+01 4.707090774877134010e+01
4.693715594332417851e+01 4.548525531363905117e+01
4.693715594332417851e+01 4.687525312382489062e+01
4.693715594332417851e+01 5.405787929435324202e+01
4.693715594332417851e+01 4.912190554751403937e+01
4.693715594332417851e+01 4.409655324017671774e+01
4.693715594332417851e+01 4.360490672830114534e+01
4.693715594332417851e+01 4.753619323805115471e+01
4.693715594332417851e+01 4.567722061313669002e+01
4.693715594332417851e+01 4.320782282370377914e+01
4.693715594332417851e+01 5.208527935890547411e+01
4.693715594332417851e+01 4.683684316788468038e+01
4.693715594332417851e+01 4.420100014181644354e+01
4.693715594332417851e+01 4.963795557152825921e+01
4.693715594332417851e+01 4.845347521015605707e+01
4.693715594332417851e+01 4.804161984289986975e+01
4.693715594332417851e+01 5.091985180962758051e+01
4.693715594332417851e+01 4.711967990278216689e+01
4.693715594332417851e+01 4.434198405074641869e+01
4.693715594332417851e+01 4.478339416396482875e+01
4.693715594332417851e+01 4.792788223299550054e+01
4.693715594332417851e+01 5.042457724099861593e+01
4.693715594332417851e+01 4.754747235050629683e+01
4.693715594332417851e+01 4.699344098670908210e+01
4.693715594332417851e+01 4.444235640375487861e+01
4.693715594332417851e+01 4.188225686726163133e+01
4.693715594332417851e+01 4.834731777142866349e+01
4.693715594332417851e+01 4.327831883362442511e+01
4.693715594332417851e+01 5.020502612229874018e+01
4.693715594332417851e+01 4.851095138032260934e+01
4.693715594332417851e+01 4.645295980450917739e+01
4.693715594332417851e+01 4.900705974678720622e+01
4.693715594332417851e+01 4.756385951483957797e+01
4.693715594332417851e+01 4.357608620869740435e+01
4.693715594332417851e+01 3.830729750579592263e+01
4.693715594332417851e+01 4.978516988333479532e+01
4.693715594332417851e+01 4.915279400844911351e+01
4.693715594332417851e+01 4.150217950906777986e+01
4.693715594332417851e+01 4.145564140247635976e+01
4.693715594332417851e+01 4.318357435685798151e+01
4.693715594332417851e+01 4.374687230296136420e+01
4.693715594332417851e+01 4.713804587728211004e+01
4.693715594332417851e+01 4.289215070022443399e+01
4.693715594332417851e+01 4.514352307870946390e+01
4.693715594332417851e+01 4.914686652247897314e+01
4.693715594332417851e+01 5.486768991302841414e+01
4.693715594332417851e+01 4.459745156664600785e+01
4.693715594332417851e+01 4.409190346669043947e+01
4.693715594332417851e+01 4.076568586273572947e+01
4.693715594332417851e+01 4.640024618810755896e+01
4.693715594332417851e+01 4.515559158876288848e+01
4.693715594332417851e+01 5.111902390641377281e+01
4.693715594332417851e+01 4.644799734679946823e+01
4.693715594332417851e+01 4.832870090019319065e+01
4.693715594332417851e+01 4.582167635761757651e+01
4.693715594332417851e+01 4.908163170941313780e+01
4.693715594332417851e+01 4.867668012510387143e+01
4.693715594332417851e+01 4.440797313218725861e+01
4.693715594332417851e+01 4.999586187639561530e+01
4.693715594332417851e+01 4.813277351377470126e+01
4.693715594332417851e+01 4.166158878580180414e+01
4.693715594332417851e+01 4.625103086439757050e+01
4.693715594332417851e+01 4.408815780983007926e+01
4.693715594332417851e+01 4.470348177754362951e+01
4.693715594332417851e+01 4.281545548075683172e+01
4.693715594332417851e+01 4.231816824500148755e+01
4.693715594332417851e+01 4.642964840620143008e+01
4.693715594332417851e+01 4.551659901552853427e+01
4.693715594332417851e+01 4.755097924901576079e+01
4.693715594332417851e+01 4.800244265577990888e+01
4.693715594332417851e+01 4.541909566003235454e+01
4.693715594332417851e+01 4.832205840757460180e+01
4.693715594332417851e+01 4.913327862922885458e+01
4.693715594332417851e+01 4.739857303055767090e+01
4.693715594332417851e+01 4.661822488006917808e+01
4.693715594332417851e+01 4.347696702806246805e+01
4.693715594332417851e+01 4.590941221564246888e+01
4.693715594332417851e+01 4.088996310005955337e+01
4.693715594332417851e+01 4.761603682229324619e+01
4.693715594332417851e+01 4.956471221572127916e+01
4.693715594332417851e+01 4.251756890458972293e+01
4.693715594332417851e+01 4.192913305219195763e+01
4.693715594332417851e+01 4.274111377581123605e+01
4.693715594332417851e+01 4.679034690659619145e+01
4.693715594332417851e+01 4.788566970251964250e+01
4.693715594332417851e+01 4.665469020937738520e+01
4.693715594332417851e+01 5.231390731790455106e+01
4.693715594332417851e+01 5.013008980400178416e+01
4.693715594332417851e+01 5.071137421955854307e+01
4.693715594332417851e+01 3.860244953486306940e+01
4.693715594332417851e+01 4.993375043554861037e+01
4.693715594332417851e+01 4.572407684104084780e+01
4.693715594332417851e+01 4.137443973229596850e+01
4.693715594332417851e+01 4.429293067858073840e+01
4.693715594332417851e+01 4.549274480026662104e+01
4.693715594332417851e+01 4.541210241779464241e+01
4.693715594332417851e+01 4.654935078853328179e+01
4.693715594332417851e+01 5.052519656962782335e+01
4.693715594332417851e+01 4.432525474909019891e+01
4.693715594332417851e+01 4.191756820585589338e+01
4.693715594332417851e+01 4.903620818162147543e+01
4.693715594332417851e+01 4.217956226895566374e+01
4.693715594332417851e+01 4.025030372331632833e+01
4.693715594332417851e+01 4.849845958066413232e+01
4.693715594332417851e+01 4.662230967751088428e+01
4.693715594332417851e+01 4.622425297632474894e+01
4.693715594332417851e+01 4.288791587297573926e+01
4.693715594332417851e+01 4.344775464715123547e+01
4.693715594332417851e+01 4.377385718227456124e+01
4.693715594332417851e+01 4.745938389839870553e+01
4.693715594332417851e+01 4.824714115383761026e+01
4.693715594332417851e+01 4.766378131289186371e+01
4.693715594332417851e+01 4.297432735794193093e+01
4.693715594332417851e+01 4.683660781325109213e+01
4.693715594332417851e+01 4.383181222517274023e+01
4.693715594332417851e+01 4.673069206894754046e+01
4.693715594332417851e+01 4.625405527423540519e+01
4.693715594332417851e+01 4.410716467939361252e+01
4.693715594332417851e+01 4.581133141549593546e+01
4.693715594332417851e+01 4.658866330832167080e+01
4.693715594332417851e+01 5.088448629913229837e+01
4.693715594332417851e+01 4.494382719929476622e+01
4.693715594332417851e+01 5.332838849870191922e+01
4.693715594332417851e+01 4.285961753116021811e+01
4.693715594332417851e+01 4.672691968637018789e+01
4.693715594332417851e+01 4.583999306160188780e+01
4.693715594332417851e+01 4.765593237287720996e+01
4.693715594332417851e+01 4.812415462553525458e+01
4.693715594332417851e+01 4.251011999713472278e+01
4.693715594332417851e+01 4.747839060238676723e+01
4.693715594332417851e+01 3.999375643615124432e+01
4.693715594332417851e+01 4.538489391375313176e+01
4.693715594332417851e+01 5.348546433939073097e+01
4.693715594332417851e+01 4.895359301792917961e+01
4.693715594332417851e+01 4.780579774644074575e+01
4.693715594332417851e+01 4.603953002335246225e+01
4.693715594332417851e+01 5.545158284487416012e+01
4.693715594332417851e+01 4.757078234968923169e+01
4.693715594332417851e+01 5.040676754510101887e+01
4.693715594332417851e+01 5.109826934052466640e+01
4.693715594332417851e+01 4.596319648892822585e+01
4.693715594332417851e+01 4.648036045378960779e+01
4.693715594332417851e+01 4.278052843242442549e+01
4.693715594332417851e+01 4.804762943663516239e+01
4.693715594332417851e+01 4.855307311469134390e+01
4.693715594332417851e+01 4.552649068089234419e+01
4.693715594332417851e+01 4.617048306570907101e+01
4.693715594332417851e+01 4.375510704655243899e+01
4.693715594332417851e+01 4.687691253542464409e+01
4.693715594332417851e+01 4.988175678974556604e+01
4.693715594332417851e+01 4.378956956476058338e+01
4.693715594332417851e+01 4.688578100720435771e+01
4.693715594332417851e+01 4.673251653475394107e+01
4.693715594332417851e+01 4.492409069189952930e+01
4.693715594332417851e+01 4.106063725191037861e+01
4.693715594332417851e+01 4.651347564732093076e+01
4.693715594332417851e+01 4.256595449527947750e+01
4.693715594332417851e+01 4.755396616549884214e+01
4.693715594332417851e+01 4.743631884942057297e+01
4.693715594332417851e+01 5.334956150176816436e+01
4.693715594332417851e+01 5.418723376337946007e+01
4.693715594332417851e+01 4.223995325994940231e+01
4.693715594332417851e+01 4.341557278438132528e+01
4.693715594332417851e+01 4.446712730859647422e+01
4.693715594332417851e+01 4.538590738339448905e+01
4.693715594332417851e+01 4.296231966604972996e+01
4.693715594332417851e+01 4.028683224645668304e+01
4.693715594332417851e+01 4.446499136969441679e+01
4.693715594332417851e+01 5.234431625876969463e+01
4.693715594332417851e+01 4.454101303533295919e+01
4.693715594332417851e+01 3.990090977662799787e+01
4.693715594332417851e+01 4.261639003785648327e+01
4.693715594332417851e+01 4.943532475507371515e+01
4.693715594332417851e+01 4.658200714766653761e+01
4.693715594332417851e+01 4.512861572098918828e+01
4.693715594332417851e+01 4.526563573038542643e+01
4.693715594332417851e+01 5.362767772173771164e+01
4.693715594332417851e+01 4.589453944681000763e+01
4.693715594332417851e+01 5.037589578984886174e+01
4.693715594332417851e+01 3.942682683502660268e+01
4.693715594332417851e+01 4.399733251385016786e+01
4.693715594332417851e+01 4.146493942203151306e+01
4.693715594332417851e+01 4.412374485151540426e+01
4.693715594332417851e+01 4.879982160241932121e+01
4.693715594332417851e+01 4.793043153239215570e+01
4.693715594332417851e+01 4.482447655633633588e+01
4.693715594332417851e+01 4.617409274487040705e+01
4.693715594332417851e+01 4.913565165034502513e+01
4.693715594332417851e+01 4.793640546589690388e+01
4.693715594332417851e+01 4.474094169810678068e+01
4.693715594332417851e+01 4.536655484957251616e+01
4.693715594332417851e+01 4.730970069706658876e+01
4.693715594332417851e+01 5.171304365377581291e+01
4.693715594332417851e+01 4.465840914920212157e+01
4.693715594332417851e+01 4.480108873220770960e+01
4.693715594332417851e+01 4.752492736269379492e+01
4.693715594332417851e+01 3.971149131881859518e+01
4.693715594332417851e+01 4.805709896327429931e+01
4.693715594332417851e+01 4.305047180574275245e+01
4.693715594332417851e+01 3.941359718292063974e+01
4.693715594332417851e+01 5.513734032024058251e+01
4.693715594332417851e+01 4.808768064651074781e+01
4.693715594332417851e+01 5.231351787012988552e+01
4.693715594332417851e+01 4.659297623028319890e+01
4.693715594332417851e+01 4.673425187520201973e+01
4.693715594332417851e+01 4.297002072131016348e+01
4.693715594332417851e+01 4.733289992663069512e+01
4.693715594332417851e+01 5.068429748468139451e+01
4.693715594332417851e+01 4.591932022380044742e+01
4.693715594332417851e+01 4.842831346130234493e+01
4.693715594332417851e+01 4.372284395152465919e+01
4.693715594332417851e+01 4.052330615129066160e+01
4.693715594332417851e+01 4.056665048319979405e+01
4.693715594332417851e+01 4.961256908948319477e+01
4.693715594332417851e+01 4.516248697214901142e+01
4.693715594332417851e+01 4.872662359229409645e+01
4.693715594332417851e+01 4.656108060251095537e+01
4.693715594332417851e+01 4.653140320289585219e+01
4.693715594332417851e+01 4.432235323615423539e+01
4.693715594332417851e+01 4.962807113574094586e+01
4.693715594332417851e+01 4.431076765961488206e+01
4.693715594332417851e+01 3.873427160740899922e+01
4.693715594332417851e+01 4.539913198661083982e+01
4.693715594332417851e+01 4.724907589985165401e+01
4.693715594332417851e+01 4.810431560578345511e+01
4.693715594332417851e+01 4.093881012328418478e+01
4.693715594332417851e+01 4.710205109530262035e+01
4.693715594332417851e+01 4.641250202317088736e+01
4.693715594332417851e+01 4.566946708979632774e+01
4.693715594332417851e+01 4.546283100594015991e+01
4.693715594332417851e+01 4.981123683289253989e+01
4.693715594332417851e+01 4.358053241452036985e+01
4.693715594332417851e+01 4.386408051466185043e+01
4.693715594332417851e+01 4.754112868411682058e+01
4.693715594332417851e+01 4.646552058571220556e+01
4.693715594332417851e+01 4.088707321313342646e+01
4.693715594332417851e+01 4.624401789962065124e+01
4.693715594332417851e+01 4.563215676863961079e+01
4.693715594332417851e+01 4.393663041713984541e+01
4.693715594332417851e+01 4.462477434758821460e+01
4.693715594332417851e+01 4.630668667510136061e+01
4.693715594332417851e+01 4.510942016283062372e+01
4.693715594332417851e+01 4.653357501328456181e+01
4.693715594332417851e+01 4.835838550385454226e+01
4.693715594332417851e+01 4.428437608211351062e+01
4.693715594332417851e+01 4.334360913073562216e+01
4.693715594332417851e+01 4.380120701428528918e+01
4.693715594332417851e+01 4.442046152610016208e+01
4.693715594332417851e+01 4.621198225125300496e+01
4.693715594332417851e+01 4.425373265965507130e+01
4.693715594332417851e+01 4.506772042668115574e+01
4.693715594332417851e+01 4.616820413852233429e+01
4.693715594332417851e+01 4.763597724049992621e+01
4.693715594332417851e+01 4.574978208907094057e+01
4.693715594332417851e+01 5.245401165617619199e+01
4.693715594332417851e+01 4.328720372084531220e+01
4.693715594332417851e+01 4.705903518234044469e+01
4.693715594332417851e+01 4.144352777012564815e+01
4.693715594332417851e+01 4.266066919450651795e+01
4.693715594332417851e+01 4.238835426267999651e+01
4.693715594332417851e+01 4.596740051465631893e+01
4.693715594332417851e+01 4.460794725446590547e+01
4.693715594332417851e+01 4.723509938161605248e+01
4.693715594332417851e+01 4.926202098656923312e+01
4.693715594332417851e+01 4.646126550590081905e+01
4.693715594332417851e+01 4.226104607030814009e+01
4.693715594332417851e+01 4.891113203523667607e+01
4.693715594332417851e+01 4.842874887035059572e+01
4.693715594332417851e+01 4.751600635381460336e+01
4.693715594332417851e+01 4.620665210529244149e+01
4.693715594332417851e+01 4.853153700517958669e+01
4.693715594332417851e+01 4.218644372901203354e+01
4.693715594332417851e+01 4.850935396327550109e+01
4.693715594332417851e+01 5.380851668286955913e+01
4.693715594332417851e+01 4.902061465325464695e+01
4.693715594332417851e+01 4.086295199139141232e+01
4.693715594332417851e+01 4.869572171894038348e+01
4.693715594332417851e+01 4.338497260629081609e+01
4.693715594332417851e+01 4.341805137577313189e+01
4.693715594332417851e+01 5.173176742919340398e+01
4.693715594332417851e+01 4.380685321625067274e+01
4.693715594332417851e+01 5.029893992713780904e+01
4.693715594332417851e+01 3.905552424908864850e+01
4.693715594332417851e+01 4.393827641896437797e+01
4.693715594332417851e+01 4.536344360824338651e+01
4.693715594332417851e+01 4.392445057373744532e+01
4.693715594332417851e+01 4.784512897079080318e+01
4.693715594332417851e+01 4.310265015624703011e+01
4.693715594332417851e+01 4.247768953727489105e+01
4.693715594332417851e+01 4.664673193404576068e+01
4.693715594332417851e+01 5.181863667541547613e+01
4.693715594332417851e+01 4.381876150824236760e+01
4.693715594332417851e+01 4.414336629453060823e+01
4.693715594332417851e+01 4.338553353414143032e+01
4.693715594332417851e+01 4.371820820609144675e+01
4.693715594332417851e+01 4.846040899747907815e+01
4.693715594332417851e+01 4.918238389217574991e+01
4.693715594332417851e+01 4.813905563765531070e+01
4.693715594332417851e+01 4.685935657809137922e+01
4.693715594332417851e+01 4.065666532547378154e+01
4.693715594332417851e+01 4.202627651729227409e+01
4.693715594332417851e+01 4.867152033401337974e+01
4.693715594332417851e+01 4.783394978337825876e+01
4.693715594332417851e+01 4.757344307013458717e+01
4.693715594332417851e+01 4.733743277401784866e+01
4.693715594332417851e+01 4.418187190199256520e+01
4.693715594332417851e+01 5.406768936820952831e+01
4.693715594332417851e+01 5.017043014076015339e+01
4.693715594332417851e+01 4.554181274193280160e+01
4.693715594332417851e+01 4.871869017353053977e+01
4.693715594332417851e+01 5.176427900219415079e+01
4.693715594332417851e+01 4.597415894984708729e+01
4.693715594332417851e+01 4.547956169562743156e+01
4.693715594332417851e+01 3.981748561303920297e+01
4.693715594332417851e+01 4.824796646303806824e+01
4.693715594332417851e+01 4.354792624383555477e+01
4.693715594332417851e+01 4.270026229158077058e+01
4.693715594332417851e+01 4.774061658938212105e+01
4.693715594332417851e+01 4.705582453465699899e+01
4.693715594332417851e+01 4.587389186964925614e+01
4.693715594332417851e+01 3.974659487037940409e+01
4.693715594332417851e+01 4.507495168244501116e+01
4.693715594332417851e+01 4.542366573378242123e+01
4.693715594332417851e+01 4.791097208470531399e+01
4.693715594332417851e+01 4.459912069033239135e+01
4.693715594332417851e+01 4.222721413834505455e+01
4.693715594332417851e+01 4.681935873310089136e+01
4.693715594332417851e+01 4.519697490067750323e+01
4.693715594332417851e+01 4.617445128837155721e+01
4.693715594332417851e+01 4.606238371888756689e+01
4.693715594332417851e+01 5.349917124493364184e+01
4.693715594332417851e+01 4.501243213563676449e+01
4.693715594332417851e+01 5.318518806081399219e+01
4.693715594332417851e+01 4.238411529232963915e+01
4.693715594332417851e+01 4.325065004849200534e+01
4.693715594332417851e+01 4.508870528273258316e+01
4.693715594332417851e+01 4.549115176459887522e+01
4.693715594332417851e+01 4.869082571130644510e+01
4.693715594332417851e+01 4.558884732416774455e+01
4.693715594332417851e+01 4.780503315457951174e+01
4.693715594332417851e+01 4.223619284003220287e+01
4.693715594332417851e+01 5.302160406783599456e+01
4.693715594332417851e+01 5.191994739038784701e+01
4.693715594332417851e+01 4.613401403284725433e+01
4.693715594332417851e+01 4.472499934184113357e+01
4.693715594332417851e+01 4.429709408512210445e+01
4.693715594332417851e+01 4.825314727862384956e+01
4.693715594332417851e+01 4.550370889933444118e+01
4.693715594332417851e+01 4.771846776311841865e+01
4.693715594332417851e+01 4.164664791289057888e+01
4.693715594332417851e+01 4.700007943599821658e+01
4.693715594332417851e+01 5.030969990284655324e+01
4.693715594332417851e+01 5.154704064692726462e+01
4.693715594332417851e+01 3.878716532067029021e+01
4.693715594332417851e+01 4.873239452889418999e+01
4.693715594332417851e+01 4.503257908118307995e+01
4.693715594332417851e+01 4.727935982817277960e+01
4.693715594332417851e+01 4.941092075891562274e+01
4.693715594332417851e+01 4.321530825618525284e+01
4.693715594332417851e+01 4.755831737354134958e+01
4.693715594332417851e+01 4.763255185267507841e+01
4.693715594332417851e+01 4.983696980768461771e+01
4.693715594332417851e+01 4.631371108125478031e+01
4.693715594332417851e+01 4.331682725562635738e+01
4.693715594332417851e+01 4.964707248633268932e+01
4.693715594332417851e+01 4.056024571285298208e+01
4.693715594332417851e+01 4.807144780309993592e+01
4.693715594332417851e+01 4.947810736727159764e+01
4.693715594332417851e+01 4.345059424884052390e+01
4.693715594332417851e+01 4.698080796552734029e+01
4.693715594332417851e+01 4.691836571627794683e+01
4.693715594332417851e+01 5.112680924351927558e+01
4.693715594332417851e+01 4.025419042363753164e+01
4.693715594332417851e+01 4.780696633642978099e+01
4.693715594332417851e+01 4.804647477060230187e+01
4.693715594332417851e+01 4.704807714465759716e+01
4.693715594332417851e+01 4.626897233798349163e+01
4.693715594332417851e+01 4.839555860591934788e+01
4.693715594332417851e+01 3.793189312178584771e+01
4.693715594332417851e+01 4.088401771484090830e+01
4.693715594332417851e+01 4.582361515836704768e+01
4.693715594332417851e+01 4.626351975714410258e+01
4.693715594332417851e+01 4.038518856075251051e+01
4.693715594332417851e+01 4.898453155093494615e+01
4.693715594332417851e+01 4.395268299128010625e+01
4.693715594332417851e+01 4.044562674029333493e+01
4.693715594332417851e+01 4.547877212019782434e+01
4.693715594332417851e+01 5.101771168271692858e+01
4.693715594332417851e+01 4.695913817695637960e+01
4.693715594332417851e+01 4.057210799093978437e+01
4.693715594332417851e+01 4.275019995180005594e+01
4.693715594332417851e+01 4.598683907604502963e+01
4.693715594332417851e+01 4.677622154512812358e+01
4.693715594332417851e+01 4.810902900055981490e+01
4.693715594332417851e+01 4.631356570201669598e+01
4.693715594332417851e+01 4.899639696164734204e+01
4.693715594332417851e+01 4.370158296313115898e+01
4.693715594332417851e+01 5.072203619583572021e+01
4.693715594332417851e+01 3.925336063400067843e+01
4.693715594332417851e+01 4.659561672203246729e+01
4.693715594332417851e+01 4.560347452849858740e+01
4.693715594332417851e+01 4.787484150433407137e+01
4.693715594332417851e+01 4.123372727109654790e+01
4.693715594332417851e+01 4.861734175031857319e+01
4.693715594332417851e+01 4.695850713136269405e+01
4.693715594332417851e+01 4.851421712042764511e+01
4.693715594332417851e+01 4.370271265135249195e+01
4.693715594332417851e+01 5.099757781096872122e+01
4.693715594332417851e+01 4.503582186934497145e+01
4.693715594332417851e+01 5.343606147517704841e+01
4.693715594332417851e+01 4.512657758860984103e+01
4.693715594332417851e+01 5.172891508337038857e+01
4.693715594332417851e+01 4.596319731364698669e+01
4.693715594332417851e+01 4.454219336338206148e+01
4.693715594332417851e+01 5.073597091796640512e+01
4.693715594332417851e+01 4.647134645096038952e+01
4.693715594332417851e+01 4.160016108930264522e+01
4.693715594332417851e+01 4.403557089173576600e+01
4.693715594332417851e+01 4.616860509084508379e+01
4.693715594332417851e+01 4.589515882653037693e+01
4.693715594332417851e+01 4.583277069388457647e+01
4.693715594332417851e+01 4.376997040366060787e+01
4.693715594332417851e+01 4.308764916740462780e+01
4.693715594332417851e+01 3.981063287243134141e+01
4.693715594332417851e+01 4.686477658569322102e+01
4.693715594332417851e+01 4.357016516946782758e+01
4.693715594332417851e+01 4.505572300294932120e+01
4.693715594332417851e+01 4.451902527027992562e+01
4.693715594332417851e+01 4.570081673081634932e+01
4.693715594332417851e+01 4.704251545967542114e+01
4.693715594332417851e+01 4.970099624402356397e+01
4.693715594332417851e+01 4.737033005426345511e+01
4.693715594332417851e+01 5.210983383942895131e+01
4.693715594332417851e+01 4.537626811822401152e+01
4.693715594332417851e+01 4.716416026697901032e+01
4.693715594332417851e+01 4.524347222454908035e+01
4.693715594332417851e+01 4.683120209757419872e+01
4.693715594332417851e+01 4.512139356887013975e+01
4.693715594332417851e+01 4.932114796509340948e+01
4.693715594332417851e+01 4.636247375112151303e+01
4.693715594332417851e+01 4.916209309008157646e+01
4.693715594332417851e+01 4.484651306369336510e+01
4.693715594332417851e+01 4.561094173270016228e+01
4.693715594332417851e+01 4.840510927725475909e+01
4.693715594332417851e+01 4.588032047727194396e+01
4.693715594332417851e+01 4.418208605866221461e+01
4.693715594332417851e+01 4.196597508786060615e+01
4.693715594332417851e+01 4.344951503033967555e+01
4.693715594332417851e+01 5.101218382680070818e+01
4.693715594332417851e+01 3.920567243911767719e+01
4.693715594332417851e+01 5.130072027796229861e+01
4.693715594332417851e+01 4.568799790221357426e+01
4.693715594332417851e+01 4.367792185865513233e+01
4.693715594332417851e+01 4.622230040392256711e+01
4.693715594332417851e+01 4.488126397891124952e+01
4.693715594332417851e+01 4.560760982392842777e+01
4.693715594332417851e+01 4.991440028905715565e+01
4.693715594332417851e+01 4.508544397868528364e+01
4.693715594332417851e+01 4.596557630740233691e+01
4.693715594332417851e+01 4.653429197435505671e+01
4.693715594332417851e+01 4.305068137999755606e+01
4.693715594332417851e+01 4.868222427967511123e+01
4.693715594332417851e+01 4.660845582787393226e+01
4.693715594332417851e+01 4.616699012002607816e+01
4.693715594332417851e+01 4.304765703116874676e+01
4.693715594332417851e+01 4.379958322058725884e+01
4.693715594332417851e+01 5.033733515275545756e+01
4.693715594332417851e+01 4.811426156034282542e+01
4.693715594332417851e+01 4.342071155992464071e+01
4.693715594332417851e+01 5.165989195973548931e+01
4.693715594332417851e+01 4.121703009214502345e+01
4.693715594332417851e+01 4.716588323872800004e+01
4.693715594332417851e+01 4.284462671955444790e+01
4.693715594332417851e+01 4.471849253159624737e+01
4.693715594332417851e+01 4.853982846668807838e+01
4.693715594332417851e+01 4.514197901067668539e+01
4.693715594332417851e+01 4.361313509809174604e+01
4.693715594332417851e+01 4.633587623263343858e+01
4.693715594332417851e+01 4.282752493263343041e+01
4.693715594332417851e+01 5.277320492524175677e+01
4.693715594332417851e+01 4.542834096807906974e+01
4.693715594332417851e+01 4.644452452329963421e+01
4.693715594332417851e+01 4.977496850611409229e+01
4.693715594332417851e+01 4.821248867712988329e+01
4.693715594332417851e+01 5.354593270281664275e+01
4.693715594332417851e+01 4.402479936428594698e+01
4.693715594332417851e+01 4.934072146306223772e+01
4.693715594332417851e+01 4.957870171321607700e+01
4.693715594332417851e+01 5.132649622903262099e+01
4.693715594332417851e+01 4.075677332953263488e+01
4.693715594332417851e+01 4.859575394824814509e+01
4.693715594332417851e+01 4.635666055710697719e+01
4.693715594332417851e+01 4.703804538568638804e+01
4.693715594332417851e+01 4.872015935485192983e+01
4.693715594332417851e+01 4.575304669398284574e+01
4.693715594332417851e+01 5.008182722220126948e+01
4.693715594332417851e+01 4.623492746946246257e+01
4.693715594332417851e+01 4.666306745101237397e+01
4.693715594332417851e+01 5.378668450762957320e+01
4.693715594332417851e+01 4.457559804005193627e+01
4.693715594332417851e+01 4.809256976708788045e+01
4.693715594332417851e+01 4.500557922015212142e+01
4.693715594332417851e+01 4.315288972786707689e+01
4.693715594332417851e+01 4.444548911379916944e+01
4.693715594332417851e+01 5.047224041302469999e+01
4.693715594332417851e+01 4.648567734916268535e+01
4.693715594332417851e+01 4.654282401618172571e+01
4.693715594332417851e+01 5.572023292682775519e+01
4.693715594332417851e+01 4.918604905057178200e+01
4.693715594332417851e+01 4.330155656882281079e+01
4.693715594332417851e+01 4.205995880047632340e+01
4.693715594332417851e+01 4.092586551122921890e+01
4.693715594332417851e+01 5.297905848549829955e+01
4.693715594332417851e+01 4.969549202123081244e+01
4.693715594332417851e+01 4.174506226078273841e+01
4.693715594332417851e+01 5.592691491100582368e+01
4.693715594332417851e+01 4.314648040313900168e+01
4.693715594332417851e+01 4.269526308457118802e+01
4.693715594332417851e+01 4.693510977316273625e+01
4.693715594332417851e+01 4.785941684484256342e+01
4.693715594332417851e+01 4.847564631707281535e+01
4.693715594332417851e+01 4.573975684640286943e+01
4.693715594332417851e+01 4.852665514593078200e+01
4.693715594332417851e+01 4.955214968277188348e+01
4.693715594332417851e+01 4.634273047334809092e+01
4.693715594332417851e+01 4.568286631243217499e+01
4.693715594332417851e+01 4.386101671594294515e+01
4.693715594332417851e+01 4.961494557910987169e+01
4.693715594332417851e+01 4.750630090446480125e+01
4.693715594332417851e+01 4.927565717947034329e+01
4.693715594332417851e+01 4.826066856411617323e+01
4.693715594332417851e+01 4.674763263669441216e+01
4.693715594332417851e+01 4.402806119711048183e+01
4.693715594332417851e+01 4.700604003984130941e+01
4.693715594332417851e+01 4.394879830220241956e+01
4.693715594332417851e+01 4.825065410862858784e+01
4.693715594332417851e+01 4.321024921220115544e+01
4.693715594332417851e+01 4.696116986571438900e+01
4.693715594332417851e+01 4.454241805788021225e+01
4.693715594332417851e+01 4.383279278468877038e+01
4.693715594332417851e+01 4.686903301880848005e+01
4.693715594332417851e+01 5.122056021882115573e+01
4.693715594332417851e+01 5.151306943378208558e+01
4.693715594332417851e+01 4.756254393692078253e+01
4.693715594332417851e+01 4.493470908310179368e+01
4.693715594332417851e+01 4.828526688871571793e+01
4.693715594332417851e+01 4.879100329888110110e+01
4.693715594332417851e+01 5.114970834203024452e+01
4.693715594332417851e+01 4.092114058125883957e+01
4.693715594332417851e+01 3.925016953655931218e+01
4.693715594332417851e+01 4.926200583171561931e+01
4.693715594332417851e+01 4.940101585653325600e+01
4.693715594332417851e+01 4.765725204616040855e+01
4.693715594332417851e+01 4.592266534931806632e+01
4.693715594332417851e+01 5.034525619386512574e+01
4.693715594332417851e+01 4.773854349445947065e+01
4.693715594332417851e+01 4.676217739786351046e+01
4.693715594332417851e+01 4.534140353780371413e+01
4.693715594332417851e+01 4.545613886777442758e+01
4.693715594332417851e+01 4.670011662032786148e+01
4.693715594332417851e+01 4.826810519190053128e+01
4.693715594332417851e+01 4.562810826125040364e+01
4.693715594332417851e+01 4.431265421924474168e+01
4.693715594332417851e+01 4.329823336948654600e+01
4.693715594332417851e+01 4.333328976184192527e+01
4.693715594332417851e+01 4.154303612275763413e+01
4.693715594332417851e+01 5.332183950031544128e+01
4.693715594332417851e+01 4.550528361819495160e+01
4.693715594332417851e+01 4.521682280869368498e+01
4.693715594332417851e+01 4.438595141722150572e+01
4.693715594332417851e+01 4.166512518533053822e+01
4.693715594332417851e+01 4.729299912096772118e+01
4.693715594332417851e+01 4.362921949555289558e+01
4.693715594332417851e+01 4.641984475875049299e+01
4.693715594332417851e+01 4.748860963501086729e+01
4.693715594332417851e+01 4.977695178137398813e+01
4.693715594332417851e+01 4.746012341914670429e+01
4.693715594332417851e+01 4.351382431641049209e+01
4.693715594332417851e+01 4.719546362878495671e+01
4.693715594332417851e+01 4.531741232076645076e+01
4.693715594332417851e+01 5.212189516410877133e+01
4.693715594332417851e+01 4.802040065975762673e+01
4.693715594332417851e+01 5.032133654996522409e+01
4.693715594332417851e+01 4.037241385941119631e+01
4.693715594332417851e+01 5.348661800464906690e+01
4.693715594332417851e+01 5.241547139308738679e+01
4.693715594332417851e+01 5.096283437145319795e+01
4.693715594332417851e+01 4.866772226105747023e+01
4.693715594332417851e+01 4.465600407713627362e+01
4.693715594332417851e+01 4.463604624234861262e+01
4.693715594332417851e+01 4.641312603306348450e+01
4.693715594332417851e+01 4.965717286720504831e+01
4.693715594332417851e+01 4.354427315941689614e+01
4.693715594332417851e+01 5.099143563785526112e+01
4.693715594332417851e+01 4.741832446186300132e+01
4.693715594332417851e+01 4.253110761805022122e+01
4.693715594332417851e+01 4.571918650126936967e+01
4.693715594332417851e+01 4.828507310514572737e+01
4.693715594332417851e+01 5.030623447368627410e+01
4.693715594332417851e+01 4.480589261367413201e+01
4.693715594332417851e+01 3.966836591022467928e+01
4.693715594332417851e+01 4.246010756815293519e+01
4.693715594332417851e+01 4.762173926685039760e+01
4.693715594332417851e+01 4.433076135497185533e+01
4.693715594332417851e+01 4.659176390923615685e+01
4.693715594332417851e+01 4.050744207701509225e+01
4.693715594332417851e+01 4.519358122189219529e+01
4.693715594332417851e+01 4.561350561808070125e+01
4.693715594332417851e+01 4.153008463800013317e+01
4.693715594332417851e+01 5.141818356862940931e+01
4.693715594332417851e+01 5.138756110097806840e+01
4.693715594332417851e+01 4.650991687661549889e+01
4.693715594332417851e+01 4.645350171985818832e+01
4.693715594332417851e+01 3.992513080228462741e+01
4.693715594332417851e+01 4.856962753979898650e+01
4.693715594332417851e+01 4.499346659656600167e+01
4.693715594332417851e+01 5.277796524651559906e+01
4.693715594332417851e+01 4.094586727281357952e+01
4.693715594332417851e+01 5.229954573452032207e+01
4.693715594332417851e+01 4.817569028624487970e+01
4.693715594332417851e+01 5.013197099914880539e+01
4.693715594332417851e+01 4.180511848232760030e+01
4.693715594332417851e+01 5.094615784971841776e+01
4.693715594332417851e+01 5.080581435490700670e+01
4.693715594332417851e+01 4.669488533457881374e+01
4.693715594332417851e+01 4.506995230859392620e+01
4.693715594332417851e+01 4.570059275545619926e+01
4.693715594332417851e+01 4.309599721826828755e+01
4.693715594332417851e+01 3.985241009129372003e+01
4.693715594332417851e+01 4.911446356092999821e+01
4.693715594332417851e+01 4.249272886451317532e+01
4.693715594332417851e+01 4.417504802614422488e+01
4.693715594332417851e+01 4.507228540697336427e+01
4.693715594332417851e+01 4.470117668363841545e+01
4.693715594332417851e+01 4.611996810571674388e+01
4.693715594332417851e+01 4.695822222544529012e+01
4.693715594332417851e+01 4.416971215867708622e+01
4.693715594332417851e+01 4.448324369751396290e+01
4.693715594332417851e+01 4.282054991172345382e+01
4.693715594332417851e+01 4.500789935508518624e+01
4.693715594332417851e+01 4.630155053512818597e+01
4.693715594332417851e+01 4.479829134180008054e+01
4.693715594332417851e+01 4.570108474188493375e+01
4.693715594332417851e+01 5.054150898817572823e+01
4.693715594332417851e+01 4.600881500400809898e+01
4.693715594332417851e+01 4.405818330303179664e+01
4.693715594332417851e+01 4.613349616421820798e+01
4.693715594332417851e+01 4.397198376305595957e+01
4.693715594332417851e+01 4.706801681433834972e+01
4.693715594332417851e+01 4.087842086326924118e+01
4.693715594332417851e+01 5.009392432977698206e+01
4.693715594332417851e+01 4.302865725803107466e+01
4.693715594332417851e+01 4.186252132489821776e+01
4.693715594332417851e+01 4.437706037337851228e+01
4.693715594332417851e+01 4.375031399966752588e+01
4.693715594332417851e+01 4.414391713766565317e+01
4.693715594332417851e+01 4.637882852566603731e+01
4.693715594332417851e+01 4.137027725635943654e+01
4.693715594332417851e+01 4.924885689020056390e+01
4.693715594332417851e+01 5.124675653722966473e+01
4.693715594332417851e+01 4.935233984368049676e+01
4.693715594332417851e+01 4.294824494625913758e+01
4.693715594332417851e+01 4.817963184959240408e+01
4.693715594332417851e+01 4.116641398407131192e+01
4.693715594332417851e+01 4.242829886808792139e+01
4.693715594332417851e+01 4.423488498778323219e+01
4.693715594332417851e+01 4.546633402812504698e+01
4.693715594332417851e+01 4.379518671291423004e+01
4.693715594332417851e+01 4.360083664453428298e+01
4.693715594332417851e+01 4.572709718497897313e+01
4.693715594332417851e+01 4.370647217824438258e+01
4.693715594332417851e+01 4.749151198424534925e+01
4.693715594332417851e+01 4.873901391582860754e+01
4.693715594332417851e+01 4.473411664922028308e+01
4.693715594332417851e+01 5.102549817630962536e+01
4.693715594332417851e+01 4.142882950150038823e+01
4.693715594332417851e+01 3.975405734802092184e+01
4.693715594332417851e+01 4.692437342365478514e+01
4.693715594332417851e+01 4.870971309188331588e+01
4.693715594332417851e+01 5.525106026886340516e+01
4.693715594332417851e+01 4.415703991362168779e+01
4.693715594332417851e+01 4.213979590225176253e+01
4.693715594332417851e+01 4.351980841565632829e+01
4.693715594332417851e+01 4.334728019918888720e+01
4.693715594332417851e+01 4.479671957554300121e+01
4.693715594332417851e+01 4.438175050586246329e+01
4.693715594332417851e+01 4.744275020947923593e+01
4.693715594332417851e+01 4.862128143511898770e+01
4.693715594332417851e+01 4.473486990559166543e+01
4.693715594332417851e+01 4.537236252216873567e+01
4.693715594332417851e+01 4.367748682513952474e+01
4.693715594332417851e+01 5.305595605804716541e+01
4.693715594332417851e+01 4.798897709193394689e+01
4.693715594332417851e+01 4.320627417764322331e+01
4.693715594332417851e+01 4.986079269919444101e+01
4.693715594332417851e+01 4.323615993468745700e+01
4.693715594332417851e+01 4.667042018871507736e+01
4.693715594332417851e+01 5.287231511386182348e+01
4.693715594332417851e+01 5.074683628722198137e+01
4.693715594332417851e+01 4.259437914079139631e+01
4.693715594332417851e+01 4.330046714188280532e+01
4.693715594332417851e+01 4.573281813010422070e+01
4.693715594332417851e+01 4.377777851012336896e+01
4.693715594332417851e+01 4.294728579251250977e+01
4.693715594332417851e+01 4.994338895182115579e+01
4.693715594332417851e+01 4.836716387868186473e+01
4.693715594332417851e+01 4.218165890653159522e+01
4.693715594332417851e+01 4.676910883094803495e+01
4.693715594332417851e+01 5.075835371022095899e+01
4.693715594332417851e+01 4.570164031535274063e+01
4.693715594332417851e+01 5.097936933932219716e+01
4.693715594332417851e+01 5.003177178525586299e+01
4.693715594332417851e+01 4.671546521908959448e+01
4.693715594332417851e+01 4.145040282856295022e+01
4.693715594332417851e+01 4.586692531168777975e+01
4.693715594332417851e+01 5.345261799538506864e+01
4.693715594332417851e+01 4.625893718629941986e+01
4.693715594332417851e+01 4.917659733275662148e+01
4.693715594332417851e+01 4.638780216446505733e+01
4.693715594332417851e+01 4.956564261366764867e+01
4.693715594332417851e+01 5.530884842277750124e+01
4.693715594332417851e+01 4.747258301377717515e+01
4.693715594332417851e+01 4.441452759087293600e+01
4.693715594332417851e+01 4.797207347917414921e+01
4.693715594332417851e+01 4.361990301401098691e+01
4.693715594332417851e+01 4.472385837488774030e+01
4.693715594332417851e+01 4.528011195946056233e+01
4.693715594332417851e+01 4.677387896835415404e+01
4.693715594332417851e+01 4.332140748244461292e+01
4.693715594332417851e+01 4.528584165336889100e+01
4.693715594332417851e+01 4.907935523531866551e+01
4.693715594332417851e+01 4.759652126896413193e+01
4.693715594332417851e+01 5.064612989140968580e+01
4.693715594332417851e+01 4.867382273889944599e+01
4.693715594332417851e+01 5.188799087627005946e+01
4.693715594332417851e+01 4.867480362381537873e+01
4.693715594332417851e+01 4.694693698037455221e+01
4.693715594332417851e+01 4.460199870782830800e+01
4.693715594332417851e+01 4.378816672586129499e+01
4.693715594332417851e+01 4.231301687065856498e+01
4.693715594332417851e+01 4.852912181792709845e+01
4.693715594332417851e+01 4.371548223353163820e+01
4.693715594332417851e+01 4.101391143726019095e+01
4.693715594332417851e+01 4.764257297429963955e+01
4.693715594332417851e+01 5.035626880110675074e+01
4.693715594332417851e+01 4.751117368353533266e+01
4.693715594332417851e+01 4.695207887423474347e+01
4.693715594332417851e+01 4.581897665025432076e+01
4.693715594332417851e+01 4.547910354488114848e+01
4.693715594332417851e+01 4.073531256372401543e+01
4.693715594332417851e+01 5.214990271830283319e+01
4.693715594332417851e+01 4.845013765681528639e+01
4.693715594332417851e+01 3.827039722694864565e+01
4.693715594332417851e+01 3.883716264523742012e+01
4.693715594332417851e+01 4.848285905105333882e+01
4.693715594332417851e+01 5.699155436189190027e+01
4.693715594332417851e+01 4.408828855499240262e+01
4.693715594332417851e+01 5.087833662176793581e+01
4.693715594332417851e+01 5.100592310775711979e+01
4.693715594332417851e+01 3.851108623813749432e+01
4.693715594332417851e+01 4.810143480214802025e+01
4.693715594332417851e+01 5.291043415083507284e+01
4.693715594332417851e+01 4.655814775630377511e+01
4.693715594332417851e+01 4.285518059815831293e+01
4.693715594332417851e+01 4.991529191769776475e+01
4.693715594332417851e+01 4.705155884863181370e+01
4.693715594332417851e+01 4.302802136419585821e+01
4.693715594332417851e+01 4.400887722690300308e+01
4.693715594332417851e+01 4.686400855518999009e+01
4.693715594332417851e+01 4.696525177955506081e+01
4.693715594332417851e+01 4.897929179616707529e+01
4.693715594332417851e+01 5.336696498568917235e+01
4.693715594332417851e+01 4.309840581101659751e+01
4.693715594332417851e+01 4.697962936736010420e+01
4.693715594332417851e+01 4.857212341348176921e+01
4.693715594332417851e+01 5.001813099272859375e+01
4.693715594332417851e+01 4.590818099620214099e+01
4.693715594332417851e+01 5.056229217240083074e+01
4.693715594332417851e+01 4.792811145913620408e+01
4.693715594332417851e+01 4.448144129762641796e+01
4.693715594332417851e+01 4.503903250264136204e+01
4.693715594332417851e+01 4.489386603022821731e+01
4.693715594332417851e+01 4.244054507570967871e+01
4.693715594332417851e+01 4.861256628804397906e+01
4.693715594332417851e+01 4.517039233187708192e+01
4.693715594332417851e+01 4.798331013030070835e+01
4.693715594332417851e+01 4.479052855813841205e+01
4.693715594332417851e+01 4.189339669416126100e+01
4.693715594332417851e+01 3.993601039754862114e+01
4.693715594332417851e+01 4.701049429576133321e+01
4.693715594332417851e+01 4.280733578301818198e+01
4.693715594332417851e+01 4.589661199917273393e+01
4.693715594332417851e+01 4.472315825506188247e+01
4.693715594332417851e+01 4.553126108962294438e+01
4.693715594332417851e+01 4.364934805778006677e+01
4.693715594332417851e+01 4.758402886021028166e+01
4.693715594332417851e+01 4.563423629790076319e+01
4.693715594332417851e+01 4.264856684040859847e+01
4.693715594332417851e+01 4.473313873176411448e+01
4.693715594332417851e+01 4.267968686565911440e+01
4.693715594332417851e+01 4.864693629041172329e+01
4.693715594332417851e+01 4.738822475075045304e+01
4.693715594332417851e+01 4.742971088529813528e+01
4.693715594332417851e+01 4.280332094087958694e+01
4.693715594332417851e+01 4.600147483608101595e+01
4.693715594332417851e+01 4.551128641560394783e+01
4.693715594332417851e+01 4.104869178537813923e+01
4.693715594332417851e+01 4.284794651739981930e+01
4.693715594332417851e+01 4.279973303745787661e+01
4.693715594332417851e+01 4.105658130643301718e+01
4.693715594332417851e+01 4.589341929826581890e+01
4.693715594332417851e+01 4.827883271691587197e+01
4.693715594332417851e+01 4.818325850247812525e+01
4.693715594332417851e+01 4.902338927094412213e+01
4.693715594332417851e+01 4.239288703447255102e+01
4.693715594332417851e+01 4.400380844690150894e+01
4.693715594332417851e+01 4.064522521997050575e+01
4.693715594332417851e+01 4.728875358445348098e+01
4.693715594332417851e+01 4.342081675660207196e+01
4.693715594332417851e+01 4.177101400964050981e+01
4.693715594332417851e+01 4.269838801020429742e+01
4.693715594332417851e+01 5.208191250987255216e+01
4.693715594332417851e+01 3.884050706529495756e+01
4.693715594332417851e+01 4.754565665365730354e+01
4.693715594332417851e+01 4.096227723340349058e+01
4.693715594332417851e+01 4.492930042933978285e+01
4.693715594332417851e+01 4.394675133023316249e+01
4.693715594332417851e+01 4.240150648405690248e+01
4.693715594332417851e+01 4.718217582391247333e+01
4.693715594332417851e+01 4.979892592285789732e+01
4.693715594332417851e+01 3.895702913037897730e+01
4.693715594332417851e+01 4.284072558374739970e+01
4.693715594332417851e+01 4.943317217257794027e+01
4.693715594332417851e+01 4.710828890095387322e+01
4.693715594332417851e+01 4.742196305334127260e+01
4.693715594332417851e+01 4.350876572340347082e+01
4.693715594332417851e+01 5.139474170047166979e+01
4.693715594332417851e+01 4.608301406807194667e+01
4.693715594332417851e+01 4.078962126362684160e+01
4.693715594332417851e+01 5.388586820831724111e+01
4.693715594332417851e+01 4.933621978446377909e+01
4.693715594332417851e+01 4.194532624825129830e+01
4.693715594332417851e+01 4.817045062291214208e+01
4.693715594332417851e+01 3.919185565549214090e+01
4.693715594332417851e+01 4.256228690239606038e+01
4.693715594332417851e+01 4.627069790273716166e+01
4.693715594332417851e+01 5.236173117256091558e+01
4.693715594332417851e+01 4.041176198297303301e+01
4.693715594332417851e+01 4.451370181260865877e+01
4.693715594332417851e+01 4.676294430867726959e+01
4.693715594332417851e+01 4.478095145718904746e+01
4.693715594332417851e+01 4.800480793766319465e+01
4.693715594332417851e+01 4.898979774853767566e+01
4.693715594332417851e+01 4.455897834102616883e+01
4.693715594332417851e+01 4.019406705837780436e+01
4.693715594332417851e+01 5.466959938758274973e+01
4.693715594332417851e+01 4.287665333809957957e+01
4.693715594332417851e+01 4.698601323121836515e+01
4.693715594332417851e+01 5.395209279322267548e+01
4.693715594332417851e+01 4.953229587823688007e+01
4.693715594332417851e+01 4.908966252312863077e+01
4.693715594332417851e+01 4.608088257389140807e+01
