4.693715594332417851e+01 4.843123502082230658e+01
4.693715594332417851e+01 4.755123754844757400e+01
4.693715594332417851e+01 5.040185429051695110e+01
4.693715594332417851e+01 4.529547760945509083e+01
4.693715594332417851e+01 5.029028365051640748e+01
4.693715594332417851e+01 4.450415714359436947e+01
4.693715594332417851e+01 4.668120681066037747e+01
4.693715594332417851e+01 4.685585787232331256e+01
4.693715594332417851e+01 4.809026795954950728e+01
4.693715594332417851e+01 4.677220541226763117e+01
4.693715594332417851e+01 4.390483281370840984e+01
4.693715594332417851e+01 4.686954737270894356e+01
4.693715594332417851e+01 5.012820459622969338e+01
4.693715594332417851e+01 4.376036235858840939e+01
4.693715594332417851e+01 4.918820706316555658e+01
4.693715594332417851e+01 4.527480683854143706e+01
4.693715594332417851e+01 5.139740488756275028e+01
4.693715594332417851e+01 5.127292280813303194e+01
4.693715594332417851e+01 4.711734397447516187e+01
4.693715594332417851e+01 4.465515779554666409e+01
4.693715594332417851e+01 5.115675027819084164e+01
4.693715594332417851e+01 4.903355279844937087e+01
4.693715594332417851e+01 4.665104189824394609e+01
4.693715594332417851e+01 5.025793808570037413e+01
4.693715594332417851e+01 5.039930662611332224e+01
4.693715594332417851e+01 4.132155667959076339e+01
4.693715594332417851e+01 5.065561748430215516e+01
4.693715594332417851e+01 4.584572579562038896e+01
4.693715594332417851e+01 4.487349873575521286e+01
4.693715594332417851e+01 4.316223939761971451e+01
4.693715594332417851e+01 4.941349823665332508e+01
4.693715594332417851e+01 4.633289765781003666e+01
4.693715594332417851e+01 4.635728144548329510e+01
4.693715594332417851e+01 4.187439949845317244e+01
4.693715594332417851e+01 4.604488772991144430e+01
4.693715594332417851e+01 4.327293103416588593e+01
4.693715594332417851e+01 4.857650513457312513e+01
4.693715594332417851e+01 4.420383317735949191e+01
4.693715594332417851e+01 5.019798172897057498e+01
4.693715594332417851e+01 4.801858282070185879e+01
4.693715594332417851e+01 4.322918492438477500e+01
4.693715594332417851e+01 4.391809784356794211e+01
4.693715594332417851e+01 4.053741123351815645e+01
4.693715594332417851e+01 5.027197492807856349e+01
4.693715594332417851e+01 4.906984286167081422e+01
4.693715594332417851e+01 4.583784950986029116e+01
4.693715594332417851e+01 4.789087887949193600e+01
4.693715594332417851e+01 4.670224409213460603e+01
4.693715594332417851e+01 4.410589304347739414e+01
4.693715594332417851e+01 4.757131537680586320e+01
4.693715594332417851e+01 4.899986574634709768e+01
4.693715594332417851e+01 4.314710915744655040e+01
4.693715594332417851e+01 4.444094467106917534e+01
4.693715594332417851e+01 4.900981070311535603e+01
4.693715594332417851e+01 4.519069081695598555e+01
4.693715594332417851e+01 4.874378479100475658e+01
4.693715594332417851e+01 4.298510379107418089e+01
4.693715594332417851e+01 4.994415033680768801e+01
4.693715594332417851e+01 4.873684230994518884e+01
4.693715594332417851e+01 4.729943092737840971e+01
4.693715594332417851e+01 4.944202975149204349e+01
4.693715594332417851e+01 4.450652558637747092e+01
4.693715594332417851e+01 4.771655205996925986e+01
4.693715594332417851e+01 4.317391629415970300e+01
4.693715594332417851e+01 4.207465620682560115e+01
4.693715594332417851e+01 4.901574896006403037e+01
4.693715594332417851e+01 4.704860248327043593e+01
4.693715594332417851e+01 5.301323652523461760e+01
4.693715594332417851e+01 4.572712998453871336e+01
4.693715594332417851e+01 5.059805161857685363e+01
4.693715594332417851e+01 4.762740959122047002e+01
4.693715594332417851e+01 4.514402947056414916e+01
4.693715594332417851e+01 4.661579007789593732e+01
4.693715594332417851e+01 4.930568441576092908e+01
4.693715594332417851e+01 4.531650391251579180e+01
4.693715594332417851e+01 5.334119260045738287e+01
4.693715594332417851e+01 4.202725383824211036e+01
4.693715594332417851e+01 4.836784072064732243e+01
4.693715594332417851e+01 4.579122778417821849e+01
4.693715594332417851e+01 4.635983446870314850e+01
4.693715594332417851e+01 4.281797125495980794e+01
4.693715594332417851e+01 4.724623717313591698e+01
4.693715594332417851e+01 4.550718888788208716e+01
4.693715594332417851e+01 4.627906892376629600e+01
4.693715594332417851e+01 4.363627685932890188e+01
4.693715594332417851e+01 4.996905518963123427e+01
4.693715594332417851e+01 4.413831977499905435e+01
4.693715594332417851e+01 4.920823296293551152e+01
4.693715594332417851e+01 4.420197998478848689e+01
4.693715594332417851e+01 4.719987093923968047e+01
4.693715594332417851e+01 4.699403256161881615e+01
4.693715594332417851e+01 4.493599348002576477e+01
4.693715594332417851e+01 4.460981620085951249e+01
4.693715594332417851e+01 4.594900038171249435e+01
4.693715594332417851e+01 4.657400758231734983e+01
4.693715594332417851e+01 4.504868606527254116e+01
4.693715594332417851e+01 4.721449568513231299e+01
4.693715594332417851e+01 4.950729425188072241e+01
4.693715594332417851e+01 4.859423575397016748e+01
4.693715594332417851e+01 4.367070301540013588e+01
4.693715594332417851e+01 4.350994847318740710e+01
4.693715594332417851e+01 5.242308612453234673e+01
4.693715594332417851e+01 3.662382813103926793e+01
4.693715594332417851e+01 4.081285423100010235e+01
4.693715594332417851e+01 4.718420396414720841e+01
4.693715594332417851e+01 4.698738349050804430e+01
4.693715594332417851e+01 4.534613933958909371e+01
4.693715594332417851e+01 4.600867677822365209e+01
4.693715594332417851e+01 3.824605219595855488e+01
4.693715594332417851e+01 4.877985008394741584e+01
4.693715594332417851e+01 4.564826841214608066e+01
4.693715594332417851e+01 4.579018476758319878e+01
4.693715594332417851e+01 4.819307920304744641e+01
4.693715594332417851e+01 5.000886413594462709e+01
4.693715594332417851e+01 4.380575779867994157e+01
4.693715594332417851e+01 4.615652086002769039e+01
4.693715594332417851e+01 4.338009513839338638e+01
4.693715594332417851e+01 4.315875775070891507e+01
4.693715594332417851e+01 4.727035608453454785e+01
4.693715594332417851e+01 5.394347715567941748e+01
4.693715594332417851e+01 4.531968957195118719e+01
4.693715594332417851e+01 4.500844922269892123e+01
4.693715594332417851e+01 4.420873594454585032e+01
4.693715594332417851e+01 4.188505169146508678e+01
4.693715594332417851e+01 5.513770883609103635e+01
4.693715594332417851e+01 4.902627514676026266e+01
4.693715594332417851e+01 4.729436558927817913e+01
4.693715594332417851e+01 5.297384245034984929e+01
4.693715594332417851e+01 5.080898203267263114e+01
4.693715594332417851e+01 4.557601071435404094e+01
4.693715594332417851e+01 4.881969913525984595e+01
4.693715594332417851e+01 5.067514319573285064e+01
4.693715594332417851e+01 4.767258509035850977e+01
4.693715594332417851e+01 4.692995857610137023e+01
4.693715594332417851e+01 4.163493150495618522e+01
4.693715594332417851e+01 4.263755168701517562e+01
4.693715594332417851e+01 4.058977368736469771e+01
4.693715594332417851e+01 4.074466295110197223e+01
4.693715594332417851e+01 4.286060899634236421e+01
4.693715594332417851e+01 4.508129476643739508e+01
4.693715594332417851e+01 4.736769981326570189e+01
4.693715594332417851e+01 4.572565099113298714e+01
4.693715594332417851e+01 4.040126068494677725e+01
4.693715594332417851e+01 4.188882647625368350e+01
4.693715594332417851e+01 4.625938641758702374e+01
4.693715594332417851e+01 4.530977622377312031e+01
4.693715594332417851e+01 4.820195230592393898e+01
4.693715594332417851e+01 5.024469790832492322e+01
4.693715594332417851e+01 4.634274743256253259e+01
4.693715594332417851e+01 4.395587733220050808e+01
4.693715594332417851e+01 4.620767286739726387e+01
4.693715594332417851e+01 5.124110588185911297e+01
4.693715594332417851e+01 4.662985320275380730e+01
4.693715594332417851e+01 5.220739077717667698e+01
4.693715594332417851e+01 4.758858829680605140e+01
4.693715594332417851e+01 4.539183987437392886e+01
4.693715594332417851e+01 4.492580310373085695e+01
4.693715594332417851e+01 4.228542031260295886e+01
4.693715594332417851e+01 5.405902274692704168e+01
4.693715594332417851e+01 3.758166234904008718e+01
4.693715594332417851e+01 4.698033491155109687e+01
4.693715594332417851e+01 4.904781939422270653e+01
4.693715594332417851e+01 4.394757412584628753e+01
4.693715594332417851e+01 4.063509187722507932e+01
4.693715594332417851e+01 4.841874620426785469e+01
4.693715594332417851e+01 4.689248494911443288e+01
4.693715594332417851e+01 4.497556140879245845e+01
4.693715594332417851e+01 4.394142960804089171e+01
4.693715594332417851e+01 4.838153855189589336e+01
4.693715594332417851e+01 5.082675615323520191e+01
4.693715594332417851e+01 5.225035976317514752e+01
4.693715594332417851e+01 4.348510277945504043e+01
4.693715594332417851e+01 4.776494322752273547e+01
4.693715594332417851e+01 4.351214127949464228e+01
4.693715594332417851e+01 4.796445579365786216e+01
4.693715594332417851e+01 4.946362372505976168e+01
4.693715594332417851e+01 4.229517083270338418e+01
4.693715594332417851e+01 4.183383084265366136e+01
4.693715594332417851e+01 4.511911346235616804e+01
4.693715594332417851e+01 4.498238945567724301e+01
4.693715594332417851e+01 4.541283182394965223e+01
4.693715594332417851e+01 4.451564489271382286e+01
4.693715594332417851e+01 5.126613275480237775e+01
4.693715594332417851e+01 4.819813572587791128e+01
4.693715594332417851e+01 5.018124052428748172e+01
4.693715594332417851e+01 4.376612582165432741e+01
4.693715594332417851e+01 4.061150363926270757e+01
4.693715594332417851e+01 4.895947275632222784e+01
4.693715594332417851e+01 4.416391007179304751e+01
4.693715594332417851e+01 4.695022400841858001e+01
4.693715594332417851e+01 4.732444582014201018e+01
4.693715594332417851e+01 4.468221734051663674e+01
4.693715594332417851e+01 4.922664444480651014e+01
4.693715594332417851e+01 4.825527747344124663e+01
4.693715594332417851e+01 4.880341457677161543e+01
4.693715594332417851e+01 4.528632447098302549e+01
4.693715594332417851e+01 4.404732243391632096e+01
4.693715594332417851e+01 5.164829032521204510e+01
4.693715594332417851e+01 4.638253858180046052e+01
4.693715594332417851e+01 4.696942526302117216e+01
4.693715594332417851e+01 4.934764839937211178e+01
4.693715594332417851e+01 5.189190184672965245e+01
4.693715594332417851e+01 4.447442509050465276e+01
4.693715594332417851e+01 4.948502190426297886e+01
4.693715594332417851e+01 4.168405590679744677e+01
4.693715594332417851e+01 4.563201445410946633e+01
4.693715594332417851e+01 5.156533513835975668e+01
4.693715594332417851e+01 4.627702101614892172e+01
4.693715594332417851e+01 4.645963599283759038e+01
4.693715594332417851e+01 4.597614076161799090e+01
4.693715594332417851e+01 4.739129096302701782e+01
4.693715594332417851e+01 4.755020367633842682e+01
4.693715594332417851e+01 4.748994125541817368e+01
4.693715594332417851e+01 4.828600069954462981e+01
4.693715594332417851e+01 4.403697494219591135e+01
4.693715594332417851e+01 4.781685504453484015e+01
4.693715594332417851e+01 4.115591187169172116e+01
4.693715594332417851e+01 5.172222486896632887e+01
4.693715594332417851e+01 4.506405265768015767e+01
4.693715594332417851e+01 5.204185384455257690e+01
4.693715594332417851e+01 4.237931942535713148e+01
4.693715594332417851e+01 4.317194670761201536e+01
4.693715594332417851e+01 4.618375101115422154e+01
4.693715594332417851e+01 4.841194540649633637e+01
4.693715594332417851e+01 4.384644582776925148e+01
4.693715594332417851e+01 5.018266418694337716e+01
4.693715594332417851e+01 4.880407536826329817e+01
4.693715594332417851e+01 4.671386453297283481e+01
4.693715594332417851e+01 4.203233029008747224e+01
4.693715594332417851e+01 4.751552975691050307e+01
4.693715594332417851e+01 4.673110402349323067e+01
4.693715594332417851e+01 4.139766398181581053e+01
4.693715594332417851e+01 4.423469150480664069e+01
4.693715594332417851e+01 4.256131188037849000e+01
4.693715594332417851e+01 4.852198301467810637e+01
4.693715594332417851e+01 4.674727585991756484e+01
4.693715594332417851e+01 4.381972885838305132e+01
4.693715594332417851e+01 4.579668509232039497e+01
4.693715594332417851e+01 4.363007132902916396e+01
4.693715594332417851e+01 4.018568952111177595e+01
4.693715594332417851e+01 4.570325439744539153e+01
4.693715594332417851e+01 4.082556436807989542e+01
4.693715594332417851e+01 4.009004917850698746e+01
4.693715594332417851e+01 4.528534600615429895e+01
4.693715594332417851e+01 4.696977022765332777e+01
4.693715594332417851e+01 4.842513433617322960e+01
4.693715594332417851e+01 4.801896945103391090e+01
4.693715594332417851e+01 5.146819153584161910e+01
4.693715594332417851e+01 4.407021872738653911e+01
4.693715594332417851e+01 4.329709233493239395e+01
4.693715594332417851e+01 4.263294461697604021e+01
4.693715594332417851e+01 4.229344246662474660e+01
4.693715594332417851e+01 4.423230759197856088e+01
4.693715594332417851e+01 4.448848589551285926e+01
4.693715594332417851e+01 4.652734446974210414e+01
4.693715594332417851e+01 4.472646868101855944e+01
4.693715594332417851e+01 4.676000809231011601e+01
4.693715594332417851e+01 4.723784172345230559e+01
4.693715594332417851e+01 4.905459556726946602e+01
4.693715594332417851e+01 5.013866741956224615e+01
4.693715594332417851e+01 4.573707916126269168e+01
4.693715594332417851e+01 4.315269470060444945e+01
4.693715594332417851e+01 4.582881738437250618e+01
4.693715594332417851e+01 4.481073030346511388e+01
4.693715594332417851e+01 4.393912258967442597e+01
4.693715594332417851e+01 4.803293841686625854e+01
4.693715594332417851e+01 4.749269780141071351e+01
4.693715594332417851e+01 4.932290758235264860e+01
4.693715594332417851e+01 5.261907953726898768e+01
4.693715594332417851e+01 4.433769800328961708e+01
4.693715594332417851e+01 4.381240556425685639e+01
4.693715594332417851e+01 4.717003033174776050e+01
4.693715594332417851e+01 4.546899265662586487e+01
4.693715594332417851e+01 4.987090409803793989e+01
4.693715594332417851e+01 4.109793343613945638e+01
4.693715594332417851e+01 4.849088366776246772e+01
4.693715594332417851e+01 4.860013970311646858e+01
4.693715594332417851e+01 4.989658357420756829e+01
4.693715594332417851e+01 4.337025912696975638e+01
4.693715594332417851e+01 4.432505850609468467e+01
4.693715594332417851e+01 4.435089561964088745e+01
4.693715594332417851e+01 4.463611176031503902e+01
4.693715594332417851e+01 4.241338104075006044e+01
4.693715594332417851e+01 4.778684571720121710e+01
4.693715594332417851e+01 3.969313801886720938e+01
4.693715594332417851e+01 4.439036888137451342e+01
4.693715594332417851e+01 4.252105993014370000e+01
4.693715594332417851e+01 4.818821932388338070e+01
4.693715594332417851e+01 4.550213697642546151e+01
4.693715594332417851e+01 4.874106461606969276e+01
4.693715594332417851e+01 4.648941095923742495e+01
4.693715594332417851e+01 4.036007195982823248e+01
4.693715594332417851e+01 5.125255726965666270e+01
4.693715594332417851e+01 4.511721492814925227e+01
4.693715594332417851e+01 4.418224056005148981e+01
4.693715594332417851e+01 5.238396025740441786e+01
4.693715594332417851e+01 4.777419000200202959e+01
4.693715594332417851e+01 4.476501510029231667e+01
4.693715594332417851e+01 4.307374888232349264e+01
4.693715594332417851e+01 4.536221659417315522e+01
4.693715594332417851e+01 4.468081790158942823e+01
4.693715594332417851e+01 4.375425133161391500e+01
4.693715594332417851e+01 4.613954592248288833e+01
4.693715594332417851e+01 4.983914736187416139e+01
4.693715594332417851e+01 5.017113331837864365e+01
4.693715594332417851e+01 4.266108365130511970e+01
4.693715594332417851e+01 4.302521934407296555e+01
4.693715594332417851e+01 4.841061850442639525e+01
4.693715594332417851e+01 4.592872079691752418e+01
4.693715594332417851e+01 4.285812079523187634e+01
4.693715594332417851e+01 4.536130732037904778e+01
4.693715594332417851e+01 5.352311648298334745e+01
4.693715594332417851e+01 4.973201076944013010e+01
4.693715594332417851e+01 4.103252889658590163e+01
4.693715594332417851e+01 4.896590488166405919e+01
4.693715594332417851e+01 4.636232926280865740e+01
4.693715594332417851e+01 4.702922099345170182e+01
4.693715594332417851e+01 4.459404252059989204e+01
4.693715594332417851e+01 4.417592010743772590e+01
4.693715594332417851e+01 4.962354043099092848e+01
4.693715594332417851e+01 5.229522702042276450e+01
4.693715594332417851e+01 4.653180633988102954e+01
4.693715594332417851e+01 4.698675302303735180e+01
4.693715594332417851e+01 4.588204283443836573e+01
4.693715594332417851e+01 4.259262272411726968e+01
4.693715594332417851e+01 4.887216589087609009e+01
4.693715594332417851e+01 4.762229866745846607e+01
4.693715594332417851e+01 4.498340425223060635e+01
4.693715594332417851e+01 4.775243998735126638e+01
4.693715594332417851e+01 4.621640299196148760e+01
4.693715594332417851e+01 4.805229331778494384e+01
4.693715594332417851e+01 4.424246943391521825e+01
4.693715594332417851e+01 4.264184594326282962e+01
4.693715594332417851e+01 4.340564290961501115e+01
4.693715594332417851e+01 4.407316986371388623e+01
4.693715594332417851e+01 4.256643137320907044e+01
4.693715594332417851e+01 4.505479527465403322e+01
4.693715594332417851e+01 4.498544357683574901e+01
4.693715594332417851e+01 4.208035095962443961e+01
4.693715594332417851e+01 4.723302324959124121e+01
4.693715594332417851e+01 5.528243763490205964e+01
4.693715594332417851e+01 5.027057673153602479e+01
4.693715594332417851e+01 4.225851203971416226e+01
4.693715594332417851e+01 4.395082300737833947e+01
4.693715594332417851e+01 4.353248922944951005e+01
4.693715594332417851e+01 4.521348816306750962e+01
4.693715594332417851e+01 4.318307630766150851e+01
4.693715594332417851e+01 4.211076517688521648e+01
4.693715594332417851e+01 4.496189474320723889e+01
4.693715594332417851e+01 4.593829990452172041e+01
4.693715594332417851e+01 4.513126305684624384e+01
4.693715594332417851e+01 4.474389279748153569e+01
4.693715594332417851e+01 4.805563968759983595e+01
4.693715594332417851e+01 4.877614825552787181e+01
4.693715594332417851e+01 4.670618405074640123e+01
4.693715594332417851e+01 4.390663294012156825e+01
4.693715594332417851e+01 4.064905669691498247e+01
4.693715594332417851e+01 4.110284038497860593e+01
4.693715594332417851e+01 4.228136822714242982e+01
4.693715594332417851e+01 4.934791972106470581e+01
4.693715594332417851e+01 4.806109789220825945e+01
4.693715594332417851e+01 4.180341501921976288e+01
4.693715594332417851e+01 4.057515062803150840e+01
4.693715594332417851e+01 4.287463535643122725e+01
4.693715594332417851e+01 3.981278701919234209e+01
4.693715594332417851e+01 4.765729769811792949e+01
4.693715594332417851e+01 4.785550581487930089e+01
4.693715594332417851e+01 5.057856585571682473e+01
4.693715594332417851e+01 4.243286214541097934e+01
4.693715594332417851e+01 4.715365281990715829e+01
4.693715594332417851e+01 4.809138563840497937e+01
4.693715594332417851e+01 4.916030363780839707e+01
4.693715594332417851e+01 4.431108236849396320e+01
4.693715594332417851e+01 4.630145783242331703e+01
4.693715594332417851e+01 4.938697420514475311e+01
4.693715594332417851e+01 4.625144186466806673e+01
4.693715594332417851e+01 4.065346464183257780e+01
4.693715594332417851e+01 4.739659805777376533e+01
4.693715594332417851e+01 4.149250797042091676e+01
4.693715594332417851e+01 4.530778682975698501e+01
4.693715594332417851e+01 4.728270597780564799e+01
4.693715594332417851e+01 4.168103350753246872e+01
4.693715594332417851e+01 4.534509671080999738e+01
4.693715594332417851e+01 4.559096257643675187e+01
4.693715594332417851e+01 4.972169759620717144e+01
4.693715594332417851e+01 4.532830142325788358e+01
4.693715594332417851e+01 4.304136741529075749e+01
4.693715594332417851e+01 4.503752695285623275e+01
4.693715594332417851e+01 4.786650088464040209e+01
4.693715594332417851e+01 4.573687167616109406e+01
4.693715594332417851e+01 4.438064809821277379e+01
4.693715594332417851e+01 4.423009581885544605e+01
4.693715594332417851e+01 4.073579959128872474e+01
4.693715594332417851e+01 4.958768146455970083e+01
4.693715594332417851e+01 4.879660022544408804e+01
4.693715594332417851e+01 4.336287365751784506e+01
4.693715594332417851e+01 4.634951672873883410e+01
4.693715594332417851e+01 4.320590961569981658e+01
4.693715594332417851e+01 4.837816840709939470e+01
4.693715594332417851e+01 5.178065261474111480e+01
4.693715594332417851e+01 4.312549578248064108e+01
4.693715594332417851e+01 4.485373679870931340e+01
4.693715594332417851e+01 5.453930316688045821e+01
4.693715594332417851e+01 4.376216016255707331e+01
4.693715594332417851e+01 4.222940649193974139e+01
4.693715594332417851e+01 4.752777010150057180e+01
4.693715594332417851e+01 4.437886788870849131e+01
4.693715594332417851e+01 4.989380867597546398e+01
4.693715594332417851e+01 4.448646076665586691e+01
4.693715594332417851e+01 4.843907692533003484e+01
4.693715594332417851e+01 4.796823723472430601e+01
4.693715594332417851e+01 4.173933656240723167e+01
4.693715594332417851e+01 4.561631678301290549e+01
4.693715594332417851e+01 4.858662112577508907e+01
4.693715594332417851e+01 4.602813345279960089e+01
4.693715594332417851e+01 4.838080080482622947e+01
4.693715594332417851e+01 4.784730786551489246e+01
4.693715594332417851e+01 4.464627776601992792e+01
4.693715594332417851e+01 4.303672990757408456e+01
4.693715594332417851e+01 4.689529303485735312e+01
4.693715594332417851e+01 5.014092593694202549e+01
4.693715594332417851e+01 5.016338470360490476e+01
4.693715594332417851e+01 4.715275289947073389e+01
4.693715594332417851e+01 4.694009167114820258e+01
4.693715594332417851e+01 4.137829704078763626e+01
4.693715594332417851e+01 4.610553971746275437e+01
4.693715594332417851e+01 4.151154378722409177e+01
4.693715594332417851e+01 4.517660348705184958e+01
4.693715594332417851e+01 4.220665214920637709e+01
4.693715594332417851e+01 4.657176365371558546e+01
4.693715594332417851e+01 4.440876431668587543e+01
4.693715594332417851e+01 4.961860052006829136e+01
4.693715594332417851e+01 4.638190241527126290e+01
4.693715594332417851e+01 4.675358142877075807e+01
4.693715594332417851e+01 4.722668882611338148e+01
4.693715594332417851e+01 5.084744495806695852e+01
4.693715594332417851e+01 4.035104353700761237e+01
4.693715594332417851e+01 4.316831924598275094e+01
4.693715594332417851e+01 4.745838064121424793e+01
4.693715594332417851e+01 4.595078606639543750e+01
4.693715594332417851e+01 4.945781763670241560e+01
4.693715594332417851e+01 4.350620514980295894e+01
4.693715594332417851e+01 4.711228689054075147e+01
4.693715594332417851e+01 4.240349461777685747e+01
4.693715594332417851e+01 4.794641125213863120e+01
4.693715594332417851e+01 4.620726108267290755e+01
4.693715594332417851e+01 4.406011192111415653e+01
4.693715594332417851e+01 4.383054830170072336e+01
4.693715594332417851e+01 4.186507674317375205e+01
4.693715594332417851e+01 4.996606443845704604e+01
4.693715594332417851e+01 4.441680337928324462e+01
4.693715594332417851e+01 4.711999685874827293e+01
4.693715594332417851e+01 4.854095188724107857e+01
4.693715594332417851e+01 4.417011734435390480e+01
4.693715594332417851e+01 5.131768616996658494e+01
4.693715594332417851e+01 4.606983715643531951e+01
4.693715594332417851e+01 4.877665219923866147e+01
4.693715594332417851e+01 4.283187579286658320e+01
4.693715594332417851e+01 4.345508182491675342e+01
4.693715594332417851e+01 4.659967853955056682e+01
4.693715594332417851e+01 4.167455397830502761e+01
4.693715594332417851e+01 4.788257940234119303e+01
4.693715594332417851e+01 5.275105641234013376e+01
4.693715594332417851e+01 4.992347992744531382e+01
4.693715594332417851e+01 4.687780337146932652e+01
4.693715594332417851e+01 4.535053846053644122e+01
4.693715594332417851e+01 5.222646814266801130e+01
4.693715594332417851e+01 4.548690715371494520e+01
4.693715594332417851e+01 4.319843121076645076e+01
4.693715594332417851e+01 4.751111925568308436e+01
4.693715594332417851e+01 4.399532177026426893e+01
4.693715594332417851e+01 4.807509974830513499e+01
4.693715594332417851e+01 4.340024070589355887e+01
4.693715594332417851e+01 4.311036481581098911e+01
4.693715594332417851e+01 4.593378383303291201e+01
4.693715594332417851e+01 5.466109441166997840e+01
4.693715594332417851e+01 4.343331169889511756e+01
4.693715594332417851e+01 5.019926260744720281e+01
4.693715594332417851e+01 4.590383089248042126e+01
4.693715594332417851e+01 4.482931689221544502e+01
4.693715594332417851e+01 4.345827733706408935e+01
4.693715594332417851e+01 4.439779508173369038e+01
4.693715594332417851e+01 4.373400222317889785e+01
4.693715594332417851e+01 5.739348877180679409e+01
4.693715594332417851e+01 4.357285898671103297e+01
4.693715594332417851e+01 4.972701246497364025e+01
4.693715594332417851e+01 5.492116215247791189e+01
4.693715594332417851e+01 4.669205232270251571e+01
4.693715594332417851e+01 4.890052150683964527e+01
4.693715594332417851e+01 4.077364823824533602e+01
4.693715594332417851e+01 4.825311461696685456e+01
4.693715594332417851e+01 4.765623237621068142e+01
4.693715594332417851e+01 4.431348395200353707e+01
4.693715594332417851e+01 4.467717343051531032e+01
4.693715594332417851e+01 5.085625055674996275e+01
4.693715594332417851e+01 4.213844547733103951e+01
4.693715594332417851e+01 4.586946840935548408e+01
4.693715594332417851e+01 4.166207835699957940e+01
4.693715594332417851e+01 4.575049163680205311e+01
4.693715594332417851e+01 4.557152281580264486e+01
4.693715594332417851e+01 4.337488492832262921e+01
4.693715594332417851e+01 4.226458952780780720e+01
4.693715594332417851e+01 4.860336334227923771e+01
4.693715594332417851e+01 4.370547219173194264e+01
4.693715594332417851e+01 4.775066819479999225e+01
4.693715594332417851e+01 4.081256327586232402e+01
4.693715594332417851e+01 4.291522511564775755e+01
4.693715594332417851e+01 4.437074664124279622e+01
4.693715594332417851e+01 4.902659425361822798e+01
4.693715594332417851e+01 5.239132686754889079e+01
4.693715594332417851e+01 4.513708940376729828e+01
4.693715594332417851e+01 4.530751559030890974e+01
4.693715594332417851e+01 4.646236244294517803e+01
4.693715594332417851e+01 4.758881943184469776e+01
4.693715594332417851e+01 4.859871128053298861e+01
4.693715594332417851e+01 4.562688033348133132e+01
4.693715594332417851e+01 4.374244800594141225e+01
4.693715594332417851e+01 5.062446930650918375e+01
4.693715594332417851e+01 4.612933063571719572e+01
4.693715594332417851e+01 4.775062502407689635e+01
4.693715594332417851e+01 5.074716407369636073e+01
4.693715594332417851e+01 4.418535940113558524e+01
4.693715594332417851e+01 5.109223788752543527e+01
4.693715594332417851e+01 4.271770239243490863e+01
4.693715594332417851e+01 4.130028116017859219e+01
4.693715594332417851e+01 4.169355614964089085e+01
4.693715594332417851e+01 4.565043178301772286e+01
4.693715594332417851e+01 5.407301840574670848e+01
4.693715594332417851e+01 4.826648488688704930e+01
4.693715594332417851e+01 3.935542531281910072e+01
4.693715594332417851e+01 4.896717458817319368e+01
4.693715594332417851e+01 4.961117317090101864e+01
4.693715594332417851e+01 4.557137791749242695e+01
4.693715594332417851e+01 4.673133086080877518e+01
4.693715594332417851e+01 4.816647757926850915e+01
4.693715594332417851e+01 4.634838718818298986e+01
4.693715594332417851e+01 5.428291858156518401e+01
4.693715594332417851e+01 4.563278163503797202e+01
4.693715594332417851e+01 4.694713250941424576e+01
4.693715594332417851e+01 4.606513924846013452e+01
4.693715594332417851e+01 4.774370174923758015e+01
4.693715594332417851e+01 4.580643690869014506e+01
4.693715594332417851e+01 4.406563341233326980e+01
4.693715594332417851e+01 4.423764426749898604e+01
4.693715594332417851e+01 4.914594286274335388e+01
4.693715594332417851e+01 4.730981970679984983e+01
4.693715594332417851e+01 4.721877272894182909e+01
4.693715594332417851e+01 4.828222268694558039e+01
4.693715594332417851e+01 5.085082902820708739e+01
4.693715594332417851e+01 4.713451766464120141e+01
4.693715594332417851e+01 4.103374264761722401e+01
4.693715594332417851e+01 4.808318850505546038e+01
4.693715594332417851e+01 5.302347404585753310e+01
4.693715594332417851e+01 5.181024922331712901e+01
4.693715594332417851e+01 5.468489003247573521e+01
4.693715594332417851e+01 4.252551358432891959e+01
4.693715594332417851e+01 4.360980740201960515e+01
4.693715594332417851e+01 4.956892675931385384e+01
4.693715594332417851e+01 4.175279441817799864e+01
4.693715594332417851e+01 4.815624575477351499e+01
4.693715594332417851e+01 4.086482869739499080e+01
4.693715594332417851e+01 5.007625668615268211e+01
4.693715594332417851e+01 5.064058276753099364e+01
4.693715594332417851e+01 4.692532941242300382e+01
4.693715594332417851e+01 4.215703385654848745e+01
4.693715594332417851e+01 4.440921400968873911e+01
4.693715594332417851e+01 4.805506941498168771e+01
4.693715594332417851e+01 4.311735401092472131e+01
4.693715594332417851e+01 4.837297957018502359e+01
4.693715594332417851e+01 4.233710013575880282e+01
4.693715594332417851e+01 4.376555211849606053e+01
4.693715594332417851e+01 4.093753586727347482e+01
4.693715594332417851e+01 4.491426153799213949e+01
4.693715594332417851e+01 3.647640393020953553e+01
4.693715594332417851e+01 4.276585077300474325e+01
4.693715594332417851e+01 5.152418298645643802e+01
4.693715594332417851e+01 4.685537432560911952e+01
4.693715594332417851e+01 4.405598100215211588e+01
4.693715594332417851e+01 4.347825336010748032e+01
4.693715594332417851e+01 4.773360043834105682e+01
4.693715594332417851e+01 4.849554518103995093e+01
4.693715594332417851e+01 4.453916600645506918e+01
4.693715594332417851e+01 4.874270510323365357e+01
4.693715594332417851e+01 5.302603838068347386e+01
4.693715594332417851e+01 4.625697131095987658e+01
4.693715594332417851e+01 4.900007287990236193e+01
4.693715594332417851e+01 4.720411648909428237e+01
4.693715594332417851e+01 4.305619923676633221e+01
4.693715594332417851e+01 4.264570397836439497e+01
4.693715594332417851e+01 5.011176082133233223e+01
4.693715594332417851e+01 4.555657888667415989e+01
4.693715594332417851e+01 4.423569071413224663e+01
4.693715594332417851e+01 4.304609932041393705e+01
4.693715594332417851e+01 4.827465966237648587e+01
4.693715594332417851e+01 4.618611067250784430e+01
4.693715594332417851e+01 4.618947428187511406e+01
4.693715594332417851e+01 4.496390255495644084e+01
4.693715594332417851e+01 5.266479889522335611e+01
4.693715594332417851e+01 4.555053267276895923e+01
4.693715594332417851e+01 4.923420753301346053e+01
4.693715594332417851e+01 5.497354715528921787e+01
4.693715594332417851e+01 4.574329929650865267e+01
4.693715594332417851e+01 4.884679313748404894e+01
4.693715594332417851e+01 4.791322451973420016e+01
4.693715594332417851e+01 4.896582435318661908e+01
4.693715594332417851e+01 4.369693986261084717e+01
4.693715594332417851e+01 4.307578674084961534e+01
4.693715594332417851e+01 4.190070306391857002e+01
4.693715594332417851e+01 5.458129426890145908e+01
4.693715594332417851e+01 5.212182209574675795e+01
4.693715594332417851e+01 4.403378367566402574e+01
4.693715594332417851e+01 4.505152502373444179e+01
4.693715594332417851e+01 4.688642666609132448e+01
4.693715594332417851e+01 4.173029172235818152e+01
4.693715594332417851e+01 4.042494142382627587e+01
4.693715594332417851e+01 4.260369491052300361e+01
4.693715594332417851e+01 4.853087872381131263e+01
4.693715594332417851e+01 4.918900088597369802e+01
4.693715594332417851e+01 5.276821620119373080e+01
4.693715594332417851e+01 4.586571045059666574e+01
4.693715594332417851e+01 4.742611485467183741e+01
4.693715594332417851e+01 4.312877645983240882e+01
4.693715594332417851e+01 5.329639285699141737e+01
4.693715594332417851e+01 4.750753193810518127e+01
4.693715594332417851e+01 4.316462640323729971e+01
4.693715594332417851e+01 4.865742462267506596e+01
4.693715594332417851e+01 4.877409414301666146e+01
4.693715594332417851e+01 4.497064350736632576e+01
4.693715594332417851e+01 4.466073248470157608e+01
4.693715594332417851e+01 4.419354764195034591e+01
4.693715594332417851e+01 4.494174793253981193e+01
4.693715594332417851e+01 3.907583001259608579e+01
4.693715594332417851e+01 4.919438569220594815e+01
4.693715594332417851e+01 5.122129706939213634e+01
4.693715594332417851e+01 4.548252527835312975e+01
4.693715594332417851e+01 4.147715261647186935e+01
4.693715594332417851e+01 4.346293632359555659e+01
4.693715594332417851e+01 4.526332940688752160e+01
4.693715594332417851e+01 4.258131319926631164e+01
4.693715594332417851e+01 4.328839738279508964e+01
4.693715594332417851e+01 4.714530561728195579e+01
4.693715594332417851e+01 4.529441365670176367e+01
4.693715594332417851e+01 4.830641577805407394e+01
4.693715594332417851e+01 5.411007004693459521e+01
4.693715594332417851e+01 4.624026296710762551e+01
4.693715594332417851e+01 4.784795689346912440e+01
4.693715594332417851e+01 4.263106718652454674e+01
4.693715594332417851e+01 4.247290476212950949e+01
4.693715594332417851e+01 4.196801685941563420e+01
4.693715594332417851e+01 4.890318471289712221e+01
4.693715594332417851e+01 4.661646690443765095e+01
4.693715594332417851e+01 4.346214722146393683e+01
4.693715594332417851e+01 4.938524775526128963e+01
4.693715594332417851e+01 4.310396412283436973e+01
4.693715594332417851e+01 4.567451470755417375e+01
4.693715594332417851e+01 4.418751210627515746e+01
4.693715594332417851e+01 4.347462631996680216e+01
4.693715594332417851e+01 4.556857373567398639e+01
4.693715594332417851e+01 3.905393310902935156e+01
4.693715594332417851e+01 4.832964964438077260e+01
4.693715594332417851e+01 4.462935816428184665e+01
4.693715594332417851e+01 4.568978444427604302e+01
4.693715594332417851e+01 4.625668832276296882e+01
4.693715594332417851e+01 4.257113110398783817e+01
4.693715594332417851e+01 4.696279267939586077e+01
4.693715594332417851e+01 4.716024263302900721e+01
4.693715594332417851e+01 4.360816359765039607e+01
4.693715594332417851e+01 4.862623178983125172e+01
4.693715594332417851e+01 5.104162196783796190e+01
4.693715594332417851e+01 5.093811338223589047e+01
4.693715594332417851e+01 4.817492990908633033e+01
4.693715594332417851e+01 4.682284110094921914e+01
4.693715594332417851e+01 4.245961235199596473e+01
4.693715594332417851e+01 5.208750504868211806e+01
4.693715594332417851e+01 4.536610181282756571e+01
4.693715594332417851e+01 4.273070898106976756e+01
4.693715594332417851e+01 4.097061179668657616e+01
4.693715594332417851e+01 4.917112475259180826e+01
4.693715594332417851e+01 4.468710493176303800e+01
4.693715594332417851e+01 4.730913475779607325e+01
4.693715594332417851e+01 4.746444012231816600e+01
4.693715594332417851e+01 5.082620341134065711e+01
4.693715594332417851e+01 5.283859679578061730e+01
4.693715594332417851e+01 4.313685976077864836e+01
4.693715594332417851e+01 4.626939770436042210e+01
4.693715594332417851e+01 4.593297460286091649e+01
4.693715594332417851e+01 4.899209101407812028e+01
4.693715594332417851e+01 4.364215865296021946e+01
4.693715594332417851e+01 4.857190963511779103e+01
4.693715594332417851e+01 4.371052829802871997e+01
4.693715594332417851e+01 4.490247303070871254e+01
4.693715594332417851e+01 5.029656973487107763e+01
4.693715594332417851e+01 4.897082132726860237e+01
4.693715594332417851e+01 4.630765484497528206e+01
4.693715594332417851e+01 4.798455469620149216e+01
4.693715594332417851e+01 4.451256236466161909e+01
4.693715594332417851e+01 5.284303725183705325e+01
4.693715594332417851e+01 4.524523839726005292e+01
4.693715594332417851e+01 4.389317671873094184e+01
4.693715594332417851e+01 4.513060510162499384e+01
4.693715594332417851e+01 4.979901613363296065e+01
4.693715594332417851e+01 5.082160077527762354e+01
4.693715594332417851e+01 4.217898699000109275e+01
4.693715594332417851e+01 4.393048417892448043e+01
4.693715594332417851e+01 4.702897609185464489e+01
4.693715594332417851e+01 4.287705193193943387e+01
4.693715594332417851e+01 4.511236965620344819e+01
4.693715594332417851e+01 4.046391999388026761e+01
4.693715594332417851e+01 4.717105435427970406e+01
4.693715594332417851e+01 5.418458152254268612e+01
4.693715594332417851e+01 4.923801702857107188e+01
4.693715594332417851e+01 4.290707813221322908e+01
4.693715594332417851e+01 4.510779421025959124e+01
4.693715594332417851e+01 5.859728914635557828e+01
4.693715594332417851e+01 3.778341812010593515e+01
4.693715594332417851e+01 4.419678131302971735e+01
4.693715594332417851e+01 4.221485151491749122e+01
4.693715594332417851e+01 4.298080655331795441e+01
4.693715594332417851e+01 4.123095542856736984e+01
4.693715594332417851e+01 4.857030923434805203e+01
4.693715594332417851e+01 4.228947216646596985e+01
4.693715594332417851e+01 4.287673019256580886e+01
4.693715594332417851e+01 4.732915564061619307e+01
4.693715594332417851e+01 4.907306453369739074e+01
4.693715594332417851e+01 4.893935350617357471e+01
4.693715594332417851e+01 5.501060564503476513e+01
4.693715594332417851e+01 4.695351569507267442e+01
4.693715594332417851e+01 4.761971918202431198e+01
4.693715594332417851e+01 4.922891226107291374e+01
4.693715594332417851e+01 4.562266622455656773e+01
4.693715594332417851e+01 4.206626112425634290e+01
4.693715594332417851e+01 4.650818781537705604e+01
4.693715594332417851e+01 4.017378738311419539e+01
4.693715594332417851e+01 5.028208439727252710e+01
4.693715594332417851e+01 4.316341850140337755e+01
4.693715594332417851e+01 5.065761973480139346e+01
4.693715594332417851e+01 4.859792684132975893e+01
4.693715594332417851e+01 4.486208111432662093e+01
4.693715594332417851e+01 5.198301784792516855e+01
4.693715594332417851e+01 4.375709841074927198e+01
4.693715594332417851e+01 4.873476950069625957e+01
4.693715594332417851e+01 4.419898787551196762e+01
4.693715594332417851e+01 4.830728320628502814e+01
4.693715594332417851e+01 4.758882332893193023e+01
4.693715594332417851e+01 4.419727262837382398e+01
4.693715594332417851e+01 4.316201430505579850e+01
4.693715594332417851e+01 4.573463502310522699e+01
4.693715594332417851e+01 4.248372237506473681e+01
4.693715594332417851e+01 5.052089509773273335e+01
4.693715594332417851e+01 4.427964375316307155e+01
4.693715594332417851e+01 4.719745175901215362e+01
4.693715594332417851e+01 4.636984972987170295e+01
4.693715594332417851e+01 4.205719048815671357e+01
4.693715594332417851e+01 4.557338083628400938e+01
4.693715594332417851e+01 4.899460273801366839e+01
4.693715594332417851e+01 4.738948745405404850e+01
4.693715594332417851e+01 4.373308610411731934e+01
4.693715594332417851e+01 4.126998449165779448e+01
4.693715594332417851e+01 4.269644021038822501e+01
4.693715594332417851e+01 5.500837386085065361e+01
4.693715594332417851e+01 4.988890745195182319e+01
4.693715594332417851e+01 4.619794345071543518e+01
4.693715594332417851e+01 4.463480111106361647e+01
4.693715594332417851e+01 4.716291079615443493e+01
4.693715594332417851e+01 5.142216687375524486e+01
4.693715594332417851e+01 4.781643788954130514e+01
4.693715594332417851e+01 4.573285018254122036e+01
4.693715594332417851e+01 4.400750798532412489e+01
4.693715594332417851e+01 5.215874753694092192e+01
4.693715594332417851e+01 4.259342306460172267e+01
4.693715594332417851e+01 4.324318312804793152e+01
4.693715594332417851e+01 4.544658607464626954e+01
4.693715594332417851e+01 4.454921625844472999e+01
4.693715594332417851e+01 4.310408086434515695e+01
4.693715594332417851e+01 4.863819567554563150e+01
4.693715594332417851e+01 4.295116702983129642e+01
4.693715594332417851e+01 4.799813425201386252e+01
4.693715594332417851e+01 4.480479572882805428e+01
4.693715594332417851e+01 4.707718446455903205e+01
4.693715594332417851e+01 4.693030964193751942e+01
4.693715594332417851e+01 4.390807520331131286e+01
4.693715594332417851e+01 4.542935618482312776e+01
4.693715594332417851e+01 4.579506316079904593e+01
4.693715594332417851e+01 4.516358431714758837e+01
4.693715594332417851e+01 4.384941564812099557e+01
4.693715594332417851e+01 4.791904210495619765e+01
4.693715594332417851e+01 4.812238570737181931e+01
4.693715594332417851e+01 5.192615053442635542e+01
4.693715594332417851e+01 4.198732117472052749e+01
4.693715594332417851e+01 4.438329677124786343e+01
4.693715594332417851e+01 4.969035644744550240e+01
4.693715594332417851e+01 4.511220350595742445e+01
4.693715594332417851e+01 4.800509808661757916e+01
4.693715594332417851e+01 4.772891689841232932e+01
4.693715594332417851e+01 4.571830669927206969e+01
4.693715594332417851e+01 4.134641209658430938e+01
4.693715594332417851e+01 4.617685771599531108e+01
4.693715594332417851e+01 5.396306726949249111e+01
4.693715594332417851e+01 4.220625868117294033e+01
4.693715594332417851e+01 4.327295622177462775e+01
4.693715594332417851e+01 4.909130226195287605e+01
4.693715594332417851e+01 4.302201275655749413e+01
4.693715594332417851e+01 4.594368174107498959e+01
4.693715594332417851e+01 5.010419914783887663e+01
4.693715594332417851e+01 4.971711058690566887e+01
4.693715594332417851e+01 4.534012289356012104e+01
4.693715594332417851e+01 4.402720620012159003e+01
4.693715594332417851e+01 4.401484147738204911e+01
4.693715594332417851e+01 4.543366331131289826e+01
4.693715594332417851e+01 4.624061984734095887e+01
4.693715594332417851e+01 4.353924661853207567e+01
4.693715594332417851e+01 4.231056938162689818e+01
4.693715594332417851e+01 4.655210429178397646e+01
4.693715594332417851e+01 4.181828637191732412e+01
4.693715594332417851e+01 4.514369434247253565e+01
4.693715594332417851e+01 4.760140110254261003e+01
4.693715594332417851e+01 4.393585565663369863e+01
4.693715594332417851e+01 4.503032541332152761e+01
4.693715594332417851e+01 4.381726281823260649e+01
4.693715594332417851e+01 4.835625921641318570e+01
4.693715594332417851e+01 4.538486144550641654e+01
4.693715594332417851e+01 4.778520870681649768e+01
4.693715594332417851e+01 4.868420588830996110e+01
4.693715594332417851e+01 4.352422670216874678e+01
4.693715594332417851e+01 4.586727341110636758e+01
4.693715594332417851e+01 4.348709288460135980e+01
4.693715594332417851e+01 4.417533353930978990e+01
4.693715594332417851e+01 4.179054618459997528e+01
4.693715594332417851e+01 4.718441839511014990e+01
4.693715594332417851e+01 4.818105365210388413e+01
4.693715594332417851e+01 4.442735187464629121e+01
4.693715594332417851e+01 5.512858114644861729e+01
4.693715594332417851e+01 5.039208278562975352e+01
4.693715594332417851e+01 4.593795313413600923e+01
4.693715594332417851e+01 4.759895515796626597e+01
4.693715594332417851e+01 4.831492093079179284e+01
4.693715594332417851e+01 4.710983654836091006e+01
4.693715594332417851e+01 4.840147210449659099e+01
4.693715594332417851e+01 4.647800110046307509e+01
4.693715594332417851e+01 4.559360896848985334e+01
4.693715594332417851e+01 4.334632630688613375e+01
4.693715594332417851e+01 4.673083020258675901e+01
4.693715594332417851e+01 5.076622764064838123e+01
4.693715594332417851e+01 4.163337709702157241e+01
4.693715594332417851e+01 4.210737239130816789e+01
4.693715594332417851e+01 4.937666153171806371e+01
4.693715594332417851e+01 4.355795886109189041e+01
4.693715594332417851e+01 4.865699887112258182e+01
4.693715594332417851e+01 4.166338601260051888e+01
4.693715594332417851e+01 5.170323342872254813e+01
4.693715594332417851e+01 4.582798469263267549e+01
4.693715594332417851e+01 4.168602206081897776e+01
4.693715594332417851e+01 5.031429906808277508e+01
4.693715594332417851e+01 4.853115887896673541e+01
4.693715594332417851e+01 4.654870356322813052e+01
4.693715594332417851e+01 4.551895504895972522e+01
4.693715594332417851e+01 5.075802697752004633e+01
4.693715594332417851e+01 4.602844029486140442e+01
4.693715594332417851e+01 4.874592126388053970e+01
4.693715594332417851e+01 4.342294439059858746e+01
4.693715594332417851e+01 4.521433782556282210e+01
4.693715594332417851e+01 5.291276306343882396e+01
4.693715594332417851e+01 4.752002586661794936e+01
4.693715594332417851e+01 4.461000959222161555e+01
4.693715594332417851e+01 4.674402022736435924e+01
4.693715594332417851e+01 5.057105906605786316e+01
4.693715594332417851e+01 4.951241058110483095e+01
4.693715594332417851e+01 4.186645219025917442e+01
4.693715594332417851e+01 4.273100509702837257e+01
4.693715594332417851e+01 3.989628404406101225e+01
4.693715594332417851e+01 4.062404374252086825e+01
4.693715594332417851e+01 4.445857607774998854e+01
4.693715594332417851e+01 4.580544053618918809e+01
4.693715594332417851e+01 4.288179768057035801e+01
4.693715594332417851e+01 5.015691905746854218e+01
4.693715594332417851e+01 4.522229511288125536e+01
4.693715594332417851e+01 4.664706642843390938e+01
4.693715594332417851e+01 4.445597985117262141e+01
4.693715594332417851e+01 4.171591227431719773e+01
4.693715594332417851e+01 4.602639672362014522e+01
4.693715594332417851e+01 4.342651577388425466e+01
4.693715594332417851e+01 4.558569259786265349e+01
4.693715594332417851e+01 5.323603026939098726e+01
4.693715594332417851e+01 4.613741684877130211e+01
4.693715594332417851e+01 4.767091507824816432e+01
4.693715594332417851e+01 4.927293713427212651e+01
4.693715594332417851e+01 4.667678224192517433e+01
4.693715594332417851e+01 4.184790963119902329e+01
4.693715594332417851e+01 4.775763178178785040e+01
4.693715594332417851e+01 4.471511295922351081e+01
4.693715594332417851e+01 4.165214298337296839e+01
4.693715594332417851e+01 4.621590865112899849e+01
4.693715594332417851e+01 4.216344914036296387e+01
4.693715594332417851e+01 4.440573033204832143e+01
4.693715594332417851e+01 4.001032441579639709e+01
4.693715594332417851e+01 4.475902511542828677e+01
4.693715594332417851e+01 4.532946062714390223e+01
4.693715594332417851e+01 4.111686676750154845e+01
4.693715594332417851e+01 4.838280211936117325e+01
4.693715594332417851e+01 5.067718841266430019e+01
4.693715594332417851e+01 4.442689341010253656e+01
4.693715594332417851e+01 4.732146155615665606e+01
4.693715594332417851e+01 4.807879335067753601e+01
4.693715594332417851e+01 5.115767817735726908e+01
4.693715594332417851e+01 4.410877412058821534e+01
4.693715594332417851e+01 4.199534784603561377e+01
4.693715594332417851e+01 4.456086474095195626e+01
4.693715594332417851e+01 4.902243986324548075e+01
4.693715594332417851e+01 4.474702705748616438e+01
4.693715594332417851e+01 4.852453230879930857e+01
4.693715594332417851e+01 4.130589963788155927e+01
4.693715594332417851e+01 4.438594197457054946e+01
4.693715594332417851e+01 4.714821298975915909e+01
4.693715594332417851e+01 4.834411202973389265e+01
4.693715594332417851e+01 4.869785080352406936e+01
4.693715594332417851e+01 4.961048982129855744e+01
4.693715594332417851e+01 5.462245192791628767e+01
4.693715594332417851e+01 4.308455238963057354e+01
4.693715594332417851e+01 4.854595556976184412e+01
4.693715594332417851e+01 5.314040027495219221e+01
4.693715594332417851e+01 4.455185518695877533e+01
4.693715594332417851e+01 4.327098506118313281e+01
4.693715594332417851e+01 4.605779615734577703e+01
4.693715594332417851e+01 4.762176547613541544e+01
4.693715594332417851e+01 4.754049025749487356e+01
4.693715594332417851e+01 4.275084056103789010e+01
4.693715594332417851e+01 4.740598700845015401e+01
4.693715594332417851e+01 4.877784271160709295e+01
4.693715594332417851e+01 4.833115810957971092e+01
4.693715594332417851e+01 5.279640996637616723e+01
4.693715594332417851e+01 4.356181671635862784e+01
4.693715594332417851e+01 4.227120376295778215e+01
4.693715594332417851e+01 4.372255334321435072e+01
4.693715594332417851e+01 4.962916156513674792e+01
4.693715594332417851e+01 4.347948396700119389e+01
4.693715594332417851e+01 4.747963792186173748e+01
4.693715594332417851e+01 4.798006924098158521e+01
4.693715594332417851e+01 3.874248649419548229e+01
4.693715594332417851e+01 4.518029189542301083e+01
4.693715594332417851e+01 4.500833729577647802e+01
4.693715594332417851e+01 4.350653060399753258e+01
4.693715594332417851e+01 4.393390922883356353e+01
4.693715594332417851e+01 4.740768719285794219e+01
4.693715594332417851e+01 4.754921919966834309e+01
4.693715594332417851e+01 4.302356022131846913e+01
4.693715594332417851e+01 4.549522019751762514e+01
4.693715594332417851e+01 4.336145711235847955e+01
4.693715594332417851e+01 4.316485706476416340e+01
4.693715594332417851e+01 5.721779177173026198e+01
4.693715594332417851e+01 4.217052204190765252e+01
4.693715594332417851e+01 4.799706517157938634e+01
4.693715594332417851e+01 4.436985094256120021e+01
4.693715594332417851e+01 4.850798844421489520e+01
4.693715594332417851e+01 4.650204443466414972e+01
4.693715594332417851e+01 4.809810666733374518e+01
4.693715594332417851e+01 4.211228227174116512e+01
4.693715594332417851e+01 4.684179776035802689e+01
4.693715594332417851e+01 4.628085806400854807e+01
4.693715594332417851e+01 4.363410978700597553e+01
4.693715594332417851e+01 4.584215379312431793e+01
4.693715594332417851e+01 3.997817496538366555e+01
4.693715594332417851e+01 4.467229582181190040e+01
4.693715594332417851e+01 4.736330660158286321e+01
4.693715594332417851e+01 3.706134486906034198e+01
4.693715594332417851e+01 4.101521698608131317e+01
4.693715594332417851e+01 4.730615420972478802e+01
4.693715594332417851e+01 4.913209983270371595e+01
4.693715594332417851e+01 5.405919889751255880e+01
4.693715594332417851e+01 4.242653029298190859e+01
4.693715594332417851e+01 4.739345263543299325e+01
4.693715594332417851e+01 4.483216600522233364e+01
4.693715594332417851e+01 4.582165186393156375e+01
4.693715594332417851e+01 4.195670983765838713e+01
4.693715594332417851e+01 5.357012918047723815e+01
4.693715594332417851e+01 4.546541941035109602e+01
4.693715594332417851e+01 4.325251776011143079e+01
4.693715594332417851e+01 4.786417048526183038e+01
4.693715594332417851e+01 4.955070293261411507e+01
4.693715594332417851e+01 3.944314629881631618e+01
4.693715594332417851e+01 4.508476483472666274e+01
4.693715594332417851e+01 4.546291694686162543e+01
4.693715594332417851e+01 4.334800262845962493e+01
4.693715594332417851e+01 4.475644510557055611e+01
4.693715594332417851e+01 4.089015355069673063e+01
4.693715594332417851e+01 4.059997402983864845e+01
4.693715594332417851e+01 4.594070720013476716e+01
4.693715594332417851e+01 4.552757400691913148e+01
4.693715594332417851e+01 4.797162865968343937e+01
4.693715594332417851e+01 4.065218422728548120e+01
4.693715594332417851e+01 5.161316402081109800e+01
4.693715594332417851e+01 4.904151432653684139e+01
4.693715594332417851e+01 4.743134166013364705e+01
4.693715594332417851e+01 4.441673279734811075e+01
4.693715594332417851e+01 4.809261459636498159e+01
4.693715594332417851e+01 4.591628397821192920e+01
4.693715594332417851e+01 4.896561882639693408e+01
4.693715594332417851e+01 4.793715832033971935e+01
4.693715594332417851e+01 5.025536235544057462e+01
4.693715594332417851e+01 4.848410281146983891e+01
4.693715594332417851e+01 4.813354712677891456e+01
