4.693715594332417851e+01 5.308934876934446123e+01
4.693715594332417851e+01 4.484372170475086961e+01
4.693715594332417851e+01 4.724334515643069921e+01
4.693715594332417851e+01 4.642816825067871633e+01
4.693715594332417851e+01 4.692426992498324267e+01
4.693715594332417851e+01 4.315781458426801009e+01
4.693715594332417851e+01 4.931370341730798401e+01
4.693715594332417851e+01 4.579617657472033443e+01
4.693715594332417851e+01 4.170712409889773653e+01
4.693715594332417851e+01 4.214010244908672576e+01
4.693715594332417851e+01 4.892625786600446958e+01
4.693715594332417851e+01 4.455424234214230239e+01
4.693715594332417851e+01 4.943869598819529898e+01
4.693715594332417851e+01 5.110662077788327906e+01
4.693715594332417851e+01 4.334044900033074299e+01
4.693715594332417851e+01 4.511999978742569795e+01
4.693715594332417851e+01 4.327747475777561448e+01
4.693715594332417851e+01 4.330395048764635391e+01
4.693715594332417851e+01 4.774839966029197313e+01
4.693715594332417851e+01 4.418835814155118413e+01
4.693715594332417851e+01 4.238937162719945206e+01
4.693715594332417851e+01 4.385565771374217547e+01
4.693715594332417851e+01 4.733188907840501969e+01
4.693715594332417851e+01 4.642260336550546640e+01
4.693715594332417851e+01 4.378036592343687516e+01
4.693715594332417851e+01 4.343561699112898111e+01
4.693715594332417851e+01 5.195916411283730696e+01
4.693715594332417851e+01 4.083628388416771315e+01
4.693715594332417851e+01 4.919305215856898172e+01
4.693715594332417851e+01 5.086783631112724180e+01
4.693715594332417851e+01 4.737962847904579888e+01
4.693715594332417851e+01 4.764505961035388992e+01
4.693715594332417851e+01 4.685092682397653618e+01
4.693715594332417851e+01 4.636536064229761678e+01
4.693715594332417851e+01 4.486216362977573624e+01
4.693715594332417851e+01 4.173463366429157162e+01
4.693715594332417851e+01 4.752473696337182929e+01
4.693715594332417851e+01 4.397110356631135630e+01
4.693715594332417851e+01 3.757887592544314259e+01
4.693715594332417851e+01 4.677980956837522797e+01
4.693715594332417851e+01 4.572133698905275878e+01
4.693715594332417851e+01 3.900218917067294910e+01
4.693715594332417851e+01 4.884779166689349950e+01
4.693715594332417851e+01 4.136414705523055346e+01
4.693715594332417851e+01 4.628447171461480281e+01
4.693715594332417851e+01 4.460035930266767679e+01
4.693715594332417851e+01 5.198892707770938415e+01
4.693715594332417851e+01 4.773970489609045131e+01
4.693715594332417851e+01 4.589482206516051122e+01
4.693715594332417851e+01 5.010879871143767872e+01
4.693715594332417851e+01 4.638583718097936526e+01
4.693715594332417851e+01 4.175907764897347363e+01
4.693715594332417851e+01 4.536840013195654109e+01
4.693715594332417851e+01 4.803398811270434976e+01
4.693715594332417851e+01 4.467450577598594208e+01
4.693715594332417851e+01 4.334900817822321528e+01
4.693715594332417851e+01 4.498628275523467579e+01
4.693715594332417851e+01 4.499901551680210332e+01
4.693715594332417851e+01 4.430798632886691735e+01
4.693715594332417851e+01 4.999512558861454892e+01
4.693715594332417851e+01 4.320707211847571472e+01
4.693715594332417851e+01 4.861515564357264196e+01
4.693715594332417851e+01 4.641370356602720904e+01
4.693715594332417851e+01 4.286760041317366898e+01
4.693715594332417851e+01 4.691666532667358069e+01
4.693715594332417851e+01 4.067832895734339616e+01
4.693715594332417851e+01 4.580160414622660170e+01
4.693715594332417851e+01 5.061383481692659814e+01
4.693715594332417851e+01 4.800328860057122426e+01
4.693715594332417851e+01 4.395172224610811895e+01
4.693715594332417851e+01 4.240305889254442917e+01
4.693715594332417851e+01 4.634086226473964132e+01
4.693715594332417851e+01 4.840018837130512708e+01
4.693715594332417851e+01 5.153842925394761210e+01
4.693715594332417851e+01 4.329819405221996220e+01
4.693715594332417851e+01 4.027910851290420879e+01
4.693715594332417851e+01 4.490367321722619920e+01
4.693715594332417851e+01 4.699289137333308020e+01
4.693715594332417851e+01 4.619054306040176527e+01
4.693715594332417851e+01 4.147476307333562318e+01
4.693715594332417851e+01 4.469778806723878262e+01
4.693715594332417851e+01 4.533916467817969931e+01
4.693715594332417851e+01 4.407551965843032349e+01
4.693715594332417851e+01 5.094161253849978266e+01
4.693715594332417851e+01 4.487047950883719949e+01
4.693715594332417851e+01 4.153506676152464649e+01
4.693715594332417851e+01 4.739468501055782923e+01
4.693715594332417851e+01 5.087576871375819820e+01
4.693715594332417851e+01 5.022393289834609931e+01
4.693715594332417851e+01 4.300748584945395692e+01
4.693715594332417851e+01 4.268242393706117355e+01
4.693715594332417851e+01 4.694685372495153075e+01
4.693715594332417851e+01 4.891925721795384874e+01
4.693715594332417851e+01 4.696206906797183933e+01
4.693715594332417851e+01 4.749530606248718101e+01
4.693715594332417851e+01 5.347412779860444942e+01
4.693715594332417851e+01 4.221540258835647563e+01
4.693715594332417851e+01 4.668485912627910039e+01
4.693715594332417851e+01 4.810735326533357892e+01
4.693715594332417851e+01 4.953659189925600259e+01
4.693715594332417851e+01 4.430906912522818430e+01
4.693715594332417851e+01 4.622216161489923536e+01
4.693715594332417851e+01 4.584412455219607807e+01
4.693715594332417851e+01 4.785344564436392290e+01
4.693715594332417851e+01 5.073523467968075096e+01
4.693715594332417851e+01 4.687848293520898579e+01
4.693715594332417851e+01 4.438493088724757030e+01
4.693715594332417851e+01 4.275682644818100897e+01
4.693715594332417851e+01 4.389782977898546790e+01
4.693715594332417851e+01 4.400909087084893656e+01
4.693715594332417851e+01 4.757929824588546808e+01
4.693715594332417851e+01 4.506821961760525141e+01
4.693715594332417851e+01 4.426036634509097212e+01
4.693715594332417851e+01 4.626162798257537645e+01
4.693715594332417851e+01 4.697402349847086356e+01
4.693715594332417851e+01 4.736309039518155828e+01
4.693715594332417851e+01 4.639573340470159479e+01
4.693715594332417851e+01 4.896945913555815366e+01
4.693715594332417851e+01 4.335790168916474840e+01
4.693715594332417851e+01 4.505622084887978218e+01
4.693715594332417851e+01 4.261042133419094569e+01
4.693715594332417851e+01 3.931105850604673435e+01
4.693715594332417851e+01 4.434285459246217442e+01
4.693715594332417851e+01 4.310959976674474348e+01
4.693715594332417851e+01 4.595890004754963343e+01
4.693715594332417851e+01 4.551725373494129911e+01
4.693715594332417851e+01 4.669223468375061969e+01
4.693715594332417851e+01 4.669001042766439014e+01
4.693715594332417851e+01 4.166635749159820534e+01
4.693715594332417851e+01 4.206882764828591093e+01
4.693715594332417851e+01 5.068839462293863107e+01
4.693715594332417851e+01 4.535327612125583130e+01
4.693715594332417851e+01 4.722663061098040771e+01
4.693715594332417851e+01 5.571676780693002939e+01
4.693715594332417851e+01 4.031786486004619263e+01
4.693715594332417851e+01 4.567358951797804423e+01
4.693715594332417851e+01 4.362662577252573470e+01
4.693715594332417851e+01 4.467035649104833084e+01
4.693715594332417851e+01 4.625443403948901278e+01
4.693715594332417851e+01 4.880950342484212001e+01
4.693715594332417851e+01 4.713382732282615706e+01
4.693715594332417851e+01 4.664089923045360564e+01
4.693715594332417851e+01 4.732429675072726383e+01
4.693715594332417851e+01 4.622780319689834272e+01
4.693715594332417851e+01 5.298818967738827013e+01
4.693715594332417851e+01 4.361557284693980563e+01
4.693715594332417851e+01 4.703074706709035979e+01
4.693715594332417851e+01 4.530886927939600639e+01
4.693715594332417851e+01 4.697432382854247379e+01
4.693715594332417851e+01 4.697481618506351708e+01
4.693715594332417851e+01 4.403355593180257443e+01
4.693715594332417851e+01 4.615714897287431739e+01
4.693715594332417851e+01 5.070879814620997195e+01
4.693715594332417851e+01 4.703725259618769172e+01
4.693715594332417851e+01 4.386460929115025920e+01
4.693715594332417851e+01 4.653984257927393742e+01
4.693715594332417851e+01 4.303673382154317295e+01
4.693715594332417851e+01 4.677573627014596269e+01
4.693715594332417851e+01 4.049135238132357273e+01
4.693715594332417851e+01 4.089263306456214764e+01
4.693715594332417851e+01 4.825428833063934775e+01
4.693715594332417851e+01 4.839722219806465375e+01
4.693715594332417851e+01 4.607488091563571686e+01
4.693715594332417851e+01 4.820084420145133208e+01
4.693715594332417851e+01 4.126258579028449702e+01
4.693715594332417851e+01 4.610848953278198081e+01
4.693715594332417851e+01 4.527387386017439042e+01
4.693715594332417851e+01 5.160685889811684035e+01
4.693715594332417851e+01 4.446554514527401381e+01
4.693715594332417851e+01 4.894594186266724023e+01
4.693715594332417851e+01 4.441368680023776960e+01
4.693715594332417851e+01 4.737133991433499602e+01
4.693715594332417851e+01 4.901415601535401834e+01
4.693715594332417851e+01 4.133287931539886273e+01
4.693715594332417851e+01 5.331910420706815756e+01
4.693715594332417851e+01 4.248751044346688133e+01
4.693715594332417851e+01 4.281303165850994930e+01
4.693715594332417851e+01 5.334235567498347308e+01
4.693715594332417851e+01 4.576343777331501883e+01
4.693715594332417851e+01 4.750377836741015614e+01
4.693715594332417851e+01 4.178727265784442579e+01
4.693715594332417851e+01 4.693931595678606072e+01
4.693715594332417851e+01 4.674909224557261211e+01
4.693715594332417851e+01 4.133169378170682506e+01
4.693715594332417851e+01 4.812963298422813807e+01
4.693715594332417851e+01 4.408608861114879574e+01
4.693715594332417851e+01 5.022233795470085482e+01
4.693715594332417851e+01 4.894121276130661613e+01
4.693715594332417851e+01 4.828458505630263886e+01
4.693715594332417851e+01 5.013647237014244240e+01
4.693715594332417851e+01 5.111381007168323265e+01
4.693715594332417851e+01 4.507805885965146331e+01
4.693715594332417851e+01 4.412898407416785318e+01
4.693715594332417851e+01 4.224498985565411857e+01
4.693715594332417851e+01 4.330816923727318368e+01
4.693715594332417851e+01 4.528603385476398557e+01
4.693715594332417851e+01 4.877997692832545340e+01
4.693715594332417851e+01 4.137497920339926338e+01
4.693715594332417851e+01 4.755068484899555159e+01
4.693715594332417851e+01 3.994394480651355650e+01
4.693715594332417851e+01 4.940442452661324069e+01
4.693715594332417851e+01 4.561119492236645101e+01
4.693715594332417851e+01 4.639384616783011950e+01
4.693715594332417851e+01 4.761033519665581082e+01
4.693715594332417851e+01 4.706543971265453052e+01
4.693715594332417851e+01 4.896405160436238901e+01
4.693715594332417851e+01 4.656764679557073094e+01
4.693715594332417851e+01 4.324185275919334970e+01
4.693715594332417851e+01 4.263515534754819925e+01
4.693715594332417851e+01 4.476788407580396267e+01
4.693715594332417851e+01 3.825151312622404731e+01
4.693715594332417851e+01 4.298391084777088622e+01
4.693715594332417851e+01 4.947467693985878867e+01
4.693715594332417851e+01 5.297321704945592558e+01
4.693715594332417851e+01 4.592291479998228709e+01
4.693715594332417851e+01 5.152806434163444749e+01
4.693715594332417851e+01 4.384103400207940382e+01
4.693715594332417851e+01 4.814399990072371338e+01
4.693715594332417851e+01 4.040878653133786003e+01
4.693715594332417851e+01 4.198056857937663722e+01
4.693715594332417851e+01 4.981541506055889101e+01
4.693715594332417851e+01 5.263345043404123658e+01
4.693715594332417851e+01 4.069148301936612455e+01
4.693715594332417851e+01 5.212662080633393913e+01
4.693715594332417851e+01 4.241506436803955182e+01
4.693715594332417851e+01 5.087546669691386114e+01
4.693715594332417851e+01 4.650657710440216164e+01
4.693715594332417851e+01 4.918305116027144663e+01
4.693715594332417851e+01 4.628389305440507684e+01
4.693715594332417851e+01 4.890264091455183149e+01
4.693715594332417851e+01 4.528390062985802444e+01
4.693715594332417851e+01 4.021221898169513764e+01
4.693715594332417851e+01 5.021321216613011273e+01
4.693715594332417851e+01 4.457494425161242901e+01
4.693715594332417851e+01 5.051355184050004965e+01
4.693715594332417851e+01 5.099980222005279984e+01
4.693715594332417851e+01 4.463260180305027092e+01
4.693715594332417851e+01 4.930151627419538585e+01
4.693715594332417851e+01 4.967257467525453052e+01
4.693715594332417851e+01 4.891488945044630299e+01
4.693715594332417851e+01 4.642529381953169576e+01
4.693715594332417851e+01 4.234679233266123077e+01
4.693715594332417851e+01 5.575638539521830239e+01
4.693715594332417851e+01 4.279594006724423139e+01
4.693715594332417851e+01 4.799184982423478374e+01
4.693715594332417851e+01 4.661112354413618419e+01
4.693715594332417851e+01 4.876475747462012578e+01
4.693715594332417851e+01 4.765758945195260310e+01
4.693715594332417851e+01 4.962144469284865522e+01
4.693715594332417851e+01 4.623783605365616722e+01
4.693715594332417851e+01 4.135735551984445380e+01
4.693715594332417851e+01 4.416358361678205569e+01
4.693715594332417851e+01 4.364729997968861852e+01
4.693715594332417851e+01 4.642050519347701965e+01
4.693715594332417851e+01 4.852343916277678204e+01
4.693715594332417851e+01 4.911467053189954868e+01
4.693715594332417851e+01 4.781077496194549781e+01
4.693715594332417851e+01 4.744204575418151393e+01
4.693715594332417851e+01 4.751370102077379443e+01
4.693715594332417851e+01 5.095310807620847982e+01
4.693715594332417851e+01 4.693166935232198966e+01
4.693715594332417851e+01 4.389679461569382113e+01
4.693715594332417851e+01 4.271737101333427944e+01
4.693715594332417851e+01 4.513499896209994233e+01
4.693715594332417851e+01 4.409148103280475084e+01
4.693715594332417851e+01 4.435275092474512348e+01
4.693715594332417851e+01 4.672116702744627759e+01
4.693715594332417851e+01 4.279991415508004593e+01
4.693715594332417851e+01 4.583896509070611813e+01
4.693715594332417851e+01 4.285077725495521150e+01
4.693715594332417851e+01 4.412468917613522024e+01
4.693715594332417851e+01 4.551085079625886465e+01
4.693715594332417851e+01 4.325659200065052090e+01
4.693715594332417851e+01 4.701746160340911729e+01
4.693715594332417851e+01 4.126585533897064551e+01
4.693715594332417851e+01 4.603306724569836916e+01
4.693715594332417851e+01 4.293171317829558120e+01
4.693715594332417851e+01 4.301966593709137499e+01
4.693715594332417851e+01 4.434278498581221584e+01
4.693715594332417851e+01 4.848641300849676838e+01
4.693715594332417851e+01 4.724369628608746297e+01
4.693715594332417851e+01 4.806469967215083727e+01
4.693715594332417851e+01 5.028475824417696316e+01
4.693715594332417851e+01 5.033758509419573102e+01
4.693715594332417851e+01 4.224755425832987044e+01
4.693715594332417851e+01 4.592519440797980934e+01
4.693715594332417851e+01 5.468748731037192812e+01
4.693715594332417851e+01 4.923543415772194720e+01
4.693715594332417851e+01 4.001987135105022730e+01
4.693715594332417851e+01 4.534210970305944954e+01
4.693715594332417851e+01 4.356351639725806280e+01
4.693715594332417851e+01 4.402801685209090010e+01
4.693715594332417851e+01 4.729904268735534600e+01
4.693715594332417851e+01 5.177104387936250163e+01
4.693715594332417851e+01 4.835581263666045970e+01
4.693715594332417851e+01 4.401894053898786296e+01
4.693715594332417851e+01 3.971610077947298834e+01
4.693715594332417851e+01 4.319927220092709774e+01
4.693715594332417851e+01 4.240628823330926167e+01
4.693715594332417851e+01 4.914131958637530317e+01
4.693715594332417851e+01 4.501239731997490168e+01
4.693715594332417851e+01 5.090771545945614207e+01
4.693715594332417851e+01 4.047079756397582173e+01
4.693715594332417851e+01 4.417558856534083134e+01
4.693715594332417851e+01 4.808887014675686800e+01
4.693715594332417851e+01 4.409564525271780155e+01
4.693715594332417851e+01 4.176709486123856863e+01
4.693715594332417851e+01 5.113132167853945020e+01
4.693715594332417851e+01 4.662755719478792571e+01
4.693715594332417851e+01 3.706374799841307066e+01
4.693715594332417851e+01 4.550981470159565134e+01
4.693715594332417851e+01 5.163923409900107941e+01
4.693715594332417851e+01 4.155046920163530899e+01
4.693715594332417851e+01 4.585913777095579036e+01
4.693715594332417851e+01 5.241838994055021317e+01
4.693715594332417851e+01 4.394551444540977769e+01
4.693715594332417851e+01 4.570427271808718928e+01
4.693715594332417851e+01 4.269713422383932055e+01
4.693715594332417851e+01 5.298680198532019858e+01
4.693715594332417851e+01 4.905270618976909702e+01
4.693715594332417851e+01 4.919671718073959710e+01
4.693715594332417851e+01 4.971527804686314767e+01
4.693715594332417851e+01 3.915543510344603817e+01
4.693715594332417851e+01 4.376198984269249337e+01
4.693715594332417851e+01 4.517672629589045386e+01
4.693715594332417851e+01 4.447896631491003916e+01
4.693715594332417851e+01 4.776935186884972495e+01
4.693715594332417851e+01 4.511339699558665473e+01
4.693715594332417851e+01 4.333234246152522928e+01
4.693715594332417851e+01 4.399382577218008805e+01
4.693715594332417851e+01 5.713233005633113493e+01
4.693715594332417851e+01 4.609620308182951476e+01
4.693715594332417851e+01 4.034789591844579348e+01
4.693715594332417851e+01 4.500895160588904531e+01
4.693715594332417851e+01 4.278274786453781076e+01
4.693715594332417851e+01 4.911469951210576568e+01
4.693715594332417851e+01 4.822230663067341538e+01
4.693715594332417851e+01 4.999265218007196410e+01
4.693715594332417851e+01 4.669682760656912279e+01
4.693715594332417851e+01 4.850610516432374908e+01
4.693715594332417851e+01 4.178254766849993018e+01
4.693715594332417851e+01 4.276025729689619936e+01
4.693715594332417851e+01 5.088090083246570572e+01
4.693715594332417851e+01 4.581799514940108509e+01
4.693715594332417851e+01 5.180263898138731804e+01
4.693715594332417851e+01 4.998592015203484351e+01
4.693715594332417851e+01 4.224041611396668117e+01
4.693715594332417851e+01 4.644491469166685960e+01
4.693715594332417851e+01 4.513782364994777652e+01
4.693715594332417851e+01 4.463041914404697508e+01
4.693715594332417851e+01 4.830202296753521551e+01
4.693715594332417851e+01 4.765099145076232645e+01
4.693715594332417851e+01 4.425685128044761285e+01
4.693715594332417851e+01 4.724875890473995099e+01
4.693715594332417851e+01 4.091906024647329332e+01
4.693715594332417851e+01 4.266882331645174276e+01
4.693715594332417851e+01 5.086079174980591944e+01
4.693715594332417851e+01 4.580293255264687957e+01
4.693715594332417851e+01 4.105528821470396394e+01
4.693715594332417851e+01 4.709936260066515246e+01
4.693715594332417851e+01 4.696148420741525342e+01
4.693715594332417851e+01 4.724969945399517002e+01
4.693715594332417851e+01 5.053272763466711126e+01
4.693715594332417851e+01 4.783792535835114990e+01
4.693715594332417851e+01 4.670320395884186127e+01
4.693715594332417851e+01 5.013525501439328735e+01
4.693715594332417851e+01 4.538176068252429474e+01
4.693715594332417851e+01 4.228708495488574926e+01
4.693715594332417851e+01 4.634138091156184913e+01
4.693715594332417851e+01 4.273678852112489324e+01
4.693715594332417851e+01 5.472995137464737780e+01
4.693715594332417851e+01 5.239968652681211125e+01
4.693715594332417851e+01 4.850459906617324890e+01
4.693715594332417851e+01 4.101044375645689399e+01
4.693715594332417851e+01 3.978246969233356367e+01
4.693715594332417851e+01 4.498290261412766711e+01
4.693715594332417851e+01 4.585799858887100555e+01
4.693715594332417851e+01 4.529203411199878104e+01
4.693715594332417851e+01 5.372827344311684783e+01
4.693715594332417851e+01 4.628606356238915254e+01
4.693715594332417851e+01 4.408552751892266031e+01
4.693715594332417851e+01 4.725965367527331296e+01
4.693715594332417851e+01 4.648698437468932809e+01
4.693715594332417851e+01 4.795632152939586490e+01
4.693715594332417851e+01 4.658718703831150521e+01
4.693715594332417851e+01 4.448957192187599219e+01
4.693715594332417851e+01 4.374554845927391966e+01
4.693715594332417851e+01 5.045979541146437697e+01
4.693715594332417851e+01 5.196106463931489117e+01
4.693715594332417851e+01 4.426960206896207239e+01
4.693715594332417851e+01 4.689800348624964244e+01
4.693715594332417851e+01 4.508522759549883574e+01
4.693715594332417851e+01 4.142783320225886001e+01
4.693715594332417851e+01 4.733246970070741355e+01
4.693715594332417851e+01 4.324888589751134305e+01
4.693715594332417851e+01 4.660966120121618417e+01
4.693715594332417851e+01 4.319367058143060945e+01
4.693715594332417851e+01 4.866859515827199090e+01
4.693715594332417851e+01 4.586478255855018205e+01
4.693715594332417851e+01 4.883233293618714299e+01
4.693715594332417851e+01 3.944803724308336257e+01
4.693715594332417851e+01 4.590556315141662935e+01
4.693715594332417851e+01 4.481222407512181860e+01
4.693715594332417851e+01 4.971028969872317305e+01
4.693715594332417851e+01 4.478689658960269782e+01
4.693715594332417851e+01 4.663027762678134991e+01
4.693715594332417851e+01 5.353723492667702288e+01
4.693715594332417851e+01 4.876953929370738194e+01
4.693715594332417851e+01 4.577693954988208702e+01
4.693715594332417851e+01 4.590954481540647691e+01
4.693715594332417851e+01 4.502451933184136124e+01
4.693715594332417851e+01 4.300817619588860907e+01
4.693715594332417851e+01 4.671407868471958125e+01
4.693715594332417851e+01 4.592362411561060043e+01
4.693715594332417851e+01 4.499447865245154787e+01
4.693715594332417851e+01 4.459093115183087264e+01
4.693715594332417851e+01 4.425630008075172128e+01
4.693715594332417851e+01 4.943287831414016864e+01
4.693715594332417851e+01 4.257486531873769309e+01
4.693715594332417851e+01 4.758264623887686895e+01
4.693715594332417851e+01 4.891915950612460051e+01
4.693715594332417851e+01 4.302559118760932222e+01
4.693715594332417851e+01 4.513405520916436586e+01
4.693715594332417851e+01 4.395765495687910374e+01
4.693715594332417851e+01 4.114820763247855240e+01
4.693715594332417851e+01 4.381763462432673606e+01
4.693715594332417851e+01 4.808302722251740136e+01
4.693715594332417851e+01 4.571919181012130906e+01
4.693715594332417851e+01 4.192051852118794386e+01
4.693715594332417851e+01 3.767451337714036441e+01
4.693715594332417851e+01 4.582486733019136693e+01
4.693715594332417851e+01 4.597278509170477179e+01
4.693715594332417851e+01 4.016756247605046326e+01
4.693715594332417851e+01 4.678635636003246390e+01
4.693715594332417851e+01 4.716210872392341003e+01
4.693715594332417851e+01 4.661395395774071204e+01
4.693715594332417851e+01 3.903176977437931328e+01
4.693715594332417851e+01 4.666005091394222148e+01
4.693715594332417851e+01 4.530104869492286923e+01
4.693715594332417851e+01 4.743704695493823209e+01
4.693715594332417851e+01 4.515194119887562607e+01
4.693715594332417851e+01 4.374484025403892673e+01
4.693715594332417851e+01 4.039231484257432214e+01
4.693715594332417851e+01 4.977345424721687550e+01
4.693715594332417851e+01 4.264320551451623231e+01
4.693715594332417851e+01 4.138103179197827330e+01
4.693715594332417851e+01 4.697239482131681854e+01
4.693715594332417851e+01 4.995393278079205857e+01
4.693715594332417851e+01 4.872961291460988065e+01
4.693715594332417851e+01 4.755823906781139954e+01
4.693715594332417851e+01 5.042264800303636463e+01
4.693715594332417851e+01 5.019586175792838389e+01
4.693715594332417851e+01 4.819528298120685861e+01
4.693715594332417851e+01 4.588484498776407605e+01
4.693715594332417851e+01 4.729970199347751958e+01
4.693715594332417851e+01 4.753226688905538566e+01
4.693715594332417851e+01 4.664622707280058478e+01
4.693715594332417851e+01 5.188525454047010754e+01
4.693715594332417851e+01 4.177436475394150506e+01
4.693715594332417851e+01 4.699097869238806879e+01
4.693715594332417851e+01 4.600809809353462754e+01
4.693715594332417851e+01 4.563401639446308877e+01
4.693715594332417851e+01 4.771107198691831286e+01
4.693715594332417851e+01 4.900796105089420251e+01
4.693715594332417851e+01 4.154705877197402231e+01
4.693715594332417851e+01 4.413212218582539492e+01
4.693715594332417851e+01 4.991100288824378595e+01
4.693715594332417851e+01 4.589289694566889466e+01
4.693715594332417851e+01 5.183093255259359466e+01
4.693715594332417851e+01 4.849039550524194908e+01
4.693715594332417851e+01 4.900120666168396610e+01
4.693715594332417851e+01 4.995500298843654008e+01
4.693715594332417851e+01 4.613758460859547483e+01
4.693715594332417851e+01 4.460719575118935865e+01
4.693715594332417851e+01 4.286184051125983530e+01
4.693715594332417851e+01 3.903656486686283955e+01
4.693715594332417851e+01 4.971531842269555312e+01
4.693715594332417851e+01 4.492506355152494990e+01
4.693715594332417851e+01 4.535617467405759129e+01
4.693715594332417851e+01 4.851372537338734503e+01
4.693715594332417851e+01 4.045497939510693186e+01
4.693715594332417851e+01 4.697761356386394027e+01
4.693715594332417851e+01 4.614112352727198640e+01
4.693715594332417851e+01 5.037474113349009741e+01
4.693715594332417851e+01 4.586583026936182961e+01
4.693715594332417851e+01 4.109077423135526175e+01
4.693715594332417851e+01 3.949003912198817545e+01
4.693715594332417851e+01 4.880626799489277801e+01
4.693715594332417851e+01 4.252166033287774383e+01
4.693715594332417851e+01 4.428361079374679576e+01
4.693715594332417851e+01 3.821107536160864981e+01
4.693715594332417851e+01 4.420111020863388518e+01
4.693715594332417851e+01 4.925617546425417004e+01
4.693715594332417851e+01 4.488630844307150625e+01
4.693715594332417851e+01 6.014155374834894729e+01
4.693715594332417851e+01 4.188327259161992089e+01
4.693715594332417851e+01 4.703019457448385054e+01
4.693715594332417851e+01 4.247155220719922397e+01
4.693715594332417851e+01 4.189133056089739426e+01
4.693715594332417851e+01 5.173106285934760962e+01
4.693715594332417851e+01 3.766472882001302480e+01
4.693715594332417851e+01 4.083565063250105709e+01
4.693715594332417851e+01 4.139925223472220495e+01
4.693715594332417851e+01 4.740028322064139132e+01
4.693715594332417851e+01 4.622282683851965146e+01
4.693715594332417851e+01 4.020150378285987358e+01
4.693715594332417851e+01 4.762103342505927372e+01
4.693715594332417851e+01 5.070925190710219255e+01
4.693715594332417851e+01 4.301995894748068849e+01
4.693715594332417851e+01 4.423228473192173738e+01
4.693715594332417851e+01 5.380916227109173633e+01
4.693715594332417851e+01 4.040706100508987220e+01
4.693715594332417851e+01 5.745657876016538523e+01
4.693715594332417851e+01 4.721897058047098028e+01
4.693715594332417851e+01 4.204145443124183856e+01
4.693715594332417851e+01 5.136672626988166002e+01
4.693715594332417851e+01 4.019378650648719997e+01
4.693715594332417851e+01 4.719629597682484246e+01
4.693715594332417851e+01 4.862716546427422060e+01
4.693715594332417851e+01 4.679595421802491728e+01
4.693715594332417851e+01 4.353241983167549023e+01
4.693715594332417851e+01 4.434992118362384161e+01
4.693715594332417851e+01 4.819099762848575352e+01
4.693715594332417851e+01 4.415947518790005688e+01
4.693715594332417851e+01 4.628470686591585093e+01
4.693715594332417851e+01 4.484282215597583132e+01
4.693715594332417851e+01 4.925172925052419259e+01
4.693715594332417851e+01 4.971670766243875050e+01
4.693715594332417851e+01 4.526206699314236204e+01
4.693715594332417851e+01 4.892275137307699850e+01
4.693715594332417851e+01 4.372567692629178282e+01
4.693715594332417851e+01 4.543796180098027548e+01
4.693715594332417851e+01 4.487071917416418643e+01
4.693715594332417851e+01 4.996260409777956113e+01
4.693715594332417851e+01 4.565820771911234033e+01
4.693715594332417851e+01 4.310065989644755291e+01
4.693715594332417851e+01 5.021687239672643699e+01
4.693715594332417851e+01 4.234019152774219208e+01
4.693715594332417851e+01 4.465200391929082713e+01
4.693715594332417851e+01 4.098674319355693285e+01
4.693715594332417851e+01 4.355391890878542682e+01
4.693715594332417851e+01 4.422660657608479795e+01
4.693715594332417851e+01 4.642307652272626228e+01
4.693715594332417851e+01 4.879269148711369297e+01
4.693715594332417851e+01 5.088670221722067311e+01
4.693715594332417851e+01 4.082406070829328826e+01
4.693715594332417851e+01 3.755633327243395314e+01
4.693715594332417851e+01 4.086084816787068519e+01
4.693715594332417851e+01 4.804265700920887383e+01
4.693715594332417851e+01 4.389941605511681644e+01
4.693715594332417851e+01 4.766376694295469463e+01
4.693715594332417851e+01 4.881752253444778944e+01
4.693715594332417851e+01 4.939454383040813923e+01
4.693715594332417851e+01 4.593935697817077823e+01
4.693715594332417851e+01 4.437698217932047839e+01
4.693715594332417851e+01 4.485484069927449013e+01
4.693715594332417851e+01 4.935180076143711858e+01
4.693715594332417851e+01 4.400529330770476832e+01
4.693715594332417851e+01 5.126756546785854596e+01
4.693715594332417851e+01 4.502556233007970832e+01
4.693715594332417851e+01 4.659310092920588176e+01
4.693715594332417851e+01 4.804314750645666265e+01
4.693715594332417851e+01 4.787356988554393666e+01
4.693715594332417851e+01 4.375951240276813081e+01
4.693715594332417851e+01 4.579699485212434240e+01
4.693715594332417851e+01 4.583910605032379948e+01
4.693715594332417851e+01 4.694736459145741492e+01
4.693715594332417851e+01 4.849367687806551430e+01
4.693715594332417851e+01 4.687317045006160754e+01
4.693715594332417851e+01 4.215853808670265579e+01
4.693715594332417851e+01 4.827715979904058230e+01
4.693715594332417851e+01 4.576617763005737061e+01
4.693715594332417851e+01 4.579829203544297656e+01
4.693715594332417851e+01 4.370868494165303275e+01
4.693715594332417851e+01 4.512509198702599633e+01
4.693715594332417851e+01 4.364665498436027491e+01
4.693715594332417851e+01 4.643571845387833008e+01
4.693715594332417851e+01 4.256977385909954847e+01
4.693715594332417851e+01 4.946390927807628657e+01
4.693715594332417851e+01 4.181015523612548179e+01
4.693715594332417851e+01 4.232237897614994893e+01
4.693715594332417851e+01 4.614223626757384977e+01
4.693715594332417851e+01 4.869336022454930202e+01
4.693715594332417851e+01 4.391023475702236567e+01
4.693715594332417851e+01 4.591589584548188441e+01
4.693715594332417851e+01 4.584503367402123075e+01
4.693715594332417851e+01 5.099959591129115211e+01
4.693715594332417851e+01 4.168442253352210969e+01
4.693715594332417851e+01 4.607979216409657397e+01
4.693715594332417851e+01 4.675645925339707532e+01
4.693715594332417851e+01 4.586829234268650879e+01
4.693715594332417851e+01 4.127007609603862903e+01
4.693715594332417851e+01 4.506853987776843695e+01
4.693715594332417851e+01 4.462458540645432237e+01
4.693715594332417851e+01 4.425210315604638112e+01
4.693715594332417851e+01 4.533625605284703397e+01
4.693715594332417851e+01 4.271311556101071005e+01
4.693715594332417851e+01 4.512593911591422824e+01
4.693715594332417851e+01 4.504344322187728267e+01
4.693715594332417851e+01 4.898714324527004038e+01
4.693715594332417851e+01 4.591498240769331574e+01
4.693715594332417851e+01 5.327552482540585288e+01
4.693715594332417851e+01 5.034984468080739362e+01
4.693715594332417851e+01 4.730573765739887193e+01
4.693715594332417851e+01 4.389791426662542051e+01
4.693715594332417851e+01 4.298032846455133438e+01
4.693715594332417851e+01 4.083558684289359775e+01
4.693715594332417851e+01 4.369370767787171417e+01
4.693715594332417851e+01 4.206542423956956611e+01
4.693715594332417851e+01 4.908853419419930475e+01
4.693715594332417851e+01 4.495273473060704816e+01
4.693715594332417851e+01 5.409653832777613758e+01
4.693715594332417851e+01 4.885678721216103071e+01
4.693715594332417851e+01 5.258143557504927657e+01
4.693715594332417851e+01 4.777980576914745825e+01
4.693715594332417851e+01 4.094562032129050522e+01
4.693715594332417851e+01 4.757764584260512208e+01
4.693715594332417851e+01 4.881663043117735867e+01
4.693715594332417851e+01 3.859201588453329634e+01
4.693715594332417851e+01 4.190438275673722046e+01
4.693715594332417851e+01 4.906537993465971681e+01
4.693715594332417851e+01 4.505843919286388655e+01
4.693715594332417851e+01 4.214908492413999852e+01
4.693715594332417851e+01 4.962548877994314722e+01
4.693715594332417851e+01 4.495408174496916587e+01
4.693715594332417851e+01 4.741951976490058485e+01
4.693715594332417851e+01 4.987103824328252699e+01
4.693715594332417851e+01 4.702341246986586043e+01
4.693715594332417851e+01 4.487269958157115468e+01
4.693715594332417851e+01 4.334047891777014172e+01
4.693715594332417851e+01 4.356472738835692837e+01
4.693715594332417851e+01 4.819284362590462223e+01
4.693715594332417851e+01 4.169840710239148507e+01
4.693715594332417851e+01 4.660214455091189478e+01
4.693715594332417851e+01 4.240346646241579975e+01
4.693715594332417851e+01 3.570175424087924654e+01
4.693715594332417851e+01 4.309430764287903770e+01
4.693715594332417851e+01 4.360973584320519336e+01
4.693715594332417851e+01 4.216336033253747217e+01
4.693715594332417851e+01 4.353777863930456959e+01
4.693715594332417851e+01 4.583736481996969303e+01
4.693715594332417851e+01 4.297705357049962771e+01
4.693715594332417851e+01 4.397108761624799200e+01
4.693715594332417851e+01 4.828801690533227742e+01
4.693715594332417851e+01 4.675665597359815706e+01
4.693715594332417851e+01 4.909600506427702271e+01
4.693715594332417851e+01 4.512146797795350039e+01
4.693715594332417851e+01 4.817892920613322616e+01
4.693715594332417851e+01 4.890209087530543997e+01
4.693715594332417851e+01 5.092040182797762782e+01
4.693715594332417851e+01 4.697042963162725471e+01
4.693715594332417851e+01 4.535137185263303650e+01
4.693715594332417851e+01 4.742009145376384538e+01
4.693715594332417851e+01 4.353860981919864059e+01
4.693715594332417851e+01 4.778315515344298348e+01
4.693715594332417851e+01 4.374519160437287724e+01
4.693715594332417851e+01 4.376278022077052299e+01
4.693715594332417851e+01 4.528681077913772413e+01
4.693715594332417851e+01 4.568642857023100134e+01
4.693715594332417851e+01 4.965555659769339059e+01
4.693715594332417851e+01 4.146580274832734858e+01
4.693715594332417851e+01 4.681578711490659117e+01
4.693715594332417851e+01 4.230976201626278055e+01
4.693715594332417851e+01 4.644098205851664574e+01
4.693715594332417851e+01 4.338020408260243244e+01
4.693715594332417851e+01 4.518095671493948373e+01
4.693715594332417851e+01 4.743739242361181141e+01
4.693715594332417851e+01 4.697913003935477860e+01
4.693715594332417851e+01 4.644978105307870209e+01
4.693715594332417851e+01 4.603429484472412980e+01
4.693715594332417851e+01 4.841584449714090255e+01
4.693715594332417851e+01 4.921939813514906348e+01
4.693715594332417851e+01 4.373486086974239129e+01
4.693715594332417851e+01 4.765504847638587904e+01
4.693715594332417851e+01 4.915992665159714647e+01
4.693715594332417851e+01 4.290279667455286017e+01
4.693715594332417851e+01 3.942425359597695689e+01
4.693715594332417851e+01 4.302869985487135551e+01
4.693715594332417851e+01 4.681374958182919244e+01
4.693715594332417851e+01 4.787604239595273015e+01
4.693715594332417851e+01 4.652070317953894119e+01
4.693715594332417851e+01 5.191369430278547270e+01
4.693715594332417851e+01 4.350201771573690479e+01
4.693715594332417851e+01 4.465601667281354992e+01
4.693715594332417851e+01 4.441395145694902169e+01
4.693715594332417851e+01 4.952234531550843144e+01
4.693715594332417851e+01 4.490306271018008744e+01
4.693715594332417851e+01 4.855781801778321238e+01
4.693715594332417851e+01 4.698752283319605283e+01
4.693715594332417851e+01 4.119961661465395508e+01
4.693715594332417851e+01 4.103903043980061938e+01
4.693715594332417851e+01 4.751610805994590692e+01
4.693715594332417851e+01 4.446887874926962780e+01
4.693715594332417851e+01 4.316375472953740200e+01
4.693715594332417851e+01 4.777053270142275920e+01
4.693715594332417851e+01 4.752820371318507853e+01
4.693715594332417851e+01 4.324835157220603321e+01
4.693715594332417851e+01 5.042418178316607680e+01
4.693715594332417851e+01 4.934146144605771411e+01
4.693715594332417851e+01 5.559282888612771956e+01
4.693715594332417851e+01 4.309787004238582853e+01
4.693715594332417851e+01 4.849013863706574767e+01
4.693715594332417851e+01 4.507146031658641760e+01
4.693715594332417851e+01 4.174270620365457773e+01
4.693715594332417851e+01 5.046811512242700104e+01
4.693715594332417851e+01 4.961523341161490208e+01
4.693715594332417851e+01 4.129164262637101501e+01
4.693715594332417851e+01 4.805091242698377130e+01
4.693715594332417851e+01 4.371197326431953201e+01
4.693715594332417851e+01 4.582867027845187380e+01
4.693715594332417851e+01 4.405340005577608053e+01
4.693715594332417851e+01 4.746315996115106373e+01
4.693715594332417851e+01 4.589653714838664911e+01
4.693715594332417851e+01 5.214781250365410870e+01
4.693715594332417851e+01 4.733767068713424209e+01
4.693715594332417851e+01 4.583516103113763052e+01
4.693715594332417851e+01 4.563880636056572371e+01
4.693715594332417851e+01 4.107309611703320940e+01
4.693715594332417851e+01 4.046191790437621449e+01
4.693715594332417851e+01 4.813162651154758720e+01
4.693715594332417851e+01 4.291420437190442527e+01
4.693715594332417851e+01 4.863538471786114314e+01
4.693715594332417851e+01 4.580941408005236326e+01
4.693715594332417851e+01 5.211558723952776262e+01
4.693715594332417851e+01 4.104678029550279916e+01
4.693715594332417851e+01 4.216977774629899045e+01
4.693715594332417851e+01 4.363261218473888192e+01
4.693715594332417851e+01 5.404327183313342431e+01
4.693715594332417851e+01 4.115915521549614198e+01
4.693715594332417851e+01 4.651406794713030735e+01
4.693715594332417851e+01 4.718310396852943001e+01
4.693715594332417851e+01 4.213330745281973577e+01
4.693715594332417851e+01 4.601636019863972393e+01
4.693715594332417851e+01 4.033879225329555140e+01
4.693715594332417851e+01 4.889753986856835155e+01
4.693715594332417851e+01 4.661815416371695164e+01
4.693715594332417851e+01 4.646476087266579214e+01
4.693715594332417851e+01 4.321014526798557398e+01
4.693715594332417851e+01 4.666067115919041441e+01
4.693715594332417851e+01 4.627783911683621909e+01
4.693715594332417851e+01 4.364115098690455596e+01
4.693715594332417851e+01 4.904793519205497176e+01
4.693715594332417851e+01 4.395663611964145190e+01
4.693715594332417851e+01 4.656284051629349108e+01
4.693715594332417851e+01 4.928364097108007513e+01
4.693715594332417851e+01 5.051642508171791945e+01
4.693715594332417851e+01 4.517791224953788287e+01
4.693715594332417851e+01 4.682273151469662764e+01
4.693715594332417851e+01 5.302031998307724336e+01
4.693715594332417851e+01 4.616840921931760278e+01
4.693715594332417851e+01 4.581683334454899637e+01
4.693715594332417851e+01 4.259467436756838055e+01
4.693715594332417851e+01 4.751894385513850239e+01
4.693715594332417851e+01 4.907929176296867979e+01
4.693715594332417851e+01 3.965312390697310008e+01
4.693715594332417851e+01 4.763912384787558096e+01
4.693715594332417851e+01 4.256653482120946563e+01
4.693715594332417851e+01 4.506018399831907573e+01
4.693715594332417851e+01 4.095187506511984310e+01
4.693715594332417851e+01 4.326398615167718731e+01
4.693715594332417851e+01 5.230923989071621349e+01
4.693715594332417851e+01 4.203985688727505021e+01
4.693715594332417851e+01 4.719378284109109956e+01
4.693715594332417851e+01 4.414520232542082567e+01
4.693715594332417851e+01 4.843614903273881822e+01
4.693715594332417851e+01 4.288209553119249762e+01
4.693715594332417851e+01 4.639107483539275734e+01
4.693715594332417851e+01 4.585313464022314633e+01
4.693715594332417851e+01 4.986713966116430186e+01
4.693715594332417851e+01 3.956967489789923320e+01
4.693715594332417851e+01 4.359347715286308045e+01
4.693715594332417851e+01 4.500907121850798376e+01
4.693715594332417851e+01 4.707373221299506127e+01
4.693715594332417851e+01 4.373661102067228512e+01
4.693715594332417851e+01 4.535584929505508001e+01
4.693715594332417851e+01 4.332440965173508829e+01
4.693715594332417851e+01 4.679389939328989101e+01
4.693715594332417851e+01 4.745863717488758482e+01
4.693715594332417851e+01 4.597256613470533892e+01
4.693715594332417851e+01 4.174471599118034959e+01
4.693715594332417851e+01 5.127078107881531821e+01
4.693715594332417851e+01 4.721324044401961828e+01
4.693715594332417851e+01 4.539717962037619969e+01
4.693715594332417851e+01 4.915018212565806976e+01
4.693715594332417851e+01 4.487300584814612847e+01
4.693715594332417851e+01 5.195952637274768904e+01
4.693715594332417851e+01 5.038765777470538865e+01
4.693715594332417851e+01 4.396572537671529091e+01
4.693715594332417851e+01 4.616459580377232896e+01
4.693715594332417851e+01 4.059793045846100767e+01
4.693715594332417851e+01 4.358159663595494493e+01
4.693715594332417851e+01 4.138579687321931289e+01
4.693715594332417851e+01 4.651525189461902698e+01
4.693715594332417851e+01 4.397396100868809299e+01
4.693715594332417851e+01 4.895158061738637656e+01
4.693715594332417851e+01 4.226559093892011987e+01
4.693715594332417851e+01 4.996156391491169302e+01
4.693715594332417851e+01 4.439055398633922067e+01
4.693715594332417851e+01 4.269673831478659309e+01
4.693715594332417851e+01 4.569371998560209391e+01
4.693715594332417851e+01 4.804723840724638251e+01
4.693715594332417851e+01 4.782919134298462893e+01
4.693715594332417851e+01 4.476813749039104096e+01
4.693715594332417851e+01 4.627780288184344215e+01
4.693715594332417851e+01 4.223906651496548648e+01
4.693715594332417851e+01 4.331296841244642337e+01
4.693715594332417851e+01 4.863369907381994750e+01
4.693715594332417851e+01 4.471452034248073204e+01
4.693715594332417851e+01 4.421087511779310120e+01
4.693715594332417851e+01 4.799020120999412597e+01
4.693715594332417851e+01 4.499533706543826383e+01
4.693715594332417851e+01 4.809677720908406684e+01
4.693715594332417851e+01 4.629806063162714480e+01
4.693715594332417851e+01 4.195849066811381789e+01
4.693715594332417851e+01 4.765269081616337132e+01
4.693715594332417851e+01 4.698171956725019527e+01
4.693715594332417851e+01 4.740167457862999356e+01
4.693715594332417851e+01 4.998501213859695724e+01
4.693715594332417851e+01 4.671972470534033306e+01
4.693715594332417851e+01 4.207275599915465136e+01
4.693715594332417851e+01 4.486310090256687033e+01
4.693715594332417851e+01 4.358948723624096999e+01
4.693715594332417851e+01 5.320242134053054173e+01
4.693715594332417851e+01 4.526386717082866795e+01
4.693715594332417851e+01 4.687568614698670189e+01
4.693715594332417851e+01 4.817203684185614065e+01
4.693715594332417851e+01 4.436754533655062005e+01
4.693715594332417851e+01 5.041610285157611315e+01
4.693715594332417851e+01 4.453310627561371149e+01
4.693715594332417851e+01 4.696041786929043838e+01
4.693715594332417851e+01 4.548586719066275919e+01
4.693715594332417851e+01 4.455168035485046119e+01
4.693715594332417851e+01 5.139521355690603599e+01
4.693715594332417851e+01 4.965014794144587285e+01
4.693715594332417851e+01 4.882740138906153504e+01
4.693715594332417851e+01 4.496038242891064840e+01
4.693715594332417851e+01 4.777676156325614443e+01
4.693715594332417851e+01 4.939140718969255772e+01
4.693715594332417851e+01 4.433014826529703356e+01
4.693715594332417851e+01 4.631978405034959678e+01
4.693715594332417851e+01 4.864666854478018365e+01
4.693715594332417851e+01 4.211777805226174110e+01
4.693715594332417851e+01 4.798007716764319497e+01
4.693715594332417851e+01 5.070685720164945565e+01
4.693715594332417851e+01 4.967170930518901883e+01
4.693715594332417851e+01 4.786798976558153385e+01
4.693715594332417851e+01 4.326351269206497108e+01
4.693715594332417851e+01 5.026863915632028323e+01
4.693715594332417851e+01 4.949934691141112353e+01
4.693715594332417851e+01 4.270582609322172374e+01
4.693715594332417851e+01 4.772459071766780170e+01
4.693715594332417851e+01 4.567963304875618746e+01
4.693715594332417851e+01 4.094019450782021607e+01
4.693715594332417851e+01 4.538255542988223823e+01
4.693715594332417851e+01 4.905711068317221191e+01
4.693715594332417851e+01 4.612594418073687308e+01
4.693715594332417851e+01 4.913380945055179438e+01
4.693715594332417851e+01 4.496350774283290974e+01
4.693715594332417851e+01 4.673635092033512706e+01
4.693715594332417851e+01 4.777699461077499876e+01
4.693715594332417851e+01 5.606255312179226280e+01
4.693715594332417851e+01 4.691309218895636945e+01
4.693715594332417851e+01 4.210172239793907778e+01
4.693715594332417851e+01 4.410310163925377225e+01
4.693715594332417851e+01 5.023710512278184837e+01
4.693715594332417851e+01 4.485652157980565136e+01
4.693715594332417851e+01 4.507305348875011930e+01
4.693715594332417851e+01 4.407998339389646958e+01
4.693715594332417851e+01 5.553927206435159292e+01
4.693715594332417851e+01 4.608709255363785218e+01
4.693715594332417851e+01 4.629417417102757071e+01
4.693715594332417851e+01 4.656476755606910700e+01
4.693715594332417851e+01 4.885521265664485213e+01
4.693715594332417851e+01 4.154414195726361214e+01
4.693715594332417851e+01 4.146012648601490014e+01
4.693715594332417851e+01 4.652242041919251392e+01
4.693715594332417851e+01 4.518894708783979297e+01
4.693715594332417851e+01 5.105220563629167430e+01
4.693715594332417851e+01 4.768535199684760073e+01
4.693715594332417851e+01 5.341991333734738134e+01
4.693715594332417851e+01 5.105895746785579092e+01
4.693715594332417851e+01 4.525959453612665584e+01
4.693715594332417851e+01 4.840906083365874935e+01
4.693715594332417851e+01 4.117290914940706159e+01
4.693715594332417851e+01 5.034399959194277585e+01
4.693715594332417851e+01 4.895621505130138473e+01
4.693715594332417851e+01 4.366203443343872692e+01
4.693715594332417851e+01 3.887848649069054119e+01
4.693715594332417851e+01 4.671865492574365675e+01
4.693715594332417851e+01 4.682276802791628967e+01
4.693715594332417851e+01 4.911553186669515014e+01
4.693715594332417851e+01 4.294280977283595035e+01
4.693715594332417851e+01 4.570025495124554737e+01
4.693715594332417851e+01 5.140540751260076746e+01
4.693715594332417851e+01 3.919861032899606101e+01
4.693715594332417851e+01 4.670898330746551608e+01
4.693715594332417851e+01 4.275645510773055946e+01
4.693715594332417851e+01 4.954587925467711784e+01
4.693715594332417851e+01 4.422845436552798049e+01
4.693715594332417851e+01 4.838285458654434024e+01
4.693715594332417851e+01 5.003525086547127643e+01
4.693715594332417851e+01 4.400524242648011608e+01
4.693715594332417851e+01 4.533062533510180003e+01
4.693715594332417851e+01 4.290650501032749276e+01
4.693715594332417851e+01 5.037550018464187929e+01
4.693715594332417851e+01 4.404200889914125128e+01
4.693715594332417851e+01 4.200387970366426771e+01
4.693715594332417851e+01 4.618269794745616963e+01
4.693715594332417851e+01 4.360277461182365499e+01
4.693715594332417851e+01 4.736779844046877486e+01
4.693715594332417851e+01 4.185853500639089475e+01
4.693715594332417851e+01 4.994585171769983134e+01
4.693715594332417851e+01 4.547326866711637905e+01
4.693715594332417851e+01 5.010143930283469160e+01
4.693715594332417851e+01 4.909733469406919681e+01
4.693715594332417851e+01 4.568703204801667539e+01
4.693715594332417851e+01 4.185545773195514130e+01
4.693715594332417851e+01 4.663169512789471582e+01
4.693715594332417851e+01 4.915576531213910272e+01
4.693715594332417851e+01 4.767582076110689826e+01
4.693715594332417851e+01 4.474702958764144256e+01
4.693715594332417851e+01 4.102625597790587619e+01
4.693715594332417851e+01 4.986529778988043660e+01
4.693715594332417851e+01 4.922859977416175070e+01
4.693715594332417851e+01 4.695500284669395796e+01
4.693715594332417851e+01 4.450905324812043773e+01
4.693715594332417851e+01 4.943053213284986214e+01
4.693715594332417851e+01 4.422377053997075791e+01
4.693715594332417851e+01 4.471917016621380014e+01
4.693715594332417851e+01 5.047847930865441413e+01
4.693715594332417851e+01 4.666990920006681876e+01
4.693715594332417851e+01 4.446897729799169952e+01
4.693715594332417851e+01 4.901881496258855719e+01
4.693715594332417851e+01 4.169717257557300627e+01
4.693715594332417851e+01 4.851772207884375376e+01
4.693715594332417851e+01 4.968344847099693595e+01
4.693715594332417851e+01 4.391801224214587052e+01
4.693715594332417851e+01 4.932360809068805452e+01
4.693715594332417851e+01 4.980303274499007671e+01
4.693715594332417851e+01 4.717156234076060883e+01
4.693715594332417851e+01 4.714440604771198906e+01
4.693715594332417851e+01 4.833023349473210573e+01
4.693715594332417851e+01 4.924480543649798392e+01
4.693715594332417851e+01 3.745939587995842857e+01
4.693715594332417851e+01 4.354078761773001816e+01
4.693715594332417851e+01 4.603532457955413548e+01
4.693715594332417851e+01 5.304181005921758896e+01
4.693715594332417851e+01 4.907301419169877477e+01
4.693715594332417851e+01 4.526121760749983025e+01
4.693715594332417851e+01 4.481784361274271333e+01
4.693715594332417851e+01 4.518767525045323907e+01
4.693715594332417851e+01 4.611688462040400083e+01
4.693715594332417851e+01 4.599524199411422387e+01
4.693715594332417851e+01 4.905826911505272392e+01
4.693715594332417851e+01 4.648502751487996676e+01
4.693715594332417851e+01 4.784768262283440521e+01
4.693715594332417851e+01 4.693944183996813280e+01
4.693715594332417851e+01 4.810262942536051867e+01
4.693715594332417851e+01 4.389669570816495536e+01
4.693715594332417851e+01 4.717581247185987792e+01
4.693715594332417851e+01 5.061300677172324924e+01
4.693715594332417851e+01 4.376047573535637270e+01
4.693715594332417851e+01 4.782620333946947966e+01
4.693715594332417851e+01 4.293117443213981232e+01
4.693715594332417851e+01 4.669121713840979737e+01
4.693715594332417851e+01 4.854878842542682094e+01
4.693715594332417851e+01 4.776731229460362727e+01
4.693715594332417851e+01 4.428593986420820272e+01
4.693715594332417851e+01 4.479634899921259716e+01
4.693715594332417851e+01 4.090744211793259666e+01
4.693715594332417851e+01 5.178058454164478519e+01
4.693715594332417851e+01 4.000778472234823369e+01
4.693715594332417851e+01 3.996792526326584039e+01
4.693715594332417851e+01 4.824792613821081488e+01
4.693715594332417851e+01 4.527900904444103247e+01
4.693715594332417851e+01 4.796271894798437785e+01
4.693715594332417851e+01 4.246450213634320647e+01
4.693715594332417851e+01 4.982373358663554086e+01
4.693715594332417851e+01 5.227868784200293106e+01
4.693715594332417851e+01 4.517295535442048759e+01
4.693715594332417851e+01 4.234526787791477886e+01
4.693715594332417851e+01 4.891015844020772363e+01
4.693715594332417851e+01 4.476514932909627476e+01
4.693715594332417851e+01 4.546958285150694934e+01
4.693715594332417851e+01 4.443414069063796745e+01
4.693715594332417851e+01 4.954075944263257725e+01
4.693715594332417851e+01 4.696779290970739851e+01
4.693715594332417851e+01 4.712304155463892386e+01
4.693715594332417851e+01 4.476994636670789873e+01
4.693715594332417851e+01 4.483430061710120640e+01
4.693715594332417851e+01 5.040454100599568221e+01
4.693715594332417851e+01 4.490385087488802895e+01
4.693715594332417851e+01 4.951998888730673798e+01
4.693715594332417851e+01 4.906608748090155103e+01
4.693715594332417851e+01 5.075365456087232019e+01
4.693715594332417851e+01 5.074083599757163654e+01
4.693715594332417851e+01 4.309701501371736754e+01
4.693715594332417851e+01 4.577962549465035380e+01
4.693715594332417851e+01 4.459850706016621302e+01
4.693715594332417851e+01 4.616666386324631333e+01
