4.693715594332417851e+01 4.430281141010918589e+01
4.693715594332417851e+01 4.680209312568577928e+01
4.693715594332417851e+01 4.400262476947032297e+01
4.693715594332417851e+01 4.501328340035476572e+01
4.693715594332417851e+01 4.538737498962584027e+01
4.693715594332417851e+01 4.719165102035312742e+01
4.693715594332417851e+01 4.663135338499716198e+01
4.693715594332417851e+01 4.771714017313307465e+01
4.693715594332417851e+01 4.999329433520551191e+01
4.693715594332417851e+01 4.586515977011626433e+01
4.693715594332417851e+01 5.187778807913287693e+01
4.693715594332417851e+01 4.690063177718020171e+01
4.693715594332417851e+01 5.060806495923799275e+01
4.693715594332417851e+01 4.832788826621747091e+01
4.693715594332417851e+01 4.605899139523278762e+01
4.693715594332417851e+01 4.678105478002858320e+01
4.693715594332417851e+01 4.749032298624420889e+01
4.693715594332417851e+01 4.726477757946256730e+01
4.693715594332417851e+01 4.946685385017323711e+01
4.693715594332417851e+01 4.400683003129572768e+01
4.693715594332417851e+01 4.882952908983052964e+01
4.693715594332417851e+01 4.361033963236020128e+01
4.693715594332417851e+01 4.670618614796745049e+01
4.693715594332417851e+01 4.563033874659700473e+01
4.693715594332417851e+01 4.584026454522651051e+01
4.693715594332417851e+01 4.926547115661426801e+01
4.693715594332417851e+01 4.544795513686912614e+01
4.693715594332417851e+01 4.723275223600440142e+01
4.693715594332417851e+01 4.132055258225676653e+01
4.693715594332417851e+01 4.728075939769617264e+01
4.693715594332417851e+01 4.204592717348497644e+01
4.693715594332417851e+01 4.273991680164765228e+01
4.693715594332417851e+01 4.268942273971084234e+01
4.693715594332417851e+01 4.507884030021041610e+01
4.693715594332417851e+01 4.978231429679439657e+01
4.693715594332417851e+01 4.237985122448911568e+01
4.693715594332417851e+01 4.247233990956987526e+01
4.693715594332417851e+01 4.806244508649947278e+01
4.693715594332417851e+01 4.463327310466532793e+01
4.693715594332417851e+01 4.650653595989933109e+01
4.693715594332417851e+01 4.208945710135985507e+01
4.693715594332417851e+01 4.967074535870671070e+01
4.693715594332417851e+01 4.902245874741068832e+01
4.693715594332417851e+01 4.549980062627315647e+01
4.693715594332417851e+01 4.600501177914124185e+01
4.693715594332417851e+01 4.382168408356957201e+01
4.693715594332417851e+01 4.891067500871576357e+01
4.693715594332417851e+01 5.029928522492138399e+01
4.693715594332417851e+01 4.645872953801239191e+01
4.693715594332417851e+01 4.228814539449354726e+01
4.693715594332417851e+01 5.182862510592916294e+01
4.693715594332417851e+01 4.605653083027605277e+01
4.693715594332417851e+01 5.215848099092977463e+01
4.693715594332417851e+01 5.008741655971503093e+01
4.693715594332417851e+01 4.715954437599728521e+01
4.693715594332417851e+01 4.944965527754650481e+01
4.693715594332417851e+01 4.242273173409495257e+01
4.693715594332417851e+01 4.790006648155082303e+01
4.693715594332417851e+01 4.575873772043285470e+01
4.693715594332417851e+01 4.702827850183075498e+01
4.693715594332417851e+01 4.876213712912257847e+01
4.693715594332417851e+01 4.237277684075601059e+01
4.693715594332417851e+01 4.682247432241859997e+01
4.693715594332417851e+01 4.434649325790113750e+01
4.693715594332417851e+01 5.415609855937269401e+01
4.693715594332417851e+01 4.496363896633108226e+01
4.693715594332417851e+01 4.466470343986623703e+01
4.693715594332417851e+01 4.424350783372943852e+01
4.693715594332417851e+01 4.529920946518448943e+01
4.693715594332417851e+01 4.224711059035480787e+01
4.693715594332417851e+01 4.836384208848757993e+01
4.693715594332417851e+01 4.740539303326873721e+01
4.693715594332417851e+01 4.727637822803340129e+01
4.693715594332417851e+01 4.854951616121764602e+01
4.693715594332417851e+01 5.196217492931514670e+01
4.693715594332417851e+01 4.360570810550548515e+01
4.693715594332417851e+01 4.768226795951527919e+01
4.693715594332417851e+01 5.766648721252130372e+01
4.693715594332417851e+01 5.119525824058082719e+01
4.693715594332417851e+01 4.660157421042541159e+01
4.693715594332417851e+01 4.678534281067681633e+01
4.693715594332417851e+01 4.842142322794207132e+01
4.693715594332417851e+01 4.421533471302898732e+01
4.693715594332417851e+01 4.666549567678527666e+01
4.693715594332417851e+01 4.600624929313631384e+01
4.693715594332417851e+01 4.493661186738167146e+01
4.693715594332417851e+01 4.685580330466944332e+01
4.693715594332417851e+01 5.137783296496719743e+01
4.693715594332417851e+01 4.189150097185949306e+01
4.693715594332417851e+01 4.522896897338680589e+01
4.693715594332417851e+01 4.739518380903279393e+01
4.693715594332417851e+01 4.853276741397912986e+01
4.693715594332417851e+01 4.236172640587320615e+01
4.693715594332417851e+01 4.681727641515235661e+01
4.693715594332417851e+01 5.422740521395208901e+01
4.693715594332417851e+01 4.635414269212131444e+01
4.693715594332417851e+01 4.707570896784430658e+01
4.693715594332417851e+01 4.166557371104437379e+01
4.693715594332417851e+01 5.180518214215964434e+01
4.693715594332417851e+01 5.120585017416002671e+01
4.693715594332417851e+01 4.397165893375667878e+01
4.693715594332417851e+01 4.488958585649349686e+01
4.693715594332417851e+01 4.441559670121747416e+01
4.693715594332417851e+01 4.797431260837740297e+01
4.693715594332417851e+01 4.320164712769406634e+01
4.693715594332417851e+01 4.566762907641800950e+01
4.693715594332417851e+01 4.486847687488837266e+01
4.693715594332417851e+01 4.619234980635687293e+01
4.693715594332417851e+01 4.503781970797359691e+01
4.693715594332417851e+01 4.985833684399729293e+01
4.693715594332417851e+01 4.565390147539222454e+01
4.693715594332417851e+01 4.861280283024443349e+01
4.693715594332417851e+01 5.076075854825872113e+01
4.693715594332417851e+01 4.537047152034757147e+01
4.693715594332417851e+01 4.593797841049510566e+01
4.693715594332417851e+01 4.697592494165098032e+01
4.693715594332417851e+01 4.869177351147363453e+01
4.693715594332417851e+01 4.277796937370028729e+01
4.693715594332417851e+01 4.443630614072863949e+01
4.693715594332417851e+01 4.566930658551410716e+01
4.693715594332417851e+01 4.357167354903476308e+01
4.693715594332417851e+01 4.449173549022022200e+01
4.693715594332417851e+01 5.226169262137511851e+01
4.693715594332417851e+01 4.448360634585579021e+01
4.693715594332417851e+01 4.393427231992374260e+01
4.693715594332417851e+01 4.384170874388052397e+01
4.693715594332417851e+01 4.515818212340077054e+01
4.693715594332417851e+01 5.101099599197806356e+01
4.693715594332417851e+01 4.047934466979133816e+01
4.693715594332417851e+01 5.372544712383800203e+01
4.693715594332417851e+01 4.640375960329942018e+01
4.693715594332417851e+01 4.832299435269561627e+01
4.693715594332417851e+01 4.341283213591034240e+01
4.693715594332417851e+01 4.353770422708797128e+01
4.693715594332417851e+01 4.742461546310514819e+01
4.693715594332417851e+01 4.970419478789025902e+01
4.693715594332417851e+01 4.819816926698688064e+01
4.693715594332417851e+01 4.615769721559680505e+01
4.693715594332417851e+01 4.714167965311791875e+01
4.693715594332417851e+01 4.199143970212953292e+01
4.693715594332417851e+01 4.508316324701869604e+01
4.693715594332417851e+01 4.149981681137977318e+01
4.693715594332417851e+01 4.824300953787583524e+01
4.693715594332417851e+01 4.636050089844682276e+01
4.693715594332417851e+01 4.553924370800626775e+01
4.693715594332417851e+01 4.557867505874153835e+01
4.693715594332417851e+01 4.676067833628636805e+01
4.693715594332417851e+01 4.221602344532260531e+01
4.693715594332417851e+01 4.274141131510973679e+01
4.693715594332417851e+01 5.451451728965599841e+01
4.693715594332417851e+01 4.788291269857233345e+01
4.693715594332417851e+01 4.649295176554261388e+01
4.693715594332417851e+01 4.815342904905742216e+01
4.693715594332417851e+01 4.338449286613505507e+01
4.693715594332417851e+01 4.584879203608067400e+01
4.693715594332417851e+01 4.653987871806426568e+01
4.693715594332417851e+01 4.703703377384830020e+01
4.693715594332417851e+01 5.156980997684983237e+01
4.693715594332417851e+01 5.133036223927097552e+01
4.693715594332417851e+01 3.900322057232354211e+01
4.693715594332417851e+01 4.310415708274851454e+01
4.693715594332417851e+01 4.783901747165177909e+01
4.693715594332417851e+01 4.517444325230565738e+01
4.693715594332417851e+01 5.082700540132969991e+01
4.693715594332417851e+01 5.031146970397325191e+01
4.693715594332417851e+01 4.781241111289303802e+01
4.693715594332417851e+01 4.907743195603737263e+01
4.693715594332417851e+01 4.738127386665583174e+01
4.693715594332417851e+01 4.396671990337758729e+01
4.693715594332417851e+01 4.582006374376677371e+01
4.693715594332417851e+01 4.475688441937065676e+01
4.693715594332417851e+01 4.437391991526944679e+01
4.693715594332417851e+01 4.908165338756180773e+01
4.693715594332417851e+01 4.348113917540679552e+01
4.693715594332417851e+01 4.560972195902211723e+01
4.693715594332417851e+01 4.195325914676767809e+01
4.693715594332417851e+01 5.092571535807059746e+01
4.693715594332417851e+01 3.984826549144151642e+01
4.693715594332417851e+01 4.731556454991620342e+01
4.693715594332417851e+01 5.134986365686875587e+01
4.693715594332417851e+01 4.142614896995360851e+01
4.693715594332417851e+01 4.570030576095338404e+01
4.693715594332417851e+01 4.508538299732836663e+01
4.693715594332417851e+01 4.965715755622567684e+01
4.693715594332417851e+01 4.764638830846879358e+01
4.693715594332417851e+01 4.879391426769318230e+01
4.693715594332417851e+01 4.799353749910757472e+01
4.693715594332417851e+01 4.510522037493844749e+01
4.693715594332417851e+01 4.344910158984979631e+01
4.693715594332417851e+01 4.687169813317976264e+01
4.693715594332417851e+01 4.768552719321452571e+01
4.693715594332417851e+01 4.547422699571192339e+01
4.693715594332417851e+01 4.671847041143364265e+01
4.693715594332417851e+01 4.725878849019657935e+01
4.693715594332417851e+01 4.186045739938312948e+01
4.693715594332417851e+01 4.672770974498459395e+01
4.693715594332417851e+01 4.871959195969623835e+01
4.693715594332417851e+01 4.645553512356281090e+01
4.693715594332417851e+01 4.408405630287523991e+01
4.693715594332417851e+01 5.060427560143115500e+01
4.693715594332417851e+01 4.892781608741478294e+01
4.693715594332417851e+01 4.499959894823046369e+01
4.693715594332417851e+01 4.093178079906465427e+01
4.693715594332417851e+01 4.816445050415786255e+01
4.693715594332417851e+01 4.885594469107651605e+01
4.693715594332417851e+01 4.425467213152683854e+01
4.693715594332417851e+01 4.775277084585473375e+01
4.693715594332417851e+01 4.770791678242950695e+01
4.693715594332417851e+01 4.177630711616723858e+01
4.693715594332417851e+01 5.265086911544817383e+01
4.693715594332417851e+01 4.913011663732648060e+01
4.693715594332417851e+01 4.995597839564737086e+01
4.693715594332417851e+01 5.244217581836511499e+01
4.693715594332417851e+01 4.322532372990630023e+01
4.693715594332417851e+01 4.573343330501821669e+01
4.693715594332417851e+01 4.348044544851501314e+01
4.693715594332417851e+01 5.380569909239497406e+01
4.693715594332417851e+01 4.505404446810439367e+01
4.693715594332417851e+01 4.666823341300037953e+01
4.693715594332417851e+01 3.988065209533272082e+01
4.693715594332417851e+01 4.239805463394448992e+01
4.693715594332417851e+01 4.470485777777200553e+01
4.693715594332417851e+01 4.606638569540360351e+01
4.693715594332417851e+01 4.925203516538386594e+01
4.693715594332417851e+01 5.212393540221752630e+01
4.693715594332417851e+01 4.816078578851594472e+01
4.693715594332417851e+01 4.305110241853822117e+01
4.693715594332417851e+01 3.995425288903627603e+01
4.693715594332417851e+01 4.724431848321540173e+01
4.693715594332417851e+01 4.572232939344281988e+01
4.693715594332417851e+01 4.474067443240011244e+01
4.693715594332417851e+01 4.220501167028488965e+01
4.693715594332417851e+01 3.951505283586720196e+01
4.693715594332417851e+01 4.324204625406731139e+01
4.693715594332417851e+01 4.802046172652709544e+01
4.693715594332417851e+01 5.051653299016908250e+01
4.693715594332417851e+01 4.730114109302160585e+01
4.693715594332417851e+01 4.556927859709118422e+01
4.693715594332417851e+01 4.038123481841140716e+01
4.693715594332417851e+01 4.689155427109779595e+01
4.693715594332417851e+01 3.649490689714795622e+01
4.693715594332417851e+01 4.346363101919752125e+01
4.693715594332417851e+01 4.305184531704396989e+01
4.693715594332417851e+01 5.420845718032744287e+01
4.693715594332417851e+01 4.794004904503863429e+01
4.693715594332417851e+01 5.279857156223823722e+01
4.693715594332417851e+01 4.964689132360662427e+01
4.693715594332417851e+01 4.425874437975512166e+01
4.693715594332417851e+01 4.021141142097410182e+01
4.693715594332417851e+01 4.435537726688529858e+01
4.693715594332417851e+01 4.637217019679363972e+01
4.693715594332417851e+01 4.959309267917558373e+01
4.693715594332417851e+01 4.381472446012264044e+01
4.693715594332417851e+01 4.273243727725986219e+01
4.693715594332417851e+01 4.849486590303975930e+01
4.693715594332417851e+01 4.420116246967243967e+01
4.693715594332417851e+01 4.559774553075862968e+01
4.693715594332417851e+01 4.381852153119660898e+01
4.693715594332417851e+01 4.706821120879386200e+01
4.693715594332417851e+01 4.991302901681614657e+01
4.693715594332417851e+01 4.762524028999614245e+01
4.693715594332417851e+01 4.233659684881626362e+01
4.693715594332417851e+01 4.875824317663829532e+01
4.693715594332417851e+01 4.480419203962358665e+01
4.693715594332417851e+01 5.210805692508603215e+01
4.693715594332417851e+01 4.601474789583612335e+01
4.693715594332417851e+01 4.416760417374363357e+01
4.693715594332417851e+01 4.542348079180896292e+01
4.693715594332417851e+01 4.616143957878248472e+01
4.693715594332417851e+01 4.686358935177884177e+01
4.693715594332417851e+01 5.005372882023015535e+01
4.693715594332417851e+01 4.818212471480135406e+01
4.693715594332417851e+01 4.818275005319678428e+01
4.693715594332417851e+01 4.591283691351841867e+01
4.693715594332417851e+01 4.703086662752043878e+01
4.693715594332417851e+01 4.938590386301282109e+01
4.693715594332417851e+01 4.698468469994875818e+01
4.693715594332417851e+01 4.510998100278576572e+01
4.693715594332417851e+01 4.240821913756499839e+01
4.693715594332417851e+01 4.749156362079958171e+01
4.693715594332417851e+01 4.921530079788318091e+01
4.693715594332417851e+01 4.726305423332056677e+01
4.693715594332417851e+01 4.562729564924413950e+01
4.693715594332417851e+01 5.311654023102162370e+01
4.693715594332417851e+01 4.297715810822543858e+01
4.693715594332417851e+01 4.911837218112999892e+01
4.693715594332417851e+01 5.017738216753024005e+01
4.693715594332417851e+01 4.320577915916643974e+01
4.693715594332417851e+01 4.730833350258841818e+01
4.693715594332417851e+01 4.336967372709074198e+01
4.693715594332417851e+01 4.433881755162308735e+01
4.693715594332417851e+01 4.817599429145396073e+01
4.693715594332417851e+01 4.947985828347234616e+01
4.693715594332417851e+01 5.195652690235068860e+01
4.693715594332417851e+01 4.439993633356078817e+01
4.693715594332417851e+01 5.051414023241597562e+01
4.693715594332417851e+01 4.902949724677167609e+01
4.693715594332417851e+01 4.705744373519365809e+01
4.693715594332417851e+01 4.295206708582496447e+01
4.693715594332417851e+01 5.271579405046447420e+01
4.693715594332417851e+01 5.505566734861001521e+01
4.693715594332417851e+01 4.771776542032473856e+01
4.693715594332417851e+01 4.173060595244105286e+01
4.693715594332417851e+01 5.038033906308690746e+01
4.693715594332417851e+01 4.213313930508325456e+01
4.693715594332417851e+01 4.165585771540423821e+01
4.693715594332417851e+01 4.374085192135066791e+01
4.693715594332417851e+01 4.464488494437426880e+01
4.693715594332417851e+01 4.832786490351942632e+01
4.693715594332417851e+01 4.524730127742454044e+01
4.693715594332417851e+01 5.172155253860111657e+01
4.693715594332417851e+01 4.687047489381326670e+01
4.693715594332417851e+01 4.992618065475221556e+01
4.693715594332417851e+01 4.815426680525602876e+01
4.693715594332417851e+01 4.778022882880194544e+01
4.693715594332417851e+01 5.057120686154753031e+01
4.693715594332417851e+01 4.658179625762016940e+01
4.693715594332417851e+01 4.920731729031644619e+01
4.693715594332417851e+01 4.698974393565648455e+01
4.693715594332417851e+01 4.409149073877107838e+01
4.693715594332417851e+01 4.657100786692108585e+01
4.693715594332417851e+01 4.572125389764472203e+01
4.693715594332417851e+01 4.831975322871554113e+01
4.693715594332417851e+01 4.598516977935209837e+01
4.693715594332417851e+01 5.015891555279513625e+01
4.693715594332417851e+01 4.340524687628860789e+01
4.693715594332417851e+01 4.651194150974833974e+01
4.693715594332417851e+01 5.427006772114712874e+01
4.693715594332417851e+01 5.037187144341611145e+01
4.693715594332417851e+01 4.486294574119706624e+01
4.693715594332417851e+01 4.247436580035876119e+01
4.693715594332417851e+01 5.059554210670905405e+01
4.693715594332417851e+01 4.339576065699806406e+01
4.693715594332417851e+01 4.725264996356048641e+01
4.693715594332417851e+01 4.710611904122018956e+01
4.693715594332417851e+01 4.641061431793946923e+01
4.693715594332417851e+01 4.496758283844120285e+01
4.693715594332417851e+01 4.861833867932258357e+01
4.693715594332417851e+01 4.542449565418309021e+01
4.693715594332417851e+01 4.258395976581125097e+01
4.693715594332417851e+01 4.902058672420607621e+01
4.693715594332417851e+01 4.761607755712613255e+01
4.693715594332417851e+01 5.391737759928692952e+01
4.693715594332417851e+01 4.405779474787584604e+01
4.693715594332417851e+01 4.555997510551454610e+01
4.693715594332417851e+01 4.821568724893141678e+01
4.693715594332417851e+01 4.951351342678250234e+01
4.693715594332417851e+01 4.820632660717289042e+01
4.693715594332417851e+01 4.053826660469573540e+01
4.693715594332417851e+01 4.380033705119441123e+01
4.693715594332417851e+01 4.628291441832292463e+01
4.693715594332417851e+01 4.546932462708151235e+01
4.693715594332417851e+01 4.686367712484567960e+01
4.693715594332417851e+01 4.868120759458520297e+01
4.693715594332417851e+01 4.552972280086483181e+01
4.693715594332417851e+01 4.918049923662810841e+01
4.693715594332417851e+01 5.301495235651700710e+01
4.693715594332417851e+01 4.804912068033047490e+01
4.693715594332417851e+01 4.480464189468401770e+01
4.693715594332417851e+01 4.828724820854408506e+01
4.693715594332417851e+01 4.944152202374686311e+01
4.693715594332417851e+01 4.936740108929095783e+01
4.693715594332417851e+01 4.442147168483452191e+01
4.693715594332417851e+01 5.119064883112174869e+01
4.693715594332417851e+01 4.436211207796399236e+01
4.693715594332417851e+01 4.851926645172871844e+01
4.693715594332417851e+01 4.406207330010074230e+01
4.693715594332417851e+01 4.437989183604805277e+01
4.693715594332417851e+01 4.528341579807062089e+01
4.693715594332417851e+01 4.790308473729071181e+01
4.693715594332417851e+01 5.019089163616473570e+01
4.693715594332417851e+01 4.085060915353014366e+01
4.693715594332417851e+01 4.378713971969300900e+01
4.693715594332417851e+01 5.056791913724816823e+01
4.693715594332417851e+01 4.421485223482364546e+01
4.693715594332417851e+01 4.467050379580254571e+01
4.693715594332417851e+01 4.220709889492943745e+01
4.693715594332417851e+01 4.912869603147871800e+01
4.693715594332417851e+01 4.840912018462012156e+01
4.693715594332417851e+01 4.493899017656994488e+01
4.693715594332417851e+01 4.215668212915760193e+01
4.693715594332417851e+01 4.860076217521852726e+01
4.693715594332417851e+01 4.396801941512661926e+01
4.693715594332417851e+01 4.721237878444465252e+01
4.693715594332417851e+01 4.908808408971173520e+01
4.693715594332417851e+01 4.979702167525837098e+01
4.693715594332417851e+01 5.109765960280225983e+01
4.693715594332417851e+01 5.222880160315895637e+01
4.693715594332417851e+01 4.228047337542972883e+01
4.693715594332417851e+01 4.472301103782427845e+01
4.693715594332417851e+01 4.440124865754410877e+01
4.693715594332417851e+01 4.722696243194576482e+01
4.693715594332417851e+01 4.363581826979901024e+01
4.693715594332417851e+01 4.578264550742841266e+01
4.693715594332417851e+01 4.408077979262446888e+01
4.693715594332417851e+01 4.396020922041287804e+01
4.693715594332417851e+01 4.942162645771620788e+01
4.693715594332417851e+01 4.439942747706927406e+01
4.693715594332417851e+01 4.607180052726736363e+01
4.693715594332417851e+01 4.262661838212054732e+01
4.693715594332417851e+01 4.136286161204102285e+01
4.693715594332417851e+01 4.400505411277427470e+01
4.693715594332417851e+01 4.545680755470490197e+01
4.693715594332417851e+01 4.348080936994291079e+01
4.693715594332417851e+01 4.468622012502724772e+01
4.693715594332417851e+01 4.922305835703996024e+01
4.693715594332417851e+01 4.393197471340243965e+01
4.693715594332417851e+01 4.170800997130152155e+01
4.693715594332417851e+01 4.287233804999456055e+01
4.693715594332417851e+01 4.928782403797346490e+01
4.693715594332417851e+01 4.825744479876637172e+01
4.693715594332417851e+01 4.571012295853360285e+01
4.693715594332417851e+01 4.191537030179515000e+01
4.693715594332417851e+01 4.841307510324618590e+01
4.693715594332417851e+01 5.038163790916541984e+01
4.693715594332417851e+01 3.899317436654403934e+01
4.693715594332417851e+01 4.480454844778296319e+01
4.693715594332417851e+01 4.868373349058916943e+01
4.693715594332417851e+01 4.553889540742827791e+01
4.693715594332417851e+01 4.510231650504456979e+01
4.693715594332417851e+01 4.924012914644912797e+01
4.693715594332417851e+01 4.037482212094372613e+01
4.693715594332417851e+01 4.909326700546279909e+01
4.693715594332417851e+01 4.434985941774704798e+01
4.693715594332417851e+01 4.160822993786265300e+01
4.693715594332417851e+01 4.516451677627727435e+01
4.693715594332417851e+01 4.976668369345270548e+01
4.693715594332417851e+01 5.073583379440892571e+01
4.693715594332417851e+01 4.787443512985709049e+01
4.693715594332417851e+01 5.016520912972934809e+01
4.693715594332417851e+01 4.392312138535819344e+01
4.693715594332417851e+01 4.278864634130232503e+01
4.693715594332417851e+01 4.412923259313308932e+01
4.693715594332417851e+01 4.290816489781960996e+01
4.693715594332417851e+01 4.557783128542325812e+01
4.693715594332417851e+01 4.747078700769895931e+01
4.693715594332417851e+01 4.405359306610266401e+01
4.693715594332417851e+01 4.315208204347649001e+01
4.693715594332417851e+01 4.797527724103768065e+01
4.693715594332417851e+01 4.079270620123745772e+01
4.693715594332417851e+01 5.172330540026948853e+01
4.693715594332417851e+01 5.272934609550230789e+01
4.693715594332417851e+01 5.170222611688149783e+01
4.693715594332417851e+01 4.438030723709596970e+01
4.693715594332417851e+01 4.997746009675878298e+01
4.693715594332417851e+01 4.289601029174142610e+01
4.693715594332417851e+01 4.250083904836312598e+01
4.693715594332417851e+01 4.286835574103859159e+01
4.693715594332417851e+01 4.395549625609827160e+01
4.693715594332417851e+01 4.704423632747182893e+01
4.693715594332417851e+01 4.382590684838994122e+01
4.693715594332417851e+01 4.697583346506819879e+01
4.693715594332417851e+01 4.947446680544871356e+01
4.693715594332417851e+01 4.301284191749446961e+01
4.693715594332417851e+01 4.263003998301095265e+01
4.693715594332417851e+01 4.293994018316887207e+01
4.693715594332417851e+01 4.347648953659653870e+01
4.693715594332417851e+01 4.266165217361886164e+01
4.693715594332417851e+01 4.663365771956424766e+01
4.693715594332417851e+01 4.695490159108229022e+01
4.693715594332417851e+01 4.296115063646446686e+01
4.693715594332417851e+01 4.917932890668972590e+01
4.693715594332417851e+01 4.191711508929629559e+01
4.693715594332417851e+01 4.486295634191221637e+01
4.693715594332417851e+01 4.093816495742345296e+01
4.693715594332417851e+01 4.978701973587142504e+01
4.693715594332417851e+01 4.609135908193333364e+01
4.693715594332417851e+01 4.590623177801426635e+01
4.693715594332417851e+01 4.664889755744226107e+01
4.693715594332417851e+01 4.516788210829227523e+01
4.693715594332417851e+01 4.804004555180558356e+01
4.693715594332417851e+01 4.754679235722861819e+01
4.693715594332417851e+01 5.025165126134507432e+01
4.693715594332417851e+01 4.949179313142447967e+01
4.693715594332417851e+01 4.741621793328912560e+01
4.693715594332417851e+01 4.420750486528324075e+01
4.693715594332417851e+01 4.334886493578114397e+01
4.693715594332417851e+01 4.184710070324685205e+01
4.693715594332417851e+01 4.079421522601717953e+01
4.693715594332417851e+01 5.449189510481444643e+01
4.693715594332417851e+01 4.262135075668094686e+01
4.693715594332417851e+01 4.691920367256456359e+01
4.693715594332417851e+01 4.587120430241191116e+01
4.693715594332417851e+01 4.528362336254757281e+01
4.693715594332417851e+01 4.600917290044043284e+01
4.693715594332417851e+01 4.258822911779851239e+01
4.693715594332417851e+01 4.644744116434683434e+01
4.693715594332417851e+01 4.378110941735870654e+01
4.693715594332417851e+01 4.481102552405626938e+01
4.693715594332417851e+01 4.445839914931630688e+01
4.693715594332417851e+01 4.811578585541403186e+01
4.693715594332417851e+01 4.501664157273029332e+01
4.693715594332417851e+01 4.109069064586087450e+01
4.693715594332417851e+01 4.335614906647800382e+01
4.693715594332417851e+01 4.540938130020106911e+01
4.693715594332417851e+01 5.045960314416340964e+01
4.693715594332417851e+01 4.886079168648691251e+01
4.693715594332417851e+01 4.989494439530660230e+01
4.693715594332417851e+01 3.978477129816474900e+01
4.693715594332417851e+01 4.437224386820862776e+01
4.693715594332417851e+01 5.226015365324919770e+01
4.693715594332417851e+01 5.041555947713345631e+01
4.693715594332417851e+01 4.422032528911057625e+01
4.693715594332417851e+01 4.724459705570869517e+01
4.693715594332417851e+01 4.635940108855947273e+01
4.693715594332417851e+01 4.505156461412076396e+01
4.693715594332417851e+01 4.548774007407703834e+01
4.693715594332417851e+01 4.879557076568566742e+01
4.693715594332417851e+01 4.237180919386234024e+01
4.693715594332417851e+01 4.552672126208517511e+01
4.693715594332417851e+01 4.434308259966313415e+01
4.693715594332417851e+01 5.056984900754828516e+01
4.693715594332417851e+01 4.435305331638615201e+01
4.693715594332417851e+01 4.676081188902946195e+01
4.693715594332417851e+01 4.625184890619650702e+01
4.693715594332417851e+01 5.609422091103431285e+01
4.693715594332417851e+01 4.567551824559746620e+01
4.693715594332417851e+01 4.236493959313389723e+01
4.693715594332417851e+01 4.596801468438930272e+01
4.693715594332417851e+01 5.016452334130421775e+01
4.693715594332417851e+01 4.537458829611694000e+01
4.693715594332417851e+01 4.506025411335682662e+01
4.693715594332417851e+01 4.633145445271217255e+01
4.693715594332417851e+01 4.925582594259695668e+01
4.693715594332417851e+01 4.888464821367748669e+01
4.693715594332417851e+01 4.438479221701669530e+01
4.693715594332417851e+01 4.673535698163317420e+01
4.693715594332417851e+01 4.710596626309829560e+01
4.693715594332417851e+01 4.411230038773721418e+01
4.693715594332417851e+01 4.736643714462252319e+01
4.693715594332417851e+01 4.942566982334403036e+01
4.693715594332417851e+01 3.900684528580770660e+01
4.693715594332417851e+01 4.348720653221485577e+01
4.693715594332417851e+01 4.257973448896717628e+01
4.693715594332417851e+01 4.652377515248706175e+01
4.693715594332417851e+01 3.918480284495363009e+01
4.693715594332417851e+01 4.776546498197006940e+01
4.693715594332417851e+01 4.377798365270597714e+01
4.693715594332417851e+01 4.473394508996062058e+01
4.693715594332417851e+01 4.625510648530181612e+01
4.693715594332417851e+01 4.546199749035951498e+01
4.693715594332417851e+01 4.801756122100449176e+01
4.693715594332417851e+01 4.324078607200625868e+01
4.693715594332417851e+01 4.104051735377503007e+01
4.693715594332417851e+01 4.847990490916490813e+01
4.693715594332417851e+01 4.593419931318110372e+01
4.693715594332417851e+01 5.156664035260467926e+01
4.693715594332417851e+01 4.249550263015136409e+01
4.693715594332417851e+01 4.949770724971999414e+01
4.693715594332417851e+01 4.753355037815583728e+01
4.693715594332417851e+01 4.825852565033535768e+01
4.693715594332417851e+01 5.048749159776269835e+01
4.693715594332417851e+01 4.872282105164016031e+01
4.693715594332417851e+01 4.908977195124989379e+01
4.693715594332417851e+01 4.394072180032002706e+01
4.693715594332417851e+01 4.758056782542887220e+01
4.693715594332417851e+01 4.644701266329747824e+01
4.693715594332417851e+01 4.260013344188613615e+01
4.693715594332417851e+01 4.398082148531002389e+01
4.693715594332417851e+01 4.661413599598851931e+01
4.693715594332417851e+01 4.658440813043711870e+01
4.693715594332417851e+01 4.538512228598587228e+01
4.693715594332417851e+01 4.868191807258222070e+01
4.693715594332417851e+01 4.482990704255843184e+01
4.693715594332417851e+01 4.285002313020062559e+01
4.693715594332417851e+01 4.791427547594675218e+01
4.693715594332417851e+01 4.415980325995875688e+01
4.693715594332417851e+01 5.146930034629967565e+01
4.693715594332417851e+01 4.819668016041676850e+01
4.693715594332417851e+01 4.556775363025320047e+01
4.693715594332417851e+01 4.661693355603177480e+01
4.693715594332417851e+01 4.067036728375460797e+01
4.693715594332417851e+01 4.768833890993067826e+01
4.693715594332417851e+01 4.472266333961191265e+01
4.693715594332417851e+01 4.498716622931630837e+01
4.693715594332417851e+01 4.695623939079979436e+01
4.693715594332417851e+01 3.978378381317241974e+01
4.693715594332417851e+01 4.309275664774705916e+01
4.693715594332417851e+01 4.553878355584910054e+01
4.693715594332417851e+01 4.659888305261848274e+01
4.693715594332417851e+01 4.498994860384339489e+01
4.693715594332417851e+01 4.953911919608693637e+01
4.693715594332417851e+01 4.763975913609959889e+01
4.693715594332417851e+01 4.698315218487645240e+01
4.693715594332417851e+01 5.232896953524646477e+01
4.693715594332417851e+01 4.701555342934121029e+01
4.693715594332417851e+01 4.482566536250786982e+01
4.693715594332417851e+01 4.599796737578198247e+01
4.693715594332417851e+01 4.395461368939283631e+01
4.693715594332417851e+01 4.259085687056775527e+01
4.693715594332417851e+01 4.027230097075661064e+01
4.693715594332417851e+01 4.723171691560581564e+01
4.693715594332417851e+01 4.739534377902094775e+01
4.693715594332417851e+01 4.243088917657807002e+01
4.693715594332417851e+01 4.869904785823044335e+01
4.693715594332417851e+01 4.483329901449894095e+01
4.693715594332417851e+01 4.362672540693693435e+01
4.693715594332417851e+01 4.778584950323249103e+01
4.693715594332417851e+01 4.464172844682459385e+01
4.693715594332417851e+01 4.552815691857289693e+01
4.693715594332417851e+01 4.603585303956003116e+01
4.693715594332417851e+01 4.876981040533704714e+01
4.693715594332417851e+01 4.270785088176974398e+01
4.693715594332417851e+01 4.504280416360153794e+01
4.693715594332417851e+01 4.824466295435331631e+01
4.693715594332417851e+01 5.308755921458958227e+01
4.693715594332417851e+01 4.513985767638367719e+01
4.693715594332417851e+01 4.500467381245498188e+01
4.693715594332417851e+01 4.277097531133034636e+01
4.693715594332417851e+01 4.271921411586780692e+01
4.693715594332417851e+01 4.422267168574906293e+01
4.693715594332417851e+01 4.737188904106043452e+01
4.693715594332417851e+01 4.373258150504368302e+01
4.693715594332417851e+01 5.003536692328163582e+01
4.693715594332417851e+01 4.380638376599671346e+01
4.693715594332417851e+01 4.275096697691964209e+01
4.693715594332417851e+01 4.536316818696153064e+01
4.693715594332417851e+01 4.625449242896333146e+01
4.693715594332417851e+01 4.852514917888616708e+01
4.693715594332417851e+01 3.893455097378296870e+01
4.693715594332417851e+01 5.000988985198910797e+01
4.693715594332417851e+01 4.182537213256350128e+01
4.693715594332417851e+01 5.064952742801292374e+01
4.693715594332417851e+01 4.460139364365677750e+01
4.693715594332417851e+01 4.038088197864759366e+01
4.693715594332417851e+01 5.017671095490030098e+01
4.693715594332417851e+01 4.718977121594316060e+01
4.693715594332417851e+01 4.124700107805231397e+01
4.693715594332417851e+01 4.817627883517381804e+01
4.693715594332417851e+01 3.988829512933181576e+01
4.693715594332417851e+01 4.501235039076829736e+01
4.693715594332417851e+01 4.393504379007576688e+01
4.693715594332417851e+01 4.420785770458130060e+01
4.693715594332417851e+01 4.966928045367551903e+01
4.693715594332417851e+01 4.608813959116749004e+01
4.693715594332417851e+01 4.961774708277824431e+01
4.693715594332417851e+01 4.476280237094358228e+01
4.693715594332417851e+01 5.141040896098509450e+01
4.693715594332417851e+01 4.788254425875981468e+01
4.693715594332417851e+01 4.218910389819181006e+01
4.693715594332417851e+01 4.706096349073055762e+01
4.693715594332417851e+01 4.218850055959149614e+01
4.693715594332417851e+01 4.623288440497932328e+01
4.693715594332417851e+01 4.839689081546365657e+01
4.693715594332417851e+01 4.719745615054376486e+01
4.693715594332417851e+01 4.585599000134800463e+01
4.693715594332417851e+01 4.229683129511197848e+01
4.693715594332417851e+01 4.741034765827249231e+01
4.693715594332417851e+01 4.297919217025273753e+01
4.693715594332417851e+01 4.650303453055835234e+01
4.693715594332417851e+01 4.566116589959908367e+01
4.693715594332417851e+01 4.831518111385700109e+01
4.693715594332417851e+01 4.034837105650306199e+01
4.693715594332417851e+01 4.720700109506039865e+01
4.693715594332417851e+01 4.918569513108049307e+01
4.693715594332417851e+01 5.273395796282823511e+01
4.693715594332417851e+01 4.677657008967982222e+01
4.693715594332417851e+01 5.086836490293129742e+01
4.693715594332417851e+01 4.206074711045467751e+01
4.693715594332417851e+01 4.932976282721557482e+01
4.693715594332417851e+01 4.803235530997220337e+01
4.693715594332417851e+01 4.453734696736407273e+01
4.693715594332417851e+01 4.919042790963818135e+01
4.693715594332417851e+01 3.809778638194144662e+01
4.693715594332417851e+01 4.678740597403945145e+01
4.693715594332417851e+01 4.446373294332921233e+01
4.693715594332417851e+01 4.934651303730787220e+01
4.693715594332417851e+01 4.545008230665073512e+01
4.693715594332417851e+01 4.368762920141996631e+01
4.693715594332417851e+01 4.015882384760499235e+01
4.693715594332417851e+01 4.035378486486158067e+01
4.693715594332417851e+01 4.882975941006598930e+01
4.693715594332417851e+01 4.336805326716631726e+01
4.693715594332417851e+01 5.013906739063791917e+01
4.693715594332417851e+01 4.684811386449248261e+01
4.693715594332417851e+01 4.174558883305476087e+01
4.693715594332417851e+01 4.483286882758852698e+01
4.693715594332417851e+01 4.373168558778741755e+01
4.693715594332417851e+01 4.608958595515059642e+01
4.693715594332417851e+01 4.722259448598106957e+01
4.693715594332417851e+01 3.739638787759469096e+01
4.693715594332417851e+01 4.387701450026308692e+01
4.693715594332417851e+01 4.429191685931940015e+01
4.693715594332417851e+01 4.189379491996051996e+01
4.693715594332417851e+01 4.829802074227951891e+01
4.693715594332417851e+01 4.816883633595155345e+01
4.693715594332417851e+01 4.462589043492473451e+01
4.693715594332417851e+01 4.568334361148796319e+01
4.693715594332417851e+01 4.235763423475207645e+01
4.693715594332417851e+01 4.265722452279912602e+01
4.693715594332417851e+01 4.420718257739635959e+01
4.693715594332417851e+01 4.032070734358688924e+01
4.693715594332417851e+01 4.049035722983254004e+01
4.693715594332417851e+01 4.582797602622906652e+01
4.693715594332417851e+01 4.614461882766622836e+01
4.693715594332417851e+01 4.851581809404069645e+01
4.693715594332417851e+01 4.585895365232209286e+01
4.693715594332417851e+01 4.610435790130698308e+01
4.693715594332417851e+01 4.232706016061234777e+01
4.693715594332417851e+01 4.887448514008389822e+01
4.693715594332417851e+01 4.297842103097757871e+01
4.693715594332417851e+01 4.486941384405593425e+01
4.693715594332417851e+01 4.233836237903079081e+01
4.693715594332417851e+01 4.854294089700000825e+01
4.693715594332417851e+01 4.613914523510044319e+01
4.693715594332417851e+01 4.559810777604099741e+01
4.693715594332417851e+01 4.164910342926071962e+01
4.693715594332417851e+01 4.929605883776691400e+01
4.693715594332417851e+01 4.372615844453215317e+01
4.693715594332417851e+01 4.979533547345100430e+01
4.693715594332417851e+01 4.314363083845488234e+01
4.693715594332417851e+01 4.391215623434769100e+01
4.693715594332417851e+01 4.933008354630788972e+01
4.693715594332417851e+01 4.817859510820376556e+01
4.693715594332417851e+01 5.129029217144585573e+01
4.693715594332417851e+01 4.789029493919635172e+01
4.693715594332417851e+01 4.345195744689937811e+01
4.693715594332417851e+01 4.365313449349861941e+01
4.693715594332417851e+01 4.521165286334274214e+01
4.693715594332417851e+01 4.170897267868173941e+01
4.693715594332417851e+01 4.791118109130229641e+01
4.693715594332417851e+01 4.856058683997625280e+01
4.693715594332417851e+01 5.207419149497396660e+01
4.693715594332417851e+01 4.462834202982567433e+01
4.693715594332417851e+01 4.725804155996116407e+01
4.693715594332417851e+01 4.640904694074474435e+01
4.693715594332417851e+01 4.708452069831361086e+01
4.693715594332417851e+01 5.155859798064385302e+01
4.693715594332417851e+01 4.440488573165285402e+01
4.693715594332417851e+01 4.408620165927298018e+01
4.693715594332417851e+01 5.227885574001663116e+01
4.693715594332417851e+01 5.215324939277672200e+01
4.693715594332417851e+01 4.406665536296514318e+01
4.693715594332417851e+01 4.981584239775827427e+01
4.693715594332417851e+01 4.416711625921730899e+01
4.693715594332417851e+01 5.076826384016987959e+01
4.693715594332417851e+01 4.778611139572998212e+01
4.693715594332417851e+01 4.888669977998101501e+01
4.693715594332417851e+01 4.033228950689824899e+01
4.693715594332417851e+01 4.409564442942092910e+01
4.693715594332417851e+01 4.406857945297030454e+01
4.693715594332417851e+01 5.463473444817049085e+01
4.693715594332417851e+01 4.211289536187037896e+01
4.693715594332417851e+01 4.451318360047742573e+01
4.693715594332417851e+01 4.706936326232446532e+01
4.693715594332417851e+01 4.398872350274756116e+01
4.693715594332417851e+01 5.130863459343419208e+01
4.693715594332417851e+01 4.642444938380823061e+01
4.693715594332417851e+01 4.873242877701335374e+01
4.693715594332417851e+01 4.564581381525886172e+01
4.693715594332417851e+01 4.388333906190626976e+01
4.693715594332417851e+01 3.890215679027560469e+01
4.693715594332417851e+01 4.318953802270080189e+01
4.693715594332417851e+01 4.220445371101534704e+01
4.693715594332417851e+01 4.919091857596362161e+01
4.693715594332417851e+01 3.956394826712436696e+01
4.693715594332417851e+01 4.740618434363465639e+01
4.693715594332417851e+01 4.269406771223329145e+01
4.693715594332417851e+01 4.666657255266635929e+01
4.693715594332417851e+01 4.569944942330396742e+01
4.693715594332417851e+01 4.699850620693710823e+01
4.693715594332417851e+01 4.170522549961176395e+01
4.693715594332417851e+01 4.568431290033061742e+01
4.693715594332417851e+01 5.040258636307948592e+01
4.693715594332417851e+01 4.664137302986841149e+01
4.693715594332417851e+01 3.796238695727630841e+01
4.693715594332417851e+01 5.066813233182657683e+01
4.693715594332417851e+01 4.535099255432453447e+01
4.693715594332417851e+01 4.773425080734048720e+01
4.693715594332417851e+01 4.869174040831274652e+01
4.693715594332417851e+01 4.623065155621878830e+01
4.693715594332417851e+01 4.813289662263236579e+01
4.693715594332417851e+01 4.725266482137725177e+01
4.693715594332417851e+01 3.823705524919726884e+01
4.693715594332417851e+01 4.917648745915482067e+01
4.693715594332417851e+01 5.324290809259588286e+01
4.693715594332417851e+01 4.542507720954603911e+01
4.693715594332417851e+01 4.761263451918588885e+01
4.693715594332417851e+01 4.517484684042113230e+01
4.693715594332417851e+01 4.518040825088372259e+01
4.693715594332417851e+01 4.435694387020561891e+01
4.693715594332417851e+01 4.637649456088024635e+01
4.693715594332417851e+01 3.842672892049705524e+01
4.693715594332417851e+01 4.601270544964567932e+01
4.693715594332417851e+01 4.799245614797384718e+01
4.693715594332417851e+01 4.403890105670048882e+01
4.693715594332417851e+01 4.700366971095019153e+01
4.693715594332417851e+01 4.304650928393384390e+01
4.693715594332417851e+01 4.848081546191204438e+01
4.693715594332417851e+01 4.833333872069559334e+01
4.693715594332417851e+01 5.050603038627349406e+01
4.693715594332417851e+01 4.799427362761738181e+01
4.693715594332417851e+01 4.881293306113678909e+01
4.693715594332417851e+01 5.051349919577316427e+01
4.693715594332417851e+01 4.143272841207851798e+01
4.693715594332417851e+01 4.607396081390123754e+01
4.693715594332417851e+01 4.650786408002079497e+01
4.693715594332417851e+01 5.011027114378697433e+01
4.693715594332417851e+01 4.713921231776603094e+01
4.693715594332417851e+01 4.679497337997667472e+01
4.693715594332417851e+01 4.718509919096469929e+01
4.693715594332417851e+01 4.452752328723054376e+01
4.693715594332417851e+01 4.721094168235349287e+01
4.693715594332417851e+01 4.999528338242762260e+01
4.693715594332417851e+01 4.407097951937755198e+01
4.693715594332417851e+01 5.116064964550324135e+01
4.693715594332417851e+01 5.034636568854517691e+01
4.693715594332417851e+01 4.988962436368706221e+01
4.693715594332417851e+01 4.220136337556124317e+01
4.693715594332417851e+01 5.084549307190392398e+01
4.693715594332417851e+01 5.346467487472583713e+01
4.693715594332417851e+01 4.871790767540340994e+01
4.693715594332417851e+01 4.920237557947516649e+01
4.693715594332417851e+01 4.674431613868550528e+01
4.693715594332417851e+01 4.500895074552254727e+01
4.693715594332417851e+01 5.203218447083560960e+01
4.693715594332417851e+01 5.461525498760058639e+01
4.693715594332417851e+01 3.828417523559743074e+01
4.693715594332417851e+01 5.557799399844187604e+01
4.693715594332417851e+01 5.139592203712495433e+01
4.693715594332417851e+01 4.528507749806597360e+01
4.693715594332417851e+01 4.771375144871890228e+01
4.693715594332417851e+01 4.159262468150573966e+01
4.693715594332417851e+01 4.542599848953617681e+01
4.693715594332417851e+01 4.314321941386027959e+01
4.693715594332417851e+01 5.027174979615733008e+01
4.693715594332417851e+01 4.172974906397760009e+01
4.693715594332417851e+01 4.685619857182896197e+01
4.693715594332417851e+01 4.572693917411316278e+01
4.693715594332417851e+01 5.048020073378603456e+01
4.693715594332417851e+01 4.316371675573640232e+01
4.693715594332417851e+01 4.467506356109633714e+01
4.693715594332417851e+01 4.144238701488922061e+01
4.693715594332417851e+01 4.796194901361022289e+01
4.693715594332417851e+01 4.334459838726699843e+01
4.693715594332417851e+01 4.430956724743654718e+01
4.693715594332417851e+01 4.771253538609931866e+01
4.693715594332417851e+01 4.474577078128089624e+01
4.693715594332417851e+01 4.021900124169678747e+01
4.693715594332417851e+01 4.389141417560227154e+01
4.693715594332417851e+01 4.174833218965252968e+01
4.693715594332417851e+01 4.903767136328687570e+01
4.693715594332417851e+01 5.252419399566679203e+01
4.693715594332417851e+01 4.701003761047464735e+01
4.693715594332417851e+01 4.601937171373213431e+01
4.693715594332417851e+01 4.367162177389726452e+01
4.693715594332417851e+01 4.705948747901231144e+01
4.693715594332417851e+01 5.123144648568641202e+01
4.693715594332417851e+01 4.519339446417742323e+01
4.693715594332417851e+01 4.445126200536688543e+01
4.693715594332417851e+01 5.277129416681231788e+01
4.693715594332417851e+01 4.981716097836152102e+01
4.693715594332417851e+01 5.034413682632602161e+01
4.693715594332417851e+01 4.963162093166694433e+01
4.693715594332417851e+01 4.736788439954282381e+01
4.693715594332417851e+01 4.567181911563676522e+01
4.693715594332417851e+01 5.124326111284620566e+01
4.693715594332417851e+01 4.095339049144040189e+01
4.693715594332417851e+01 4.784521417020954459e+01
4.693715594332417851e+01 4.552155056865014160e+01
4.693715594332417851e+01 4.971911414479239966e+01
4.693715594332417851e+01 4.805814790973025197e+01
4.693715594332417851e+01 4.927334019176174706e+01
4.693715594332417851e+01 4.843811399307111287e+01
4.693715594332417851e+01 4.020157214112006017e+01
4.693715594332417851e+01 4.641751610627532898e+01
4.693715594332417851e+01 5.002366262639414884e+01
4.693715594332417851e+01 4.554891434884556389e+01
4.693715594332417851e+01 4.744049168638279923e+01
4.693715594332417851e+01 4.489121098492483952e+01
4.693715594332417851e+01 4.656466080102771343e+01
4.693715594332417851e+01 4.373521892254751720e+01
4.693715594332417851e+01 4.648360074069768189e+01
4.693715594332417851e+01 5.202348284567540304e+01
4.693715594332417851e+01 4.719560785781818879e+01
4.693715594332417851e+01 4.844955661795316360e+01
4.693715594332417851e+01 4.815684218132831518e+01
4.693715594332417851e+01 5.317483233421457101e+01
4.693715594332417851e+01 4.695012096162878379e+01
4.693715594332417851e+01 4.779174964832674277e+01
4.693715594332417851e+01 5.002401707250197660e+01
4.693715594332417851e+01 4.402235187211631029e+01
4.693715594332417851e+01 4.182355139480151252e+01
4.693715594332417851e+01 4.584578163381132754e+01
4.693715594332417851e+01 4.419946610133514042e+01
4.693715594332417851e+01 4.884845644504397200e+01
4.693715594332417851e+01 4.689703190598955018e+01
4.693715594332417851e+01 4.375471862838683990e+01
4.693715594332417851e+01 4.356188434464957737e+01
4.693715594332417851e+01 4.491664054716348176e+01
4.693715594332417851e+01 4.516638921803298246e+01
4.693715594332417851e+01 5.159697721815869897e+01
4.693715594332417851e+01 4.107114117271206055e+01
4.693715594332417851e+01 4.968781659675484974e+01
4.693715594332417851e+01 4.680457896300373477e+01
4.693715594332417851e+01 4.936930707636619786e+01
4.693715594332417851e+01 4.935578433152885935e+01
4.693715594332417851e+01 4.542877641248874454e+01
4.693715594332417851e+01 4.068695566146244857e+01
4.693715594332417851e+01 5.258135826200201279e+01
4.693715594332417851e+01 4.865904900590040683e+01
4.693715594332417851e+01 4.426363874452445657e+01
4.693715594332417851e+01 5.167880479227554247e+01
4.693715594332417851e+01 4.892443062750876237e+01
4.693715594332417851e+01 4.243809564625242103e+01
4.693715594332417851e+01 4.286114787488132549e+01
4.693715594332417851e+01 4.746200453762754989e+01
4.693715594332417851e+01 4.555327663765892510e+01
4.693715594332417851e+01 4.802053127164431601e+01
4.693715594332417851e+01 5.021197383939986025e+01
4.693715594332417851e+01 5.807337145348480334e+01
4.693715594332417851e+01 4.632434215065479322e+01
4.693715594332417851e+01 4.064378004464071381e+01
4.693715594332417851e+01 4.801294254133059525e+01
4.693715594332417851e+01 4.349625933282129608e+01
4.693715594332417851e+01 4.711029481389790874e+01
4.693715594332417851e+01 4.637032885488798684e+01
4.693715594332417851e+01 4.909061563357560232e+01
4.693715594332417851e+01 4.716434559727908749e+01
4.693715594332417851e+01 4.355207982766324903e+01
4.693715594332417851e+01 4.408170017228250970e+01
4.693715594332417851e+01 4.534195771075082604e+01
4.693715594332417851e+01 4.901900278717901216e+01
4.693715594332417851e+01 4.897766255251449508e+01
4.693715594332417851e+01 4.327689950316852929e+01
4.693715594332417851e+01 4.105580915939961528e+01
4.693715594332417851e+01 4.661001036826575472e+01
4.693715594332417851e+01 4.735780467050344100e+01
4.693715594332417851e+01 4.455663160210964691e+01
4.693715594332417851e+01 4.227836119509632340e+01
4.693715594332417851e+01 4.545804895708080551e+01
4.693715594332417851e+01 4.893253733131717098e+01
4.693715594332417851e+01 4.965746274557474749e+01
4.693715594332417851e+01 4.449963578086864402e+01
4.693715594332417851e+01 4.988381973294898586e+01
4.693715594332417851e+01 3.874329534176420253e+01
4.693715594332417851e+01 4.613422493451407291e+01
4.693715594332417851e+01 4.082341138591168317e+01
4.693715594332417851e+01 4.477269468015898468e+01
4.693715594332417851e+01 4.234320160525553689e+01
4.693715594332417851e+01 4.560324589052527244e+01
4.693715594332417851e+01 4.237309328628396798e+01
4.693715594332417851e+01 5.217734688228412665e+01
4.693715594332417851e+01 4.741083205024376213e+01
4.693715594332417851e+01 4.229132034391127348e+01
4.693715594332417851e+01 4.847929127603610766e+01
4.693715594332417851e+01 4.820736271687997743e+01
4.693715594332417851e+01 4.242797273780812617e+01
4.693715594332417851e+01 4.722135315549331835e+01
4.693715594332417851e+01 4.651637614626865513e+01
4.693715594332417851e+01 5.046291168592910026e+01
4.693715594332417851e+01 4.874654166291156088e+01
4.693715594332417851e+01 5.406413255053001876e+01
4.693715594332417851e+01 4.624087276104319955e+01
4.693715594332417851e+01 4.768490941984852327e+01
4.693715594332417851e+01 4.867775550253334416e+01
4.693715594332417851e+01 4.525273537727071727e+01
4.693715594332417851e+01 4.415245052904480616e+01
4.693715594332417851e+01 4.616690394282696275e+01
4.693715594332417851e+01 4.971709848101129126e+01
4.693715594332417851e+01 4.301517111101392032e+01
4.693715594332417851e+01 4.635884183934533098e+01
4.693715594332417851e+01 4.631814460692680058e+01
4.693715594332417851e+01 4.397414496361871983e+01
4.693715594332417851e+01 4.983280433715833624e+01
4.693715594332417851e+01 4.886095277466336029e+01
4.693715594332417851e+01 4.840912019521424980e+01
4.693715594332417851e+01 4.852822042092788024e+01
4.693715594332417851e+01 4.981622000044655607e+01
4.693715594332417851e+01 4.031027741552900778e+01
4.693715594332417851e+01 4.456508930952071523e+01
4.693715594332417851e+01 4.658078565951453243e+01
4.693715594332417851e+01 4.964421540719924053e+01
4.693715594332417851e+01 4.470997081120117400e+01
4.693715594332417851e+01 4.476569327169674750e+01
4.693715594332417851e+01 4.509833653509855367e+01
4.693715594332417851e+01 4.328944068204460649e+01
4.693715594332417851e+01 4.342190438906396110e+01
4.693715594332417851e+01 4.974638032575633417e+01
4.693715594332417851e+01 5.110070214868248684e+01
4.693715594332417851e+01 5.125774368500456291e+01
4.693715594332417851e+01 4.078691186883933995e+01
4.693715594332417851e+01 5.143842045939847907e+01
4.693715594332417851e+01 4.659660906949545023e+01
4.693715594332417851e+01 4.676356492368468309e+01
4.693715594332417851e+01 4.399098356527723297e+01
4.693715594332417851e+01 4.736924265525596667e+01
4.693715594332417851e+01 4.615088031645672118e+01
4.693715594332417851e+01 4.776216877950495387e+01
4.693715594332417851e+01 4.607405422167840214e+01
4.693715594332417851e+01 4.842543574846153831e+01
4.693715594332417851e+01 4.447465868926723687e+01
4.693715594332417851e+01 4.259526343325032371e+01
4.693715594332417851e+01 4.860302055763612117e+01
4.693715594332417851e+01 4.255856741270322630e+01
4.693715594332417851e+01 5.044998890655628543e+01
4.693715594332417851e+01 4.917992053555668264e+01
4.693715594332417851e+01 4.889023305374990969e+01
4.693715594332417851e+01 4.736854782858720370e+01
4.693715594332417851e+01 3.712704914829038927e+01
