4.693715594332417851e+01 4.740340528090744954e+01
4.693715594332417851e+01 5.125314815373651811e+01
4.693715594332417851e+01 5.341335656210733163e+01
4.693715594332417851e+01 4.319299150008089327e+01
4.693715594332417851e+01 5.011377428121084421e+01
4.693715594332417851e+01 4.786575217725948050e+01
4.693715594332417851e+01 4.532574759663754094e+01
4.693715594332417851e+01 4.429716849721993555e+01
4.693715594332417851e+01 4.382851743931237820e+01
4.693715594332417851e+01 4.459061822125661223e+01
4.693715594332417851e+01 4.703037987078989346e+01
4.693715594332417851e+01 4.698862322018166537e+01
4.693715594332417851e+01 4.653422235170435073e+01
4.693715594332417851e+01 4.535290072283974183e+01
4.693715594332417851e+01 4.405321276170836597e+01
4.693715594332417851e+01 4.752446463342076299e+01
4.693715594332417851e+01 5.143778018674207431e+01
4.693715594332417851e+01 4.907087602286267725e+01
4.693715594332417851e+01 4.766301634741439841e+01
4.693715594332417851e+01 4.709039042220048543e+01
4.693715594332417851e+01 4.326395292946237703e+01
4.693715594332417851e+01 4.511052542374616792e+01
4.693715594332417851e+01 4.757051889188502258e+01
4.693715594332417851e+01 5.026580505708454183e+01
4.693715594332417851e+01 4.045845462688888006e+01
4.693715594332417851e+01 5.438454431134690026e+01
4.693715594332417851e+01 5.020343682566085874e+01
4.693715594332417851e+01 4.342061743842692323e+01
4.693715594332417851e+01 4.052563090206684393e+01
4.693715594332417851e+01 4.481216159929342524e+01
4.693715594332417851e+01 4.436331872983451063e+01
4.693715594332417851e+01 4.403352129618829736e+01
4.693715594332417851e+01 4.495620410449960502e+01
4.693715594332417851e+01 4.891438091778839237e+01
4.693715594332417851e+01 4.594247818761759561e+01
4.693715594332417851e+01 4.658850073989947305e+01
4.693715594332417851e+01 4.529616371392370411e+01
4.693715594332417851e+01 4.863354755348046865e+01
4.693715594332417851e+01 3.839593015547713861e+01
4.693715594332417851e+01 4.614768843541948939e+01
4.693715594332417851e+01 4.916888849111860793e+01
4.693715594332417851e+01 4.621285332942483137e+01
4.693715594332417851e+01 4.386417999937830814e+01
4.693715594332417851e+01 4.409542879734049592e+01
4.693715594332417851e+01 3.862789940127989752e+01
4.693715594332417851e+01 4.675760304558913560e+01
4.693715594332417851e+01 4.260518470381874323e+01
4.693715594332417851e+01 5.183299493660988588e+01
4.693715594332417851e+01 4.199681440871144389e+01
4.693715594332417851e+01 4.133145079572164349e+01
4.693715594332417851e+01 4.700737764408207653e+01
4.693715594332417851e+01 5.930056558716463400e+01
4.693715594332417851e+01 4.304435164438179839e+01
4.693715594332417851e+01 4.296815343721231528e+01
4.693715594332417851e+01 4.298198432952604975e+01
4.693715594332417851e+01 4.688608878845052885e+01
4.693715594332417851e+01 4.622545827344600156e+01
4.693715594332417851e+01 4.883800038238832997e+01
4.693715594332417851e+01 4.403936172621445166e+01
4.693715594332417851e+01 4.448418019491904829e+01
4.693715594332417851e+01 5.115145710702112325e+01
4.693715594332417851e+01 5.279600873802512950e+01
4.693715594332417851e+01 4.456999392829875006e+01
4.693715594332417851e+01 5.302897334985959077e+01
4.693715594332417851e+01 4.387731395788218691e+01
4.693715594332417851e+01 4.673373185011780606e+01
4.693715594332417851e+01 4.372681523029524442e+01
4.693715594332417851e+01 5.291750327605527104e+01
4.693715594332417851e+01 4.512265590089199208e+01
4.693715594332417851e+01 4.849723820156991394e+01
4.693715594332417851e+01 4.710529046442973566e+01
4.693715594332417851e+01 4.359403600115440014e+01
4.693715594332417851e+01 5.143174663554469817e+01
4.693715594332417851e+01 5.119398345654521165e+01
4.693715594332417851e+01 4.721135855214668453e+01
4.693715594332417851e+01 4.371836201672606848e+01
4.693715594332417851e+01 4.914489263343791237e+01
4.693715594332417851e+01 4.290520560828673524e+01
4.693715594332417851e+01 4.741742107046528787e+01
4.693715594332417851e+01 4.538410347621695706e+01
4.693715594332417851e+01 4.855914923214193379e+01
4.693715594332417851e+01 4.733309760857400761e+01
4.693715594332417851e+01 4.735936197810788428e+01
4.693715594332417851e+01 4.220349559491772595e+01
4.693715594332417851e+01 4.822795009631799701e+01
4.693715594332417851e+01 4.288674896237984768e+01
4.693715594332417851e+01 4.836810011487435190e+01
4.693715594332417851e+01 4.292396679525636927e+01
4.693715594332417851e+01 4.644878897300807807e+01
4.693715594332417851e+01 4.537747910314580935e+01
4.693715594332417851e+01 4.442555134339600187e+01
4.693715594332417851e+01 3.731501702945251964e+01
4.693715594332417851e+01 4.598568780967463709e+01
4.693715594332417851e+01 4.743956572508832181e+01
4.693715594332417851e+01 4.623345893268977846e+01
4.693715594332417851e+01 4.269771124540973517e+01
4.693715594332417851e+01 5.163004727806281835e+01
4.693715594332417851e+01 4.611755498436178158e+01
4.693715594332417851e+01 4.927973781632545780e+01
4.693715594332417851e+01 4.086993516383444813e+01
4.693715594332417851e+01 4.624159135173216129e+01
4.693715594332417851e+01 4.815221409208315606e+01
4.693715594332417851e+01 4.483672393761487029e+01
4.693715594332417851e+01 4.010499284260929898e+01
4.693715594332417851e+01 4.427871817828093981e+01
4.693715594332417851e+01 4.470444716446328925e+01
4.693715594332417851e+01 4.961464138997090600e+01
4.693715594332417851e+01 4.267506503917448413e+01
4.693715594332417851e+01 3.981466116092984464e+01
4.693715594332417851e+01 4.478734775966330517e+01
4.693715594332417851e+01 4.695473167702261463e+01
4.693715594332417851e+01 5.032647529171605072e+01
4.693715594332417851e+01 4.808150339316917865e+01
4.693715594332417851e+01 4.718185495331762525e+01
4.693715594332417851e+01 4.657184907676485608e+01
4.693715594332417851e+01 4.673143339306210464e+01
4.693715594332417851e+01 4.696257084869080245e+01
4.693715594332417851e+01 4.928866338619836540e+01
4.693715594332417851e+01 4.606631075864341085e+01
4.693715594332417851e+01 4.311674787300270850e+01
4.693715594332417851e+01 5.044119728719527984e+01
4.693715594332417851e+01 4.792771468955834990e+01
4.693715594332417851e+01 4.214699566285503352e+01
4.693715594332417851e+01 4.544618824685473868e+01
4.693715594332417851e+01 5.036094197554754004e+01
4.693715594332417851e+01 4.363643960837021751e+01
4.693715594332417851e+01 4.426872609415190141e+01
4.693715594332417851e+01 4.913104077644464951e+01
4.693715594332417851e+01 4.610314934666881470e+01
4.693715594332417851e+01 5.238939334854698160e+01
4.693715594332417851e+01 4.510067439740768691e+01
4.693715594332417851e+01 4.962234940093316027e+01
4.693715594332417851e+01 4.919907859671381090e+01
4.693715594332417851e+01 4.741535362231893203e+01
4.693715594332417851e+01 5.128606902154266578e+01
4.693715594332417851e+01 4.221479476857663116e+01
4.693715594332417851e+01 4.780566097234137857e+01
4.693715594332417851e+01 4.362075093511313639e+01
4.693715594332417851e+01 4.789031392117814079e+01
4.693715594332417851e+01 4.409150672846929098e+01
4.693715594332417851e+01 4.737473683149912773e+01
4.693715594332417851e+01 4.775557976038206931e+01
4.693715594332417851e+01 4.586782020420800876e+01
4.693715594332417851e+01 4.821171011092560832e+01
4.693715594332417851e+01 4.056502588791220631e+01
4.693715594332417851e+01 5.053024358346193878e+01
4.693715594332417851e+01 4.224087593008056984e+01
4.693715594332417851e+01 4.538338384632606903e+01
4.693715594332417851e+01 4.523487728226602655e+01
4.693715594332417851e+01 4.056644557224850445e+01
4.693715594332417851e+01 4.500530060916527475e+01
4.693715594332417851e+01 4.921378125349441035e+01
4.693715594332417851e+01 4.780936902682553580e+01
4.693715594332417851e+01 4.377665313537413283e+01
4.693715594332417851e+01 4.919663465193610818e+01
4.693715594332417851e+01 4.726669977628149155e+01
4.693715594332417851e+01 4.641596263686862045e+01
4.693715594332417851e+01 4.094596293868022485e+01
4.693715594332417851e+01 3.611952336365747840e+01
4.693715594332417851e+01 4.745745908620069997e+01
4.693715594332417851e+01 4.448772645463600384e+01
4.693715594332417851e+01 4.952891484066974925e+01
4.693715594332417851e+01 4.338533398050899592e+01
4.693715594332417851e+01 4.673925770169302041e+01
4.693715594332417851e+01 4.409584700747450370e+01
4.693715594332417851e+01 4.057568412897423826e+01
4.693715594332417851e+01 4.002197632362710067e+01
4.693715594332417851e+01 4.529277092341361310e+01
4.693715594332417851e+01 4.295960098858029852e+01
4.693715594332417851e+01 4.248066151919448430e+01
4.693715594332417851e+01 4.758492316199523486e+01
4.693715594332417851e+01 4.539986206975166994e+01
4.693715594332417851e+01 5.064108074940266846e+01
4.693715594332417851e+01 4.365673785458383094e+01
4.693715594332417851e+01 4.607195293217208132e+01
4.693715594332417851e+01 3.986827688985046336e+01
4.693715594332417851e+01 4.449581497181805645e+01
4.693715594332417851e+01 3.999728460305750133e+01
4.693715594332417851e+01 4.763258892971600744e+01
4.693715594332417851e+01 4.640354625725010607e+01
4.693715594332417851e+01 4.611620747845587687e+01
4.693715594332417851e+01 5.133560642207132219e+01
4.693715594332417851e+01 4.174970267660393120e+01
4.693715594332417851e+01 4.637496024935145300e+01
4.693715594332417851e+01 4.198987254605058439e+01
4.693715594332417851e+01 5.015986174686711507e+01
4.693715594332417851e+01 4.823618445294886214e+01
4.693715594332417851e+01 4.269534167854475726e+01
4.693715594332417851e+01 4.422204087957794627e+01
4.693715594332417851e+01 4.176347422027934897e+01
4.693715594332417851e+01 4.746666556736771270e+01
4.693715594332417851e+01 4.538840978102693668e+01
4.693715594332417851e+01 4.317604948495863937e+01
4.693715594332417851e+01 4.677335662513155512e+01
4.693715594332417851e+01 4.578285983343408816e+01
4.693715594332417851e+01 5.127548059941071301e+01
4.693715594332417851e+01 4.582084238766982764e+01
4.693715594332417851e+01 4.442132868789336442e+01
4.693715594332417851e+01 5.130731353400310013e+01
4.693715594332417851e+01 4.270576884001224727e+01
4.693715594332417851e+01 4.456744908784402526e+01
4.693715594332417851e+01 4.618451055267652094e+01
4.693715594332417851e+01 4.884221885383093564e+01
4.693715594332417851e+01 4.879860017010156525e+01
4.693715594332417851e+01 4.384732495340286107e+01
4.693715594332417851e+01 4.271443226511532743e+01
4.693715594332417851e+01 4.826128319555715507e+01
4.693715594332417851e+01 5.161383026111009542e+01
4.693715594332417851e+01 4.580656714939472351e+01
4.693715594332417851e+01 4.738639378772013089e+01
4.693715594332417851e+01 5.012244788766143699e+01
4.693715594332417851e+01 4.729885401891427676e+01
4.693715594332417851e+01 4.604434063769468111e+01
4.693715594332417851e+01 4.677910855963905590e+01
4.693715594332417851e+01 5.036717993958251327e+01
4.693715594332417851e+01 5.144730812196358727e+01
4.693715594332417851e+01 4.155569854462729040e+01
4.693715594332417851e+01 5.020335065948768261e+01
4.693715594332417851e+01 4.353262787517054733e+01
4.693715594332417851e+01 4.437100838472300524e+01
4.693715594332417851e+01 4.999545831865552259e+01
4.693715594332417851e+01 4.546654223853280996e+01
4.693715594332417851e+01 4.329965229371365609e+01
4.693715594332417851e+01 4.133393959367158743e+01
4.693715594332417851e+01 4.840028958064128517e+01
4.693715594332417851e+01 5.011858472679524112e+01
4.693715594332417851e+01 5.168040874288215747e+01
4.693715594332417851e+01 4.779472296884133442e+01
4.693715594332417851e+01 4.897049845793117839e+01
4.693715594332417851e+01 5.087842600106527868e+01
4.693715594332417851e+01 4.938604443665118993e+01
4.693715594332417851e+01 4.976670471862252043e+01
4.693715594332417851e+01 4.671236678118848573e+01
4.693715594332417851e+01 4.549441302272572329e+01
4.693715594332417851e+01 4.402748774162705558e+01
4.693715594332417851e+01 4.481927730580603253e+01
4.693715594332417851e+01 5.557932713121923740e+01
4.693715594332417851e+01 4.678629048062351359e+01
4.693715594332417851e+01 4.797137210943855479e+01
4.693715594332417851e+01 4.939303172869759351e+01
4.693715594332417851e+01 5.058184675271797204e+01
4.693715594332417851e+01 4.279183214642718980e+01
4.693715594332417851e+01 5.137131534341039441e+01
4.693715594332417851e+01 5.139130301332392037e+01
4.693715594332417851e+01 4.892293746502650009e+01
4.693715594332417851e+01 4.824927816636244415e+01
4.693715594332417851e+01 4.583415463269506063e+01
4.693715594332417851e+01 4.813165456102098005e+01
4.693715594332417851e+01 4.694336861004671846e+01
4.693715594332417851e+01 4.428215086571444914e+01
4.693715594332417851e+01 4.522596483325770578e+01
4.693715594332417851e+01 4.606235247383817466e+01
4.693715594332417851e+01 5.096855126200761532e+01
4.693715594332417851e+01 4.691890500610679737e+01
4.693715594332417851e+01 4.721482359527308148e+01
4.693715594332417851e+01 4.771360125802294050e+01
4.693715594332417851e+01 4.782600172368440639e+01
4.693715594332417851e+01 4.649297771347646346e+01
4.693715594332417851e+01 4.568312510986417152e+01
4.693715594332417851e+01 4.894142008239531094e+01
4.693715594332417851e+01 4.479610563162641057e+01
4.693715594332417851e+01 4.620729627587055433e+01
4.693715594332417851e+01 4.597975992798063061e+01
4.693715594332417851e+01 4.579765266775044097e+01
4.693715594332417851e+01 4.912971722963074939e+01
4.693715594332417851e+01 4.631330639944351901e+01
4.693715594332417851e+01 4.231096149940334783e+01
4.693715594332417851e+01 4.411048954547203493e+01
4.693715594332417851e+01 4.433212863064665754e+01
4.693715594332417851e+01 5.090634754179212962e+01
4.693715594332417851e+01 5.023584612207771016e+01
4.693715594332417851e+01 5.050331039851013060e+01
4.693715594332417851e+01 4.516972130514108130e+01
4.693715594332417851e+01 4.433793463639417354e+01
4.693715594332417851e+01 4.810898969253771895e+01
4.693715594332417851e+01 4.202791024040799783e+01
4.693715594332417851e+01 4.662367784484959543e+01
4.693715594332417851e+01 4.234469395203409192e+01
4.693715594332417851e+01 4.564461740447353577e+01
4.693715594332417851e+01 4.342150812190988773e+01
4.693715594332417851e+01 4.460540513025604525e+01
4.693715594332417851e+01 4.328884369966799994e+01
4.693715594332417851e+01 4.550632301229593679e+01
4.693715594332417851e+01 4.956524400796585184e+01
4.693715594332417851e+01 4.941975931827656154e+01
4.693715594332417851e+01 4.205507066106465430e+01
4.693715594332417851e+01 4.586588484924948972e+01
4.693715594332417851e+01 4.949165090407911549e+01
4.693715594332417851e+01 4.772160768160495792e+01
4.693715594332417851e+01 4.279518065040436881e+01
4.693715594332417851e+01 4.217134125629645069e+01
4.693715594332417851e+01 4.653673660770081000e+01
4.693715594332417851e+01 4.690437362705411317e+01
4.693715594332417851e+01 4.741739697525035524e+01
4.693715594332417851e+01 4.921346251390117743e+01
4.693715594332417851e+01 4.327078878715818178e+01
4.693715594332417851e+01 4.647303849184196878e+01
4.693715594332417851e+01 5.185808622810239399e+01
4.693715594332417851e+01 4.175638888316670005e+01
4.693715594332417851e+01 4.455445283343878060e+01
4.693715594332417851e+01 4.616515946873447973e+01
4.693715594332417851e+01 4.946580551076053212e+01
4.693715594332417851e+01 4.769372912781702212e+01
4.693715594332417851e+01 5.231290880980916569e+01
4.693715594332417851e+01 4.495453535545359358e+01
4.693715594332417851e+01 4.750595829432149486e+01
4.693715594332417851e+01 4.861869440288258204e+01
4.693715594332417851e+01 4.827503756757508313e+01
4.693715594332417851e+01 4.057104940883939292e+01
4.693715594332417851e+01 4.537989657204757776e+01
4.693715594332417851e+01 5.085728486485505329e+01
4.693715594332417851e+01 4.366815900919469584e+01
4.693715594332417851e+01 4.512170978547722200e+01
4.693715594332417851e+01 5.359756526326017223e+01
4.693715594332417851e+01 4.362910575514473521e+01
4.693715594332417851e+01 4.740929990787566339e+01
4.693715594332417851e+01 4.680397798447869917e+01
4.693715594332417851e+01 5.062774057296314822e+01
4.693715594332417851e+01 4.273411776580923060e+01
4.693715594332417851e+01 4.183740263954355498e+01
4.693715594332417851e+01 4.806023578342268365e+01
4.693715594332417851e+01 4.982371514435601512e+01
4.693715594332417851e+01 4.075692894197749183e+01
4.693715594332417851e+01 4.218683397547845715e+01
4.693715594332417851e+01 4.711781535190370107e+01
4.693715594332417851e+01 4.473725849644048935e+01
4.693715594332417851e+01 5.061989403128427512e+01
4.693715594332417851e+01 4.467222454957727962e+01
4.693715594332417851e+01 4.681603750840942979e+01
4.693715594332417851e+01 5.403407022428604023e+01
4.693715594332417851e+01 4.376294094840414317e+01
4.693715594332417851e+01 5.122878143944219431e+01
4.693715594332417851e+01 4.829197211974788218e+01
4.693715594332417851e+01 4.451082027527291984e+01
4.693715594332417851e+01 4.516472292426962554e+01
4.693715594332417851e+01 4.547888038728405036e+01
4.693715594332417851e+01 4.517999491163472214e+01
4.693715594332417851e+01 4.691793403257891981e+01
4.693715594332417851e+01 4.867531363504041053e+01
4.693715594332417851e+01 4.399999326024128266e+01
4.693715594332417851e+01 4.573044909999325824e+01
4.693715594332417851e+01 4.491140550550695565e+01
4.693715594332417851e+01 4.379822241357724266e+01
4.693715594332417851e+01 5.149899052645861985e+01
4.693715594332417851e+01 4.611775352658157345e+01
4.693715594332417851e+01 4.435740665477368339e+01
4.693715594332417851e+01 4.635073490504137084e+01
4.693715594332417851e+01 4.442992358769417649e+01
4.693715594332417851e+01 4.845894659237899305e+01
4.693715594332417851e+01 4.839556320567130854e+01
4.693715594332417851e+01 4.414415060371648281e+01
4.693715594332417851e+01 5.031577524860909989e+01
4.693715594332417851e+01 4.489050103333539710e+01
4.693715594332417851e+01 5.320897561946854637e+01
4.693715594332417851e+01 4.727457354296952730e+01
4.693715594332417851e+01 4.459421589328013624e+01
4.693715594332417851e+01 4.741770116963139969e+01
4.693715594332417851e+01 4.608054984550147282e+01
4.693715594332417851e+01 4.420795965523512905e+01
4.693715594332417851e+01 5.095107897285259924e+01
4.693715594332417851e+01 4.760344657144290181e+01
4.693715594332417851e+01 4.586330368991426809e+01
4.693715594332417851e+01 4.983918474398717535e+01
4.693715594332417851e+01 4.454449487577581124e+01
4.693715594332417851e+01 4.619422084852918431e+01
4.693715594332417851e+01 4.067466205749343544e+01
4.693715594332417851e+01 4.580802141393885307e+01
4.693715594332417851e+01 4.379722086692143534e+01
4.693715594332417851e+01 4.014782305288908049e+01
4.693715594332417851e+01 4.700224913688099093e+01
4.693715594332417851e+01 4.531206960237386738e+01
4.693715594332417851e+01 5.198836416261831062e+01
4.693715594332417851e+01 4.153343017372947088e+01
4.693715594332417851e+01 4.218386604505320037e+01
4.693715594332417851e+01 5.087088269468892321e+01
4.693715594332417851e+01 4.216935718779708964e+01
4.693715594332417851e+01 4.478031845375036823e+01
4.693715594332417851e+01 4.868694487088170320e+01
4.693715594332417851e+01 4.612498008885876288e+01
4.693715594332417851e+01 4.912337482085848706e+01
4.693715594332417851e+01 5.396560450427415390e+01
4.693715594332417851e+01 5.221743738533624679e+01
4.693715594332417851e+01 4.750753976547886026e+01
4.693715594332417851e+01 4.779899791509841833e+01
4.693715594332417851e+01 4.929349602578531631e+01
4.693715594332417851e+01 4.279940376968163918e+01
4.693715594332417851e+01 4.730022467987189572e+01
4.693715594332417851e+01 4.872694412939307540e+01
4.693715594332417851e+01 3.996677415184424831e+01
4.693715594332417851e+01 4.462390282694281041e+01
4.693715594332417851e+01 4.804070335507311285e+01
4.693715594332417851e+01 4.562729032170206978e+01
4.693715594332417851e+01 5.162166961762942918e+01
4.693715594332417851e+01 4.573162717511717545e+01
4.693715594332417851e+01 4.355993394683492426e+01
4.693715594332417851e+01 4.306340591980159616e+01
4.693715594332417851e+01 4.609641162622872201e+01
4.693715594332417851e+01 4.629109450551656124e+01
4.693715594332417851e+01 4.750076496809776216e+01
4.693715594332417851e+01 4.779554746299718460e+01
4.693715594332417851e+01 4.396911203939973234e+01
4.693715594332417851e+01 4.152131274658118798e+01
4.693715594332417851e+01 4.294195948670721918e+01
4.693715594332417851e+01 4.840688636711679038e+01
4.693715594332417851e+01 4.742901677999186205e+01
4.693715594332417851e+01 4.709287191424280650e+01
4.693715594332417851e+01 4.441802405980583046e+01
4.693715594332417851e+01 4.776424735891671958e+01
4.693715594332417851e+01 4.720626687590506521e+01
4.693715594332417851e+01 4.731969980658575281e+01
4.693715594332417851e+01 4.607931773465524827e+01
4.693715594332417851e+01 4.973060619421826090e+01
4.693715594332417851e+01 4.243810886346087585e+01
4.693715594332417851e+01 4.931333829335223129e+01
4.693715594332417851e+01 4.475237671630331704e+01
4.693715594332417851e+01 4.437203877541944053e+01
4.693715594332417851e+01 4.052513766483458113e+01
4.693715594332417851e+01 4.541710159970742211e+01
4.693715594332417851e+01 4.476444420678751612e+01
4.693715594332417851e+01 4.183994730868872125e+01
4.693715594332417851e+01 4.865929236767498622e+01
4.693715594332417851e+01 4.254109980661042556e+01
4.693715594332417851e+01 4.773409271277681398e+01
4.693715594332417851e+01 4.991065822530657670e+01
4.693715594332417851e+01 4.055230162984759090e+01
4.693715594332417851e+01 4.931987780013008660e+01
4.693715594332417851e+01 5.032738849907077849e+01
4.693715594332417851e+01 4.736544600554251616e+01
4.693715594332417851e+01 4.258040171993633294e+01
4.693715594332417851e+01 4.881180138780025857e+01
4.693715594332417851e+01 4.588562626680052148e+01
4.693715594332417851e+01 4.613525245285980247e+01
4.693715594332417851e+01 4.991025693488266057e+01
4.693715594332417851e+01 4.188779543538692707e+01
4.693715594332417851e+01 4.956321577678156842e+01
4.693715594332417851e+01 4.503440277141510251e+01
4.693715594332417851e+01 4.445291070469302497e+01
4.693715594332417851e+01 4.907462043797200124e+01
4.693715594332417851e+01 4.293796677553191188e+01
4.693715594332417851e+01 4.363906584498835173e+01
4.693715594332417851e+01 4.398920632279899223e+01
4.693715594332417851e+01 4.505021877933927499e+01
4.693715594332417851e+01 5.716804631280424331e+01
4.693715594332417851e+01 3.994210190928455972e+01
4.693715594332417851e+01 4.310964487291165170e+01
4.693715594332417851e+01 4.718192191900450183e+01
4.693715594332417851e+01 4.238772642805193414e+01
4.693715594332417851e+01 4.895539306994850648e+01
4.693715594332417851e+01 5.299585682368223871e+01
4.693715594332417851e+01 4.958070647101522610e+01
4.693715594332417851e+01 4.589480987719181115e+01
4.693715594332417851e+01 4.575845564457940640e+01
4.693715594332417851e+01 4.876946606937654849e+01
4.693715594332417851e+01 4.960516604891452630e+01
4.693715594332417851e+01 4.448515804455624334e+01
4.693715594332417851e+01 5.000817459666360776e+01
4.693715594332417851e+01 5.842595243977756780e+01
4.693715594332417851e+01 4.603311114333888554e+01
4.693715594332417851e+01 5.357349792179773118e+01
4.693715594332417851e+01 4.015290278773783683e+01
4.693715594332417851e+01 4.322710702969746421e+01
4.693715594332417851e+01 4.865816504929592412e+01
4.693715594332417851e+01 4.095240092797656928e+01
4.693715594332417851e+01 4.555993585028730308e+01
4.693715594332417851e+01 4.272415565836109863e+01
4.693715594332417851e+01 5.024427545727490241e+01
4.693715594332417851e+01 4.669914519423011967e+01
4.693715594332417851e+01 4.514332700082128014e+01
4.693715594332417851e+01 4.994037974413868852e+01
4.693715594332417851e+01 4.620033218548913112e+01
4.693715594332417851e+01 4.623322991040642194e+01
4.693715594332417851e+01 4.905406736840181736e+01
4.693715594332417851e+01 4.782134496242859711e+01
4.693715594332417851e+01 4.994927903368392919e+01
4.693715594332417851e+01 4.477239298765831421e+01
4.693715594332417851e+01 4.018926582634789924e+01
4.693715594332417851e+01 4.291814589753325038e+01
4.693715594332417851e+01 4.867066917321199782e+01
4.693715594332417851e+01 4.780431456606845586e+01
4.693715594332417851e+01 4.495463897569141665e+01
4.693715594332417851e+01 4.294882923646937911e+01
4.693715594332417851e+01 4.873692295867661528e+01
4.693715594332417851e+01 4.160750870251214195e+01
4.693715594332417851e+01 4.001950700890866841e+01
4.693715594332417851e+01 4.930671907128896692e+01
4.693715594332417851e+01 4.493883689485454624e+01
4.693715594332417851e+01 4.830259618463618665e+01
4.693715594332417851e+01 4.202863320080310672e+01
4.693715594332417851e+01 4.532075317183458907e+01
4.693715594332417851e+01 4.601750786854886144e+01
4.693715594332417851e+01 4.914747868926757235e+01
4.693715594332417851e+01 4.382344928069193202e+01
4.693715594332417851e+01 4.734904209275433118e+01
4.693715594332417851e+01 4.812428158330793337e+01
4.693715594332417851e+01 3.991648813306801458e+01
4.693715594332417851e+01 4.090981490927212150e+01
4.693715594332417851e+01 4.248654936044179209e+01
4.693715594332417851e+01 4.716874873002851132e+01
4.693715594332417851e+01 4.991423586381413458e+01
4.693715594332417851e+01 4.689445391200194280e+01
4.693715594332417851e+01 4.654864391388177580e+01
4.693715594332417851e+01 4.536431700193638505e+01
4.693715594332417851e+01 4.089817632263802949e+01
4.693715594332417851e+01 4.600801944065826632e+01
4.693715594332417851e+01 4.578373519202968112e+01
4.693715594332417851e+01 4.436591522370169116e+01
4.693715594332417851e+01 4.539992730457164782e+01
4.693715594332417851e+01 4.410955460402848161e+01
4.693715594332417851e+01 4.352945176280582729e+01
4.693715594332417851e+01 4.494058853463337044e+01
4.693715594332417851e+01 5.370502728486901134e+01
4.693715594332417851e+01 4.239507092663454557e+01
4.693715594332417851e+01 5.431702009196661152e+01
4.693715594332417851e+01 4.818679435603946359e+01
4.693715594332417851e+01 4.875217993219579427e+01
4.693715594332417851e+01 4.742285050080449338e+01
4.693715594332417851e+01 5.423451790974593223e+01
4.693715594332417851e+01 4.459259608403704789e+01
4.693715594332417851e+01 4.613687100247366857e+01
4.693715594332417851e+01 4.108149748227471321e+01
4.693715594332417851e+01 4.387396608232401007e+01
4.693715594332417851e+01 4.488740727959338983e+01
4.693715594332417851e+01 4.378947417288983956e+01
4.693715594332417851e+01 4.651108255591540797e+01
4.693715594332417851e+01 4.670703521571368810e+01
4.693715594332417851e+01 4.354207434015989975e+01
4.693715594332417851e+01 5.140524453685110018e+01
4.693715594332417851e+01 5.145407226152234870e+01
4.693715594332417851e+01 4.816092069639745432e+01
4.693715594332417851e+01 5.143991027620470646e+01
4.693715594332417851e+01 4.456433247998733549e+01
4.693715594332417851e+01 4.427622312290515083e+01
4.693715594332417851e+01 4.196938133088131195e+01
4.693715594332417851e+01 5.059013549901014528e+01
4.693715594332417851e+01 4.979152754678280246e+01
4.693715594332417851e+01 4.249279554813742266e+01
4.693715594332417851e+01 4.550868718361157761e+01
4.693715594332417851e+01 4.275041581631622023e+01
4.693715594332417851e+01 4.477491789431407199e+01
4.693715594332417851e+01 4.486075668500651403e+01
4.693715594332417851e+01 4.341450144887149776e+01
4.693715594332417851e+01 5.098218867679712218e+01
4.693715594332417851e+01 5.299681103075828048e+01
4.693715594332417851e+01 4.621424984527875779e+01
4.693715594332417851e+01 4.707206240176563483e+01
4.693715594332417851e+01 4.736993347538727051e+01
4.693715594332417851e+01 4.875390842990376683e+01
4.693715594332417851e+01 4.855470304025676143e+01
4.693715594332417851e+01 4.620127370895832541e+01
4.693715594332417851e+01 4.600866682355488990e+01
4.693715594332417851e+01 4.949079152530154602e+01
4.693715594332417851e+01 5.245335138268990249e+01
4.693715594332417851e+01 4.472008083904332665e+01
4.693715594332417851e+01 5.140095667090825060e+01
4.693715594332417851e+01 5.079834947987691152e+01
4.693715594332417851e+01 4.688953581363944778e+01
4.693715594332417851e+01 4.551597249391403466e+01
4.693715594332417851e+01 4.845599948646162147e+01
4.693715594332417851e+01 4.241971986145225770e+01
4.693715594332417851e+01 4.333661820961319933e+01
4.693715594332417851e+01 4.654001806840891220e+01
4.693715594332417851e+01 4.370102290688702595e+01
4.693715594332417851e+01 4.560659363529515531e+01
4.693715594332417851e+01 4.820245730498849923e+01
4.693715594332417851e+01 5.110542661395940200e+01
4.693715594332417851e+01 5.067467540427112027e+01
4.693715594332417851e+01 4.493333504100926490e+01
4.693715594332417851e+01 4.465879794217559606e+01
4.693715594332417851e+01 4.960079613038850255e+01
4.693715594332417851e+01 4.646083070875491927e+01
4.693715594332417851e+01 4.493939023079582995e+01
4.693715594332417851e+01 4.433265197737677710e+01
4.693715594332417851e+01 4.724030698998795685e+01
4.693715594332417851e+01 4.388635465794672541e+01
4.693715594332417851e+01 4.756596373296304137e+01
4.693715594332417851e+01 4.874469717728976548e+01
4.693715594332417851e+01 4.460821862174858410e+01
4.693715594332417851e+01 4.503353739802801670e+01
4.693715594332417851e+01 4.303419679989991664e+01
4.693715594332417851e+01 4.604151688804525833e+01
4.693715594332417851e+01 4.295038162985697028e+01
4.693715594332417851e+01 4.923589516863552973e+01
4.693715594332417851e+01 4.499952485808784530e+01
4.693715594332417851e+01 4.865960860833280321e+01
4.693715594332417851e+01 4.412679729941220330e+01
4.693715594332417851e+01 4.733413572521291002e+01
4.693715594332417851e+01 4.225714771559875516e+01
4.693715594332417851e+01 4.766525138445759069e+01
4.693715594332417851e+01 5.028066750385707451e+01
4.693715594332417851e+01 4.095648925167826349e+01
4.693715594332417851e+01 4.144791701000460193e+01
4.693715594332417851e+01 4.477999827269046307e+01
4.693715594332417851e+01 4.953520804040044823e+01
4.693715594332417851e+01 5.218310497357714439e+01
4.693715594332417851e+01 4.887934525702849697e+01
4.693715594332417851e+01 4.459583204635915621e+01
4.693715594332417851e+01 4.540567577422090295e+01
4.693715594332417851e+01 4.195883143961850692e+01
4.693715594332417851e+01 4.534673550163483213e+01
4.693715594332417851e+01 4.441210583647558963e+01
4.693715594332417851e+01 4.643529869300846968e+01
4.693715594332417851e+01 4.546406533337512457e+01
4.693715594332417851e+01 4.429315300080195072e+01
4.693715594332417851e+01 4.234422649016455864e+01
4.693715594332417851e+01 4.284507566474130158e+01
4.693715594332417851e+01 4.062676377834397812e+01
4.693715594332417851e+01 5.389195942062936950e+01
4.693715594332417851e+01 4.866733171506971445e+01
4.693715594332417851e+01 4.976856410176216627e+01
4.693715594332417851e+01 3.943086872464542836e+01
4.693715594332417851e+01 5.034465063450718247e+01
4.693715594332417851e+01 4.358613244543584386e+01
4.693715594332417851e+01 4.659030089860909385e+01
4.693715594332417851e+01 5.118500671384800427e+01
4.693715594332417851e+01 4.463416944592986368e+01
4.693715594332417851e+01 4.700828680124743641e+01
4.693715594332417851e+01 4.585153297832776786e+01
4.693715594332417851e+01 4.973076400112231710e+01
4.693715594332417851e+01 5.363788351229882068e+01
4.693715594332417851e+01 4.828359229032717082e+01
4.693715594332417851e+01 4.088688436250752289e+01
4.693715594332417851e+01 4.373628242639284736e+01
4.693715594332417851e+01 4.582498726987520854e+01
4.693715594332417851e+01 4.599944731297795641e+01
4.693715594332417851e+01 4.555940372872026245e+01
4.693715594332417851e+01 4.508193258615123256e+01
4.693715594332417851e+01 5.168573758796652129e+01
4.693715594332417851e+01 4.194314200720270946e+01
4.693715594332417851e+01 4.556781573595704771e+01
4.693715594332417851e+01 4.148482313809171984e+01
4.693715594332417851e+01 4.459146688708029416e+01
4.693715594332417851e+01 4.674970288611575597e+01
4.693715594332417851e+01 3.945684012554988129e+01
4.693715594332417851e+01 4.998096229166834092e+01
4.693715594332417851e+01 4.697280692174790317e+01
4.693715594332417851e+01 5.109133068221098739e+01
4.693715594332417851e+01 4.799814494587411673e+01
4.693715594332417851e+01 4.563557930444309818e+01
4.693715594332417851e+01 4.926652874784458191e+01
4.693715594332417851e+01 4.391481674814609448e+01
4.693715594332417851e+01 4.666788440723200893e+01
4.693715594332417851e+01 5.304012876862353210e+01
4.693715594332417851e+01 4.540865140878369743e+01
4.693715594332417851e+01 4.632880716352461548e+01
4.693715594332417851e+01 4.774570035961834691e+01
4.693715594332417851e+01 5.080767708308270159e+01
4.693715594332417851e+01 3.892747768077826009e+01
4.693715594332417851e+01 4.649380412292553189e+01
4.693715594332417851e+01 4.705551620016164094e+01
4.693715594332417851e+01 4.908748381947754069e+01
4.693715594332417851e+01 4.332425645950067405e+01
4.693715594332417851e+01 4.192813444020242741e+01
4.693715594332417851e+01 4.282140222604547120e+01
4.693715594332417851e+01 4.234939951647008627e+01
4.693715594332417851e+01 4.400455640568291926e+01
4.693715594332417851e+01 4.423381601191634616e+01
4.693715594332417851e+01 4.319460530762017925e+01
4.693715594332417851e+01 4.768043543570275489e+01
4.693715594332417851e+01 4.091821492225848544e+01
4.693715594332417851e+01 4.046940080545650886e+01
4.693715594332417851e+01 4.771244225992099786e+01
4.693715594332417851e+01 4.746273736768073093e+01
4.693715594332417851e+01 5.071662391923004520e+01
4.693715594332417851e+01 4.665265034936137312e+01
4.693715594332417851e+01 4.809809736750486309e+01
4.693715594332417851e+01 4.838371604733956133e+01
4.693715594332417851e+01 4.239433608717886415e+01
4.693715594332417851e+01 4.947941529952237971e+01
4.693715594332417851e+01 4.597578948695370826e+01
4.693715594332417851e+01 4.618633466156740042e+01
4.693715594332417851e+01 4.954691421446967325e+01
4.693715594332417851e+01 4.137606568633552229e+01
4.693715594332417851e+01 4.307165804414626109e+01
4.693715594332417851e+01 4.210143547094012462e+01
4.693715594332417851e+01 3.971024041088382006e+01
4.693715594332417851e+01 4.550059674624176864e+01
4.693715594332417851e+01 4.439214398843875387e+01
4.693715594332417851e+01 5.213243916885669194e+01
4.693715594332417851e+01 5.153410181793195477e+01
4.693715594332417851e+01 5.467446570076858592e+01
4.693715594332417851e+01 4.296472597757605882e+01
4.693715594332417851e+01 4.534199462043179807e+01
4.693715594332417851e+01 4.271775666992090237e+01
4.693715594332417851e+01 4.389427384493450290e+01
4.693715594332417851e+01 4.495461249409513016e+01
4.693715594332417851e+01 3.879843084904322126e+01
4.693715594332417851e+01 4.779538876444893702e+01
4.693715594332417851e+01 4.256459094614508132e+01
4.693715594332417851e+01 4.394763636218450387e+01
4.693715594332417851e+01 4.748568351445663893e+01
4.693715594332417851e+01 4.493432807299461729e+01
4.693715594332417851e+01 5.191177042526256002e+01
4.693715594332417851e+01 4.679718528661111776e+01
4.693715594332417851e+01 4.429088775355763374e+01
4.693715594332417851e+01 5.119166381540278365e+01
4.693715594332417851e+01 4.449702791562884840e+01
4.693715594332417851e+01 4.860197595897678013e+01
4.693715594332417851e+01 4.460419731704554636e+01
4.693715594332417851e+01 4.581979092916731844e+01
4.693715594332417851e+01 4.625095895370049703e+01
4.693715594332417851e+01 3.902998719862721799e+01
4.693715594332417851e+01 5.082597276724983715e+01
4.693715594332417851e+01 4.386907631319868983e+01
4.693715594332417851e+01 4.442917047053877155e+01
4.693715594332417851e+01 4.519802900433979431e+01
4.693715594332417851e+01 4.611084286718738667e+01
4.693715594332417851e+01 4.536247774825482537e+01
4.693715594332417851e+01 3.973262477772665591e+01
4.693715594332417851e+01 4.409083767538096055e+01
4.693715594332417851e+01 4.440679608152578339e+01
4.693715594332417851e+01 4.516385207410426972e+01
4.693715594332417851e+01 4.668535256340930317e+01
4.693715594332417851e+01 5.040076745538205216e+01
4.693715594332417851e+01 4.654591160066701150e+01
4.693715594332417851e+01 4.685405375303636077e+01
4.693715594332417851e+01 4.946368081264148486e+01
4.693715594332417851e+01 4.717219688290688140e+01
4.693715594332417851e+01 5.113524192978432836e+01
4.693715594332417851e+01 4.176836200021614331e+01
4.693715594332417851e+01 4.652598418664973678e+01
4.693715594332417851e+01 5.153934299734363123e+01
4.693715594332417851e+01 4.452176694615571506e+01
4.693715594332417851e+01 4.767601099041858959e+01
4.693715594332417851e+01 4.095349939041551579e+01
4.693715594332417851e+01 4.684611925688904677e+01
4.693715594332417851e+01 4.731815114086335683e+01
4.693715594332417851e+01 4.476326281238338112e+01
4.693715594332417851e+01 4.909736079052708391e+01
4.693715594332417851e+01 3.724701719490672502e+01
4.693715594332417851e+01 4.832533098308778818e+01
4.693715594332417851e+01 4.287843601660359383e+01
4.693715594332417851e+01 4.915350923050903731e+01
4.693715594332417851e+01 3.915209345934786711e+01
4.693715594332417851e+01 4.523939256033344236e+01
4.693715594332417851e+01 4.464254812203640910e+01
4.693715594332417851e+01 4.894470034879305587e+01
4.693715594332417851e+01 4.209257482364620273e+01
4.693715594332417851e+01 4.465008198543834084e+01
4.693715594332417851e+01 4.542422345540022377e+01
4.693715594332417851e+01 5.065093126245689348e+01
4.693715594332417851e+01 4.590842826978234825e+01
4.693715594332417851e+01 4.398473579539476219e+01
4.693715594332417851e+01 4.432037267164783145e+01
4.693715594332417851e+01 4.195977006652140773e+01
4.693715594332417851e+01 5.142319019976276451e+01
4.693715594332417851e+01 4.275491449579727288e+01
4.693715594332417851e+01 4.332072429737252151e+01
4.693715594332417851e+01 4.473522563458775636e+01
4.693715594332417851e+01 4.558901133411473694e+01
4.693715594332417851e+01 4.925856913006816029e+01
4.693715594332417851e+01 4.399953254983785200e+01
4.693715594332417851e+01 4.479082659809815681e+01
4.693715594332417851e+01 4.656414590718091517e+01
4.693715594332417851e+01 4.335020307524727201e+01
4.693715594332417851e+01 4.926390421482870607e+01
4.693715594332417851e+01 5.042257558827085973e+01
4.693715594332417851e+01 5.587036894001564491e+01
4.693715594332417851e+01 4.831594616835649703e+01
4.693715594332417851e+01 4.021447849451219270e+01
4.693715594332417851e+01 4.623802568426761894e+01
4.693715594332417851e+01 4.886557995660081133e+01
4.693715594332417851e+01 4.892457760923780086e+01
4.693715594332417851e+01 4.391136694940341556e+01
4.693715594332417851e+01 4.169301938745308433e+01
4.693715594332417851e+01 4.349429549165451903e+01
4.693715594332417851e+01 4.274928079990156959e+01
4.693715594332417851e+01 4.848620773898627334e+01
4.693715594332417851e+01 5.222369913920108786e+01
4.693715594332417851e+01 4.154837852946673138e+01
4.693715594332417851e+01 4.624380685638168842e+01
4.693715594332417851e+01 4.465552794473855158e+01
4.693715594332417851e+01 4.790080954427445903e+01
4.693715594332417851e+01 4.361257203154553963e+01
4.693715594332417851e+01 4.483992246321422925e+01
4.693715594332417851e+01 4.796545590089742461e+01
4.693715594332417851e+01 4.615993215314898634e+01
4.693715594332417851e+01 4.293465911842164928e+01
4.693715594332417851e+01 4.663006771174399745e+01
4.693715594332417851e+01 4.659326603943598144e+01
4.693715594332417851e+01 4.589998549734656308e+01
4.693715594332417851e+01 4.903113748614163825e+01
4.693715594332417851e+01 4.703974368954730778e+01
4.693715594332417851e+01 4.191273331057295337e+01
4.693715594332417851e+01 4.736249749664360564e+01
4.693715594332417851e+01 4.594526368988267961e+01
4.693715594332417851e+01 4.612470198367459773e+01
4.693715594332417851e+01 4.689614511809620723e+01
4.693715594332417851e+01 4.841366160799869789e+01
4.693715594332417851e+01 4.351232992549856959e+01
4.693715594332417851e+01 4.437659109346630260e+01
4.693715594332417851e+01 4.877883229737341964e+01
4.693715594332417851e+01 4.493033527061507471e+01
4.693715594332417851e+01 4.630516894375899994e+01
4.693715594332417851e+01 5.327119115688512352e+01
4.693715594332417851e+01 4.577573478347584768e+01
4.693715594332417851e+01 4.118847648908565873e+01
4.693715594332417851e+01 4.313859299876041575e+01
4.693715594332417851e+01 4.633714776445885519e+01
4.693715594332417851e+01 4.518663796768973384e+01
4.693715594332417851e+01 4.597993859831226615e+01
4.693715594332417851e+01 4.469079822015619641e+01
4.693715594332417851e+01 4.466459645580044935e+01
4.693715594332417851e+01 4.495224666549633952e+01
4.693715594332417851e+01 4.464521468079799149e+01
4.693715594332417851e+01 4.197203306129362232e+01
4.693715594332417851e+01 4.884686618849079309e+01
4.693715594332417851e+01 4.029323896003618444e+01
4.693715594332417851e+01 4.878294542316033500e+01
4.693715594332417851e+01 4.723717387561217862e+01
4.693715594332417851e+01 4.503344975173325082e+01
4.693715594332417851e+01 5.056608364720847248e+01
4.693715594332417851e+01 5.068373193481499328e+01
4.693715594332417851e+01 3.945069041899123619e+01
4.693715594332417851e+01 4.745994992482124530e+01
4.693715594332417851e+01 4.545399350116460369e+01
4.693715594332417851e+01 4.581846178220612131e+01
4.693715594332417851e+01 5.364952293749074386e+01
4.693715594332417851e+01 4.563020196257183869e+01
4.693715594332417851e+01 4.216593076469578705e+01
4.693715594332417851e+01 4.057299913371766564e+01
4.693715594332417851e+01 4.454084635288848659e+01
4.693715594332417851e+01 4.440662474139460869e+01
4.693715594332417851e+01 4.521460341790464810e+01
4.693715594332417851e+01 4.627448708217654172e+01
4.693715594332417851e+01 3.943826553580216654e+01
4.693715594332417851e+01 5.071636142117095147e+01
4.693715594332417851e+01 4.286848491714169995e+01
4.693715594332417851e+01 4.707894137424473513e+01
4.693715594332417851e+01 4.860613037832585093e+01
4.693715594332417851e+01 5.289898421331378131e+01
4.693715594332417851e+01 5.253194984612349572e+01
4.693715594332417851e+01 4.568340227807701837e+01
4.693715594332417851e+01 5.082158051712745106e+01
4.693715594332417851e+01 4.661410261445804082e+01
4.693715594332417851e+01 4.199850436720527114e+01
4.693715594332417851e+01 4.549016058610883562e+01
4.693715594332417851e+01 4.748595629906402138e+01
4.693715594332417851e+01 5.361229741849155772e+01
4.693715594332417851e+01 4.846154851057240620e+01
4.693715594332417851e+01 4.915463841525439648e+01
4.693715594332417851e+01 5.419132335194840522e+01
4.693715594332417851e+01 4.605041217972665635e+01
4.693715594332417851e+01 4.332150655466519851e+01
4.693715594332417851e+01 4.753137834891960267e+01
4.693715594332417851e+01 4.974416256243870293e+01
4.693715594332417851e+01 4.680456909847672620e+01
4.693715594332417851e+01 4.783546495017458255e+01
4.693715594332417851e+01 5.146297551211131349e+01
4.693715594332417851e+01 3.954422653897389495e+01
4.693715594332417851e+01 4.999705618308391308e+01
4.693715594332417851e+01 4.307316330525232217e+01
4.693715594332417851e+01 4.528726831295447397e+01
4.693715594332417851e+01 4.439754593856112308e+01
4.693715594332417851e+01 4.264073446393458511e+01
4.693715594332417851e+01 4.251277113049035705e+01
4.693715594332417851e+01 4.843977069955834480e+01
4.693715594332417851e+01 4.802778178947185950e+01
4.693715594332417851e+01 4.613477814119818277e+01
4.693715594332417851e+01 4.475529825669130446e+01
4.693715594332417851e+01 5.116078733513857912e+01
4.693715594332417851e+01 4.865690278501229216e+01
4.693715594332417851e+01 4.201747538226693024e+01
4.693715594332417851e+01 4.769951984159862235e+01
4.693715594332417851e+01 4.881641066989080713e+01
4.693715594332417851e+01 4.578518150313720270e+01
4.693715594332417851e+01 4.687234469498775269e+01
4.693715594332417851e+01 3.952091637237005983e+01
4.693715594332417851e+01 4.591308377343578684e+01
4.693715594332417851e+01 4.575812542461824250e+01
4.693715594332417851e+01 4.761919153100786417e+01
4.693715594332417851e+01 4.186661180056130860e+01
4.693715594332417851e+01 4.772469340090396628e+01
4.693715594332417851e+01 4.320512456352090425e+01
4.693715594332417851e+01 4.907529850242177361e+01
4.693715594332417851e+01 4.071332840439630729e+01
4.693715594332417851e+01 4.851876902911993739e+01
4.693715594332417851e+01 4.992345384060785562e+01
4.693715594332417851e+01 4.706732196614469643e+01
4.693715594332417851e+01 4.605824214194191768e+01
4.693715594332417851e+01 5.113650159714789822e+01
4.693715594332417851e+01 5.074733960863676430e+01
4.693715594332417851e+01 4.887741148350096410e+01
4.693715594332417851e+01 4.576130046343332936e+01
4.693715594332417851e+01 4.666565451800776287e+01
4.693715594332417851e+01 4.398374661127824226e+01
4.693715594332417851e+01 5.005051098931952680e+01
4.693715594332417851e+01 4.756258932898381175e+01
4.693715594332417851e+01 4.790084848720866972e+01
4.693715594332417851e+01 5.160852898701734404e+01
4.693715594332417851e+01 4.334940577138155504e+01
4.693715594332417851e+01 4.597782242682912113e+01
4.693715594332417851e+01 3.854176968357387523e+01
4.693715594332417851e+01 4.583823970714144025e+01
4.693715594332417851e+01 4.471041138783558466e+01
4.693715594332417851e+01 4.314164246683776582e+01
4.693715594332417851e+01 4.704776777347289851e+01
4.693715594332417851e+01 5.489806102847771996e+01
4.693715594332417851e+01 4.775806192123273064e+01
4.693715594332417851e+01 4.822680371386205422e+01
4.693715594332417851e+01 4.685178786321093014e+01
4.693715594332417851e+01 4.858819424530616971e+01
4.693715594332417851e+01 5.487436825252265038e+01
4.693715594332417851e+01 4.300265012076169313e+01
4.693715594332417851e+01 4.558641900288302651e+01
4.693715594332417851e+01 4.203978644524526231e+01
4.693715594332417851e+01 4.675071389448432768e+01
4.693715594332417851e+01 4.782601284043169443e+01
4.693715594332417851e+01 4.606485178931659163e+01
4.693715594332417851e+01 4.182080530988862677e+01
4.693715594332417851e+01 4.443860679907658806e+01
4.693715594332417851e+01 4.543880419148446492e+01
4.693715594332417851e+01 4.559809237558265949e+01
4.693715594332417851e+01 4.419095989702821470e+01
4.693715594332417851e+01 4.691064960848390797e+01
4.693715594332417851e+01 3.971315475027246578e+01
4.693715594332417851e+01 4.463323769006372999e+01
4.693715594332417851e+01 5.059793995969439351e+01
4.693715594332417851e+01 4.987896212221428272e+01
4.693715594332417851e+01 4.142031981148522135e+01
4.693715594332417851e+01 4.643820618000297173e+01
4.693715594332417851e+01 4.982376392209111771e+01
4.693715594332417851e+01 4.411231456988176092e+01
4.693715594332417851e+01 4.605332875434621798e+01
4.693715594332417851e+01 4.693631004710233157e+01
4.693715594332417851e+01 4.184402642853237353e+01
4.693715594332417851e+01 4.774695104624062481e+01
4.693715594332417851e+01 4.415696126105110153e+01
4.693715594332417851e+01 5.012165849222272129e+01
4.693715594332417851e+01 5.622783256606805935e+01
4.693715594332417851e+01 5.285997535421614657e+01
4.693715594332417851e+01 4.742175892389158065e+01
4.693715594332417851e+01 4.587332760993336223e+01
4.693715594332417851e+01 3.917497818988621816e+01
4.693715594332417851e+01 4.262782139190305486e+01
4.693715594332417851e+01 4.541804443975343730e+01
4.693715594332417851e+01 4.796883465457913331e+01
4.693715594332417851e+01 4.622001538461670123e+01
4.693715594332417851e+01 4.658902096601249099e+01
4.693715594332417851e+01 4.828901961753643235e+01
4.693715594332417851e+01 5.020132855961945495e+01
4.693715594332417851e+01 4.520503735717265670e+01
4.693715594332417851e+01 4.731662783230772362e+01
4.693715594332417851e+01 4.192511372480161214e+01
4.693715594332417851e+01 5.219795666302027115e+01
4.693715594332417851e+01 4.315579392209098586e+01
4.693715594332417851e+01 4.571180099373086136e+01
4.693715594332417851e+01 4.453794191123603241e+01
4.693715594332417851e+01 4.694690962249607225e+01
4.693715594332417851e+01 4.840788262615705406e+01
4.693715594332417851e+01 4.577431375058949214e+01
4.693715594332417851e+01 4.142540297154641848e+01
4.693715594332417851e+01 4.746510452390537438e+01
4.693715594332417851e+01 4.899997363860010324e+01
4.693715594332417851e+01 4.524558322657122744e+01
4.693715594332417851e+01 4.267858461673711901e+01
4.693715594332417851e+01 4.619966939712649179e+01
4.693715594332417851e+01 4.767245014431760808e+01
4.693715594332417851e+01 4.630702125857256846e+01
4.693715594332417851e+01 4.713859905170191666e+01
4.693715594332417851e+01 4.471932595613485972e+01
4.693715594332417851e+01 4.816713384247479723e+01
4.693715594332417851e+01 4.610797089980703589e+01
4.693715594332417851e+01 4.390313063699338869e+01
4.693715594332417851e+01 4.915378347427233052e+01
4.693715594332417851e+01 5.393994221983310666e+01
4.693715594332417851e+01 5.068244972052615083e+01
4.693715594332417851e+01 4.865886325809565705e+01
4.693715594332417851e+01 4.255781631877129456e+01
4.693715594332417851e+01 3.858909168759502961e+01
4.693715594332417851e+01 4.064555851728518832e+01
4.693715594332417851e+01 5.288155382521227921e+01
4.693715594332417851e+01 4.939560698892397994e+01
4.693715594332417851e+01 5.238121530481451060e+01
4.693715594332417851e+01 4.677336510299495842e+01
4.693715594332417851e+01 5.352711590678171660e+01
4.693715594332417851e+01 4.993003038651241354e+01
4.693715594332417851e+01 4.611025668409138234e+01
4.693715594332417851e+01 4.430553722966847374e+01
4.693715594332417851e+01 4.954548976917950398e+01
4.693715594332417851e+01 5.075125834516753542e+01
4.693715594332417851e+01 4.452257285649719165e+01
4.693715594332417851e+01 4.750929591078601533e+01
4.693715594332417851e+01 4.820825763753737192e+01
4.693715594332417851e+01 4.474706484688324792e+01
4.693715594332417851e+01 4.359371381841034321e+01
4.693715594332417851e+01 5.160891249064326303e+01
4.693715594332417851e+01 4.870336540659940283e+01
4.693715594332417851e+01 4.529485403775336039e+01
4.693715594332417851e+01 4.835170023925658001e+01
4.693715594332417851e+01 4.488758173612363578e+01
4.693715594332417851e+01 4.633265152108929641e+01
4.693715594332417851e+01 4.903340175851840144e+01
4.693715594332417851e+01 4.377755448685991979e+01
4.693715594332417851e+01 4.234830698113302816e+01
4.693715594332417851e+01 4.462361156018090469e+01
4.693715594332417851e+01 4.994184984237350022e+01
4.693715594332417851e+01 4.232489489997447407e+01
4.693715594332417851e+01 4.629136192249935533e+01
4.693715594332417851e+01 4.340200287200073603e+01
4.693715594332417851e+01 4.624363172764351759e+01
