4.693715594332417851e+01 4.838055618036214156e+01
4.693715594332417851e+01 4.539891127458257358e+01
4.693715594332417851e+01 4.401471997277371884e+01
4.693715594332417851e+01 4.565377356838380507e+01
4.693715594332417851e+01 4.668266375753650266e+01
4.693715594332417851e+01 4.519010739816080502e+01
4.693715594332417851e+01 4.669913284623628869e+01
4.693715594332417851e+01 4.580952707843236027e+01
4.693715594332417851e+01 4.737435278294957186e+01
4.693715594332417851e+01 4.272272137245384727e+01
4.693715594332417851e+01 4.306527829220480896e+01
4.693715594332417851e+01 4.198764569053011542e+01
4.693715594332417851e+01 4.492813529203034051e+01
4.693715594332417851e+01 4.794028549164156772e+01
4.693715594332417851e+01 4.163764613398686265e+01
4.693715594332417851e+01 4.667018452007715723e+01
4.693715594332417851e+01 4.763299292860565970e+01
4.693715594332417851e+01 4.731171547155867074e+01
4.693715594332417851e+01 4.184776448587000885e+01
4.693715594332417851e+01 5.225265161947575621e+01
4.693715594332417851e+01 4.554024696225395985e+01
4.693715594332417851e+01 4.375916275671310984e+01
4.693715594332417851e+01 4.282695273304997130e+01
4.693715594332417851e+01 4.673712953429390637e+01
4.693715594332417851e+01 4.241894888220026161e+01
4.693715594332417851e+01 4.566211528321927915e+01
4.693715594332417851e+01 4.665216011841820887e+01
4.693715594332417851e+01 4.258831423721415632e+01
4.693715594332417851e+01 4.696544199451242463e+01
4.693715594332417851e+01 5.203545312325493910e+01
4.693715594332417851e+01 4.687415215310811334e+01
4.693715594332417851e+01 4.407549965404371051e+01
4.693715594332417851e+01 5.006088080539988994e+01
4.693715594332417851e+01 4.597916721697382769e+01
4.693715594332417851e+01 4.505232178806820542e+01
4.693715594332417851e+01 4.741771507394602736e+01
4.693715594332417851e+01 5.328242439881279324e+01
4.693715594332417851e+01 4.139821409517139017e+01
4.693715594332417851e+01 4.596984865535851128e+01
4.693715594332417851e+01 4.597159625082439049e+01
4.693715594332417851e+01 4.488360575862769508e+01
4.693715594332417851e+01 4.684330694648055271e+01
4.693715594332417851e+01 4.319480262178579011e+01
4.693715594332417851e+01 4.256195578746760333e+01
4.693715594332417851e+01 4.412864093451515402e+01
4.693715594332417851e+01 4.753331485748385887e+01
4.693715594332417851e+01 4.527383871730094000e+01
4.693715594332417851e+01 4.485307824776640473e+01
4.693715594332417851e+01 5.154385082048110434e+01
4.693715594332417851e+01 4.849581118542482727e+01
4.693715594332417851e+01 4.727074609802784266e+01
4.693715594332417851e+01 4.897967632740826360e+01
4.693715594332417851e+01 4.776525450427309494e+01
4.693715594332417851e+01 4.349565744556865354e+01
4.693715594332417851e+01 4.769296427165992469e+01
4.693715594332417851e+01 4.893508285401348701e+01
4.693715594332417851e+01 4.645895337018134086e+01
4.693715594332417851e+01 4.266261195802542971e+01
4.693715594332417851e+01 4.326987274743476064e+01
4.693715594332417851e+01 4.847987565286908307e+01
4.693715594332417851e+01 4.771184036727576938e+01
4.693715594332417851e+01 4.666384382049001545e+01
4.693715594332417851e+01 5.209323469998626877e+01
4.693715594332417851e+01 4.139960524821450605e+01
4.693715594332417851e+01 4.707235192331177132e+01
4.693715594332417851e+01 4.668334631167839177e+01
4.693715594332417851e+01 4.110036427680555704e+01
4.693715594332417851e+01 4.556760993798164350e+01
4.693715594332417851e+01 4.419204880621055054e+01
4.693715594332417851e+01 5.004745029460822536e+01
4.693715594332417851e+01 4.999931105016149502e+01
4.693715594332417851e+01 4.387525622657319957e+01
4.693715594332417851e+01 4.390863091001201468e+01
4.693715594332417851e+01 4.225107215172403130e+01
4.693715594332417851e+01 5.064674350562159333e+01
4.693715594332417851e+01 4.615201737103539870e+01
4.693715594332417851e+01 4.313040866441383514e+01
4.693715594332417851e+01 4.248632724495912782e+01
4.693715594332417851e+01 4.365235910340744141e+01
4.693715594332417851e+01 4.581786007962460161e+01
4.693715594332417851e+01 4.393899839685679609e+01
4.693715594332417851e+01 4.987213094442719807e+01
4.693715594332417851e+01 4.631551599521690576e+01
4.693715594332417851e+01 4.397179456991728586e+01
4.693715594332417851e+01 4.506925081861383831e+01
4.693715594332417851e+01 4.264750005242063224e+01
4.693715594332417851e+01 4.404427414062683965e+01
4.693715594332417851e+01 3.936887915859531972e+01
4.693715594332417851e+01 4.480778575075424897e+01
4.693715594332417851e+01 4.576333311379442392e+01
4.693715594332417851e+01 4.720961377664643521e+01
4.693715594332417851e+01 4.542867739847312691e+01
4.693715594332417851e+01 4.855913190805285495e+01
4.693715594332417851e+01 4.697953392324242117e+01
4.693715594332417851e+01 4.813794829925418384e+01
4.693715594332417851e+01 4.364985575775933313e+01
4.693715594332417851e+01 4.284596180357099371e+01
4.693715594332417851e+01 4.710355197159425700e+01
4.693715594332417851e+01 4.460372173631585468e+01
4.693715594332417851e+01 4.194510184082432147e+01
4.693715594332417851e+01 4.865521911863519477e+01
4.693715594332417851e+01 4.607785444499689476e+01
4.693715594332417851e+01 4.468875450559728080e+01
4.693715594332417851e+01 5.105988696221615442e+01
4.693715594332417851e+01 4.561271274835843315e+01
4.693715594332417851e+01 4.462100476675796301e+01
4.693715594332417851e+01 4.758623505018940847e+01
4.693715594332417851e+01 4.456427617615614878e+01
4.693715594332417851e+01 4.774299282618829920e+01
4.693715594332417851e+01 4.599082548535395887e+01
4.693715594332417851e+01 4.591981116679483677e+01
4.693715594332417851e+01 4.734948676604280848e+01
4.693715594332417851e+01 4.365139868680247304e+01
4.693715594332417851e+01 4.361990864511507482e+01
4.693715594332417851e+01 4.470033151911898983e+01
4.693715594332417851e+01 4.406330161627253261e+01
4.693715594332417851e+01 5.038562921027271102e+01
4.693715594332417851e+01 4.772281345394284102e+01
4.693715594332417851e+01 4.516559089442313990e+01
4.693715594332417851e+01 4.920512037650090775e+01
4.693715594332417851e+01 4.765089169530290292e+01
4.693715594332417851e+01 4.620347586765062431e+01
4.693715594332417851e+01 4.568595405592325420e+01
4.693715594332417851e+01 4.568776861705504189e+01
4.693715594332417851e+01 5.096960307672401314e+01
4.693715594332417851e+01 4.517954487481691217e+01
4.693715594332417851e+01 4.802839048589874693e+01
4.693715594332417851e+01 4.820470677436087215e+01
4.693715594332417851e+01 4.793147984709117537e+01
4.693715594332417851e+01 4.413327342302306278e+01
4.693715594332417851e+01 4.923574761952158951e+01
4.693715594332417851e+01 4.627386367843168813e+01
4.693715594332417851e+01 4.778931491057714709e+01
4.693715594332417851e+01 4.500819145508067720e+01
4.693715594332417851e+01 4.741619498372165253e+01
4.693715594332417851e+01 4.418178314697860287e+01
4.693715594332417851e+01 4.562355559679477324e+01
4.693715594332417851e+01 5.143365823826461991e+01
4.693715594332417851e+01 4.235003438520362096e+01
4.693715594332417851e+01 4.535344402104762196e+01
4.693715594332417851e+01 4.472559206699639844e+01
4.693715594332417851e+01 4.665122075734215912e+01
4.693715594332417851e+01 4.259918226870212266e+01
4.693715594332417851e+01 4.615221151658649745e+01
4.693715594332417851e+01 4.394962949658734175e+01
4.693715594332417851e+01 4.008803665493032753e+01
4.693715594332417851e+01 4.152242030450484833e+01
4.693715594332417851e+01 4.869457413843720417e+01
4.693715594332417851e+01 4.673112577573976267e+01
4.693715594332417851e+01 4.762736089075227142e+01
4.693715594332417851e+01 4.621450000651450551e+01
4.693715594332417851e+01 4.823365260823322132e+01
4.693715594332417851e+01 4.861465648693200592e+01
4.693715594332417851e+01 4.678330767464250073e+01
4.693715594332417851e+01 4.991487131447517100e+01
4.693715594332417851e+01 4.313828901461278065e+01
4.693715594332417851e+01 4.740822378585230013e+01
4.693715594332417851e+01 4.460561686532457060e+01
4.693715594332417851e+01 5.167304010581768381e+01
4.693715594332417851e+01 4.964302168094066303e+01
4.693715594332417851e+01 5.264446920461352875e+01
4.693715594332417851e+01 4.748169477556763241e+01
4.693715594332417851e+01 4.542972143344158553e+01
4.693715594332417851e+01 4.451435943575904730e+01
4.693715594332417851e+01 4.979584950178832514e+01
4.693715594332417851e+01 4.433466999281153420e+01
4.693715594332417851e+01 4.407339439095363787e+01
4.693715594332417851e+01 3.966360088494446501e+01
4.693715594332417851e+01 4.379805838448284305e+01
4.693715594332417851e+01 4.407174001811583963e+01
4.693715594332417851e+01 4.905959419454160297e+01
4.693715594332417851e+01 5.048568795777920570e+01
4.693715594332417851e+01 4.552756880688156116e+01
4.693715594332417851e+01 4.442933970169599434e+01
4.693715594332417851e+01 4.749832868098474847e+01
4.693715594332417851e+01 4.488269460848966474e+01
4.693715594332417851e+01 4.523287738650578405e+01
4.693715594332417851e+01 4.483007336368348206e+01
4.693715594332417851e+01 4.715368793096924804e+01
4.693715594332417851e+01 4.448146552617432548e+01
4.693715594332417851e+01 5.022354079940129168e+01
4.693715594332417851e+01 4.584274865478512595e+01
4.693715594332417851e+01 4.957162106295661630e+01
4.693715594332417851e+01 4.168431360027408772e+01
4.693715594332417851e+01 4.562542289608510515e+01
4.693715594332417851e+01 4.374730522536381017e+01
4.693715594332417851e+01 5.166471103886763672e+01
4.693715594332417851e+01 4.459986945576476813e+01
4.693715594332417851e+01 5.137265981264786774e+01
4.693715594332417851e+01 4.575287439211908236e+01
4.693715594332417851e+01 4.511850650711242849e+01
4.693715594332417851e+01 4.022213070916543387e+01
4.693715594332417851e+01 4.255126607068444855e+01
4.693715594332417851e+01 4.513790327169005678e+01
4.693715594332417851e+01 4.619456270096940642e+01
4.693715594332417851e+01 5.185792882711513130e+01
4.693715594332417851e+01 4.497889109319165613e+01
4.693715594332417851e+01 4.625585495829869842e+01
4.693715594332417851e+01 4.363943161039157559e+01
4.693715594332417851e+01 4.613425434204569342e+01
4.693715594332417851e+01 4.196198894524219725e+01
4.693715594332417851e+01 4.302540494996445375e+01
4.693715594332417851e+01 3.996698381144401679e+01
4.693715594332417851e+01 4.948722360059350223e+01
4.693715594332417851e+01 5.401811561965520525e+01
4.693715594332417851e+01 5.040534185081669705e+01
4.693715594332417851e+01 4.491944235493863857e+01
4.693715594332417851e+01 4.402257246530890455e+01
4.693715594332417851e+01 4.502121808449810914e+01
4.693715594332417851e+01 4.517749427187828104e+01
4.693715594332417851e+01 4.543165575220003660e+01
4.693715594332417851e+01 4.230547395859458248e+01
4.693715594332417851e+01 4.292950288036441009e+01
4.693715594332417851e+01 4.648064847810044853e+01
4.693715594332417851e+01 5.442342933445274866e+01
4.693715594332417851e+01 4.296686834189127069e+01
4.693715594332417851e+01 4.728251070230950859e+01
4.693715594332417851e+01 4.291669806796603126e+01
4.693715594332417851e+01 4.765559531025186857e+01
4.693715594332417851e+01 4.574361022385637199e+01
4.693715594332417851e+01 4.736681240049176722e+01
4.693715594332417851e+01 4.572592112183706092e+01
4.693715594332417851e+01 4.628198925967826227e+01
4.693715594332417851e+01 4.850973922754775458e+01
4.693715594332417851e+01 4.553851787361037395e+01
4.693715594332417851e+01 5.035362546935714789e+01
4.693715594332417851e+01 4.760960913036895192e+01
4.693715594332417851e+01 5.019232918199529792e+01
4.693715594332417851e+01 4.763470944562224219e+01
4.693715594332417851e+01 4.992530795046705094e+01
4.693715594332417851e+01 4.346798455691511265e+01
4.693715594332417851e+01 4.594493576585162486e+01
4.693715594332417851e+01 4.502776462634324162e+01
4.693715594332417851e+01 4.326957015386623340e+01
4.693715594332417851e+01 4.720936125428093533e+01
4.693715594332417851e+01 4.546771396358588646e+01
4.693715594332417851e+01 4.400533358708379694e+01
4.693715594332417851e+01 5.088991793419672405e+01
4.693715594332417851e+01 4.289105006374060736e+01
4.693715594332417851e+01 4.422174420328502720e+01
4.693715594332417851e+01 5.078456922478102342e+01
4.693715594332417851e+01 4.417164979262638269e+01
4.693715594332417851e+01 4.880481963666108669e+01
4.693715594332417851e+01 4.538745195672223787e+01
4.693715594332417851e+01 4.525228415463763554e+01
4.693715594332417851e+01 4.658363841927336324e+01
4.693715594332417851e+01 4.616961536433763058e+01
4.693715594332417851e+01 5.024511170462716336e+01
4.693715594332417851e+01 4.864062618781183289e+01
4.693715594332417851e+01 4.845534306905998534e+01
4.693715594332417851e+01 5.316112930487840771e+01
4.693715594332417851e+01 4.066075623662583638e+01
4.693715594332417851e+01 5.068686304994319158e+01
4.693715594332417851e+01 4.388767364902855661e+01
4.693715594332417851e+01 4.900699161290250316e+01
4.693715594332417851e+01 5.136940712763199457e+01
4.693715594332417851e+01 4.458513312775479420e+01
4.693715594332417851e+01 4.572468139800183451e+01
4.693715594332417851e+01 4.559292645397766819e+01
4.693715594332417851e+01 4.872075859122475094e+01
4.693715594332417851e+01 4.947527518665793878e+01
4.693715594332417851e+01 4.429778050640214104e+01
4.693715594332417851e+01 4.729365652829969946e+01
4.693715594332417851e+01 4.740425802079645479e+01
4.693715594332417851e+01 4.232681756103202275e+01
4.693715594332417851e+01 4.876578802785525113e+01
4.693715594332417851e+01 4.775384234372427272e+01
4.693715594332417851e+01 4.830080906306286437e+01
4.693715594332417851e+01 4.340308784753295157e+01
4.693715594332417851e+01 4.197416485951733023e+01
4.693715594332417851e+01 5.300175171301356158e+01
4.693715594332417851e+01 4.566427370067532365e+01
4.693715594332417851e+01 3.910221243706502747e+01
4.693715594332417851e+01 4.539261487114977456e+01
4.693715594332417851e+01 4.674848090070922524e+01
4.693715594332417851e+01 5.284153295435617537e+01
4.693715594332417851e+01 5.040618319478128484e+01
4.693715594332417851e+01 4.570408866940198322e+01
4.693715594332417851e+01 5.031354714389805594e+01
4.693715594332417851e+01 5.156143236904305382e+01
4.693715594332417851e+01 4.430018741288848361e+01
4.693715594332417851e+01 4.357834994948844098e+01
4.693715594332417851e+01 4.591570770741242313e+01
4.693715594332417851e+01 4.468645179082223962e+01
4.693715594332417851e+01 5.095719380665892118e+01
4.693715594332417851e+01 5.061177012143502196e+01
4.693715594332417851e+01 4.580480835322708799e+01
4.693715594332417851e+01 4.107102610236459839e+01
4.693715594332417851e+01 4.569407904248107144e+01
4.693715594332417851e+01 5.280664208605512044e+01
4.693715594332417851e+01 4.444934796889435091e+01
4.693715594332417851e+01 4.654522969688296996e+01
4.693715594332417851e+01 5.149600761456128595e+01
4.693715594332417851e+01 4.643550509863309372e+01
4.693715594332417851e+01 4.358089869721210619e+01
4.693715594332417851e+01 4.161250484762069135e+01
4.693715594332417851e+01 4.929028934614709812e+01
4.693715594332417851e+01 5.217170686139620273e+01
4.693715594332417851e+01 4.635990882068177399e+01
4.693715594332417851e+01 4.489745478070202012e+01
4.693715594332417851e+01 4.669170618337423662e+01
4.693715594332417851e+01 4.292362040955671887e+01
4.693715594332417851e+01 4.909938866986912842e+01
4.693715594332417851e+01 5.064937512681870402e+01
4.693715594332417851e+01 4.496459627993731800e+01
4.693715594332417851e+01 4.619301469825749962e+01
4.693715594332417851e+01 4.361711405162268562e+01
4.693715594332417851e+01 4.566732482790649783e+01
4.693715594332417851e+01 3.928921230752095539e+01
4.693715594332417851e+01 4.274912509546134487e+01
4.693715594332417851e+01 4.163898179385941489e+01
4.693715594332417851e+01 4.505904279216229469e+01
4.693715594332417851e+01 4.583605407774985707e+01
4.693715594332417851e+01 4.351552510157048914e+01
4.693715594332417851e+01 4.779734895950817020e+01
4.693715594332417851e+01 4.593509589562961537e+01
4.693715594332417851e+01 4.340784462775025787e+01
4.693715594332417851e+01 4.349538195987634026e+01
4.693715594332417851e+01 4.904325418270179426e+01
4.693715594332417851e+01 4.539083322638248319e+01
4.693715594332417851e+01 4.193745404176428337e+01
4.693715594332417851e+01 5.100116796864567448e+01
4.693715594332417851e+01 4.446583608969632451e+01
4.693715594332417851e+01 4.134303237992266133e+01
4.693715594332417851e+01 4.648187499828289049e+01
4.693715594332417851e+01 4.505304670801434952e+01
4.693715594332417851e+01 4.889516789846913980e+01
4.693715594332417851e+01 4.762439812976440123e+01
4.693715594332417851e+01 4.567374606531404169e+01
4.693715594332417851e+01 4.971024707672805931e+01
4.693715594332417851e+01 3.614008427763664599e+01
4.693715594332417851e+01 4.911282610421621087e+01
4.693715594332417851e+01 4.299669536144435256e+01
4.693715594332417851e+01 4.070627243973109444e+01
4.693715594332417851e+01 4.367167554916684225e+01
4.693715594332417851e+01 4.577487881684618287e+01
4.693715594332417851e+01 4.638438221457332844e+01
4.693715594332417851e+01 5.045198235271075049e+01
4.693715594332417851e+01 4.319125827914499638e+01
4.693715594332417851e+01 4.642307887769639052e+01
4.693715594332417851e+01 5.111803264131432911e+01
4.693715594332417851e+01 4.615167228378029307e+01
4.693715594332417851e+01 4.804592645990420152e+01
4.693715594332417851e+01 5.476380655138725473e+01
4.693715594332417851e+01 4.678614902920885754e+01
4.693715594332417851e+01 4.783704554557851196e+01
4.693715594332417851e+01 4.361215580533844616e+01
4.693715594332417851e+01 4.700909435489062815e+01
4.693715594332417851e+01 4.489995725296820694e+01
4.693715594332417851e+01 5.346665844432028081e+01
4.693715594332417851e+01 4.947981213936951406e+01
4.693715594332417851e+01 4.922316518714757194e+01
4.693715594332417851e+01 4.731138942231166311e+01
4.693715594332417851e+01 4.561997839548107692e+01
4.693715594332417851e+01 4.820827126819959574e+01
4.693715594332417851e+01 4.472788567590151132e+01
4.693715594332417851e+01 4.100654543081151360e+01
4.693715594332417851e+01 4.275656299306137242e+01
4.693715594332417851e+01 4.761049827232513110e+01
4.693715594332417851e+01 4.436304645856029083e+01
4.693715594332417851e+01 4.492253051255886476e+01
4.693715594332417851e+01 4.737079321304455704e+01
4.693715594332417851e+01 4.151016703734830315e+01
4.693715594332417851e+01 5.050986220687303785e+01
4.693715594332417851e+01 4.984297511362734667e+01
4.693715594332417851e+01 4.242377343309931348e+01
4.693715594332417851e+01 4.610761414541189396e+01
4.693715594332417851e+01 4.747334865503362522e+01
4.693715594332417851e+01 4.642182860316700754e+01
4.693715594332417851e+01 5.478052842170842496e+01
4.693715594332417851e+01 4.432714211609384591e+01
4.693715594332417851e+01 4.418190328459078842e+01
4.693715594332417851e+01 4.845031315365095992e+01
4.693715594332417851e+01 4.733208564418310971e+01
4.693715594332417851e+01 4.574472337405699562e+01
4.693715594332417851e+01 4.616107741435047274e+01
4.693715594332417851e+01 4.346842587502981559e+01
4.693715594332417851e+01 4.873974229958349724e+01
4.693715594332417851e+01 4.735176874826922244e+01
4.693715594332417851e+01 4.764605053315071359e+01
4.693715594332417851e+01 4.858235929069401493e+01
4.693715594332417851e+01 4.244732748359695762e+01
4.693715594332417851e+01 4.578408720750616112e+01
4.693715594332417851e+01 4.416438765277242595e+01
4.693715594332417851e+01 4.911753546932096270e+01
4.693715594332417851e+01 4.511363482605303687e+01
4.693715594332417851e+01 4.932230889508016958e+01
4.693715594332417851e+01 3.960474282988846539e+01
4.693715594332417851e+01 4.622170774444153096e+01
4.693715594332417851e+01 4.980974906876059549e+01
4.693715594332417851e+01 4.539771191085340263e+01
4.693715594332417851e+01 3.751245023736295536e+01
4.693715594332417851e+01 4.522689001875179571e+01
4.693715594332417851e+01 4.794187187591517585e+01
4.693715594332417851e+01 4.499828632661734673e+01
4.693715594332417851e+01 4.617255671345555612e+01
4.693715594332417851e+01 4.996438836279651952e+01
4.693715594332417851e+01 4.511885086945288492e+01
4.693715594332417851e+01 4.423702518419825935e+01
4.693715594332417851e+01 4.814110512160942790e+01
4.693715594332417851e+01 4.663346370050885525e+01
4.693715594332417851e+01 4.888964160816706084e+01
4.693715594332417851e+01 4.367287671111918712e+01
4.693715594332417851e+01 5.052109024626769695e+01
4.693715594332417851e+01 4.834023336208555577e+01
4.693715594332417851e+01 4.656781356489040746e+01
4.693715594332417851e+01 4.037379161460036414e+01
4.693715594332417851e+01 4.398255661720438781e+01
4.693715594332417851e+01 3.939840014378317790e+01
4.693715594332417851e+01 4.989977462917532591e+01
4.693715594332417851e+01 4.390932236629981134e+01
4.693715594332417851e+01 4.659314692962619375e+01
4.693715594332417851e+01 4.747591950038957975e+01
4.693715594332417851e+01 5.079191929788470361e+01
4.693715594332417851e+01 4.979360400439053791e+01
4.693715594332417851e+01 4.524369427983020842e+01
4.693715594332417851e+01 4.094328918985291210e+01
4.693715594332417851e+01 4.015867998966988495e+01
4.693715594332417851e+01 4.822046291316777911e+01
4.693715594332417851e+01 4.418379170232515918e+01
4.693715594332417851e+01 4.295609040042858595e+01
4.693715594332417851e+01 3.911273026646141915e+01
4.693715594332417851e+01 4.867276478936476991e+01
4.693715594332417851e+01 4.137750622949054957e+01
4.693715594332417851e+01 4.638540121690780893e+01
4.693715594332417851e+01 4.901185736951564564e+01
4.693715594332417851e+01 4.385879688169999469e+01
4.693715594332417851e+01 4.779457086286492284e+01
4.693715594332417851e+01 5.258984486428752803e+01
4.693715594332417851e+01 4.239873871828267227e+01
4.693715594332417851e+01 4.598671679917386967e+01
4.693715594332417851e+01 5.330871348292972556e+01
4.693715594332417851e+01 4.551952373427498344e+01
4.693715594332417851e+01 4.743846472581508067e+01
4.693715594332417851e+01 4.706422299321322100e+01
4.693715594332417851e+01 4.723568324251715467e+01
4.693715594332417851e+01 4.664884185421794172e+01
4.693715594332417851e+01 5.088495875326315598e+01
4.693715594332417851e+01 4.675403630045563830e+01
4.693715594332417851e+01 3.945708638726475925e+01
4.693715594332417851e+01 4.559861169998060859e+01
4.693715594332417851e+01 4.874637594259831985e+01
4.693715594332417851e+01 4.487260254747310029e+01
4.693715594332417851e+01 4.422713082097577342e+01
4.693715594332417851e+01 4.767478482922671645e+01
4.693715594332417851e+01 4.878181704384659412e+01
4.693715594332417851e+01 4.171710600830719073e+01
4.693715594332417851e+01 5.201077510846052121e+01
4.693715594332417851e+01 4.890615853401330071e+01
4.693715594332417851e+01 4.772810803309756267e+01
4.693715594332417851e+01 5.416169195144362902e+01
4.693715594332417851e+01 4.484803451392611606e+01
4.693715594332417851e+01 4.214302932388665113e+01
4.693715594332417851e+01 4.751556114459840785e+01
4.693715594332417851e+01 3.815148785407272669e+01
4.693715594332417851e+01 4.870087737491559920e+01
4.693715594332417851e+01 4.846746748681820094e+01
4.693715594332417851e+01 4.435928315977341185e+01
4.693715594332417851e+01 4.888332922229923838e+01
4.693715594332417851e+01 5.082558330365030486e+01
4.693715594332417851e+01 5.140885495354981316e+01
4.693715594332417851e+01 4.732985631053411169e+01
4.693715594332417851e+01 4.589443218268136349e+01
4.693715594332417851e+01 4.517206198776670334e+01
4.693715594332417851e+01 4.831193060237178116e+01
4.693715594332417851e+01 4.628957475479462857e+01
4.693715594332417851e+01 5.334408577760872561e+01
4.693715594332417851e+01 4.842206862708045634e+01
4.693715594332417851e+01 4.804606695208605061e+01
4.693715594332417851e+01 4.813702419736346627e+01
4.693715594332417851e+01 4.515613411121621823e+01
4.693715594332417851e+01 5.143648879676788255e+01
4.693715594332417851e+01 3.741769221463924566e+01
4.693715594332417851e+01 4.508888741282954982e+01
4.693715594332417851e+01 5.725873678780466491e+01
4.693715594332417851e+01 4.830955648009582859e+01
4.693715594332417851e+01 4.724998926763813500e+01
4.693715594332417851e+01 4.262451739165819475e+01
4.693715594332417851e+01 4.512628762309454800e+01
4.693715594332417851e+01 4.415326647491741596e+01
4.693715594332417851e+01 4.965694687513871486e+01
4.693715594332417851e+01 4.580430570424476144e+01
4.693715594332417851e+01 4.528137438174063334e+01
4.693715594332417851e+01 4.518292791528601526e+01
4.693715594332417851e+01 4.606484702859151525e+01
4.693715594332417851e+01 4.217764278968926561e+01
4.693715594332417851e+01 4.843593111744657165e+01
4.693715594332417851e+01 4.745760088591597281e+01
4.693715594332417851e+01 4.706571273544120970e+01
4.693715594332417851e+01 4.888604049311872757e+01
4.693715594332417851e+01 4.710222839458983657e+01
4.693715594332417851e+01 3.810226163606976257e+01
4.693715594332417851e+01 4.299954506140203847e+01
4.693715594332417851e+01 4.464659206772297750e+01
4.693715594332417851e+01 4.293597733433536234e+01
4.693715594332417851e+01 4.796695518374352218e+01
4.693715594332417851e+01 4.207133056963477458e+01
4.693715594332417851e+01 4.427961805392935446e+01
4.693715594332417851e+01 4.431192873226254392e+01
4.693715594332417851e+01 4.872332773700929920e+01
4.693715594332417851e+01 4.130452718757595676e+01
4.693715594332417851e+01 5.221498587508316547e+01
4.693715594332417851e+01 5.174845351059212817e+01
4.693715594332417851e+01 4.772470309485306927e+01
4.693715594332417851e+01 4.289482447161012857e+01
4.693715594332417851e+01 4.314062579823301746e+01
4.693715594332417851e+01 4.305440839273357767e+01
4.693715594332417851e+01 5.097892636044333869e+01
4.693715594332417851e+01 4.236449295640990442e+01
4.693715594332417851e+01 4.667797713627987122e+01
4.693715594332417851e+01 4.635925386669368464e+01
4.693715594332417851e+01 4.917012889086367267e+01
4.693715594332417851e+01 4.990397110258441415e+01
4.693715594332417851e+01 4.622258622995222765e+01
4.693715594332417851e+01 4.626254422757556739e+01
4.693715594332417851e+01 4.838369391078354909e+01
4.693715594332417851e+01 3.951256058993022435e+01
4.693715594332417851e+01 4.827099682950417758e+01
4.693715594332417851e+01 4.776076094705823039e+01
4.693715594332417851e+01 4.429882003944025826e+01
4.693715594332417851e+01 4.702537004315221481e+01
4.693715594332417851e+01 4.354061580426890998e+01
4.693715594332417851e+01 4.178896950548706712e+01
4.693715594332417851e+01 4.648059364573501284e+01
4.693715594332417851e+01 4.531080684016024662e+01
4.693715594332417851e+01 4.648399602040771583e+01
4.693715594332417851e+01 4.747626521824251711e+01
4.693715594332417851e+01 4.594737107775586793e+01
4.693715594332417851e+01 4.970883095299540599e+01
4.693715594332417851e+01 4.714193681962505877e+01
4.693715594332417851e+01 4.568293178081909645e+01
4.693715594332417851e+01 4.153437051998015761e+01
4.693715594332417851e+01 4.496270146393575828e+01
4.693715594332417851e+01 4.953848149885701702e+01
4.693715594332417851e+01 4.444102383128477385e+01
4.693715594332417851e+01 4.500049777913932303e+01
4.693715594332417851e+01 5.005190912187025276e+01
4.693715594332417851e+01 4.800885615883104407e+01
4.693715594332417851e+01 4.644225158132115183e+01
4.693715594332417851e+01 5.272325469361477701e+01
4.693715594332417851e+01 5.106723089601183574e+01
4.693715594332417851e+01 4.838382448587275064e+01
4.693715594332417851e+01 4.231756296142145857e+01
4.693715594332417851e+01 3.658805249859079112e+01
4.693715594332417851e+01 4.317346601481963120e+01
4.693715594332417851e+01 4.667949143176861071e+01
4.693715594332417851e+01 5.271630482484519575e+01
4.693715594332417851e+01 4.377582809568733069e+01
4.693715594332417851e+01 4.634265023383107973e+01
4.693715594332417851e+01 4.760298082845388734e+01
4.693715594332417851e+01 4.480803024915385180e+01
4.693715594332417851e+01 4.366334647128895341e+01
4.693715594332417851e+01 4.974033015264088675e+01
4.693715594332417851e+01 4.608073186899595441e+01
4.693715594332417851e+01 4.630623424715659553e+01
4.693715594332417851e+01 4.040585152322362461e+01
4.693715594332417851e+01 4.736236891215811085e+01
4.693715594332417851e+01 4.505314044479144542e+01
4.693715594332417851e+01 4.404339716560446760e+01
4.693715594332417851e+01 4.864630021090962941e+01
4.693715594332417851e+01 4.614918046620417158e+01
4.693715594332417851e+01 5.232160158764551028e+01
4.693715594332417851e+01 4.679706019554376439e+01
4.693715594332417851e+01 4.433412367591773773e+01
4.693715594332417851e+01 4.847716232887358956e+01
4.693715594332417851e+01 4.376745704323518282e+01
4.693715594332417851e+01 4.182271876923453391e+01
4.693715594332417851e+01 4.485410211117981305e+01
4.693715594332417851e+01 4.825489996452876085e+01
4.693715594332417851e+01 4.377113490372860838e+01
4.693715594332417851e+01 4.605341369410599128e+01
4.693715594332417851e+01 4.160005525952805527e+01
4.693715594332417851e+01 4.960436794386760084e+01
4.693715594332417851e+01 4.970005869842583479e+01
4.693715594332417851e+01 4.565272610844874634e+01
4.693715594332417851e+01 4.219066501696903515e+01
4.693715594332417851e+01 4.618377771369291196e+01
4.693715594332417851e+01 4.475087275013858346e+01
4.693715594332417851e+01 4.490587345574645184e+01
4.693715594332417851e+01 4.277858148872158495e+01
4.693715594332417851e+01 4.227054233854233445e+01
4.693715594332417851e+01 4.607498261461349642e+01
4.693715594332417851e+01 4.717023181141895094e+01
4.693715594332417851e+01 4.824955858876089110e+01
4.693715594332417851e+01 4.110252592269944927e+01
4.693715594332417851e+01 4.407130891913534754e+01
4.693715594332417851e+01 4.424270217305807051e+01
4.693715594332417851e+01 4.676243527298635172e+01
4.693715594332417851e+01 5.098294118540868425e+01
4.693715594332417851e+01 4.775914675963610279e+01
4.693715594332417851e+01 4.792182938780382528e+01
4.693715594332417851e+01 4.344154151573389555e+01
4.693715594332417851e+01 4.795069348154805766e+01
4.693715594332417851e+01 4.873660648083175317e+01
4.693715594332417851e+01 4.803762764510033634e+01
4.693715594332417851e+01 4.382090001972630944e+01
4.693715594332417851e+01 4.863193234027276191e+01
4.693715594332417851e+01 4.581733180143136508e+01
4.693715594332417851e+01 4.548227125423929351e+01
4.693715594332417851e+01 4.253319397879008790e+01
4.693715594332417851e+01 4.686149760890183558e+01
4.693715594332417851e+01 4.661682800591428588e+01
4.693715594332417851e+01 4.222414476522516935e+01
4.693715594332417851e+01 4.759001202757433191e+01
4.693715594332417851e+01 4.565041512819706782e+01
4.693715594332417851e+01 5.004347438453579855e+01
4.693715594332417851e+01 4.913640071010649990e+01
4.693715594332417851e+01 4.654339149067875780e+01
4.693715594332417851e+01 4.260349706871278386e+01
4.693715594332417851e+01 4.258635089984974798e+01
4.693715594332417851e+01 5.041403361986419895e+01
4.693715594332417851e+01 4.464481871766574983e+01
4.693715594332417851e+01 4.900524117853282036e+01
4.693715594332417851e+01 4.424475308097797210e+01
4.693715594332417851e+01 4.785566134132271543e+01
4.693715594332417851e+01 4.879910623746394549e+01
4.693715594332417851e+01 4.512435850705372786e+01
4.693715594332417851e+01 4.669355601644789289e+01
4.693715594332417851e+01 5.137592384370635301e+01
4.693715594332417851e+01 4.361497681408408056e+01
4.693715594332417851e+01 4.722730481657662693e+01
4.693715594332417851e+01 4.521726259739501330e+01
4.693715594332417851e+01 4.461041582787738946e+01
4.693715594332417851e+01 4.437982824653297342e+01
4.693715594332417851e+01 4.952520030593015576e+01
4.693715594332417851e+01 4.261152733810197191e+01
4.693715594332417851e+01 4.822442959152475339e+01
4.693715594332417851e+01 4.593176012649484363e+01
4.693715594332417851e+01 4.229256953060436786e+01
4.693715594332417851e+01 4.597112500625226517e+01
4.693715594332417851e+01 4.712075534734979954e+01
4.693715594332417851e+01 4.245321289105331175e+01
4.693715594332417851e+01 4.551251385789089454e+01
4.693715594332417851e+01 4.723132331758822744e+01
4.693715594332417851e+01 4.341267084019942502e+01
4.693715594332417851e+01 4.154012841555073976e+01
4.693715594332417851e+01 4.388095239847895357e+01
4.693715594332417851e+01 4.916864469015485639e+01
4.693715594332417851e+01 4.583320736618273372e+01
4.693715594332417851e+01 4.235685586313871198e+01
4.693715594332417851e+01 4.602534335658605613e+01
4.693715594332417851e+01 4.649375605294254399e+01
4.693715594332417851e+01 5.377669654608369854e+01
4.693715594332417851e+01 4.762530326159384231e+01
4.693715594332417851e+01 4.587057732058137560e+01
4.693715594332417851e+01 4.277663870338160734e+01
4.693715594332417851e+01 4.719920885179935510e+01
4.693715594332417851e+01 4.496873231035213792e+01
4.693715594332417851e+01 4.697508455031338315e+01
4.693715594332417851e+01 5.037595923543651821e+01
4.693715594332417851e+01 4.846897780593138094e+01
4.693715594332417851e+01 4.735104692058772713e+01
4.693715594332417851e+01 4.783374793097936362e+01
4.693715594332417851e+01 4.820413072964197454e+01
4.693715594332417851e+01 4.515500539157692117e+01
4.693715594332417851e+01 4.655116735514330628e+01
4.693715594332417851e+01 5.125693443051796550e+01
4.693715594332417851e+01 4.709305613230651488e+01
4.693715594332417851e+01 5.048234794527053282e+01
4.693715594332417851e+01 4.161355072370570696e+01
4.693715594332417851e+01 4.449470395604967621e+01
4.693715594332417851e+01 4.229512133987395828e+01
4.693715594332417851e+01 4.440025458844042561e+01
4.693715594332417851e+01 5.135203533533183418e+01
4.693715594332417851e+01 4.608317580577726602e+01
4.693715594332417851e+01 4.970686258564412441e+01
4.693715594332417851e+01 4.885857255733808557e+01
4.693715594332417851e+01 4.985739219447629722e+01
4.693715594332417851e+01 4.013978914790899921e+01
4.693715594332417851e+01 4.362166487269714565e+01
4.693715594332417851e+01 4.902885161205723108e+01
4.693715594332417851e+01 4.397791140367726115e+01
4.693715594332417851e+01 4.511365694133450432e+01
4.693715594332417851e+01 4.686931198270237076e+01
4.693715594332417851e+01 4.319434914921901481e+01
4.693715594332417851e+01 5.124427518299581408e+01
4.693715594332417851e+01 4.275758434563503130e+01
4.693715594332417851e+01 5.101279783094008025e+01
4.693715594332417851e+01 4.762520449050481375e+01
4.693715594332417851e+01 4.395195836351800978e+01
4.693715594332417851e+01 4.714869474669965399e+01
4.693715594332417851e+01 4.241064684940007368e+01
4.693715594332417851e+01 4.049645320950072147e+01
4.693715594332417851e+01 4.674784509257190024e+01
4.693715594332417851e+01 4.829520086268849610e+01
4.693715594332417851e+01 4.644336467823507064e+01
4.693715594332417851e+01 4.852363783848263523e+01
4.693715594332417851e+01 4.874685832622588322e+01
4.693715594332417851e+01 5.212514617040310583e+01
4.693715594332417851e+01 4.790551363377204552e+01
4.693715594332417851e+01 4.222443802646935040e+01
4.693715594332417851e+01 4.342616704903564795e+01
4.693715594332417851e+01 4.477754320581356495e+01
4.693715594332417851e+01 5.155020622826508969e+01
4.693715594332417851e+01 4.590313510389573537e+01
4.693715594332417851e+01 4.753996951156906192e+01
4.693715594332417851e+01 4.915594465878005082e+01
4.693715594332417851e+01 4.381231467566324511e+01
4.693715594332417851e+01 4.552087098686074285e+01
4.693715594332417851e+01 4.701565132118658852e+01
4.693715594332417851e+01 4.939541202157624156e+01
4.693715594332417851e+01 4.745589432739515701e+01
4.693715594332417851e+01 5.104223566370646381e+01
4.693715594332417851e+01 4.456520601802274939e+01
4.693715594332417851e+01 4.982584354437373264e+01
4.693715594332417851e+01 5.020440045524746608e+01
4.693715594332417851e+01 5.109255382340608520e+01
4.693715594332417851e+01 4.695281667141685489e+01
4.693715594332417851e+01 4.340314016600542857e+01
4.693715594332417851e+01 4.706954693978894966e+01
4.693715594332417851e+01 5.431746772071355878e+01
4.693715594332417851e+01 4.572853587742554282e+01
4.693715594332417851e+01 4.772737856888181796e+01
4.693715594332417851e+01 4.877901054719490759e+01
4.693715594332417851e+01 4.156872225025138334e+01
4.693715594332417851e+01 5.013205688776274371e+01
4.693715594332417851e+01 4.119131553618119312e+01
4.693715594332417851e+01 4.613339826140366995e+01
4.693715594332417851e+01 4.414428566064634651e+01
4.693715594332417851e+01 4.977983768353127658e+01
4.693715594332417851e+01 4.692591035707429370e+01
4.693715594332417851e+01 5.018920150124192503e+01
4.693715594332417851e+01 4.711091994897572732e+01
4.693715594332417851e+01 3.991711349930111652e+01
4.693715594332417851e+01 4.482466917172148158e+01
4.693715594332417851e+01 4.088186490760850234e+01
4.693715594332417851e+01 4.321412120368620435e+01
4.693715594332417851e+01 4.400846690220031832e+01
4.693715594332417851e+01 4.774755004627819233e+01
4.693715594332417851e+01 4.576250955227816775e+01
4.693715594332417851e+01 4.171886977649580075e+01
4.693715594332417851e+01 4.615586888906251062e+01
4.693715594332417851e+01 4.590429559429051665e+01
4.693715594332417851e+01 4.768864723471625666e+01
4.693715594332417851e+01 4.576757836388047451e+01
4.693715594332417851e+01 4.221095035065019374e+01
4.693715594332417851e+01 4.071393417871463072e+01
4.693715594332417851e+01 4.304737178838256284e+01
4.693715594332417851e+01 4.662587332605094304e+01
4.693715594332417851e+01 4.861562818824016574e+01
4.693715594332417851e+01 4.494204918280997418e+01
4.693715594332417851e+01 4.420648828437326472e+01
4.693715594332417851e+01 4.760700568110240738e+01
4.693715594332417851e+01 4.264605756035280137e+01
4.693715594332417851e+01 4.482314066717299994e+01
4.693715594332417851e+01 4.442071108889098952e+01
4.693715594332417851e+01 4.832770929756983946e+01
4.693715594332417851e+01 4.470395941347918978e+01
4.693715594332417851e+01 4.511592474491782667e+01
4.693715594332417851e+01 4.547668200286275209e+01
4.693715594332417851e+01 4.310478013103963235e+01
4.693715594332417851e+01 4.331090877695178420e+01
4.693715594332417851e+01 4.286394488232249245e+01
4.693715594332417851e+01 4.496644915490793437e+01
4.693715594332417851e+01 4.421478359557467996e+01
4.693715594332417851e+01 4.306289686429161634e+01
4.693715594332417851e+01 4.020637393915502855e+01
4.693715594332417851e+01 5.023523165273207525e+01
4.693715594332417851e+01 4.937827954124111329e+01
4.693715594332417851e+01 5.000862783011375257e+01
4.693715594332417851e+01 4.613356194943607846e+01
4.693715594332417851e+01 5.198871150245451389e+01
4.693715594332417851e+01 3.984487871302047779e+01
4.693715594332417851e+01 4.546708092150931435e+01
4.693715594332417851e+01 4.564225665809379251e+01
4.693715594332417851e+01 4.669981935579585297e+01
4.693715594332417851e+01 4.718183277955073862e+01
4.693715594332417851e+01 4.753522244846892875e+01
4.693715594332417851e+01 4.580552154696568579e+01
4.693715594332417851e+01 4.842185375542945280e+01
4.693715594332417851e+01 4.266332870958355983e+01
4.693715594332417851e+01 4.681140548494565223e+01
4.693715594332417851e+01 4.680835372975818132e+01
4.693715594332417851e+01 4.569459239955511265e+01
4.693715594332417851e+01 4.346303039863258277e+01
4.693715594332417851e+01 4.328692531421433642e+01
4.693715594332417851e+01 4.091591982005250827e+01
4.693715594332417851e+01 5.789319741031281552e+01
4.693715594332417851e+01 4.171859454889353458e+01
4.693715594332417851e+01 4.166753370868128314e+01
4.693715594332417851e+01 4.511866412374968149e+01
4.693715594332417851e+01 4.279485084908247217e+01
4.693715594332417851e+01 4.557897606037773386e+01
4.693715594332417851e+01 4.603202192258945757e+01
4.693715594332417851e+01 4.749201880892599803e+01
4.693715594332417851e+01 4.626073744458382464e+01
4.693715594332417851e+01 4.672645064565406159e+01
4.693715594332417851e+01 4.848509598555326505e+01
4.693715594332417851e+01 4.851460597188098944e+01
4.693715594332417851e+01 4.728108527091687563e+01
4.693715594332417851e+01 4.998840565065378172e+01
4.693715594332417851e+01 4.507368186674756316e+01
4.693715594332417851e+01 4.537769666491504950e+01
4.693715594332417851e+01 4.376471919429630475e+01
4.693715594332417851e+01 4.241981029527151037e+01
4.693715594332417851e+01 5.315284917738316750e+01
4.693715594332417851e+01 4.894906162705356678e+01
4.693715594332417851e+01 4.965898818556439664e+01
4.693715594332417851e+01 4.191796770781385106e+01
4.693715594332417851e+01 4.751920445115531777e+01
4.693715594332417851e+01 4.794635403735296109e+01
4.693715594332417851e+01 4.351903571432199413e+01
4.693715594332417851e+01 4.322339931781596789e+01
4.693715594332417851e+01 4.869929626224337937e+01
4.693715594332417851e+01 4.360732793698040410e+01
4.693715594332417851e+01 4.851953764616727227e+01
4.693715594332417851e+01 4.345778338669219920e+01
4.693715594332417851e+01 4.021813518503634555e+01
4.693715594332417851e+01 4.784480341388869817e+01
4.693715594332417851e+01 4.909395087142683423e+01
4.693715594332417851e+01 4.470884316973748440e+01
4.693715594332417851e+01 4.783631006847059552e+01
4.693715594332417851e+01 4.623543539192576901e+01
4.693715594332417851e+01 4.278099661500080231e+01
4.693715594332417851e+01 4.595525902104692761e+01
4.693715594332417851e+01 4.900868155482595512e+01
4.693715594332417851e+01 4.828425270349141130e+01
4.693715594332417851e+01 4.937882750458751957e+01
4.693715594332417851e+01 4.108515815212194155e+01
4.693715594332417851e+01 4.219314497597327573e+01
4.693715594332417851e+01 5.260069831734215740e+01
4.693715594332417851e+01 4.475232608367943499e+01
4.693715594332417851e+01 4.842568655609438366e+01
4.693715594332417851e+01 4.528078759998806646e+01
4.693715594332417851e+01 4.517050420373244890e+01
4.693715594332417851e+01 4.469796725304365026e+01
4.693715594332417851e+01 4.378605102699052765e+01
4.693715594332417851e+01 4.349317385255582735e+01
4.693715594332417851e+01 4.539449303611571196e+01
4.693715594332417851e+01 4.221490077495219850e+01
4.693715594332417851e+01 4.402636435597343478e+01
4.693715594332417851e+01 4.539771454511934934e+01
4.693715594332417851e+01 4.699774277705859049e+01
4.693715594332417851e+01 4.461191085412593793e+01
4.693715594332417851e+01 4.685819884799565926e+01
4.693715594332417851e+01 4.248894175438518062e+01
4.693715594332417851e+01 4.772222669232752423e+01
4.693715594332417851e+01 4.254611338925542441e+01
4.693715594332417851e+01 4.886604858632671267e+01
4.693715594332417851e+01 4.594552651792385944e+01
4.693715594332417851e+01 4.893494880869001662e+01
4.693715594332417851e+01 4.337641870802491439e+01
4.693715594332417851e+01 4.451870007608853541e+01
4.693715594332417851e+01 4.634139270684578094e+01
4.693715594332417851e+01 4.994619527215683519e+01
4.693715594332417851e+01 4.843074218032025868e+01
4.693715594332417851e+01 4.946526331843346469e+01
4.693715594332417851e+01 4.542193529617786396e+01
4.693715594332417851e+01 4.347856548107034058e+01
4.693715594332417851e+01 4.468712627751467181e+01
4.693715594332417851e+01 5.187306664115238419e+01
4.693715594332417851e+01 4.842285330241541885e+01
4.693715594332417851e+01 4.509318518308787560e+01
4.693715594332417851e+01 4.407591196668550992e+01
4.693715594332417851e+01 5.227017126557549886e+01
4.693715594332417851e+01 4.232610836110264785e+01
4.693715594332417851e+01 4.315331358438260168e+01
4.693715594332417851e+01 4.881906016582825458e+01
4.693715594332417851e+01 4.081563448051502263e+01
4.693715594332417851e+01 4.634961794788757317e+01
4.693715594332417851e+01 4.278786735385313023e+01
4.693715594332417851e+01 4.486705822147828826e+01
4.693715594332417851e+01 4.174108926088248950e+01
4.693715594332417851e+01 4.897485247324838298e+01
4.693715594332417851e+01 4.374240604414908518e+01
4.693715594332417851e+01 4.821444030298192018e+01
4.693715594332417851e+01 3.974477240211692930e+01
4.693715594332417851e+01 4.310639101585142896e+01
4.693715594332417851e+01 4.560081887763794839e+01
4.693715594332417851e+01 4.958895227610936018e+01
4.693715594332417851e+01 4.538582405638291561e+01
4.693715594332417851e+01 4.303604922767267738e+01
4.693715594332417851e+01 4.432619423622723076e+01
4.693715594332417851e+01 4.277372701615236394e+01
4.693715594332417851e+01 4.467363335424075643e+01
4.693715594332417851e+01 4.374983565902441285e+01
4.693715594332417851e+01 4.701937267361930850e+01
4.693715594332417851e+01 4.569437974362679711e+01
4.693715594332417851e+01 4.206633924737266739e+01
4.693715594332417851e+01 4.385274066960805328e+01
4.693715594332417851e+01 4.584645837543839519e+01
4.693715594332417851e+01 4.819128550995787919e+01
4.693715594332417851e+01 5.683167983131431811e+01
4.693715594332417851e+01 4.760105545830516149e+01
4.693715594332417851e+01 4.304642903792577613e+01
4.693715594332417851e+01 4.749304070761584740e+01
4.693715594332417851e+01 5.081112905114444089e+01
4.693715594332417851e+01 4.771588021015016068e+01
4.693715594332417851e+01 4.396847688341703275e+01
4.693715594332417851e+01 5.234910954518859683e+01
4.693715594332417851e+01 4.507958068189126521e+01
4.693715594332417851e+01 4.895099105894979630e+01
4.693715594332417851e+01 4.530044665996717868e+01
4.693715594332417851e+01 4.331873486393561734e+01
4.693715594332417851e+01 4.934891406994361063e+01
4.693715594332417851e+01 4.606603540283987996e+01
4.693715594332417851e+01 4.573320378972874778e+01
4.693715594332417851e+01 4.922635493295008757e+01
4.693715594332417851e+01 5.025651187029387756e+01
4.693715594332417851e+01 4.897744486447081869e+01
4.693715594332417851e+01 4.586186541550845419e+01
4.693715594332417851e+01 4.483831499545729571e+01
4.693715594332417851e+01 5.045690484831552425e+01
4.693715594332417851e+01 4.305050281186428407e+01
4.693715594332417851e+01 4.714850796772324770e+01
4.693715594332417851e+01 4.635066860090118723e+01
4.693715594332417851e+01 4.344236959123165320e+01
4.693715594332417851e+01 4.425649119990717395e+01
4.693715594332417851e+01 4.487582704471128636e+01
4.693715594332417851e+01 4.840447354520754430e+01
4.693715594332417851e+01 4.273341016563551875e+01
4.693715594332417851e+01 4.426449571492761237e+01
4.693715594332417851e+01 4.487284072167873461e+01
4.693715594332417851e+01 4.736545638032183803e+01
4.693715594332417851e+01 4.723112212455939840e+01
4.693715594332417851e+01 4.522290904662757782e+01
4.693715594332417851e+01 4.978459373915115549e+01
4.693715594332417851e+01 4.549205393342533199e+01
4.693715594332417851e+01 4.924802631221614035e+01
4.693715594332417851e+01 4.598612346688567953e+01
4.693715594332417851e+01 3.873139488545604081e+01
4.693715594332417851e+01 5.310345004875023278e+01
4.693715594332417851e+01 4.706937830862345606e+01
4.693715594332417851e+01 5.147036494556397912e+01
4.693715594332417851e+01 4.698873490798928998e+01
4.693715594332417851e+01 5.411208508714442189e+01
4.693715594332417851e+01 4.474593005296569714e+01
4.693715594332417851e+01 4.810765291080920036e+01
4.693715594332417851e+01 4.824029402188667603e+01
4.693715594332417851e+01 4.536726234734357632e+01
4.693715594332417851e+01 4.607168118518325173e+01
4.693715594332417851e+01 5.059148093489068998e+01
4.693715594332417851e+01 4.600952780794187902e+01
4.693715594332417851e+01 4.765386006057490675e+01
4.693715594332417851e+01 4.600043501634463183e+01
4.693715594332417851e+01 4.885893595862979311e+01
4.693715594332417851e+01 4.692318784673383902e+01
4.693715594332417851e+01 4.700830047123928779e+01
4.693715594332417851e+01 4.666132891307864838e+01
4.693715594332417851e+01 4.507982936485441172e+01
4.693715594332417851e+01 4.787932160024580952e+01
4.693715594332417851e+01 4.284361363403213829e+01
4.693715594332417851e+01 4.712992539014184956e+01
4.693715594332417851e+01 4.614876641167678173e+01
4.693715594332417851e+01 4.245119745520696597e+01
4.693715594332417851e+01 4.475306377429356530e+01
4.693715594332417851e+01 4.299990773651796871e+01
4.693715594332417851e+01 4.155054046283714086e+01
4.693715594332417851e+01 4.411637384717283794e+01
4.693715594332417851e+01 4.382630499625469156e+01
4.693715594332417851e+01 4.878698740491704200e+01
4.693715594332417851e+01 4.761721087161784283e+01
4.693715594332417851e+01 4.088792478153329313e+01
4.693715594332417851e+01 4.589784292897449092e+01
4.693715594332417851e+01 4.320300220914835165e+01
4.693715594332417851e+01 5.169920277995378655e+01
4.693715594332417851e+01 4.624970020666127368e+01
4.693715594332417851e+01 4.743759555329093303e+01
4.693715594332417851e+01 4.494874604527235107e+01
4.693715594332417851e+01 4.146609564974806261e+01
4.693715594332417851e+01 4.319983358653954753e+01
4.693715594332417851e+01 4.427581684418949948e+01
4.693715594332417851e+01 5.048119292489584353e+01
4.693715594332417851e+01 4.977208599200085359e+01
4.693715594332417851e+01 4.160663883040382416e+01
4.693715594332417851e+01 4.627116779939617430e+01
4.693715594332417851e+01 4.453178124479089206e+01
4.693715594332417851e+01 4.766898065280736319e+01
4.693715594332417851e+01 4.980658372382776378e+01
4.693715594332417851e+01 4.447766884587469605e+01
4.693715594332417851e+01 4.043173545191319818e+01
4.693715594332417851e+01 4.256085839912525159e+01
4.693715594332417851e+01 4.759858761751497980e+01
4.693715594332417851e+01 4.368616725933990352e+01
4.693715594332417851e+01 4.810281449012748567e+01
4.693715594332417851e+01 4.509388741683883239e+01
4.693715594332417851e+01 4.851692187291379810e+01
4.693715594332417851e+01 4.604998313176137970e+01
4.693715594332417851e+01 4.841858169238804521e+01
4.693715594332417851e+01 4.546148849199062170e+01
4.693715594332417851e+01 4.441749851398756022e+01
4.693715594332417851e+01 5.140451426527371837e+01
4.693715594332417851e+01 4.537785342154888468e+01
4.693715594332417851e+01 5.091551653187212878e+01
4.693715594332417851e+01 4.069750122586086860e+01
4.693715594332417851e+01 4.297045022920888613e+01
4.693715594332417851e+01 4.716441711509520474e+01
4.693715594332417851e+01 5.216912759499110308e+01
4.693715594332417851e+01 4.913645037043360730e+01
4.693715594332417851e+01 4.467396251900935056e+01
4.693715594332417851e+01 4.481682374839598282e+01
4.693715594332417851e+01 4.505859696073938636e+01
4.693715594332417851e+01 4.299252096816977797e+01
4.693715594332417851e+01 4.456245436412791605e+01
4.693715594332417851e+01 4.784105019173745887e+01
4.693715594332417851e+01 4.629143730202730467e+01
4.693715594332417851e+01 4.535299551959623443e+01
4.693715594332417851e+01 4.743759365263593253e+01
4.693715594332417851e+01 5.181509778283859902e+01
4.693715594332417851e+01 5.072147079405563375e+01
