4.693715594332417851e+01 4.698540472384276967e+01
4.693715594332417851e+01 4.250363745120525749e+01
4.693715594332417851e+01 4.645621880549260396e+01
4.693715594332417851e+01 4.528839124611241829e+01
4.693715594332417851e+01 4.691191168890639318e+01
4.693715594332417851e+01 4.596287351588932779e+01
4.693715594332417851e+01 4.358470254608006655e+01
4.693715594332417851e+01 4.747884076212456250e+01
4.693715594332417851e+01 4.563400546232718824e+01
4.693715594332417851e+01 4.082359145249856880e+01
4.693715594332417851e+01 5.074616341189371838e+01
4.693715594332417851e+01 4.655200694222256175e+01
4.693715594332417851e+01 5.031378982410557654e+01
4.693715594332417851e+01 4.372037953824206369e+01
4.693715594332417851e+01 4.926686804988594304e+01
4.693715594332417851e+01 5.227517681929083437e+01
4.693715594332417851e+01 4.656931230789216869e+01
4.693715594332417851e+01 4.806952196737335470e+01
4.693715594332417851e+01 4.623300547055547582e+01
4.693715594332417851e+01 4.781612750641326670e+01
4.693715594332417851e+01 4.738845608350867167e+01
4.693715594332417851e+01 4.862683501840589884e+01
4.693715594332417851e+01 4.396733075048965844e+01
4.693715594332417851e+01 4.682000064261755767e+01
4.693715594332417851e+01 4.495119235122761125e+01
4.693715594332417851e+01 4.626126933825145926e+01
4.693715594332417851e+01 4.460736552851311387e+01
4.693715594332417851e+01 4.513900918191477984e+01
4.693715594332417851e+01 4.412267541013392247e+01
4.693715594332417851e+01 4.304067658785094608e+01
4.693715594332417851e+01 4.529753723264421694e+01
4.693715594332417851e+01 4.464206943907662861e+01
4.693715594332417851e+01 4.757766329988051268e+01
4.693715594332417851e+01 4.540226051074458979e+01
4.693715594332417851e+01 4.512713988213028671e+01
4.693715594332417851e+01 4.962109771687280357e+01
4.693715594332417851e+01 4.499273643761564756e+01
4.693715594332417851e+01 4.262537952699465649e+01
4.693715594332417851e+01 4.977896395621540648e+01
4.693715594332417851e+01 4.505928109520628055e+01
4.693715594332417851e+01 4.459263744400576712e+01
4.693715594332417851e+01 4.996960196522481823e+01
4.693715594332417851e+01 4.535680257778457047e+01
4.693715594332417851e+01 4.364121922969390965e+01
4.693715594332417851e+01 4.244349295654456000e+01
4.693715594332417851e+01 4.425630010793637581e+01
4.693715594332417851e+01 4.683964636090551892e+01
4.693715594332417851e+01 4.846446583280673792e+01
4.693715594332417851e+01 4.822715220760491661e+01
4.693715594332417851e+01 4.747674151913891194e+01
4.693715594332417851e+01 4.579381862456854435e+01
4.693715594332417851e+01 4.197672141042126270e+01
4.693715594332417851e+01 4.378217907829903055e+01
4.693715594332417851e+01 4.109028197401558202e+01
4.693715594332417851e+01 5.128486645043393821e+01
4.693715594332417851e+01 4.613533565464625497e+01
4.693715594332417851e+01 4.958582441936194130e+01
4.693715594332417851e+01 4.813141881904284958e+01
4.693715594332417851e+01 5.212479633212355878e+01
4.693715594332417851e+01 4.684591684206480977e+01
4.693715594332417851e+01 4.570483663854292899e+01
4.693715594332417851e+01 4.513292705707625885e+01
4.693715594332417851e+01 4.648863587013567411e+01
4.693715594332417851e+01 5.083174398048697640e+01
4.693715594332417851e+01 4.374955739509501029e+01
4.693715594332417851e+01 4.125492342214351282e+01
4.693715594332417851e+01 4.154159513896101430e+01
4.693715594332417851e+01 4.592158681608187010e+01
4.693715594332417851e+01 4.375590661816628568e+01
4.693715594332417851e+01 4.882774870977450377e+01
4.693715594332417851e+01 4.292027382155973214e+01
4.693715594332417851e+01 3.935048041786082962e+01
4.693715594332417851e+01 4.940356508380071432e+01
4.693715594332417851e+01 4.340920981338609863e+01
4.693715594332417851e+01 4.801303073626534257e+01
4.693715594332417851e+01 4.580688579611407363e+01
4.693715594332417851e+01 4.820181571891094308e+01
4.693715594332417851e+01 4.589859321937802861e+01
4.693715594332417851e+01 4.429843475843883027e+01
4.693715594332417851e+01 4.431866119501761858e+01
4.693715594332417851e+01 4.740188522437023266e+01
4.693715594332417851e+01 4.869372174705682710e+01
4.693715594332417851e+01 3.835956643208106698e+01
4.693715594332417851e+01 4.510085768794041172e+01
4.693715594332417851e+01 4.778409326230239174e+01
4.693715594332417851e+01 4.822644204728413797e+01
4.693715594332417851e+01 4.638617172694923596e+01
4.693715594332417851e+01 4.567823184278605453e+01
4.693715594332417851e+01 4.560732847892239050e+01
4.693715594332417851e+01 4.398996921565758100e+01
4.693715594332417851e+01 5.558713253892084083e+01
4.693715594332417851e+01 4.765941715153147129e+01
4.693715594332417851e+01 4.703667175522009103e+01
4.693715594332417851e+01 4.933557153654623306e+01
4.693715594332417851e+01 4.577215314998463924e+01
4.693715594332417851e+01 4.046932802775258864e+01
4.693715594332417851e+01 4.982960463749572000e+01
4.693715594332417851e+01 4.709684741721505219e+01
4.693715594332417851e+01 4.329421093756299399e+01
4.693715594332417851e+01 4.765950918063442288e+01
4.693715594332417851e+01 4.712496610548506482e+01
4.693715594332417851e+01 4.338661621940326540e+01
4.693715594332417851e+01 4.711137652597919612e+01
4.693715594332417851e+01 4.091132444008894709e+01
4.693715594332417851e+01 4.508175792869606369e+01
4.693715594332417851e+01 4.256538467434512540e+01
4.693715594332417851e+01 4.380689512119209894e+01
4.693715594332417851e+01 4.399426710331037071e+01
4.693715594332417851e+01 4.290092832989655136e+01
4.693715594332417851e+01 4.473983455582194324e+01
4.693715594332417851e+01 4.160836344620543770e+01
4.693715594332417851e+01 4.883507121967862474e+01
4.693715594332417851e+01 4.540014151635477901e+01
4.693715594332417851e+01 4.364199645303352071e+01
4.693715594332417851e+01 5.145442843380232034e+01
4.693715594332417851e+01 4.727478105504395245e+01
4.693715594332417851e+01 4.996523050176208613e+01
4.693715594332417851e+01 5.281633306553888474e+01
4.693715594332417851e+01 4.158621745967641914e+01
4.693715594332417851e+01 4.686745179553771834e+01
4.693715594332417851e+01 4.353818980640352265e+01
4.693715594332417851e+01 4.972852867145160616e+01
4.693715594332417851e+01 4.541116734847870617e+01
4.693715594332417851e+01 4.507019404325343004e+01
4.693715594332417851e+01 5.038067606328370829e+01
4.693715594332417851e+01 4.375607192769732023e+01
4.693715594332417851e+01 4.844893067958454225e+01
4.693715594332417851e+01 4.652354492765887528e+01
4.693715594332417851e+01 4.703331707375927095e+01
4.693715594332417851e+01 4.715308161079595095e+01
4.693715594332417851e+01 4.485786787003151943e+01
4.693715594332417851e+01 5.017702047175165347e+01
4.693715594332417851e+01 4.784510704393971992e+01
4.693715594332417851e+01 4.543047066097545184e+01
4.693715594332417851e+01 4.755741353498977020e+01
4.693715594332417851e+01 4.632902919757080440e+01
4.693715594332417851e+01 4.471404146923075018e+01
4.693715594332417851e+01 4.284307453801397969e+01
4.693715594332417851e+01 5.120754362831575435e+01
4.693715594332417851e+01 4.466525998706416800e+01
4.693715594332417851e+01 4.728563475929635729e+01
4.693715594332417851e+01 4.362514454524817609e+01
4.693715594332417851e+01 4.393722682821843506e+01
4.693715594332417851e+01 4.121477309537928591e+01
4.693715594332417851e+01 4.765564484296402270e+01
4.693715594332417851e+01 4.829533304219510370e+01
4.693715594332417851e+01 4.946792676809138811e+01
4.693715594332417851e+01 4.432592513016794555e+01
4.693715594332417851e+01 4.858624596046557542e+01
4.693715594332417851e+01 4.390404708517957033e+01
4.693715594332417851e+01 4.898237999284061317e+01
4.693715594332417851e+01 4.152208626646545042e+01
4.693715594332417851e+01 4.534021818270416304e+01
4.693715594332417851e+01 4.280801195038299767e+01
4.693715594332417851e+01 5.048092811720916018e+01
4.693715594332417851e+01 4.437547594207573809e+01
4.693715594332417851e+01 4.392333547493905854e+01
4.693715594332417851e+01 4.424548538010365917e+01
4.693715594332417851e+01 4.701964615575873552e+01
4.693715594332417851e+01 4.431429717600117613e+01
4.693715594332417851e+01 4.189225065738550313e+01
4.693715594332417851e+01 4.610511044917760159e+01
4.693715594332417851e+01 4.235269858863120618e+01
4.693715594332417851e+01 4.395549090051598995e+01
4.693715594332417851e+01 4.967769188864828322e+01
4.693715594332417851e+01 4.731191727293203542e+01
4.693715594332417851e+01 4.962714291471058203e+01
4.693715594332417851e+01 4.502310233293526665e+01
4.693715594332417851e+01 4.677050040138445297e+01
4.693715594332417851e+01 4.268808937902601741e+01
4.693715594332417851e+01 4.687230728663388390e+01
4.693715594332417851e+01 4.533565467823268591e+01
4.693715594332417851e+01 4.645530817501925469e+01
4.693715594332417851e+01 4.676536043869433001e+01
4.693715594332417851e+01 4.628286622496370484e+01
4.693715594332417851e+01 4.734485621458728133e+01
4.693715594332417851e+01 4.568254589962081269e+01
4.693715594332417851e+01 4.858794023426479924e+01
4.693715594332417851e+01 4.642403016745848277e+01
4.693715594332417851e+01 4.595578700530793270e+01
4.693715594332417851e+01 4.539885954755283848e+01
4.693715594332417851e+01 4.602958537338667355e+01
4.693715594332417851e+01 4.886189941835525730e+01
4.693715594332417851e+01 4.463892059901707654e+01
4.693715594332417851e+01 4.488410892909438843e+01
4.693715594332417851e+01 3.908594157048572271e+01
4.693715594332417851e+01 5.056684585779734675e+01
4.693715594332417851e+01 4.649652155335956394e+01
4.693715594332417851e+01 4.671669449472401681e+01
4.693715594332417851e+01 4.497864575232350859e+01
4.693715594332417851e+01 4.526352629588048160e+01
4.693715594332417851e+01 5.512043409971895613e+01
4.693715594332417851e+01 4.543374371189845817e+01
4.693715594332417851e+01 4.602503303830585679e+01
4.693715594332417851e+01 3.850620349361862793e+01
4.693715594332417851e+01 4.772190919702818235e+01
4.693715594332417851e+01 4.318074662300107036e+01
4.693715594332417851e+01 4.255519763739847861e+01
4.693715594332417851e+01 4.781309913090402119e+01
4.693715594332417851e+01 4.810117263010174327e+01
4.693715594332417851e+01 4.910045243953876337e+01
4.693715594332417851e+01 4.796791249359501563e+01
4.693715594332417851e+01 4.591603128470256934e+01
4.693715594332417851e+01 4.745302255510176792e+01
4.693715594332417851e+01 4.503230622818497153e+01
4.693715594332417851e+01 5.033113357946322708e+01
4.693715594332417851e+01 4.253186509787820313e+01
4.693715594332417851e+01 5.276509059958406311e+01
4.693715594332417851e+01 4.524773797467728542e+01
4.693715594332417851e+01 4.705793804072712305e+01
4.693715594332417851e+01 4.350311659191516611e+01
4.693715594332417851e+01 5.130424758401969143e+01
4.693715594332417851e+01 4.822550521970014614e+01
4.693715594332417851e+01 4.482987451179101157e+01
4.693715594332417851e+01 4.766974976659860630e+01
4.693715594332417851e+01 4.884036529012964678e+01
4.693715594332417851e+01 5.175918185518060000e+01
4.693715594332417851e+01 4.445852338263655668e+01
4.693715594332417851e+01 4.767344533451939270e+01
4.693715594332417851e+01 4.817628912859322554e+01
4.693715594332417851e+01 4.239001559949043951e+01
4.693715594332417851e+01 4.026694720932895422e+01
4.693715594332417851e+01 4.170453758668298150e+01
4.693715594332417851e+01 5.108914384527844277e+01
4.693715594332417851e+01 4.816445148162364376e+01
4.693715594332417851e+01 4.825924754270189254e+01
4.693715594332417851e+01 5.242070674323719004e+01
4.693715594332417851e+01 4.419836437242368277e+01
4.693715594332417851e+01 4.395294664952594843e+01
4.693715594332417851e+01 5.817475803636978071e+01
4.693715594332417851e+01 4.208768065633734068e+01
4.693715594332417851e+01 4.232009564784736000e+01
4.693715594332417851e+01 4.795935469929294470e+01
4.693715594332417851e+01 4.875172482179021927e+01
4.693715594332417851e+01 4.461763845529922179e+01
4.693715594332417851e+01 4.979848761403223989e+01
4.693715594332417851e+01 4.459400383940911183e+01
4.693715594332417851e+01 5.200222414547690875e+01
4.693715594332417851e+01 4.897735164790132956e+01
4.693715594332417851e+01 4.457519061454961928e+01
4.693715594332417851e+01 4.720417703931830999e+01
4.693715594332417851e+01 4.532865855609797023e+01
4.693715594332417851e+01 5.305025311661616172e+01
4.693715594332417851e+01 4.329027362068337226e+01
4.693715594332417851e+01 4.848815387879152183e+01
4.693715594332417851e+01 4.451540558535378267e+01
4.693715594332417851e+01 4.905037714718491060e+01
4.693715594332417851e+01 4.485905200932978687e+01
4.693715594332417851e+01 4.712631745446386589e+01
4.693715594332417851e+01 5.406802754868228078e+01
4.693715594332417851e+01 4.135330279753274851e+01
4.693715594332417851e+01 4.671773193684381908e+01
4.693715594332417851e+01 4.939462488663016870e+01
4.693715594332417851e+01 3.839622598437993162e+01
4.693715594332417851e+01 4.704653331594016663e+01
4.693715594332417851e+01 4.696669310930571584e+01
4.693715594332417851e+01 4.901521522176316381e+01
4.693715594332417851e+01 4.572381706167340099e+01
4.693715594332417851e+01 4.683644240667793213e+01
4.693715594332417851e+01 4.184061294868757841e+01
4.693715594332417851e+01 4.242439391517410741e+01
4.693715594332417851e+01 4.637631060918651116e+01
4.693715594332417851e+01 4.612596045050586469e+01
4.693715594332417851e+01 3.942509212482280390e+01
4.693715594332417851e+01 4.741357002059277903e+01
4.693715594332417851e+01 4.987892720155982573e+01
4.693715594332417851e+01 4.063036151640257998e+01
4.693715594332417851e+01 4.764849232309482829e+01
4.693715594332417851e+01 4.266923722926301821e+01
4.693715594332417851e+01 5.235602053865225258e+01
4.693715594332417851e+01 4.897850832665504583e+01
4.693715594332417851e+01 4.673949391011652210e+01
4.693715594332417851e+01 4.889054946506433907e+01
4.693715594332417851e+01 4.408219508634450534e+01
4.693715594332417851e+01 4.619549685726764210e+01
4.693715594332417851e+01 4.619876089378235662e+01
4.693715594332417851e+01 4.130075201334000923e+01
4.693715594332417851e+01 4.815620071784769607e+01
4.693715594332417851e+01 4.554411945394058847e+01
4.693715594332417851e+01 4.524554022553828503e+01
4.693715594332417851e+01 4.217645800671254364e+01
4.693715594332417851e+01 4.766618007525018896e+01
4.693715594332417851e+01 4.807553700474262115e+01
4.693715594332417851e+01 5.079697799669673941e+01
4.693715594332417851e+01 4.031956620727223140e+01
4.693715594332417851e+01 4.471746944386644174e+01
4.693715594332417851e+01 5.249985637024831675e+01
4.693715594332417851e+01 4.670580622772128976e+01
4.693715594332417851e+01 5.042280686129642930e+01
4.693715594332417851e+01 4.436866140066921105e+01
4.693715594332417851e+01 4.859404306009918173e+01
4.693715594332417851e+01 4.702465786647661616e+01
4.693715594332417851e+01 4.611501773398329362e+01
4.693715594332417851e+01 4.149954217411236357e+01
4.693715594332417851e+01 5.234165463506572280e+01
4.693715594332417851e+01 4.613235248486596873e+01
4.693715594332417851e+01 5.045156791299494614e+01
4.693715594332417851e+01 4.257979007933960958e+01
4.693715594332417851e+01 4.635303119463412003e+01
4.693715594332417851e+01 4.478948737910507560e+01
4.693715594332417851e+01 5.147599875330671892e+01
4.693715594332417851e+01 4.873995306954520856e+01
4.693715594332417851e+01 4.863612725171591933e+01
4.693715594332417851e+01 4.858752238855678485e+01
4.693715594332417851e+01 5.542658006061501652e+01
4.693715594332417851e+01 4.726302345642345415e+01
4.693715594332417851e+01 4.731064021789617158e+01
4.693715594332417851e+01 4.538438801975698311e+01
4.693715594332417851e+01 5.498456374922722034e+01
4.693715594332417851e+01 4.445246253894554656e+01
4.693715594332417851e+01 4.971503430916740740e+01
4.693715594332417851e+01 4.365449970808376889e+01
4.693715594332417851e+01 4.761583125901579905e+01
4.693715594332417851e+01 4.421788156060048891e+01
4.693715594332417851e+01 4.932646484343811011e+01
4.693715594332417851e+01 3.665191876628627909e+01
4.693715594332417851e+01 4.319624860303105862e+01
4.693715594332417851e+01 4.700397701410489049e+01
4.693715594332417851e+01 4.754002907326683669e+01
4.693715594332417851e+01 4.353089687862073731e+01
4.693715594332417851e+01 4.980873249653939894e+01
4.693715594332417851e+01 5.033501067225957826e+01
4.693715594332417851e+01 4.647738867134537344e+01
4.693715594332417851e+01 4.827634506154505800e+01
4.693715594332417851e+01 4.564803754705747707e+01
4.693715594332417851e+01 5.402872285108117723e+01
4.693715594332417851e+01 4.784792337040413202e+01
4.693715594332417851e+01 4.867164629276985011e+01
4.693715594332417851e+01 4.687535843842150740e+01
4.693715594332417851e+01 4.743961970867567146e+01
4.693715594332417851e+01 4.616477400505220174e+01
4.693715594332417851e+01 4.713684467687890134e+01
4.693715594332417851e+01 4.642063106676010875e+01
4.693715594332417851e+01 4.137816796660548135e+01
4.693715594332417851e+01 5.045442148868079357e+01
4.693715594332417851e+01 5.807245537760915255e+01
4.693715594332417851e+01 5.409734548956208755e+01
4.693715594332417851e+01 4.364060394353207784e+01
4.693715594332417851e+01 4.531628683533175916e+01
4.693715594332417851e+01 4.197874440616418923e+01
4.693715594332417851e+01 4.973437197270079224e+01
4.693715594332417851e+01 4.124372141721971019e+01
4.693715594332417851e+01 4.759964816115502373e+01
4.693715594332417851e+01 4.231439230457838363e+01
4.693715594332417851e+01 4.685007203506765450e+01
4.693715594332417851e+01 4.477290120326167511e+01
4.693715594332417851e+01 4.541213629160996845e+01
4.693715594332417851e+01 5.299563825672838391e+01
4.693715594332417851e+01 4.898291124128502361e+01
4.693715594332417851e+01 4.561908107862554829e+01
4.693715594332417851e+01 4.740571355247436003e+01
4.693715594332417851e+01 4.679661200937691490e+01
4.693715594332417851e+01 4.962213016701221591e+01
4.693715594332417851e+01 4.668456446117141212e+01
4.693715594332417851e+01 4.651900162988753351e+01
4.693715594332417851e+01 4.276939235613109958e+01
4.693715594332417851e+01 4.606891109246588201e+01
4.693715594332417851e+01 4.547486265559093255e+01
4.693715594332417851e+01 4.765266181655336908e+01
4.693715594332417851e+01 4.248300429658728916e+01
4.693715594332417851e+01 4.214877537095793514e+01
4.693715594332417851e+01 4.579803227461594162e+01
4.693715594332417851e+01 4.556319802625724691e+01
4.693715594332417851e+01 4.838662724970396312e+01
4.693715594332417851e+01 4.652482354199634074e+01
4.693715594332417851e+01 4.511843470219210417e+01
4.693715594332417851e+01 4.702527324136647735e+01
4.693715594332417851e+01 4.737817823895028368e+01
4.693715594332417851e+01 4.203100550585167383e+01
4.693715594332417851e+01 4.714138173997212533e+01
4.693715594332417851e+01 4.839504234861502852e+01
4.693715594332417851e+01 4.239969634133046128e+01
4.693715594332417851e+01 4.564371927704854670e+01
4.693715594332417851e+01 4.594814038127768185e+01
4.693715594332417851e+01 4.509886221475121459e+01
4.693715594332417851e+01 4.295639621958730459e+01
4.693715594332417851e+01 4.608666608360299932e+01
4.693715594332417851e+01 5.095100036956957723e+01
4.693715594332417851e+01 4.282510875863692945e+01
4.693715594332417851e+01 4.656675337818074922e+01
4.693715594332417851e+01 4.369888786649660517e+01
4.693715594332417851e+01 4.787315445813195680e+01
4.693715594332417851e+01 4.113815182699066497e+01
4.693715594332417851e+01 5.096716516550077358e+01
4.693715594332417851e+01 4.378132950203536211e+01
4.693715594332417851e+01 4.253971919160826332e+01
4.693715594332417851e+01 4.275152368595490771e+01
4.693715594332417851e+01 4.546345231611442728e+01
4.693715594332417851e+01 4.652053824163294848e+01
4.693715594332417851e+01 4.283358614169645762e+01
4.693715594332417851e+01 4.363379385337610472e+01
4.693715594332417851e+01 4.486816536586589876e+01
4.693715594332417851e+01 4.047625001003299161e+01
4.693715594332417851e+01 4.135659211622672160e+01
4.693715594332417851e+01 4.570809741561847517e+01
4.693715594332417851e+01 4.902338465027481362e+01
4.693715594332417851e+01 5.137108899513601301e+01
4.693715594332417851e+01 5.112692345461574916e+01
4.693715594332417851e+01 3.905636796576441583e+01
4.693715594332417851e+01 4.191398371886726437e+01
4.693715594332417851e+01 4.193856221445915367e+01
4.693715594332417851e+01 4.349400685940787525e+01
4.693715594332417851e+01 5.322500939402876696e+01
4.693715594332417851e+01 4.076300460579314944e+01
4.693715594332417851e+01 5.365129277522989781e+01
4.693715594332417851e+01 4.733158867253516178e+01
4.693715594332417851e+01 4.722817946242440001e+01
4.693715594332417851e+01 4.544757235494869008e+01
4.693715594332417851e+01 4.653286928713036730e+01
4.693715594332417851e+01 4.721753172504055129e+01
4.693715594332417851e+01 5.086130927508594368e+01
4.693715594332417851e+01 4.838644003539410221e+01
4.693715594332417851e+01 4.578709690785215969e+01
4.693715594332417851e+01 5.603431212949537610e+01
4.693715594332417851e+01 4.952743013930256666e+01
4.693715594332417851e+01 4.768936441511769431e+01
4.693715594332417851e+01 4.556908952818901071e+01
4.693715594332417851e+01 5.001586460091470343e+01
4.693715594332417851e+01 4.707278670965481382e+01
4.693715594332417851e+01 5.020433459148528499e+01
4.693715594332417851e+01 4.891240779735321809e+01
4.693715594332417851e+01 4.431937576768140019e+01
4.693715594332417851e+01 4.183243970682072188e+01
4.693715594332417851e+01 4.869387842889577200e+01
4.693715594332417851e+01 4.609267527844906454e+01
4.693715594332417851e+01 4.217501142974168715e+01
4.693715594332417851e+01 4.219806606061364107e+01
4.693715594332417851e+01 4.454043086008120156e+01
4.693715594332417851e+01 4.773046642775050685e+01
4.693715594332417851e+01 4.246113933087566039e+01
4.693715594332417851e+01 4.706119278384740312e+01
4.693715594332417851e+01 4.153301225696901611e+01
4.693715594332417851e+01 4.505643638568931664e+01
4.693715594332417851e+01 4.018662893580300022e+01
4.693715594332417851e+01 4.162874576468988153e+01
4.693715594332417851e+01 4.292961389748008827e+01
4.693715594332417851e+01 4.905203488215968832e+01
4.693715594332417851e+01 4.677754040124449375e+01
4.693715594332417851e+01 4.638927102171006567e+01
4.693715594332417851e+01 5.150018669959666795e+01
4.693715594332417851e+01 5.148964274479322967e+01
4.693715594332417851e+01 4.204411217011227109e+01
4.693715594332417851e+01 5.280896442513322597e+01
4.693715594332417851e+01 4.188123860646187779e+01
4.693715594332417851e+01 4.774828092520776579e+01
4.693715594332417851e+01 4.810951427187963247e+01
4.693715594332417851e+01 4.134387924171545592e+01
4.693715594332417851e+01 4.822980652509471611e+01
4.693715594332417851e+01 4.481873744612817489e+01
4.693715594332417851e+01 4.586358108062467664e+01
4.693715594332417851e+01 4.648404715657169817e+01
4.693715594332417851e+01 4.565760910494861946e+01
4.693715594332417851e+01 4.065949668070610556e+01
4.693715594332417851e+01 4.780637553484817914e+01
4.693715594332417851e+01 4.969300910845964125e+01
4.693715594332417851e+01 4.463041080896511659e+01
4.693715594332417851e+01 4.415117759039935663e+01
4.693715594332417851e+01 4.385201373639787903e+01
4.693715594332417851e+01 4.494467123943400111e+01
4.693715594332417851e+01 4.362734904303663086e+01
4.693715594332417851e+01 4.853789351808762831e+01
4.693715594332417851e+01 5.107530568110061608e+01
4.693715594332417851e+01 4.723249519690767784e+01
4.693715594332417851e+01 4.414691042230542450e+01
4.693715594332417851e+01 4.682185745505087482e+01
4.693715594332417851e+01 3.919557682616169814e+01
4.693715594332417851e+01 4.793180026788362369e+01
4.693715594332417851e+01 4.924212071617157704e+01
4.693715594332417851e+01 4.544672655384471227e+01
4.693715594332417851e+01 4.825255649051041473e+01
4.693715594332417851e+01 4.423899454786387508e+01
4.693715594332417851e+01 4.670084878320481181e+01
4.693715594332417851e+01 4.372618794570738743e+01
4.693715594332417851e+01 4.420109810530113492e+01
4.693715594332417851e+01 4.598956643831993318e+01
4.693715594332417851e+01 4.492806709752412786e+01
4.693715594332417851e+01 4.441469501741483583e+01
4.693715594332417851e+01 4.962479061440814121e+01
4.693715594332417851e+01 4.942421510124671613e+01
4.693715594332417851e+01 4.733726275874374778e+01
4.693715594332417851e+01 4.628929151986702095e+01
4.693715594332417851e+01 5.439157267949128283e+01
4.693715594332417851e+01 4.791492970013367625e+01
4.693715594332417851e+01 4.029172095181046132e+01
4.693715594332417851e+01 3.972466089954814805e+01
4.693715594332417851e+01 4.396057373668934787e+01
4.693715594332417851e+01 4.376568235455194156e+01
4.693715594332417851e+01 4.305624800956901055e+01
4.693715594332417851e+01 4.167045892026162335e+01
4.693715594332417851e+01 3.965887497680930096e+01
4.693715594332417851e+01 4.749302095302083870e+01
4.693715594332417851e+01 4.462690998718409219e+01
4.693715594332417851e+01 4.937433598171480753e+01
4.693715594332417851e+01 4.286839177183435368e+01
4.693715594332417851e+01 4.577472647205847522e+01
4.693715594332417851e+01 5.301610231381977201e+01
4.693715594332417851e+01 5.105078643544644734e+01
4.693715594332417851e+01 4.415564404475951221e+01
4.693715594332417851e+01 4.239423746050702846e+01
4.693715594332417851e+01 4.451861622452935308e+01
4.693715594332417851e+01 4.629369843835974052e+01
4.693715594332417851e+01 4.707696289883477903e+01
4.693715594332417851e+01 4.270257032294664867e+01
4.693715594332417851e+01 4.719552145243491736e+01
4.693715594332417851e+01 4.359095920079564479e+01
4.693715594332417851e+01 4.274827096129106252e+01
4.693715594332417851e+01 4.982194766974669875e+01
4.693715594332417851e+01 4.286972738853126685e+01
4.693715594332417851e+01 4.117073446785565949e+01
4.693715594332417851e+01 4.681460556516523042e+01
4.693715594332417851e+01 4.601780565921653476e+01
4.693715594332417851e+01 4.277640772340331665e+01
4.693715594332417851e+01 4.247730299025666056e+01
4.693715594332417851e+01 4.565512037475196649e+01
4.693715594332417851e+01 4.936934190797983035e+01
4.693715594332417851e+01 4.127552182595394470e+01
4.693715594332417851e+01 4.989367187055450614e+01
4.693715594332417851e+01 4.358410900794223863e+01
4.693715594332417851e+01 4.254762762556220679e+01
4.693715594332417851e+01 4.403638808454655873e+01
4.693715594332417851e+01 4.917274126442633531e+01
4.693715594332417851e+01 5.045118883592440540e+01
4.693715594332417851e+01 4.274678487066949373e+01
4.693715594332417851e+01 4.555664846819909286e+01
4.693715594332417851e+01 4.672474429363035142e+01
4.693715594332417851e+01 4.499415589306823904e+01
4.693715594332417851e+01 4.884129994717169154e+01
4.693715594332417851e+01 4.276306495276706698e+01
4.693715594332417851e+01 4.833563241531948051e+01
4.693715594332417851e+01 4.321571512991800290e+01
4.693715594332417851e+01 4.372969209096532950e+01
4.693715594332417851e+01 4.905067845789322689e+01
4.693715594332417851e+01 4.786740822102128590e+01
4.693715594332417851e+01 4.840152211071534794e+01
4.693715594332417851e+01 4.444731544235834519e+01
4.693715594332417851e+01 4.153418921728705726e+01
4.693715594332417851e+01 4.644759201858441600e+01
4.693715594332417851e+01 4.231305979728006861e+01
4.693715594332417851e+01 3.642414149911445520e+01
4.693715594332417851e+01 4.968366652275339845e+01
4.693715594332417851e+01 4.530992158356899324e+01
4.693715594332417851e+01 4.446545630199012322e+01
4.693715594332417851e+01 4.322359623454501332e+01
4.693715594332417851e+01 4.888228146007721620e+01
4.693715594332417851e+01 4.877816299563826874e+01
4.693715594332417851e+01 4.435637243106965855e+01
4.693715594332417851e+01 4.769796772655401895e+01
4.693715594332417851e+01 4.686272259808725948e+01
4.693715594332417851e+01 4.486268990975890603e+01
4.693715594332417851e+01 4.697096557577003040e+01
4.693715594332417851e+01 4.647131710395207449e+01
4.693715594332417851e+01 5.054718902426228766e+01
4.693715594332417851e+01 3.987505960911055780e+01
4.693715594332417851e+01 4.628038083180403817e+01
4.693715594332417851e+01 3.924755093269408235e+01
4.693715594332417851e+01 4.061690642596393985e+01
4.693715594332417851e+01 5.336884631357980879e+01
4.693715594332417851e+01 4.597853423531414307e+01
4.693715594332417851e+01 4.716592872011682402e+01
4.693715594332417851e+01 4.864511950838380017e+01
4.693715594332417851e+01 5.224086899325607902e+01
4.693715594332417851e+01 4.482878968824694965e+01
4.693715594332417851e+01 5.067207305665435513e+01
4.693715594332417851e+01 4.975203074667069103e+01
4.693715594332417851e+01 4.546486523726940732e+01
4.693715594332417851e+01 4.672311425038681421e+01
4.693715594332417851e+01 5.002638219783457885e+01
4.693715594332417851e+01 4.609973465355317046e+01
4.693715594332417851e+01 4.217495616923182666e+01
4.693715594332417851e+01 4.509674764660545065e+01
4.693715594332417851e+01 4.536613954978992780e+01
4.693715594332417851e+01 5.121755855941912472e+01
4.693715594332417851e+01 4.626420576151082287e+01
4.693715594332417851e+01 3.532117681976459522e+01
4.693715594332417851e+01 4.293928748186652911e+01
4.693715594332417851e+01 4.342545417772682725e+01
4.693715594332417851e+01 4.455020385076831246e+01
4.693715594332417851e+01 4.344193455144313276e+01
4.693715594332417851e+01 4.679501409561439829e+01
4.693715594332417851e+01 5.066185018890156755e+01
4.693715594332417851e+01 5.333477159421225622e+01
4.693715594332417851e+01 4.594880697927290925e+01
4.693715594332417851e+01 4.047718601363821733e+01
4.693715594332417851e+01 4.073301262973853909e+01
4.693715594332417851e+01 4.366536262301024607e+01
4.693715594332417851e+01 4.556156024312868169e+01
4.693715594332417851e+01 4.891493021594610724e+01
4.693715594332417851e+01 5.399416387776312831e+01
4.693715594332417851e+01 4.340989824747271797e+01
4.693715594332417851e+01 3.879078809306948727e+01
4.693715594332417851e+01 4.511108508350493196e+01
4.693715594332417851e+01 4.830955770669773131e+01
4.693715594332417851e+01 5.006657153567303453e+01
4.693715594332417851e+01 4.567820962169002996e+01
4.693715594332417851e+01 4.083183776797623921e+01
4.693715594332417851e+01 4.399959534766196612e+01
4.693715594332417851e+01 4.424969207196843968e+01
4.693715594332417851e+01 3.813156683893437560e+01
4.693715594332417851e+01 4.861921681791822891e+01
4.693715594332417851e+01 4.455222521320114737e+01
4.693715594332417851e+01 4.444204009201185812e+01
4.693715594332417851e+01 4.012479139054566701e+01
4.693715594332417851e+01 3.929881533085053746e+01
4.693715594332417851e+01 4.477616328641311583e+01
4.693715594332417851e+01 4.742520784113706611e+01
4.693715594332417851e+01 4.243339393760007283e+01
4.693715594332417851e+01 4.145597971306703045e+01
4.693715594332417851e+01 5.129724034919477305e+01
4.693715594332417851e+01 5.010918136852745874e+01
4.693715594332417851e+01 4.290142239957450698e+01
4.693715594332417851e+01 4.773520031739951008e+01
4.693715594332417851e+01 4.661701997546232690e+01
4.693715594332417851e+01 5.140800450418617373e+01
4.693715594332417851e+01 5.039258439713440652e+01
4.693715594332417851e+01 4.470027877569848584e+01
4.693715594332417851e+01 4.415196572395706909e+01
4.693715594332417851e+01 4.649512438822745253e+01
4.693715594332417851e+01 4.847475728186839206e+01
4.693715594332417851e+01 4.395990738319963498e+01
4.693715594332417851e+01 4.018253842487484917e+01
4.693715594332417851e+01 4.158300585514241732e+01
4.693715594332417851e+01 4.265279460880743301e+01
4.693715594332417851e+01 4.755033820049876425e+01
4.693715594332417851e+01 4.490475393520222269e+01
4.693715594332417851e+01 4.835744557343596739e+01
4.693715594332417851e+01 4.624652956846948371e+01
4.693715594332417851e+01 5.078961745334220268e+01
4.693715594332417851e+01 3.939223125540846837e+01
4.693715594332417851e+01 4.204503725980900697e+01
4.693715594332417851e+01 4.972884204576067191e+01
4.693715594332417851e+01 4.640254607451398527e+01
4.693715594332417851e+01 4.496932953954679135e+01
4.693715594332417851e+01 5.019188778028642872e+01
4.693715594332417851e+01 4.388166047900047317e+01
4.693715594332417851e+01 4.817199512475983880e+01
4.693715594332417851e+01 4.760444781094727063e+01
4.693715594332417851e+01 4.764416427312160351e+01
4.693715594332417851e+01 4.340268078645449634e+01
4.693715594332417851e+01 4.748794286821342325e+01
4.693715594332417851e+01 5.162878864067519658e+01
4.693715594332417851e+01 4.374510287823668619e+01
4.693715594332417851e+01 4.963054226654185186e+01
4.693715594332417851e+01 4.921101396222034197e+01
4.693715594332417851e+01 4.162013606792019260e+01
4.693715594332417851e+01 4.325126859323373196e+01
4.693715594332417851e+01 3.980718473517870137e+01
4.693715594332417851e+01 5.218406068943893672e+01
4.693715594332417851e+01 4.657853006731536993e+01
4.693715594332417851e+01 4.004192531659126786e+01
4.693715594332417851e+01 4.691624298402096116e+01
4.693715594332417851e+01 4.633364091368689230e+01
4.693715594332417851e+01 4.284098398786384365e+01
4.693715594332417851e+01 4.902710448126084941e+01
4.693715594332417851e+01 4.972096120118496287e+01
4.693715594332417851e+01 4.793129773347935441e+01
4.693715594332417851e+01 4.678277482607535376e+01
4.693715594332417851e+01 5.092023893462677364e+01
4.693715594332417851e+01 5.335389586485720059e+01
4.693715594332417851e+01 4.350755947740553609e+01
4.693715594332417851e+01 5.225330096053938433e+01
4.693715594332417851e+01 4.451119533884934754e+01
4.693715594332417851e+01 5.161314356502985135e+01
4.693715594332417851e+01 4.870153448193578782e+01
4.693715594332417851e+01 4.399627809245212973e+01
4.693715594332417851e+01 4.624782030520196940e+01
4.693715594332417851e+01 5.173528152338214881e+01
4.693715594332417851e+01 4.166228630982149639e+01
4.693715594332417851e+01 5.291226651142709869e+01
4.693715594332417851e+01 4.072617860582038674e+01
4.693715594332417851e+01 4.999529478073564093e+01
4.693715594332417851e+01 4.569967232693448977e+01
4.693715594332417851e+01 4.739180028566017455e+01
4.693715594332417851e+01 4.926610799645401784e+01
4.693715594332417851e+01 4.675640781001016677e+01
4.693715594332417851e+01 5.071892329752498796e+01
4.693715594332417851e+01 4.629746310353970529e+01
4.693715594332417851e+01 5.201532320340492532e+01
4.693715594332417851e+01 4.905017130463903641e+01
4.693715594332417851e+01 4.573122916515264080e+01
4.693715594332417851e+01 4.812461849654341961e+01
4.693715594332417851e+01 4.631590441315862705e+01
4.693715594332417851e+01 4.747600826394744900e+01
4.693715594332417851e+01 4.181684582052602650e+01
4.693715594332417851e+01 4.874894795647343670e+01
4.693715594332417851e+01 4.540432825003303208e+01
4.693715594332417851e+01 4.769386354563594921e+01
4.693715594332417851e+01 4.996476903304805006e+01
4.693715594332417851e+01 4.826411917283095931e+01
4.693715594332417851e+01 4.716136020175471799e+01
4.693715594332417851e+01 4.605543950033032985e+01
4.693715594332417851e+01 4.520564520548791165e+01
4.693715594332417851e+01 4.793113203183219895e+01
4.693715594332417851e+01 4.467113733277003007e+01
4.693715594332417851e+01 4.526764731242983686e+01
4.693715594332417851e+01 4.477479089627745878e+01
4.693715594332417851e+01 5.035556062265906974e+01
4.693715594332417851e+01 4.902392576666549928e+01
4.693715594332417851e+01 4.566547567946574304e+01
4.693715594332417851e+01 4.807403435071638143e+01
4.693715594332417851e+01 4.437946206250025938e+01
4.693715594332417851e+01 4.364104463086533769e+01
4.693715594332417851e+01 4.803572620639977941e+01
4.693715594332417851e+01 4.681590864892895354e+01
4.693715594332417851e+01 4.293686416792024829e+01
4.693715594332417851e+01 4.279841738102694393e+01
4.693715594332417851e+01 4.836031002909076904e+01
4.693715594332417851e+01 4.040775076852554548e+01
4.693715594332417851e+01 5.621973232466176995e+01
4.693715594332417851e+01 4.731179858547018569e+01
4.693715594332417851e+01 4.335281031685868669e+01
4.693715594332417851e+01 4.999000280173441269e+01
4.693715594332417851e+01 4.013731494280134626e+01
4.693715594332417851e+01 5.332620544506023208e+01
4.693715594332417851e+01 4.212195190666449207e+01
4.693715594332417851e+01 5.016491782014590939e+01
4.693715594332417851e+01 4.633661219838294443e+01
4.693715594332417851e+01 4.549772144587400646e+01
4.693715594332417851e+01 4.937340778130024432e+01
4.693715594332417851e+01 5.014324720643531208e+01
4.693715594332417851e+01 5.345415190096367297e+01
4.693715594332417851e+01 4.223470817836772540e+01
4.693715594332417851e+01 4.885189203429258242e+01
4.693715594332417851e+01 4.913341939743245490e+01
4.693715594332417851e+01 4.558743082547549363e+01
4.693715594332417851e+01 4.680048567475341770e+01
4.693715594332417851e+01 4.625206284465360795e+01
4.693715594332417851e+01 4.479567588152129076e+01
4.693715594332417851e+01 4.888540228752830075e+01
4.693715594332417851e+01 4.524131864948463999e+01
4.693715594332417851e+01 4.748301357699467928e+01
4.693715594332417851e+01 5.168158979891187244e+01
4.693715594332417851e+01 4.392703045479878199e+01
4.693715594332417851e+01 5.225161991568793241e+01
4.693715594332417851e+01 5.275508328328125174e+01
4.693715594332417851e+01 4.945433281663422065e+01
4.693715594332417851e+01 4.321690641500719465e+01
4.693715594332417851e+01 4.722370784338639993e+01
4.693715594332417851e+01 4.670548660996139745e+01
4.693715594332417851e+01 5.116523072717696863e+01
4.693715594332417851e+01 4.911318442365136150e+01
4.693715594332417851e+01 4.806476290124490447e+01
4.693715594332417851e+01 4.560766589111916147e+01
4.693715594332417851e+01 4.651184617234781626e+01
4.693715594332417851e+01 4.589328079154267925e+01
4.693715594332417851e+01 4.525474920085164143e+01
4.693715594332417851e+01 4.199749670948400393e+01
4.693715594332417851e+01 4.905550573162692274e+01
4.693715594332417851e+01 4.776341587727292648e+01
4.693715594332417851e+01 5.065525293790783223e+01
4.693715594332417851e+01 4.828779632527399457e+01
4.693715594332417851e+01 4.507792291598569534e+01
4.693715594332417851e+01 5.007889407148462624e+01
4.693715594332417851e+01 4.870175712029011095e+01
4.693715594332417851e+01 4.842803708390281514e+01
4.693715594332417851e+01 4.528162068539810292e+01
4.693715594332417851e+01 4.588560437375267043e+01
4.693715594332417851e+01 4.220455172702914126e+01
4.693715594332417851e+01 4.793889499449832670e+01
4.693715594332417851e+01 4.591044668103909743e+01
4.693715594332417851e+01 4.818119700679415018e+01
4.693715594332417851e+01 4.613029970309160888e+01
4.693715594332417851e+01 4.213452298018852105e+01
4.693715594332417851e+01 4.727527660765782969e+01
4.693715594332417851e+01 5.431445987096148542e+01
4.693715594332417851e+01 4.795308820065321243e+01
4.693715594332417851e+01 4.885239458462442030e+01
4.693715594332417851e+01 4.532204597088554010e+01
4.693715594332417851e+01 4.637465424530245173e+01
4.693715594332417851e+01 4.859293754410092703e+01
4.693715594332417851e+01 4.064271202012885453e+01
4.693715594332417851e+01 4.563864394562401117e+01
4.693715594332417851e+01 4.644899642631623493e+01
4.693715594332417851e+01 3.881598599032776065e+01
4.693715594332417851e+01 4.597015947588415941e+01
4.693715594332417851e+01 4.963216599997080891e+01
4.693715594332417851e+01 4.766267280322312416e+01
4.693715594332417851e+01 4.845762104122139391e+01
4.693715594332417851e+01 4.101783776200475273e+01
4.693715594332417851e+01 4.470680338354657835e+01
4.693715594332417851e+01 4.652495475944300551e+01
4.693715594332417851e+01 4.499832187709431253e+01
4.693715594332417851e+01 4.975789067223497142e+01
4.693715594332417851e+01 4.849144441101104519e+01
4.693715594332417851e+01 4.191952058600217867e+01
4.693715594332417851e+01 4.162351273777464655e+01
4.693715594332417851e+01 4.768098711885541263e+01
4.693715594332417851e+01 5.122712507710741647e+01
4.693715594332417851e+01 5.803486395490470784e+01
4.693715594332417851e+01 4.373302342614596938e+01
4.693715594332417851e+01 4.839689063752854992e+01
4.693715594332417851e+01 5.052119268034645216e+01
4.693715594332417851e+01 4.232064543305303772e+01
4.693715594332417851e+01 4.519121755684402331e+01
4.693715594332417851e+01 4.751671824912912001e+01
4.693715594332417851e+01 4.305560905347785905e+01
4.693715594332417851e+01 4.639711566101296825e+01
4.693715594332417851e+01 4.448065735837072054e+01
4.693715594332417851e+01 4.798562588035696308e+01
4.693715594332417851e+01 4.779306478465555585e+01
4.693715594332417851e+01 4.269391452888363148e+01
4.693715594332417851e+01 4.705347477368780318e+01
4.693715594332417851e+01 4.369339999050566803e+01
4.693715594332417851e+01 4.182925463917012365e+01
4.693715594332417851e+01 3.910637114229662359e+01
4.693715594332417851e+01 4.848839999917122157e+01
4.693715594332417851e+01 4.977708812519993842e+01
4.693715594332417851e+01 4.494988924548362519e+01
4.693715594332417851e+01 4.696740693231731001e+01
4.693715594332417851e+01 4.696574865905173368e+01
4.693715594332417851e+01 5.119402958120124936e+01
4.693715594332417851e+01 4.510225904205177727e+01
4.693715594332417851e+01 5.257793295521712196e+01
4.693715594332417851e+01 4.345090702987051401e+01
4.693715594332417851e+01 4.828404817832340967e+01
4.693715594332417851e+01 4.961216060586125565e+01
4.693715594332417851e+01 5.449399056786305096e+01
4.693715594332417851e+01 4.650684971866633788e+01
4.693715594332417851e+01 4.263327300255503616e+01
4.693715594332417851e+01 4.360829264513480297e+01
4.693715594332417851e+01 4.356846420635985595e+01
4.693715594332417851e+01 4.657707850656882442e+01
4.693715594332417851e+01 4.360875144935671699e+01
4.693715594332417851e+01 4.817083734615192725e+01
4.693715594332417851e+01 4.130170011101115790e+01
4.693715594332417851e+01 4.342127761813906517e+01
4.693715594332417851e+01 3.947989207328633654e+01
4.693715594332417851e+01 4.651146142469972489e+01
4.693715594332417851e+01 4.477586077805956677e+01
4.693715594332417851e+01 4.684733156971287826e+01
4.693715594332417851e+01 4.645912055323928769e+01
4.693715594332417851e+01 4.740600278868167550e+01
4.693715594332417851e+01 4.915216578512750090e+01
4.693715594332417851e+01 4.846914993415111894e+01
4.693715594332417851e+01 4.969659846540396586e+01
4.693715594332417851e+01 4.125992099772616939e+01
4.693715594332417851e+01 4.312629663243868094e+01
4.693715594332417851e+01 4.360652564595759628e+01
4.693715594332417851e+01 4.749105805277542913e+01
4.693715594332417851e+01 5.612725934569846942e+01
4.693715594332417851e+01 4.927502172427688976e+01
4.693715594332417851e+01 4.539454950686122459e+01
4.693715594332417851e+01 4.730205297317733226e+01
4.693715594332417851e+01 4.536323135243238625e+01
4.693715594332417851e+01 4.697800757983574016e+01
4.693715594332417851e+01 4.980416365012909807e+01
4.693715594332417851e+01 4.216443398348621230e+01
4.693715594332417851e+01 4.515349805433292119e+01
4.693715594332417851e+01 4.861452645440989073e+01
4.693715594332417851e+01 5.076774429454091120e+01
4.693715594332417851e+01 5.053518495413307221e+01
4.693715594332417851e+01 4.552821081590329300e+01
4.693715594332417851e+01 4.485870573284829987e+01
4.693715594332417851e+01 4.581484843155993758e+01
4.693715594332417851e+01 4.387418918906315213e+01
4.693715594332417851e+01 4.716455734691233914e+01
4.693715594332417851e+01 4.849710870905825999e+01
4.693715594332417851e+01 4.685735654395787719e+01
4.693715594332417851e+01 4.452141358439679664e+01
4.693715594332417851e+01 4.248646131045823893e+01
4.693715594332417851e+01 4.464965225229260426e+01
4.693715594332417851e+01 4.696796989919759824e+01
4.693715594332417851e+01 4.661427526701181989e+01
4.693715594332417851e+01 4.587068829908042744e+01
4.693715594332417851e+01 4.585632518967021554e+01
4.693715594332417851e+01 4.109580373613919591e+01
4.693715594332417851e+01 5.109834418981348847e+01
4.693715594332417851e+01 4.566111638428355946e+01
4.693715594332417851e+01 4.545129894846073171e+01
4.693715594332417851e+01 4.118284669744326720e+01
4.693715594332417851e+01 4.524051812243986603e+01
4.693715594332417851e+01 4.514952030365103752e+01
4.693715594332417851e+01 4.491153747539991059e+01
4.693715594332417851e+01 4.783294586063236409e+01
4.693715594332417851e+01 4.433523865783131868e+01
4.693715594332417851e+01 4.517703632616750298e+01
4.693715594332417851e+01 4.590550531871871698e+01
4.693715594332417851e+01 4.283662254640763933e+01
4.693715594332417851e+01 5.028848181025712449e+01
4.693715594332417851e+01 4.743485727637234106e+01
4.693715594332417851e+01 4.679176646739612266e+01
4.693715594332417851e+01 4.005862432047220523e+01
4.693715594332417851e+01 3.874554084325475856e+01
4.693715594332417851e+01 4.234179068466753648e+01
4.693715594332417851e+01 4.900130341089417385e+01
4.693715594332417851e+01 4.231051215565895518e+01
4.693715594332417851e+01 5.025521013235420753e+01
4.693715594332417851e+01 4.354822079826747228e+01
4.693715594332417851e+01 4.341134891657613792e+01
4.693715594332417851e+01 4.680038107722746332e+01
4.693715594332417851e+01 4.704815663377216595e+01
4.693715594332417851e+01 4.686632978680854222e+01
4.693715594332417851e+01 4.492012081206314633e+01
4.693715594332417851e+01 4.844911302817688181e+01
4.693715594332417851e+01 4.860459358632035531e+01
4.693715594332417851e+01 4.980979267356771345e+01
4.693715594332417851e+01 5.002047416669743285e+01
4.693715594332417851e+01 4.027985272544245987e+01
4.693715594332417851e+01 4.682407025410901724e+01
4.693715594332417851e+01 4.711454999244200792e+01
4.693715594332417851e+01 4.864126431483675361e+01
4.693715594332417851e+01 4.309849053207616976e+01
4.693715594332417851e+01 4.433723872807441779e+01
4.693715594332417851e+01 5.358171119261085380e+01
4.693715594332417851e+01 4.569002563261874883e+01
4.693715594332417851e+01 4.520865451544040070e+01
4.693715594332417851e+01 4.788538838806670128e+01
4.693715594332417851e+01 4.952135855522053731e+01
4.693715594332417851e+01 4.272222453801169451e+01
4.693715594332417851e+01 4.419885929750279985e+01
4.693715594332417851e+01 4.057641667941021524e+01
4.693715594332417851e+01 4.928836075996785837e+01
4.693715594332417851e+01 4.403711481155953322e+01
4.693715594332417851e+01 4.631418627687233425e+01
4.693715594332417851e+01 4.297032577920452923e+01
4.693715594332417851e+01 4.642699096399958592e+01
4.693715594332417851e+01 4.481435734402757731e+01
4.693715594332417851e+01 4.758138963663626697e+01
4.693715594332417851e+01 4.777693289433028667e+01
4.693715594332417851e+01 4.564120051354768037e+01
4.693715594332417851e+01 4.801984271450177033e+01
4.693715594332417851e+01 5.035206027261686046e+01
4.693715594332417851e+01 4.316006314926806198e+01
4.693715594332417851e+01 4.903407164471852298e+01
4.693715594332417851e+01 4.334848155262857006e+01
4.693715594332417851e+01 4.616201123844538756e+01
4.693715594332417851e+01 4.615777249360281331e+01
4.693715594332417851e+01 5.249479874806658586e+01
4.693715594332417851e+01 4.358069098899323279e+01
4.693715594332417851e+01 4.475351845644831172e+01
4.693715594332417851e+01 4.501003270015984725e+01
4.693715594332417851e+01 4.488170733772841459e+01
4.693715594332417851e+01 4.380200162069596814e+01
4.693715594332417851e+01 5.675977330061019188e+01
4.693715594332417851e+01 4.905036516938069013e+01
4.693715594332417851e+01 4.610416327825004146e+01
4.693715594332417851e+01 4.746496642200866489e+01
4.693715594332417851e+01 4.346026443285222030e+01
4.693715594332417851e+01 4.570993575242520990e+01
4.693715594332417851e+01 4.607751185723740406e+01
4.693715594332417851e+01 4.600803620013604700e+01
4.693715594332417851e+01 5.299989021214050666e+01
4.693715594332417851e+01 4.025857382560268860e+01
4.693715594332417851e+01 4.490112983017949233e+01
4.693715594332417851e+01 4.412587505066661464e+01
4.693715594332417851e+01 4.518571760440948992e+01
4.693715594332417851e+01 5.088327439578445421e+01
4.693715594332417851e+01 4.691372176572399155e+01
4.693715594332417851e+01 3.794565867733950171e+01
4.693715594332417851e+01 4.819263376772513396e+01
4.693715594332417851e+01 4.520908273813682854e+01
4.693715594332417851e+01 4.720948876213266487e+01
4.693715594332417851e+01 4.932984152126153532e+01
4.693715594332417851e+01 4.484337471397005714e+01
4.693715594332417851e+01 4.394132954237134214e+01
4.693715594332417851e+01 4.540140112725101318e+01
4.693715594332417851e+01 4.698395116117470138e+01
4.693715594332417851e+01 4.338321805760033101e+01
4.693715594332417851e+01 5.071951983000409570e+01
4.693715594332417851e+01 5.297345819118777399e+01
4.693715594332417851e+01 3.983566928223081760e+01
4.693715594332417851e+01 4.503896660285619191e+01
4.693715594332417851e+01 4.886664848568413788e+01
4.693715594332417851e+01 4.968288953807062569e+01
4.693715594332417851e+01 4.191686471926701785e+01
4.693715594332417851e+01 4.608926221658095557e+01
4.693715594332417851e+01 4.253301793219266358e+01
4.693715594332417851e+01 4.831452898573108712e+01
4.693715594332417851e+01 4.938033513928625950e+01
4.693715594332417851e+01 4.299013881327933717e+01
4.693715594332417851e+01 4.406102723126583953e+01
4.693715594332417851e+01 4.620255501788576424e+01
4.693715594332417851e+01 4.441386114077912595e+01
4.693715594332417851e+01 4.421602107216013877e+01
4.693715594332417851e+01 4.469435023889473513e+01
4.693715594332417851e+01 4.785419090119555108e+01
4.693715594332417851e+01 4.636987360842403660e+01
4.693715594332417851e+01 4.601387632216635382e+01
4.693715594332417851e+01 4.850106153263116227e+01
4.693715594332417851e+01 4.875280308148042252e+01
4.693715594332417851e+01 4.592447104854817752e+01
4.693715594332417851e+01 4.348086798346626836e+01
4.693715594332417851e+01 4.565913029984471905e+01
4.693715594332417851e+01 4.239534825565276321e+01
4.693715594332417851e+01 4.412270316555400740e+01
4.693715594332417851e+01 4.670889881280193379e+01
4.693715594332417851e+01 4.397968108700424494e+01
4.693715594332417851e+01 4.994941946873733229e+01
4.693715594332417851e+01 4.602994894901789991e+01
4.693715594332417851e+01 4.722678865097095979e+01
4.693715594332417851e+01 5.324428736238769488e+01
4.693715594332417851e+01 4.294524448182030341e+01
4.693715594332417851e+01 5.047142908686448237e+01
4.693715594332417851e+01 4.579744627887671271e+01
4.693715594332417851e+01 4.845376734567048516e+01
4.693715594332417851e+01 4.377406784207715873e+01
4.693715594332417851e+01 4.870259618933639700e+01
4.693715594332417851e+01 4.861485114527385321e+01
4.693715594332417851e+01 4.523232983027601506e+01
4.693715594332417851e+01 4.973117475674115440e+01
4.693715594332417851e+01 4.601463241460349707e+01
