4.693715594332417851e+01 4.239324833593946096e+01
4.693715594332417851e+01 4.851307213461004864e+01
4.693715594332417851e+01 5.292236364521562564e+01
4.693715594332417851e+01 4.869586784950593028e+01
4.693715594332417851e+01 4.714829122436796638e+01
4.693715594332417851e+01 4.657465238681278663e+01
4.693715594332417851e+01 5.080492193384315414e+01
4.693715594332417851e+01 4.388233535981845534e+01
4.693715594332417851e+01 4.733570976160975619e+01
4.693715594332417851e+01 4.139507739382010243e+01
4.693715594332417851e+01 4.586984526383751160e+01
4.693715594332417851e+01 5.059982676178385930e+01
4.693715594332417851e+01 4.585893113559731660e+01
4.693715594332417851e+01 4.406948973751295995e+01
4.693715594332417851e+01 4.784050800815771254e+01
4.693715594332417851e+01 4.309447849364718763e+01
4.693715594332417851e+01 5.080992701710795245e+01
4.693715594332417851e+01 5.277068030093838047e+01
4.693715594332417851e+01 5.013913143954695073e+01
4.693715594332417851e+01 4.775042118562991789e+01
4.693715594332417851e+01 4.173010465046030504e+01
4.693715594332417851e+01 4.721475311942131015e+01
4.693715594332417851e+01 5.140911230918720065e+01
4.693715594332417851e+01 4.187511702034501582e+01
4.693715594332417851e+01 4.404457313208266811e+01
4.693715594332417851e+01 4.494013772818271946e+01
4.693715594332417851e+01 4.652113935382827492e+01
4.693715594332417851e+01 4.233721601484874952e+01
4.693715594332417851e+01 4.647716189877647963e+01
4.693715594332417851e+01 5.111410652030056667e+01
4.693715594332417851e+01 4.475602208075914490e+01
4.693715594332417851e+01 4.542272446419867293e+01
4.693715594332417851e+01 4.846234322510302661e+01
4.693715594332417851e+01 5.289642128283809086e+01
4.693715594332417851e+01 4.497719717340596191e+01
4.693715594332417851e+01 5.022171686455692452e+01
4.693715594332417851e+01 4.670930849814439512e+01
4.693715594332417851e+01 4.829661758771196389e+01
4.693715594332417851e+01 5.142444966975897813e+01
4.693715594332417851e+01 4.517692589252936841e+01
4.693715594332417851e+01 4.222920513738876025e+01
4.693715594332417851e+01 4.807747151675206254e+01
4.693715594332417851e+01 4.288339533034758233e+01
4.693715594332417851e+01 4.879198631464700497e+01
4.693715594332417851e+01 4.908105362126264737e+01
4.693715594332417851e+01 5.042367507172450303e+01
4.693715594332417851e+01 4.757948959342932937e+01
4.693715594332417851e+01 4.677519771245682279e+01
4.693715594332417851e+01 4.317284951149224526e+01
4.693715594332417851e+01 4.911440081891875309e+01
4.693715594332417851e+01 4.822206236389283163e+01
4.693715594332417851e+01 4.769427230452962618e+01
4.693715594332417851e+01 4.874954409608115213e+01
4.693715594332417851e+01 4.234858002652362075e+01
4.693715594332417851e+01 4.771543869895855039e+01
4.693715594332417851e+01 4.514951854294633904e+01
4.693715594332417851e+01 5.242962853017684921e+01
4.693715594332417851e+01 4.704517265581341690e+01
4.693715594332417851e+01 4.048559577483562322e+01
4.693715594332417851e+01 4.393406941705389102e+01
4.693715594332417851e+01 4.857710999768380589e+01
4.693715594332417851e+01 4.340583391606762120e+01
4.693715594332417851e+01 5.134481313652132428e+01
4.693715594332417851e+01 4.776398303501186859e+01
4.693715594332417851e+01 4.896318821466842763e+01
4.693715594332417851e+01 4.771393802294402775e+01
4.693715594332417851e+01 4.139221400498767878e+01
4.693715594332417851e+01 4.465646655110125351e+01
4.693715594332417851e+01 5.132677551637936375e+01
4.693715594332417851e+01 3.922401863541249867e+01
4.693715594332417851e+01 4.632612748764695709e+01
4.693715594332417851e+01 4.578942778268790903e+01
4.693715594332417851e+01 4.382224410475501486e+01
4.693715594332417851e+01 4.153090675614758709e+01
4.693715594332417851e+01 5.511723858927069841e+01
4.693715594332417851e+01 4.146683973296900660e+01
4.693715594332417851e+01 4.398081256420361029e+01
4.693715594332417851e+01 4.632945944554886353e+01
4.693715594332417851e+01 5.235710637711743942e+01
4.693715594332417851e+01 4.546113490613088004e+01
4.693715594332417851e+01 4.113873943146710843e+01
4.693715594332417851e+01 4.404083865906570594e+01
4.693715594332417851e+01 5.062824693099645401e+01
4.693715594332417851e+01 4.333360857933639920e+01
4.693715594332417851e+01 4.625206792913468945e+01
4.693715594332417851e+01 4.645436367623118201e+01
4.693715594332417851e+01 3.865776099984528003e+01
4.693715594332417851e+01 4.735452321171231205e+01
4.693715594332417851e+01 4.985386321224770967e+01
4.693715594332417851e+01 4.491202106375411063e+01
4.693715594332417851e+01 4.856006980063666134e+01
4.693715594332417851e+01 5.085126470113900155e+01
4.693715594332417851e+01 4.362347454468669383e+01
4.693715594332417851e+01 4.255275560046629835e+01
4.693715594332417851e+01 4.456133170880121241e+01
4.693715594332417851e+01 5.660191168434067777e+01
4.693715594332417851e+01 4.302245002699710597e+01
4.693715594332417851e+01 4.290682730383995391e+01
4.693715594332417851e+01 4.120705177758775051e+01
4.693715594332417851e+01 5.102602435273029613e+01
4.693715594332417851e+01 4.321993596079021671e+01
4.693715594332417851e+01 4.444246298326532951e+01
4.693715594332417851e+01 4.360935320850812502e+01
4.693715594332417851e+01 4.947359904644104489e+01
4.693715594332417851e+01 4.153659550657071264e+01
4.693715594332417851e+01 5.017931793989781397e+01
4.693715594332417851e+01 4.608720838272679998e+01
4.693715594332417851e+01 3.861966031307693470e+01
4.693715594332417851e+01 4.374762403951404366e+01
4.693715594332417851e+01 4.751900504570816963e+01
4.693715594332417851e+01 4.435555857773096022e+01
4.693715594332417851e+01 4.694643894169188059e+01
4.693715594332417851e+01 4.664078766160199052e+01
4.693715594332417851e+01 4.571979819070095630e+01
4.693715594332417851e+01 4.479848324061514120e+01
4.693715594332417851e+01 4.843588242950259826e+01
4.693715594332417851e+01 4.549456006814413200e+01
4.693715594332417851e+01 4.893269211000050944e+01
4.693715594332417851e+01 4.611782046314424122e+01
4.693715594332417851e+01 4.850759542109975797e+01
4.693715594332417851e+01 4.658482069952896154e+01
4.693715594332417851e+01 4.513352521399728801e+01
4.693715594332417851e+01 4.379784877529617404e+01
4.693715594332417851e+01 4.732755477167220448e+01
4.693715594332417851e+01 4.197624603675023280e+01
4.693715594332417851e+01 4.211733326910545117e+01
4.693715594332417851e+01 4.615087507355291763e+01
4.693715594332417851e+01 5.335478876312249241e+01
4.693715594332417851e+01 4.557566790428766268e+01
4.693715594332417851e+01 4.525160010584581727e+01
4.693715594332417851e+01 4.266617173521550654e+01
4.693715594332417851e+01 5.124155446021853777e+01
4.693715594332417851e+01 4.269829211008898540e+01
4.693715594332417851e+01 4.571306051039692164e+01
4.693715594332417851e+01 4.438712928545199077e+01
4.693715594332417851e+01 4.999288434100824929e+01
4.693715594332417851e+01 4.938345622502485099e+01
4.693715594332417851e+01 4.773700086867378900e+01
4.693715594332417851e+01 4.733036504475187201e+01
4.693715594332417851e+01 5.098631018279239413e+01
4.693715594332417851e+01 4.571790131921227385e+01
4.693715594332417851e+01 4.356150661787878420e+01
4.693715594332417851e+01 4.356262365153751404e+01
4.693715594332417851e+01 4.851934309356295927e+01
4.693715594332417851e+01 4.489419257337524272e+01
4.693715594332417851e+01 4.678484885283497619e+01
4.693715594332417851e+01 4.288251268849059272e+01
4.693715594332417851e+01 4.752449612592611317e+01
4.693715594332417851e+01 4.412095338529003641e+01
4.693715594332417851e+01 4.727444930611524399e+01
4.693715594332417851e+01 4.491347207981783640e+01
4.693715594332417851e+01 4.506357988300577233e+01
4.693715594332417851e+01 4.907319160952658166e+01
4.693715594332417851e+01 4.017412505016988433e+01
4.693715594332417851e+01 4.486601419703885796e+01
4.693715594332417851e+01 4.876156509185077681e+01
4.693715594332417851e+01 4.313968127581696876e+01
4.693715594332417851e+01 5.105557563616406469e+01
4.693715594332417851e+01 4.638720955123687872e+01
4.693715594332417851e+01 4.659329528629474027e+01
4.693715594332417851e+01 4.841338856862709150e+01
4.693715594332417851e+01 4.906101438819950999e+01
4.693715594332417851e+01 5.339953181753821099e+01
4.693715594332417851e+01 4.870784431520902302e+01
4.693715594332417851e+01 4.580285600021172598e+01
4.693715594332417851e+01 4.349217015535720066e+01
4.693715594332417851e+01 4.805836315380786061e+01
4.693715594332417851e+01 4.812568754070237986e+01
4.693715594332417851e+01 4.376646812022472233e+01
4.693715594332417851e+01 4.231871895811286066e+01
4.693715594332417851e+01 4.373169760462857170e+01
4.693715594332417851e+01 4.723309414501663639e+01
4.693715594332417851e+01 3.986747894033987194e+01
4.693715594332417851e+01 4.289984287127899876e+01
4.693715594332417851e+01 4.789988752977450304e+01
4.693715594332417851e+01 4.741871287742166174e+01
4.693715594332417851e+01 5.128386681234441369e+01
4.693715594332417851e+01 4.523507056809296500e+01
4.693715594332417851e+01 4.628531265992958765e+01
4.693715594332417851e+01 3.985702347811950830e+01
4.693715594332417851e+01 5.440805577384792713e+01
4.693715594332417851e+01 4.288257367470722414e+01
4.693715594332417851e+01 5.058381298654863656e+01
4.693715594332417851e+01 4.257410910201609511e+01
4.693715594332417851e+01 5.164213832495972412e+01
4.693715594332417851e+01 4.637821586968215115e+01
4.693715594332417851e+01 4.971560493428589211e+01
4.693715594332417851e+01 4.719595246757552331e+01
4.693715594332417851e+01 4.872597820304061145e+01
4.693715594332417851e+01 4.668781395775044984e+01
4.693715594332417851e+01 4.693460730990761931e+01
4.693715594332417851e+01 4.930302498896516283e+01
4.693715594332417851e+01 4.393297868173549858e+01
4.693715594332417851e+01 4.382920275289228584e+01
4.693715594332417851e+01 4.079159196958293165e+01
4.693715594332417851e+01 4.660938368584228186e+01
4.693715594332417851e+01 4.552948444237466674e+01
4.693715594332417851e+01 4.769667226396762061e+01
4.693715594332417851e+01 4.065021822343443603e+01
4.693715594332417851e+01 4.400991837294060360e+01
4.693715594332417851e+01 4.284770303628727106e+01
4.693715594332417851e+01 4.753001532272090657e+01
4.693715594332417851e+01 4.673557065433818991e+01
4.693715594332417851e+01 4.613739103747227688e+01
4.693715594332417851e+01 4.439953407167291033e+01
4.693715594332417851e+01 4.593249225677438830e+01
4.693715594332417851e+01 4.554247955443622686e+01
4.693715594332417851e+01 4.691512014943464948e+01
4.693715594332417851e+01 4.950890704259287389e+01
4.693715594332417851e+01 4.979604086289997866e+01
4.693715594332417851e+01 4.626219094209269400e+01
4.693715594332417851e+01 4.252928424914736638e+01
4.693715594332417851e+01 4.001053043396154862e+01
4.693715594332417851e+01 4.597758027725529928e+01
4.693715594332417851e+01 4.666820793948303248e+01
4.693715594332417851e+01 4.629326208579274748e+01
4.693715594332417851e+01 4.209600611895869804e+01
4.693715594332417851e+01 4.259408599784599403e+01
4.693715594332417851e+01 4.329639583147043425e+01
4.693715594332417851e+01 4.867510675081224036e+01
4.693715594332417851e+01 4.912970972701877059e+01
4.693715594332417851e+01 4.734945263768495494e+01
4.693715594332417851e+01 4.575933052848739635e+01
4.693715594332417851e+01 4.532414732507929500e+01
4.693715594332417851e+01 4.343249975391070450e+01
4.693715594332417851e+01 4.759830313199076102e+01
4.693715594332417851e+01 4.730157300115658359e+01
4.693715594332417851e+01 4.372561787208637440e+01
4.693715594332417851e+01 5.180993431286759687e+01
4.693715594332417851e+01 4.746472937579211049e+01
4.693715594332417851e+01 4.804341347454823818e+01
4.693715594332417851e+01 4.461359119721949185e+01
4.693715594332417851e+01 4.489607235159934362e+01
4.693715594332417851e+01 4.540439352847363352e+01
4.693715594332417851e+01 4.211326605575028026e+01
4.693715594332417851e+01 4.214540750753462817e+01
4.693715594332417851e+01 3.868646740523814742e+01
4.693715594332417851e+01 4.747071259624288331e+01
4.693715594332417851e+01 4.546138450988824786e+01
4.693715594332417851e+01 3.694309035629463267e+01
4.693715594332417851e+01 4.815258402056040410e+01
4.693715594332417851e+01 4.844960257651182189e+01
4.693715594332417851e+01 5.035412889665625613e+01
4.693715594332417851e+01 5.015656982335075753e+01
4.693715594332417851e+01 4.689717265525420231e+01
4.693715594332417851e+01 4.696929820664492183e+01
4.693715594332417851e+01 4.872707929772724356e+01
4.693715594332417851e+01 4.746179785445136901e+01
4.693715594332417851e+01 5.038874647175430965e+01
4.693715594332417851e+01 4.552476729117660170e+01
4.693715594332417851e+01 4.727100472964357181e+01
4.693715594332417851e+01 5.106599825650231850e+01
4.693715594332417851e+01 4.256511790331527578e+01
4.693715594332417851e+01 4.226265890326406094e+01
4.693715594332417851e+01 4.216531969526475621e+01
4.693715594332417851e+01 4.461883067523657331e+01
4.693715594332417851e+01 4.897018764761741494e+01
4.693715594332417851e+01 4.817457415700892653e+01
4.693715594332417851e+01 4.463439921070803251e+01
4.693715594332417851e+01 5.110517474874540511e+01
4.693715594332417851e+01 4.815202729711207752e+01
4.693715594332417851e+01 4.589460482803330876e+01
4.693715594332417851e+01 4.736791181960764163e+01
4.693715594332417851e+01 4.443435956230933925e+01
4.693715594332417851e+01 4.951799171195623472e+01
4.693715594332417851e+01 4.212341182877745638e+01
4.693715594332417851e+01 4.443169928334891949e+01
4.693715594332417851e+01 4.653925498241468262e+01
4.693715594332417851e+01 4.472656958610195232e+01
4.693715594332417851e+01 4.262624345935852688e+01
4.693715594332417851e+01 4.520635417021760105e+01
4.693715594332417851e+01 4.479443696534494279e+01
4.693715594332417851e+01 4.972550313760662988e+01
4.693715594332417851e+01 4.577382501533792691e+01
4.693715594332417851e+01 4.788078299432088869e+01
4.693715594332417851e+01 4.438178405690845096e+01
4.693715594332417851e+01 5.203865770872179297e+01
4.693715594332417851e+01 4.235439470007518992e+01
4.693715594332417851e+01 4.692451649041858985e+01
4.693715594332417851e+01 3.930254870885947582e+01
4.693715594332417851e+01 5.204882290353117469e+01
4.693715594332417851e+01 5.334349368137075942e+01
4.693715594332417851e+01 4.452123115872506531e+01
4.693715594332417851e+01 5.238637554909958283e+01
4.693715594332417851e+01 5.115486969683550456e+01
4.693715594332417851e+01 4.489386208338095940e+01
4.693715594332417851e+01 5.025723006265121029e+01
4.693715594332417851e+01 3.702505199626642707e+01
4.693715594332417851e+01 4.149506983647810898e+01
4.693715594332417851e+01 4.477384401838173034e+01
4.693715594332417851e+01 4.663534179322071793e+01
4.693715594332417851e+01 4.598149847655365363e+01
4.693715594332417851e+01 4.730522331315705031e+01
4.693715594332417851e+01 4.511146388805160967e+01
4.693715594332417851e+01 5.615236479567680306e+01
4.693715594332417851e+01 4.700124820841566731e+01
4.693715594332417851e+01 4.275140633094077458e+01
4.693715594332417851e+01 4.503367134955041706e+01
4.693715594332417851e+01 4.282691884471659449e+01
4.693715594332417851e+01 4.224178236458391922e+01
4.693715594332417851e+01 4.590223946342931782e+01
4.693715594332417851e+01 4.424428016193292024e+01
4.693715594332417851e+01 4.334192580674435646e+01
4.693715594332417851e+01 4.713540388544461024e+01
4.693715594332417851e+01 4.660787856336074952e+01
4.693715594332417851e+01 5.226587230511076854e+01
4.693715594332417851e+01 4.829719256251024007e+01
4.693715594332417851e+01 4.658322592571122556e+01
4.693715594332417851e+01 4.548110412753178622e+01
4.693715594332417851e+01 4.810367800138403993e+01
4.693715594332417851e+01 4.719989297807899931e+01
4.693715594332417851e+01 4.599143708098578998e+01
4.693715594332417851e+01 4.695445402932433865e+01
4.693715594332417851e+01 4.279259663798330848e+01
4.693715594332417851e+01 5.383845308839585897e+01
4.693715594332417851e+01 4.734771152628351132e+01
4.693715594332417851e+01 4.771780863262569028e+01
4.693715594332417851e+01 4.751766289317832559e+01
4.693715594332417851e+01 4.745377158685679575e+01
4.693715594332417851e+01 4.136669730269228751e+01
4.693715594332417851e+01 4.351700045400857420e+01
4.693715594332417851e+01 4.047425180271628875e+01
4.693715594332417851e+01 4.345352035481147368e+01
4.693715594332417851e+01 4.627550922802126365e+01
4.693715594332417851e+01 5.311493017894614610e+01
4.693715594332417851e+01 4.174552027080140704e+01
4.693715594332417851e+01 4.551531245325864461e+01
4.693715594332417851e+01 4.237841335866011150e+01
4.693715594332417851e+01 4.695707545426579799e+01
4.693715594332417851e+01 4.829447133524313784e+01
4.693715594332417851e+01 4.781639087409571687e+01
4.693715594332417851e+01 4.035128000070871224e+01
4.693715594332417851e+01 4.455967297193377874e+01
4.693715594332417851e+01 4.713255506203762479e+01
4.693715594332417851e+01 4.396058002103364970e+01
4.693715594332417851e+01 5.109874042962228913e+01
4.693715594332417851e+01 4.452895616428603631e+01
4.693715594332417851e+01 4.511322001547858918e+01
4.693715594332417851e+01 4.327601542253960787e+01
4.693715594332417851e+01 4.196702132645924621e+01
4.693715594332417851e+01 4.687026067966466769e+01
4.693715594332417851e+01 4.450548340619092613e+01
4.693715594332417851e+01 4.677376587536679153e+01
4.693715594332417851e+01 4.573371130692628128e+01
4.693715594332417851e+01 4.490049558617852199e+01
4.693715594332417851e+01 5.111055644403238318e+01
4.693715594332417851e+01 4.957923981035952465e+01
4.693715594332417851e+01 5.215249448251987019e+01
4.693715594332417851e+01 5.162379666619744256e+01
4.693715594332417851e+01 5.007030984475576219e+01
4.693715594332417851e+01 4.452560271043409301e+01
4.693715594332417851e+01 4.727402999300336717e+01
4.693715594332417851e+01 5.105848163614480484e+01
4.693715594332417851e+01 5.070060482125784773e+01
4.693715594332417851e+01 4.524366699058319341e+01
4.693715594332417851e+01 4.579617057143389047e+01
4.693715594332417851e+01 4.361068835883174444e+01
4.693715594332417851e+01 4.547813788747073005e+01
4.693715594332417851e+01 4.495955762350896379e+01
4.693715594332417851e+01 4.702844566054766773e+01
4.693715594332417851e+01 4.318981920885801173e+01
4.693715594332417851e+01 4.537091888813734641e+01
4.693715594332417851e+01 4.443695682047460593e+01
4.693715594332417851e+01 4.435842468651433279e+01
4.693715594332417851e+01 5.030586393404847456e+01
4.693715594332417851e+01 4.437449755535666895e+01
4.693715594332417851e+01 4.548791719628847829e+01
4.693715594332417851e+01 4.715440545971289765e+01
4.693715594332417851e+01 4.250529624537440299e+01
4.693715594332417851e+01 4.823171045483356778e+01
4.693715594332417851e+01 5.210883017706679965e+01
4.693715594332417851e+01 4.747479063271615018e+01
4.693715594332417851e+01 4.412338163699281779e+01
4.693715594332417851e+01 4.319411762559928292e+01
4.693715594332417851e+01 5.096469718022536455e+01
4.693715594332417851e+01 4.423483893930558963e+01
4.693715594332417851e+01 5.357958605007858210e+01
4.693715594332417851e+01 4.261558274889877396e+01
4.693715594332417851e+01 4.654615213375879534e+01
4.693715594332417851e+01 5.047691404822870709e+01
4.693715594332417851e+01 4.575559795436907962e+01
4.693715594332417851e+01 4.525054120776963629e+01
4.693715594332417851e+01 4.992686013220986041e+01
4.693715594332417851e+01 5.118062018005851854e+01
4.693715594332417851e+01 4.313803826494967808e+01
4.693715594332417851e+01 5.189677804374789361e+01
4.693715594332417851e+01 4.355860455794870489e+01
4.693715594332417851e+01 4.102713181705306056e+01
4.693715594332417851e+01 4.917719660071229271e+01
4.693715594332417851e+01 5.052201065792708334e+01
4.693715594332417851e+01 4.886951356001597446e+01
4.693715594332417851e+01 4.563037305064677440e+01
4.693715594332417851e+01 4.722660918958062837e+01
4.693715594332417851e+01 4.688119561685795134e+01
4.693715594332417851e+01 4.631246095435677290e+01
4.693715594332417851e+01 4.756123727168295545e+01
4.693715594332417851e+01 4.707959969044278381e+01
4.693715594332417851e+01 4.287691195335052896e+01
4.693715594332417851e+01 4.951822634037459636e+01
4.693715594332417851e+01 4.195083750744576889e+01
4.693715594332417851e+01 4.487544527436430997e+01
4.693715594332417851e+01 4.665378131740422418e+01
4.693715594332417851e+01 4.114724837438920702e+01
4.693715594332417851e+01 4.273807945807768505e+01
4.693715594332417851e+01 4.575122093220971919e+01
4.693715594332417851e+01 4.489359864828986701e+01
4.693715594332417851e+01 4.508604066189547410e+01
4.693715594332417851e+01 4.352912659178365828e+01
4.693715594332417851e+01 4.311631104527907610e+01
4.693715594332417851e+01 4.646479060078267764e+01
4.693715594332417851e+01 4.679950491525141132e+01
4.693715594332417851e+01 4.570856572703779364e+01
4.693715594332417851e+01 4.455987670952953295e+01
4.693715594332417851e+01 5.234404167811106845e+01
4.693715594332417851e+01 4.414931636605697918e+01
4.693715594332417851e+01 4.366966875444801843e+01
4.693715594332417851e+01 4.749382397775652720e+01
4.693715594332417851e+01 4.560658587083298698e+01
4.693715594332417851e+01 4.979015647367231878e+01
4.693715594332417851e+01 5.737635207442118457e+01
4.693715594332417851e+01 4.536408151210048345e+01
4.693715594332417851e+01 4.124145068130281544e+01
4.693715594332417851e+01 4.980029504511438176e+01
4.693715594332417851e+01 4.644812850126336912e+01
4.693715594332417851e+01 4.512915225943009290e+01
4.693715594332417851e+01 4.849860431268046312e+01
4.693715594332417851e+01 4.691233558868393061e+01
4.693715594332417851e+01 4.530661041494211361e+01
4.693715594332417851e+01 4.237049789328328586e+01
4.693715594332417851e+01 4.945863882508887599e+01
4.693715594332417851e+01 4.162393420102083752e+01
4.693715594332417851e+01 4.276619323289907015e+01
4.693715594332417851e+01 4.773409408225001016e+01
4.693715594332417851e+01 4.484044609159612094e+01
4.693715594332417851e+01 4.856045752768255852e+01
4.693715594332417851e+01 4.226235418626114893e+01
4.693715594332417851e+01 5.270795377378087210e+01
4.693715594332417851e+01 4.665198778654900025e+01
4.693715594332417851e+01 4.266990813882114963e+01
4.693715594332417851e+01 4.526974653394926662e+01
4.693715594332417851e+01 4.344990938865567642e+01
4.693715594332417851e+01 5.233094534476850868e+01
4.693715594332417851e+01 4.812333961238951474e+01
4.693715594332417851e+01 5.296737368489681330e+01
4.693715594332417851e+01 4.465300732120562088e+01
4.693715594332417851e+01 4.825809625714909146e+01
4.693715594332417851e+01 5.005191954286460287e+01
4.693715594332417851e+01 4.604271570167060190e+01
4.693715594332417851e+01 4.708346139901313876e+01
4.693715594332417851e+01 4.821894158431506838e+01
4.693715594332417851e+01 4.826779917986653601e+01
4.693715594332417851e+01 4.853399527678305958e+01
4.693715594332417851e+01 4.626361964276467376e+01
4.693715594332417851e+01 4.523486045429370961e+01
4.693715594332417851e+01 4.507951333164307783e+01
4.693715594332417851e+01 4.615672645051348866e+01
4.693715594332417851e+01 4.746769733374532763e+01
4.693715594332417851e+01 4.684010081383090096e+01
4.693715594332417851e+01 4.636952312729858505e+01
4.693715594332417851e+01 4.751958036249203587e+01
4.693715594332417851e+01 4.776679855741639358e+01
4.693715594332417851e+01 4.659088845734282813e+01
4.693715594332417851e+01 4.226671302793463525e+01
4.693715594332417851e+01 4.869787739129206727e+01
4.693715594332417851e+01 5.872259047647361285e+01
4.693715594332417851e+01 4.039994335219665089e+01
4.693715594332417851e+01 4.257792871709391136e+01
4.693715594332417851e+01 5.200715408907008452e+01
4.693715594332417851e+01 5.201133402742095768e+01
4.693715594332417851e+01 4.969939000588880162e+01
4.693715594332417851e+01 5.210961927940915928e+01
4.693715594332417851e+01 4.614565196114416068e+01
4.693715594332417851e+01 4.669613672824272044e+01
4.693715594332417851e+01 4.121981317127023203e+01
4.693715594332417851e+01 4.030024442787486549e+01
4.693715594332417851e+01 5.448242309718642673e+01
4.693715594332417851e+01 4.727446472202606742e+01
4.693715594332417851e+01 4.384071213974492309e+01
4.693715594332417851e+01 4.467537651746894056e+01
4.693715594332417851e+01 4.769321418414567404e+01
4.693715594332417851e+01 4.668493136494658557e+01
4.693715594332417851e+01 4.405876660138691392e+01
4.693715594332417851e+01 4.854910056509805827e+01
4.693715594332417851e+01 4.334308641486595803e+01
4.693715594332417851e+01 4.023491809574237976e+01
4.693715594332417851e+01 4.479479351240451734e+01
4.693715594332417851e+01 5.118830895839719375e+01
4.693715594332417851e+01 4.041096375534140606e+01
4.693715594332417851e+01 5.134609395606307203e+01
4.693715594332417851e+01 4.758507239325484761e+01
4.693715594332417851e+01 4.325991906103709539e+01
4.693715594332417851e+01 4.460532898081057596e+01
4.693715594332417851e+01 4.342346009715189581e+01
4.693715594332417851e+01 4.299677644295821466e+01
4.693715594332417851e+01 4.115307789553767748e+01
4.693715594332417851e+01 5.007217400308470445e+01
4.693715594332417851e+01 5.114779108244697170e+01
4.693715594332417851e+01 4.330106343600991892e+01
4.693715594332417851e+01 4.155029715589807893e+01
4.693715594332417851e+01 4.691201579504230068e+01
4.693715594332417851e+01 4.664766992763044584e+01
4.693715594332417851e+01 5.136488241307184666e+01
4.693715594332417851e+01 4.640418051751498751e+01
4.693715594332417851e+01 4.755826843053215214e+01
4.693715594332417851e+01 4.557824598083963963e+01
4.693715594332417851e+01 4.218531065748342002e+01
4.693715594332417851e+01 4.492088934931346955e+01
4.693715594332417851e+01 4.573652930371516590e+01
4.693715594332417851e+01 4.340015818547075099e+01
4.693715594332417851e+01 4.651239945225961492e+01
4.693715594332417851e+01 4.892801996447640533e+01
4.693715594332417851e+01 4.996120885691159685e+01
4.693715594332417851e+01 4.789880236357963383e+01
4.693715594332417851e+01 4.123093877134313345e+01
4.693715594332417851e+01 4.700478288661329174e+01
4.693715594332417851e+01 4.497715494063737651e+01
4.693715594332417851e+01 4.529753213492714536e+01
4.693715594332417851e+01 4.348340594909636536e+01
4.693715594332417851e+01 5.067584061397426609e+01
4.693715594332417851e+01 4.929370722820669215e+01
4.693715594332417851e+01 4.834076924033650613e+01
4.693715594332417851e+01 4.551755422709666732e+01
4.693715594332417851e+01 5.139758628026329745e+01
4.693715594332417851e+01 4.270123351171232429e+01
4.693715594332417851e+01 4.080480562234212982e+01
4.693715594332417851e+01 4.199541304510694317e+01
4.693715594332417851e+01 3.972956070571944309e+01
4.693715594332417851e+01 4.537991812679074144e+01
4.693715594332417851e+01 4.585096834610465066e+01
4.693715594332417851e+01 4.567499759743522958e+01
4.693715594332417851e+01 4.043554885296666868e+01
4.693715594332417851e+01 4.829312676408137861e+01
4.693715594332417851e+01 4.736075395234562535e+01
4.693715594332417851e+01 4.609659035692391171e+01
4.693715594332417851e+01 4.407904727651538224e+01
4.693715594332417851e+01 4.785875226221736511e+01
4.693715594332417851e+01 5.209849637576083836e+01
4.693715594332417851e+01 4.825874204829477776e+01
4.693715594332417851e+01 4.557166890979013374e+01
4.693715594332417851e+01 4.306698035888185672e+01
4.693715594332417851e+01 5.135455935089876789e+01
4.693715594332417851e+01 4.786165006161173352e+01
4.693715594332417851e+01 4.760172675305310719e+01
4.693715594332417851e+01 4.277935755457724554e+01
4.693715594332417851e+01 4.923717974411240306e+01
4.693715594332417851e+01 4.558100998973652906e+01
4.693715594332417851e+01 4.783359607803456726e+01
4.693715594332417851e+01 4.079540384883041781e+01
4.693715594332417851e+01 4.961621499123673829e+01
4.693715594332417851e+01 4.252260300364223866e+01
4.693715594332417851e+01 5.127514083922939392e+01
4.693715594332417851e+01 4.611017255866131137e+01
4.693715594332417851e+01 5.050179837021558882e+01
4.693715594332417851e+01 5.081860635621408306e+01
4.693715594332417851e+01 4.659941513779799038e+01
4.693715594332417851e+01 4.553715924561887363e+01
4.693715594332417851e+01 4.729741533231846518e+01
4.693715594332417851e+01 4.278587526588479761e+01
4.693715594332417851e+01 4.529968838563348044e+01
4.693715594332417851e+01 4.337035700088722479e+01
4.693715594332417851e+01 5.218547908047099781e+01
4.693715594332417851e+01 4.335565688427067954e+01
4.693715594332417851e+01 4.681015497066668019e+01
4.693715594332417851e+01 4.726549374145674420e+01
4.693715594332417851e+01 4.352080331798710233e+01
4.693715594332417851e+01 5.053457839400539342e+01
4.693715594332417851e+01 4.381292063795952885e+01
4.693715594332417851e+01 4.802656800810217419e+01
4.693715594332417851e+01 5.093401384431013668e+01
4.693715594332417851e+01 4.261969884700298650e+01
4.693715594332417851e+01 4.912311590951112095e+01
4.693715594332417851e+01 4.526975957868541656e+01
4.693715594332417851e+01 4.736660693409421441e+01
4.693715594332417851e+01 4.282005821191622630e+01
4.693715594332417851e+01 4.871757274611571376e+01
4.693715594332417851e+01 4.472910207537473326e+01
4.693715594332417851e+01 4.859522355681298222e+01
4.693715594332417851e+01 4.389794512031593143e+01
4.693715594332417851e+01 4.090830074690406093e+01
4.693715594332417851e+01 4.351815516721798360e+01
4.693715594332417851e+01 5.628184320639721250e+01
4.693715594332417851e+01 4.589513961350367310e+01
4.693715594332417851e+01 4.827442826281428268e+01
4.693715594332417851e+01 4.875688013712789370e+01
4.693715594332417851e+01 4.644783992509931636e+01
4.693715594332417851e+01 4.436432837066482193e+01
4.693715594332417851e+01 4.791035833825384316e+01
4.693715594332417851e+01 4.618829291215130439e+01
4.693715594332417851e+01 4.356537865107301855e+01
4.693715594332417851e+01 4.506259356193667998e+01
4.693715594332417851e+01 4.860005760350733084e+01
4.693715594332417851e+01 4.197310028118814529e+01
4.693715594332417851e+01 4.844000810368683574e+01
4.693715594332417851e+01 4.527338338734968204e+01
4.693715594332417851e+01 4.841289277349105902e+01
4.693715594332417851e+01 4.894152064130968682e+01
4.693715594332417851e+01 4.518593388164039482e+01
4.693715594332417851e+01 4.055223663144593615e+01
4.693715594332417851e+01 4.817938434423983551e+01
4.693715594332417851e+01 4.915820982492501656e+01
4.693715594332417851e+01 4.535311374262320072e+01
4.693715594332417851e+01 4.043615380545637095e+01
4.693715594332417851e+01 4.197875079453439895e+01
4.693715594332417851e+01 4.532299726622977687e+01
4.693715594332417851e+01 4.385119830540146069e+01
4.693715594332417851e+01 4.633920150202762045e+01
4.693715594332417851e+01 4.595504712998220498e+01
4.693715594332417851e+01 4.735965746920273745e+01
4.693715594332417851e+01 4.341448549016786274e+01
4.693715594332417851e+01 4.646539143287509432e+01
4.693715594332417851e+01 4.961234329756525341e+01
4.693715594332417851e+01 4.143515277866729463e+01
4.693715594332417851e+01 4.735541220052365929e+01
4.693715594332417851e+01 4.462898552738074898e+01
4.693715594332417851e+01 4.503972770874166542e+01
4.693715594332417851e+01 4.737867124561010712e+01
4.693715594332417851e+01 5.012649473226169050e+01
4.693715594332417851e+01 4.435264431047392719e+01
4.693715594332417851e+01 4.260368250946888224e+01
4.693715594332417851e+01 4.996359974776854074e+01
4.693715594332417851e+01 4.292548486959947240e+01
4.693715594332417851e+01 4.749284979626576586e+01
4.693715594332417851e+01 5.029930822532092094e+01
4.693715594332417851e+01 4.134019315659205063e+01
4.693715594332417851e+01 4.236889543563204796e+01
4.693715594332417851e+01 4.830878077723791364e+01
4.693715594332417851e+01 4.583864378969501274e+01
4.693715594332417851e+01 5.292746744273499360e+01
4.693715594332417851e+01 4.143547923110264719e+01
4.693715594332417851e+01 4.735483017822213014e+01
4.693715594332417851e+01 4.742893525030723367e+01
4.693715594332417851e+01 5.006342795720945560e+01
4.693715594332417851e+01 4.740672098791707612e+01
4.693715594332417851e+01 4.348330876259024080e+01
4.693715594332417851e+01 5.047183102651476361e+01
4.693715594332417851e+01 4.509600508992446777e+01
4.693715594332417851e+01 4.834447247246223611e+01
4.693715594332417851e+01 5.016232415782395293e+01
4.693715594332417851e+01 5.073519115075064434e+01
4.693715594332417851e+01 4.625414458134653017e+01
4.693715594332417851e+01 4.671032716398030260e+01
4.693715594332417851e+01 4.845195654117627271e+01
4.693715594332417851e+01 4.822899845935987173e+01
4.693715594332417851e+01 4.852747148755283035e+01
4.693715594332417851e+01 4.863281158709803265e+01
4.693715594332417851e+01 4.749316225088446686e+01
4.693715594332417851e+01 4.475376879281493814e+01
4.693715594332417851e+01 4.550014121886700025e+01
4.693715594332417851e+01 4.760353238381939889e+01
4.693715594332417851e+01 4.348138744556035817e+01
4.693715594332417851e+01 4.582703892491670672e+01
4.693715594332417851e+01 4.094927140213634686e+01
4.693715594332417851e+01 4.775049935754856278e+01
4.693715594332417851e+01 4.717771008606752048e+01
4.693715594332417851e+01 4.085469022472463507e+01
4.693715594332417851e+01 4.328884438377284027e+01
4.693715594332417851e+01 4.308451308581715722e+01
4.693715594332417851e+01 5.260378498839968131e+01
4.693715594332417851e+01 5.073362737779471132e+01
4.693715594332417851e+01 5.014219020912416624e+01
4.693715594332417851e+01 4.506421850188556277e+01
4.693715594332417851e+01 4.206647949464260705e+01
4.693715594332417851e+01 4.677906751969577215e+01
4.693715594332417851e+01 4.967693220266367859e+01
4.693715594332417851e+01 4.460497605403573829e+01
4.693715594332417851e+01 5.008608125717339021e+01
4.693715594332417851e+01 4.801828630610184234e+01
4.693715594332417851e+01 4.737588773665063258e+01
4.693715594332417851e+01 4.403551857504383804e+01
4.693715594332417851e+01 4.581750418138133085e+01
4.693715594332417851e+01 3.915832295046496370e+01
4.693715594332417851e+01 4.353971418491988032e+01
4.693715594332417851e+01 4.509554812112691025e+01
4.693715594332417851e+01 4.478571653185729673e+01
4.693715594332417851e+01 4.572359828649940994e+01
4.693715594332417851e+01 4.619736581658639096e+01
4.693715594332417851e+01 4.487782588248899174e+01
4.693715594332417851e+01 4.401781282334112433e+01
4.693715594332417851e+01 4.584741911220667276e+01
4.693715594332417851e+01 4.270937988764185178e+01
4.693715594332417851e+01 4.644980544048158322e+01
4.693715594332417851e+01 4.402074457586686407e+01
4.693715594332417851e+01 4.161291155294821209e+01
4.693715594332417851e+01 4.830955750145455596e+01
4.693715594332417851e+01 4.801612178522211849e+01
4.693715594332417851e+01 4.088550950370397175e+01
4.693715594332417851e+01 4.296346558318919051e+01
4.693715594332417851e+01 4.713443915872625922e+01
4.693715594332417851e+01 4.588811659299656753e+01
4.693715594332417851e+01 4.496654927327292484e+01
4.693715594332417851e+01 4.359817049654230914e+01
4.693715594332417851e+01 4.511262663525454997e+01
4.693715594332417851e+01 4.726666386204552595e+01
4.693715594332417851e+01 4.239791717310392016e+01
4.693715594332417851e+01 4.890060878067678374e+01
4.693715594332417851e+01 4.018313744712728663e+01
4.693715594332417851e+01 4.327163621371031610e+01
4.693715594332417851e+01 4.585011722985761651e+01
4.693715594332417851e+01 3.904570926262289277e+01
4.693715594332417851e+01 4.608011040710606210e+01
4.693715594332417851e+01 4.519854044145323968e+01
4.693715594332417851e+01 4.664673862793560488e+01
4.693715594332417851e+01 4.646402775184228062e+01
4.693715594332417851e+01 4.427649229227485250e+01
4.693715594332417851e+01 4.745905778833727595e+01
4.693715594332417851e+01 4.695121778955417113e+01
4.693715594332417851e+01 3.767340346956326869e+01
4.693715594332417851e+01 4.520452367421213324e+01
4.693715594332417851e+01 4.578044626585804622e+01
4.693715594332417851e+01 4.452181546547957680e+01
4.693715594332417851e+01 4.679717722657977674e+01
4.693715594332417851e+01 4.468941016038295544e+01
4.693715594332417851e+01 4.474236671145221322e+01
4.693715594332417851e+01 4.664856968762815370e+01
4.693715594332417851e+01 4.668762598402277320e+01
4.693715594332417851e+01 4.750595183327995130e+01
4.693715594332417851e+01 4.808177904694382221e+01
4.693715594332417851e+01 4.892285339607381900e+01
4.693715594332417851e+01 4.100814644766450812e+01
4.693715594332417851e+01 4.227923556323998611e+01
4.693715594332417851e+01 4.313232494347261081e+01
4.693715594332417851e+01 4.870605555976050738e+01
4.693715594332417851e+01 5.163605317267108319e+01
4.693715594332417851e+01 5.163899378099119986e+01
4.693715594332417851e+01 4.073049837243108584e+01
4.693715594332417851e+01 4.187473423003978468e+01
4.693715594332417851e+01 4.590604005448481928e+01
4.693715594332417851e+01 4.489938547205812114e+01
4.693715594332417851e+01 4.815105504966260952e+01
4.693715594332417851e+01 4.069167431743690599e+01
4.693715594332417851e+01 4.511909962603769486e+01
4.693715594332417851e+01 3.802235475523168162e+01
4.693715594332417851e+01 4.084460259523336845e+01
4.693715594332417851e+01 4.127402491387556438e+01
4.693715594332417851e+01 4.192454704134190280e+01
4.693715594332417851e+01 4.584305085751690712e+01
4.693715594332417851e+01 4.506894146272276913e+01
4.693715594332417851e+01 4.193818446095400532e+01
4.693715594332417851e+01 4.787768633589720224e+01
4.693715594332417851e+01 4.697112428266554929e+01
4.693715594332417851e+01 4.435690408972031662e+01
4.693715594332417851e+01 4.952019765071744217e+01
4.693715594332417851e+01 4.559104145367756900e+01
4.693715594332417851e+01 4.886651178249150718e+01
4.693715594332417851e+01 3.948644454573302198e+01
4.693715594332417851e+01 4.315280666709829660e+01
4.693715594332417851e+01 4.641250645879466674e+01
4.693715594332417851e+01 5.066256051141374428e+01
4.693715594332417851e+01 4.043954622069105653e+01
4.693715594332417851e+01 4.668178249490111398e+01
4.693715594332417851e+01 4.672656330348365827e+01
4.693715594332417851e+01 5.104225865611640955e+01
4.693715594332417851e+01 5.273494458856482936e+01
4.693715594332417851e+01 4.956617807024363032e+01
4.693715594332417851e+01 4.564675509683098653e+01
4.693715594332417851e+01 4.856743122121751810e+01
4.693715594332417851e+01 4.445799517900670139e+01
4.693715594332417851e+01 4.917087866938418017e+01
4.693715594332417851e+01 4.980180950799488926e+01
4.693715594332417851e+01 4.597089172501732435e+01
4.693715594332417851e+01 5.269692381043712004e+01
4.693715594332417851e+01 4.761938593162015110e+01
4.693715594332417851e+01 3.948917386613329228e+01
4.693715594332417851e+01 4.517529168313965471e+01
4.693715594332417851e+01 4.012574072382559365e+01
4.693715594332417851e+01 4.431370948331943538e+01
4.693715594332417851e+01 4.713704710784188734e+01
4.693715594332417851e+01 4.775504283165896879e+01
4.693715594332417851e+01 5.018625406118795951e+01
4.693715594332417851e+01 3.715378346392440534e+01
4.693715594332417851e+01 4.949619955163345963e+01
4.693715594332417851e+01 4.504248618967579887e+01
4.693715594332417851e+01 4.170288369599515477e+01
4.693715594332417851e+01 4.616993167309600921e+01
4.693715594332417851e+01 4.121686628660249596e+01
4.693715594332417851e+01 4.549678764168861278e+01
4.693715594332417851e+01 4.561348914332422311e+01
4.693715594332417851e+01 4.583403365274210017e+01
4.693715594332417851e+01 4.912453447638062443e+01
4.693715594332417851e+01 5.083914602392133730e+01
4.693715594332417851e+01 4.939716954426701534e+01
4.693715594332417851e+01 4.956793150385066582e+01
4.693715594332417851e+01 4.593465893183469717e+01
4.693715594332417851e+01 4.401242970721776970e+01
4.693715594332417851e+01 3.891328283300536839e+01
4.693715594332417851e+01 4.054906880131111535e+01
4.693715594332417851e+01 4.152805074146692021e+01
4.693715594332417851e+01 4.387585814891586011e+01
4.693715594332417851e+01 4.646837244781247023e+01
4.693715594332417851e+01 4.852159316820049639e+01
4.693715594332417851e+01 4.559324218378068849e+01
4.693715594332417851e+01 4.914432051417029612e+01
4.693715594332417851e+01 4.537074695514615996e+01
4.693715594332417851e+01 4.362946544670026583e+01
4.693715594332417851e+01 4.478086699336130749e+01
4.693715594332417851e+01 5.101513668581097249e+01
4.693715594332417851e+01 4.453151307327953390e+01
4.693715594332417851e+01 4.646461342104928605e+01
4.693715594332417851e+01 4.853739698675067160e+01
4.693715594332417851e+01 4.812715775076575397e+01
4.693715594332417851e+01 4.819165497443807311e+01
4.693715594332417851e+01 4.693642281829740170e+01
4.693715594332417851e+01 4.470859359499748820e+01
4.693715594332417851e+01 4.407138124076375618e+01
4.693715594332417851e+01 4.448326339929176498e+01
4.693715594332417851e+01 4.116081804372959141e+01
4.693715594332417851e+01 4.098787651277180544e+01
4.693715594332417851e+01 5.291021385992098658e+01
4.693715594332417851e+01 4.452382102199744196e+01
4.693715594332417851e+01 4.385646126850401316e+01
4.693715594332417851e+01 4.109690356387795873e+01
4.693715594332417851e+01 4.319715962646017715e+01
4.693715594332417851e+01 4.551706104929445473e+01
4.693715594332417851e+01 5.127349623113872212e+01
4.693715594332417851e+01 5.170929282877443001e+01
4.693715594332417851e+01 4.411376816410189861e+01
4.693715594332417851e+01 4.760027146603418657e+01
4.693715594332417851e+01 4.573534900132399628e+01
4.693715594332417851e+01 4.335335111547648523e+01
4.693715594332417851e+01 4.284175395361859984e+01
4.693715594332417851e+01 4.929603337072065017e+01
4.693715594332417851e+01 4.335366730645895927e+01
4.693715594332417851e+01 4.450123124499800298e+01
4.693715594332417851e+01 4.276090006112517727e+01
4.693715594332417851e+01 5.297416196793162158e+01
4.693715594332417851e+01 4.735621138001381070e+01
4.693715594332417851e+01 4.579429541071191068e+01
4.693715594332417851e+01 4.374847176765909040e+01
4.693715594332417851e+01 4.702237100072868969e+01
4.693715594332417851e+01 4.990006775542153861e+01
4.693715594332417851e+01 4.728636989053443074e+01
4.693715594332417851e+01 4.898419876385543148e+01
4.693715594332417851e+01 4.266159365865492248e+01
4.693715594332417851e+01 4.309643987232005458e+01
4.693715594332417851e+01 4.798759462621386263e+01
4.693715594332417851e+01 4.963817171863471600e+01
4.693715594332417851e+01 4.657180339254449564e+01
4.693715594332417851e+01 4.014017436098506408e+01
4.693715594332417851e+01 4.718128922282113535e+01
4.693715594332417851e+01 4.681838915361446851e+01
4.693715594332417851e+01 4.406410580721829007e+01
4.693715594332417851e+01 4.359809101757650751e+01
4.693715594332417851e+01 3.925565915550364338e+01
4.693715594332417851e+01 5.029862244349379807e+01
4.693715594332417851e+01 4.897763475757200524e+01
4.693715594332417851e+01 4.746324689318264944e+01
4.693715594332417851e+01 4.711552143363186218e+01
4.693715594332417851e+01 4.593681715970816981e+01
4.693715594332417851e+01 4.527980792465760373e+01
4.693715594332417851e+01 4.522279351601773811e+01
4.693715594332417851e+01 4.648735120689146783e+01
4.693715594332417851e+01 4.756878525986230954e+01
4.693715594332417851e+01 4.963809677254067765e+01
4.693715594332417851e+01 4.794545817502696394e+01
4.693715594332417851e+01 4.495666228922088692e+01
4.693715594332417851e+01 4.464008444829229205e+01
4.693715594332417851e+01 4.186143499143471303e+01
4.693715594332417851e+01 4.957181420947300410e+01
4.693715594332417851e+01 4.209540988222889979e+01
4.693715594332417851e+01 4.680762631637922766e+01
4.693715594332417851e+01 4.653650179995379688e+01
4.693715594332417851e+01 4.807904303659952205e+01
4.693715594332417851e+01 3.995060427686809845e+01
4.693715594332417851e+01 5.042394650577387694e+01
4.693715594332417851e+01 5.001972043527460698e+01
4.693715594332417851e+01 4.418266659768685400e+01
4.693715594332417851e+01 4.792192496440733862e+01
4.693715594332417851e+01 4.138831855963024253e+01
4.693715594332417851e+01 4.401168922816981421e+01
4.693715594332417851e+01 5.102478216262521471e+01
4.693715594332417851e+01 4.290106634004047237e+01
4.693715594332417851e+01 5.290186116767858238e+01
4.693715594332417851e+01 4.951118171840754201e+01
4.693715594332417851e+01 4.293606659072282383e+01
4.693715594332417851e+01 4.384679150455846752e+01
4.693715594332417851e+01 4.829448897530109974e+01
4.693715594332417851e+01 4.707052250295279805e+01
4.693715594332417851e+01 4.381472646457501696e+01
4.693715594332417851e+01 4.857204844811562339e+01
4.693715594332417851e+01 4.272629079295188603e+01
4.693715594332417851e+01 4.359219187162543818e+01
4.693715594332417851e+01 4.223246634892313978e+01
4.693715594332417851e+01 4.549421410975214997e+01
4.693715594332417851e+01 4.805936631274312987e+01
4.693715594332417851e+01 4.590805506488606369e+01
4.693715594332417851e+01 4.989685706138764232e+01
4.693715594332417851e+01 4.572451230152162083e+01
4.693715594332417851e+01 4.480025631142599707e+01
4.693715594332417851e+01 3.934512763689442494e+01
4.693715594332417851e+01 4.825132734773680454e+01
4.693715594332417851e+01 4.962158308136127260e+01
4.693715594332417851e+01 4.409638561821663671e+01
4.693715594332417851e+01 4.878581510116190145e+01
4.693715594332417851e+01 4.621123869046185462e+01
4.693715594332417851e+01 4.918773468491253453e+01
4.693715594332417851e+01 4.478961693374107256e+01
4.693715594332417851e+01 4.757827030204842345e+01
4.693715594332417851e+01 4.543306421566183673e+01
4.693715594332417851e+01 4.352427805590632204e+01
4.693715594332417851e+01 4.903209736526822127e+01
4.693715594332417851e+01 4.799877279358979365e+01
4.693715594332417851e+01 4.275945793497009362e+01
4.693715594332417851e+01 4.981325015847314575e+01
4.693715594332417851e+01 4.278187626497205542e+01
4.693715594332417851e+01 4.724940896762178966e+01
4.693715594332417851e+01 4.757103410966085022e+01
4.693715594332417851e+01 5.812914635537521946e+01
4.693715594332417851e+01 4.394849873320152511e+01
4.693715594332417851e+01 4.428456659163074249e+01
4.693715594332417851e+01 4.709382473854349627e+01
4.693715594332417851e+01 4.726649269570160072e+01
4.693715594332417851e+01 4.333869588148616003e+01
4.693715594332417851e+01 5.008122607481616484e+01
4.693715594332417851e+01 4.865419999941970275e+01
4.693715594332417851e+01 4.407192624111808499e+01
4.693715594332417851e+01 4.472077351154759839e+01
4.693715594332417851e+01 4.907890971580287953e+01
4.693715594332417851e+01 4.035522363617263153e+01
4.693715594332417851e+01 4.476477539731947530e+01
4.693715594332417851e+01 4.236874621994215317e+01
4.693715594332417851e+01 4.698925586832238110e+01
4.693715594332417851e+01 3.923577329438739270e+01
4.693715594332417851e+01 4.908667504848261842e+01
4.693715594332417851e+01 3.902492717804501154e+01
4.693715594332417851e+01 4.578896390950988859e+01
4.693715594332417851e+01 4.598351165047046152e+01
4.693715594332417851e+01 4.169606883491366744e+01
4.693715594332417851e+01 4.565452166593897232e+01
4.693715594332417851e+01 4.161153952661260291e+01
4.693715594332417851e+01 4.986332113552927581e+01
4.693715594332417851e+01 4.644216165579577904e+01
4.693715594332417851e+01 3.886737674126203501e+01
4.693715594332417851e+01 5.096416557810563575e+01
4.693715594332417851e+01 4.532603869030234733e+01
4.693715594332417851e+01 4.712985697640880289e+01
4.693715594332417851e+01 4.678592940693982172e+01
4.693715594332417851e+01 4.711080795811212596e+01
4.693715594332417851e+01 4.269797991274450766e+01
4.693715594332417851e+01 4.684383827880865425e+01
4.693715594332417851e+01 4.557282089381951096e+01
4.693715594332417851e+01 4.792273431953110219e+01
4.693715594332417851e+01 4.677187210110668758e+01
4.693715594332417851e+01 4.289103209285720197e+01
4.693715594332417851e+01 4.398816302278451928e+01
4.693715594332417851e+01 4.570273881179480924e+01
4.693715594332417851e+01 4.560719614191928173e+01
4.693715594332417851e+01 4.497594466166584226e+01
4.693715594332417851e+01 4.470156719851731708e+01
4.693715594332417851e+01 4.594827333819785053e+01
4.693715594332417851e+01 4.969964216522642886e+01
4.693715594332417851e+01 4.900297618597986826e+01
4.693715594332417851e+01 4.812314173517081173e+01
4.693715594332417851e+01 4.781789207129550334e+01
4.693715594332417851e+01 5.026764894117383164e+01
4.693715594332417851e+01 4.176262487239884535e+01
4.693715594332417851e+01 4.988683727678568403e+01
4.693715594332417851e+01 4.954209613227186537e+01
4.693715594332417851e+01 4.857276883750928675e+01
4.693715594332417851e+01 4.400613110342717249e+01
4.693715594332417851e+01 4.605306706920109150e+01
4.693715594332417851e+01 4.473094732067029611e+01
4.693715594332417851e+01 5.173083043297152983e+01
4.693715594332417851e+01 5.008392582996192033e+01
4.693715594332417851e+01 4.384747140077572425e+01
4.693715594332417851e+01 4.474304189703508428e+01
4.693715594332417851e+01 4.516952407436536276e+01
4.693715594332417851e+01 5.106384168169939386e+01
4.693715594332417851e+01 4.806188509534144515e+01
4.693715594332417851e+01 4.174373080944919678e+01
4.693715594332417851e+01 5.052914430994828621e+01
4.693715594332417851e+01 4.715384195101133002e+01
4.693715594332417851e+01 4.315655411525969498e+01
4.693715594332417851e+01 4.871882074117842620e+01
4.693715594332417851e+01 4.506837170761546219e+01
4.693715594332417851e+01 4.488797118383311613e+01
4.693715594332417851e+01 4.447041066529626363e+01
4.693715594332417851e+01 4.963900827218009937e+01
4.693715594332417851e+01 4.506729760170773602e+01
4.693715594332417851e+01 4.832986920999530867e+01
4.693715594332417851e+01 4.525687112620430952e+01
4.693715594332417851e+01 4.894211380319460147e+01
4.693715594332417851e+01 4.417290597558205434e+01
4.693715594332417851e+01 4.639643124111437089e+01
4.693715594332417851e+01 4.380064889085190316e+01
4.693715594332417851e+01 4.847767849138350016e+01
4.693715594332417851e+01 4.851199967701807481e+01
4.693715594332417851e+01 5.007245558016830245e+01
4.693715594332417851e+01 5.075507591776673166e+01
4.693715594332417851e+01 4.708037729966150664e+01
4.693715594332417851e+01 4.744033854528284166e+01
4.693715594332417851e+01 4.643563584568646263e+01
4.693715594332417851e+01 4.254034473154645468e+01
4.693715594332417851e+01 4.664793319408268246e+01
4.693715594332417851e+01 4.508692562772000656e+01
4.693715594332417851e+01 4.820095974757828117e+01
4.693715594332417851e+01 4.338145840799621311e+01
4.693715594332417851e+01 4.897941581688272805e+01
4.693715594332417851e+01 4.961841425114429427e+01
4.693715594332417851e+01 4.142420010479951742e+01
4.693715594332417851e+01 4.956329503299878780e+01
