4.693715594332417851e+01 4.754735672915037981e+01
4.693715594332417851e+01 5.007164972775300527e+01
4.693715594332417851e+01 5.083687466496235174e+01
4.693715594332417851e+01 4.404334832119425869e+01
4.693715594332417851e+01 4.655196053243430043e+01
4.693715594332417851e+01 4.836406326107915987e+01
4.693715594332417851e+01 5.348464315129446334e+01
4.693715594332417851e+01 4.712702787864147780e+01
4.693715594332417851e+01 4.370811700214127882e+01
4.693715594332417851e+01 4.416566017557923374e+01
4.693715594332417851e+01 5.029049343469800704e+01
4.693715594332417851e+01 4.833213584771529270e+01
4.693715594332417851e+01 5.027838903379476676e+01
4.693715594332417851e+01 4.792293665141944814e+01
4.693715594332417851e+01 4.352498157628834718e+01
4.693715594332417851e+01 4.164143679272549292e+01
4.693715594332417851e+01 4.116437081573367607e+01
4.693715594332417851e+01 4.937556892171335221e+01
4.693715594332417851e+01 4.572945916073133077e+01
4.693715594332417851e+01 4.633611575377333480e+01
4.693715594332417851e+01 5.325084964524867104e+01
4.693715594332417851e+01 4.196306246631543502e+01
4.693715594332417851e+01 4.665486490779020556e+01
4.693715594332417851e+01 4.328488079117626341e+01
4.693715594332417851e+01 4.505051644711635817e+01
4.693715594332417851e+01 4.356538371609500615e+01
4.693715594332417851e+01 4.792320997818188744e+01
4.693715594332417851e+01 5.152047865631283941e+01
4.693715594332417851e+01 5.056060288532677305e+01
4.693715594332417851e+01 5.101115848760208138e+01
4.693715594332417851e+01 4.338313509044400718e+01
4.693715594332417851e+01 4.484160301169060858e+01
4.693715594332417851e+01 4.567123348433921137e+01
4.693715594332417851e+01 4.453778167852786396e+01
4.693715594332417851e+01 4.854349038168225405e+01
4.693715594332417851e+01 3.837189284654141375e+01
4.693715594332417851e+01 4.621103835652986902e+01
4.693715594332417851e+01 4.037374087106760356e+01
4.693715594332417851e+01 4.732916435331409133e+01
4.693715594332417851e+01 4.733145317487067416e+01
4.693715594332417851e+01 4.726290227464114935e+01
4.693715594332417851e+01 4.894362126673581770e+01
4.693715594332417851e+01 4.233902733631020254e+01
4.693715594332417851e+01 4.246376184993719960e+01
4.693715594332417851e+01 4.491622568668829985e+01
4.693715594332417851e+01 4.641453881650924274e+01
4.693715594332417851e+01 4.671138308403111949e+01
4.693715594332417851e+01 4.895286065506275008e+01
4.693715594332417851e+01 4.392916380319449843e+01
4.693715594332417851e+01 4.951431885724209536e+01
4.693715594332417851e+01 4.721698793198967792e+01
4.693715594332417851e+01 3.942366976582051308e+01
4.693715594332417851e+01 5.062995983646368359e+01
4.693715594332417851e+01 4.200604621200550781e+01
4.693715594332417851e+01 4.415746008756944718e+01
4.693715594332417851e+01 4.656966703046526845e+01
4.693715594332417851e+01 4.964480989129413757e+01
4.693715594332417851e+01 4.785431610100990696e+01
4.693715594332417851e+01 4.539635723917588450e+01
4.693715594332417851e+01 4.490977677318977612e+01
4.693715594332417851e+01 4.334323560087159422e+01
4.693715594332417851e+01 5.501527929750569257e+01
4.693715594332417851e+01 4.483104767831495252e+01
4.693715594332417851e+01 4.722313648582243673e+01
4.693715594332417851e+01 4.672261966876955341e+01
4.693715594332417851e+01 4.545498539243411784e+01
4.693715594332417851e+01 4.339075014450563117e+01
4.693715594332417851e+01 4.891434226300152233e+01
4.693715594332417851e+01 4.696976387676704690e+01
4.693715594332417851e+01 4.432146518498586119e+01
4.693715594332417851e+01 4.046079161743856645e+01
4.693715594332417851e+01 4.304096876736124244e+01
4.693715594332417851e+01 4.508191850465812678e+01
4.693715594332417851e+01 5.006199436376101630e+01
4.693715594332417851e+01 4.873735722751300159e+01
4.693715594332417851e+01 4.407779591648692730e+01
4.693715594332417851e+01 4.960278957469774497e+01
4.693715594332417851e+01 4.706922756767362159e+01
4.693715594332417851e+01 4.966365537723012125e+01
4.693715594332417851e+01 5.215842841877780955e+01
4.693715594332417851e+01 5.407497081749458800e+01
4.693715594332417851e+01 4.729944215232826110e+01
4.693715594332417851e+01 5.097032814226113118e+01
4.693715594332417851e+01 4.738771051169337056e+01
4.693715594332417851e+01 4.766461968040949415e+01
4.693715594332417851e+01 4.293780839577067354e+01
4.693715594332417851e+01 4.591098422655590383e+01
4.693715594332417851e+01 4.820038724671196206e+01
4.693715594332417851e+01 4.759477512413545242e+01
4.693715594332417851e+01 4.455031570457791190e+01
4.693715594332417851e+01 4.480133171343680942e+01
4.693715594332417851e+01 4.425692636586590822e+01
4.693715594332417851e+01 4.170921737164252363e+01
4.693715594332417851e+01 4.412549433349380479e+01
4.693715594332417851e+01 4.649275885039006795e+01
4.693715594332417851e+01 4.330795814956032785e+01
4.693715594332417851e+01 4.515998827342334465e+01
4.693715594332417851e+01 4.482232384168552386e+01
4.693715594332417851e+01 4.448114153815905780e+01
4.693715594332417851e+01 4.319039597219876470e+01
4.693715594332417851e+01 4.779693294325452513e+01
4.693715594332417851e+01 4.928140514169383835e+01
4.693715594332417851e+01 4.382974748765894901e+01
4.693715594332417851e+01 4.759282116602811641e+01
4.693715594332417851e+01 4.778121088318524556e+01
4.693715594332417851e+01 4.366146388879321449e+01
4.693715594332417851e+01 4.702975358279184803e+01
4.693715594332417851e+01 4.507303967969845360e+01
4.693715594332417851e+01 3.927291365836259018e+01
4.693715594332417851e+01 5.094547199867322718e+01
4.693715594332417851e+01 4.369519961893168869e+01
4.693715594332417851e+01 4.523772012132515385e+01
4.693715594332417851e+01 4.248805927226987222e+01
4.693715594332417851e+01 4.566242586876278153e+01
4.693715594332417851e+01 5.006147556311593405e+01
4.693715594332417851e+01 4.701983532063658089e+01
4.693715594332417851e+01 4.331656331606009758e+01
4.693715594332417851e+01 3.896964399524942735e+01
4.693715594332417851e+01 4.671227288922165855e+01
4.693715594332417851e+01 4.469000045065963889e+01
4.693715594332417851e+01 4.690257641652000586e+01
4.693715594332417851e+01 4.603684851130692124e+01
4.693715594332417851e+01 4.258868741860916884e+01
4.693715594332417851e+01 4.502608870382763229e+01
4.693715594332417851e+01 4.308931181307026037e+01
4.693715594332417851e+01 4.341691387640245381e+01
4.693715594332417851e+01 5.292038847916395383e+01
4.693715594332417851e+01 4.851438013523886639e+01
4.693715594332417851e+01 4.536081054222231046e+01
4.693715594332417851e+01 4.451578707982339722e+01
4.693715594332417851e+01 5.060907100793237134e+01
4.693715594332417851e+01 4.615712151327335988e+01
4.693715594332417851e+01 4.708988712980359992e+01
4.693715594332417851e+01 5.486880957268395065e+01
4.693715594332417851e+01 4.680322043085833172e+01
4.693715594332417851e+01 4.263018444449547673e+01
4.693715594332417851e+01 4.447695296421279210e+01
4.693715594332417851e+01 4.734228323582843956e+01
4.693715594332417851e+01 4.621468742427016707e+01
4.693715594332417851e+01 4.960388493987885283e+01
4.693715594332417851e+01 4.873068817110392814e+01
4.693715594332417851e+01 4.979875971070906360e+01
4.693715594332417851e+01 4.199496375730409881e+01
4.693715594332417851e+01 4.753760473306457612e+01
4.693715594332417851e+01 5.047172737820557131e+01
4.693715594332417851e+01 4.570556080605721405e+01
4.693715594332417851e+01 4.493110946088078350e+01
4.693715594332417851e+01 4.627913251179816001e+01
4.693715594332417851e+01 4.223865121568174885e+01
4.693715594332417851e+01 4.956082083055450482e+01
4.693715594332417851e+01 4.338494971781771170e+01
4.693715594332417851e+01 4.452440471693056168e+01
4.693715594332417851e+01 4.579915400241532808e+01
4.693715594332417851e+01 4.575728102538393927e+01
4.693715594332417851e+01 4.555154985372472964e+01
4.693715594332417851e+01 4.430443527966451001e+01
4.693715594332417851e+01 4.740194164430540980e+01
4.693715594332417851e+01 3.937565833125547954e+01
4.693715594332417851e+01 4.563780034031589139e+01
4.693715594332417851e+01 4.432734728929036550e+01
4.693715594332417851e+01 4.168296139221045848e+01
4.693715594332417851e+01 5.322899192141778002e+01
4.693715594332417851e+01 4.235472930310324102e+01
4.693715594332417851e+01 4.352883514480760851e+01
4.693715594332417851e+01 4.640543563899251467e+01
4.693715594332417851e+01 4.710431460156688388e+01
4.693715594332417851e+01 4.099713732567062152e+01
4.693715594332417851e+01 4.818437336112749847e+01
4.693715594332417851e+01 4.385008218470799335e+01
4.693715594332417851e+01 3.973287879568367487e+01
4.693715594332417851e+01 4.867610510111722988e+01
4.693715594332417851e+01 4.501516824200979272e+01
4.693715594332417851e+01 4.266330086630244267e+01
4.693715594332417851e+01 4.235015536199620811e+01
4.693715594332417851e+01 4.847845983095122335e+01
4.693715594332417851e+01 4.482795591654987533e+01
4.693715594332417851e+01 4.462722199100765152e+01
4.693715594332417851e+01 4.550907088713914561e+01
4.693715594332417851e+01 4.325791018768277496e+01
4.693715594332417851e+01 4.410015625200095002e+01
4.693715594332417851e+01 4.756790244647179833e+01
4.693715594332417851e+01 4.535101014823656129e+01
4.693715594332417851e+01 4.345414503806308204e+01
4.693715594332417851e+01 4.519359987494004116e+01
4.693715594332417851e+01 4.305560164172020166e+01
4.693715594332417851e+01 4.459678585141076468e+01
4.693715594332417851e+01 3.762350345105401317e+01
4.693715594332417851e+01 5.189331574312900131e+01
4.693715594332417851e+01 4.213943463434657843e+01
4.693715594332417851e+01 4.970660365399143643e+01
4.693715594332417851e+01 4.581773163064021048e+01
4.693715594332417851e+01 4.600192237381791927e+01
4.693715594332417851e+01 4.465081483582393673e+01
4.693715594332417851e+01 4.405469302109378305e+01
4.693715594332417851e+01 5.328497683564854981e+01
4.693715594332417851e+01 4.515769720731126569e+01
4.693715594332417851e+01 4.331345164846228357e+01
4.693715594332417851e+01 5.120259606346964887e+01
4.693715594332417851e+01 4.503898781854196898e+01
4.693715594332417851e+01 4.811007687937521382e+01
4.693715594332417851e+01 4.222563211054117005e+01
4.693715594332417851e+01 4.567273753687851467e+01
4.693715594332417851e+01 4.352426869329265458e+01
4.693715594332417851e+01 4.642549070065941663e+01
4.693715594332417851e+01 5.072841772805043092e+01
4.693715594332417851e+01 4.623596707432502484e+01
4.693715594332417851e+01 4.772592580286818276e+01
4.693715594332417851e+01 4.987700530488365303e+01
4.693715594332417851e+01 4.556139593928919851e+01
4.693715594332417851e+01 4.472641677941009419e+01
4.693715594332417851e+01 4.162394315054552152e+01
4.693715594332417851e+01 5.015483367829540384e+01
4.693715594332417851e+01 5.083592448928010299e+01
4.693715594332417851e+01 4.198908158644231037e+01
4.693715594332417851e+01 4.477121903309751616e+01
4.693715594332417851e+01 4.110964521117784187e+01
4.693715594332417851e+01 4.955965647701259513e+01
4.693715594332417851e+01 4.026347989796867921e+01
4.693715594332417851e+01 5.111206613147403743e+01
4.693715594332417851e+01 4.724618306295649006e+01
4.693715594332417851e+01 4.404764081830809630e+01
4.693715594332417851e+01 4.545840476155245824e+01
4.693715594332417851e+01 4.690712302668678291e+01
4.693715594332417851e+01 4.546901507465764780e+01
4.693715594332417851e+01 4.567562146321252214e+01
4.693715594332417851e+01 4.129626928904207261e+01
4.693715594332417851e+01 4.580786547968376965e+01
4.693715594332417851e+01 4.719224977993489745e+01
4.693715594332417851e+01 4.591815168920904711e+01
4.693715594332417851e+01 4.716504545248064062e+01
4.693715594332417851e+01 4.258306242443756418e+01
4.693715594332417851e+01 4.516654617021109885e+01
4.693715594332417851e+01 4.631564130285129721e+01
4.693715594332417851e+01 5.128769661418164105e+01
4.693715594332417851e+01 4.765853661528054630e+01
4.693715594332417851e+01 5.070067955987494202e+01
4.693715594332417851e+01 5.464430946101373365e+01
4.693715594332417851e+01 4.156132263462127696e+01
4.693715594332417851e+01 5.047653498753734880e+01
4.693715594332417851e+01 4.933237266440815461e+01
4.693715594332417851e+01 4.547217267009176567e+01
4.693715594332417851e+01 4.542538347549020017e+01
4.693715594332417851e+01 4.556399928157681245e+01
4.693715594332417851e+01 5.020611874026750598e+01
4.693715594332417851e+01 4.412687631605869143e+01
4.693715594332417851e+01 4.221437449480784920e+01
4.693715594332417851e+01 4.426750960734631946e+01
4.693715594332417851e+01 4.727844435598524342e+01
4.693715594332417851e+01 5.009417779523772651e+01
4.693715594332417851e+01 4.280963183473640754e+01
4.693715594332417851e+01 4.825688973508948720e+01
4.693715594332417851e+01 4.607683990980967081e+01
4.693715594332417851e+01 4.354812578782328103e+01
4.693715594332417851e+01 3.910621971761013072e+01
4.693715594332417851e+01 4.478055770736412455e+01
4.693715594332417851e+01 4.318523818788874991e+01
4.693715594332417851e+01 4.988957343677949297e+01
4.693715594332417851e+01 4.976665283511479743e+01
4.693715594332417851e+01 4.941378420289209572e+01
4.693715594332417851e+01 4.635685577584004591e+01
4.693715594332417851e+01 4.903617020168392315e+01
4.693715594332417851e+01 4.852366068998092885e+01
4.693715594332417851e+01 4.411787540202489311e+01
4.693715594332417851e+01 4.527249759370018722e+01
4.693715594332417851e+01 4.820479398744954835e+01
4.693715594332417851e+01 4.337107076051985644e+01
4.693715594332417851e+01 4.461404663109810542e+01
4.693715594332417851e+01 4.373522070905218584e+01
4.693715594332417851e+01 5.010868689007126875e+01
4.693715594332417851e+01 4.849917542535923332e+01
4.693715594332417851e+01 5.019133668584024122e+01
4.693715594332417851e+01 4.785659338986720712e+01
4.693715594332417851e+01 4.161731451934503667e+01
4.693715594332417851e+01 4.632921921268205523e+01
4.693715594332417851e+01 4.825394249538982905e+01
4.693715594332417851e+01 5.154740574798862696e+01
4.693715594332417851e+01 5.156007106033498388e+01
4.693715594332417851e+01 5.090020095711967940e+01
4.693715594332417851e+01 4.529614730916883047e+01
4.693715594332417851e+01 4.659133961843404137e+01
4.693715594332417851e+01 4.533581678464727105e+01
4.693715594332417851e+01 4.970686650409917462e+01
4.693715594332417851e+01 4.088237325614721129e+01
4.693715594332417851e+01 4.607313270483037826e+01
4.693715594332417851e+01 4.857339896539976110e+01
4.693715594332417851e+01 4.567196178688298858e+01
4.693715594332417851e+01 4.695915491805682507e+01
4.693715594332417851e+01 4.611988734132916790e+01
4.693715594332417851e+01 4.876732196044783052e+01
4.693715594332417851e+01 4.223962766799032664e+01
4.693715594332417851e+01 5.085671678454399114e+01
4.693715594332417851e+01 4.715344078733513555e+01
4.693715594332417851e+01 4.540525649982031808e+01
4.693715594332417851e+01 4.664386201620001771e+01
4.693715594332417851e+01 5.170628922410875816e+01
4.693715594332417851e+01 4.741292098459774706e+01
4.693715594332417851e+01 4.811530392704206349e+01
4.693715594332417851e+01 4.445889369895429155e+01
4.693715594332417851e+01 4.496538298199821071e+01
4.693715594332417851e+01 5.026586749135204713e+01
4.693715594332417851e+01 4.549732609147784501e+01
4.693715594332417851e+01 4.557431535275605938e+01
4.693715594332417851e+01 4.249378706459935273e+01
4.693715594332417851e+01 4.629423769965352164e+01
4.693715594332417851e+01 5.275261394686997818e+01
4.693715594332417851e+01 5.356462242520586869e+01
4.693715594332417851e+01 4.628454669250146480e+01
4.693715594332417851e+01 4.920182733658970875e+01
4.693715594332417851e+01 4.642473412025256607e+01
4.693715594332417851e+01 4.683920432707652282e+01
4.693715594332417851e+01 4.712948510709657768e+01
4.693715594332417851e+01 4.688464525306742559e+01
4.693715594332417851e+01 5.201473499959328706e+01
4.693715594332417851e+01 4.100838541106264046e+01
4.693715594332417851e+01 4.705267226621216281e+01
4.693715594332417851e+01 4.584006588220351830e+01
4.693715594332417851e+01 4.974247573448481319e+01
4.693715594332417851e+01 4.960381816984102699e+01
4.693715594332417851e+01 4.485294318350496923e+01
4.693715594332417851e+01 4.227458643917361769e+01
4.693715594332417851e+01 4.776976053653567078e+01
4.693715594332417851e+01 4.813518717630205401e+01
4.693715594332417851e+01 4.144725575684493180e+01
4.693715594332417851e+01 4.716687968247938301e+01
4.693715594332417851e+01 4.273268462114042876e+01
4.693715594332417851e+01 4.243692847199925922e+01
4.693715594332417851e+01 4.357248279540919356e+01
4.693715594332417851e+01 4.338031129339179870e+01
4.693715594332417851e+01 4.616097115705233733e+01
4.693715594332417851e+01 4.866967424547588195e+01
4.693715594332417851e+01 4.278378023517115025e+01
4.693715594332417851e+01 4.953336044717364217e+01
4.693715594332417851e+01 4.900114093927530234e+01
4.693715594332417851e+01 4.714049953704641638e+01
4.693715594332417851e+01 4.916041676369170688e+01
4.693715594332417851e+01 4.244436144208874850e+01
4.693715594332417851e+01 5.294583764135978754e+01
4.693715594332417851e+01 5.117733276869419257e+01
4.693715594332417851e+01 4.696130435648598223e+01
4.693715594332417851e+01 5.229187765736861593e+01
4.693715594332417851e+01 4.142639894098005016e+01
4.693715594332417851e+01 4.783514721521969904e+01
4.693715594332417851e+01 4.900633230059321477e+01
4.693715594332417851e+01 4.339393521294109490e+01
4.693715594332417851e+01 4.288216848773555512e+01
4.693715594332417851e+01 4.424816833846745112e+01
4.693715594332417851e+01 4.872736240685431142e+01
4.693715594332417851e+01 4.742917826126083725e+01
4.693715594332417851e+01 4.891549247035234771e+01
4.693715594332417851e+01 4.648383216907451043e+01
4.693715594332417851e+01 4.563007130294393932e+01
4.693715594332417851e+01 4.623881832671835213e+01
4.693715594332417851e+01 4.329049513993765430e+01
4.693715594332417851e+01 5.519194494860548161e+01
4.693715594332417851e+01 4.024221528956744010e+01
4.693715594332417851e+01 4.372860545213252692e+01
4.693715594332417851e+01 4.509077568103476352e+01
4.693715594332417851e+01 4.544363564419292345e+01
4.693715594332417851e+01 4.586509417578190551e+01
4.693715594332417851e+01 4.500103950793838692e+01
4.693715594332417851e+01 4.408408141776757816e+01
4.693715594332417851e+01 4.727151851363605317e+01
4.693715594332417851e+01 4.829080226110426111e+01
4.693715594332417851e+01 4.580428310641019607e+01
4.693715594332417851e+01 4.954977458605099372e+01
4.693715594332417851e+01 4.535113636305306528e+01
4.693715594332417851e+01 4.546677288402973716e+01
4.693715594332417851e+01 4.764104654270814621e+01
4.693715594332417851e+01 4.682077222533484218e+01
4.693715594332417851e+01 4.655167220576427667e+01
4.693715594332417851e+01 4.580509955206913020e+01
4.693715594332417851e+01 4.906487999131364575e+01
4.693715594332417851e+01 4.908052629277229073e+01
4.693715594332417851e+01 4.948657780458267297e+01
4.693715594332417851e+01 4.758234345441204027e+01
4.693715594332417851e+01 5.095683882121963393e+01
4.693715594332417851e+01 4.364321363577360557e+01
4.693715594332417851e+01 5.405365370614641307e+01
4.693715594332417851e+01 4.868408713855477288e+01
4.693715594332417851e+01 4.929662677117215708e+01
4.693715594332417851e+01 4.774474554600846687e+01
4.693715594332417851e+01 4.699521598894113339e+01
4.693715594332417851e+01 4.259785549708472985e+01
4.693715594332417851e+01 4.356107490447789843e+01
4.693715594332417851e+01 4.834594069337659050e+01
4.693715594332417851e+01 4.799318262633023124e+01
4.693715594332417851e+01 5.258114701513883205e+01
4.693715594332417851e+01 4.456027727284774187e+01
4.693715594332417851e+01 4.784217536588017339e+01
4.693715594332417851e+01 4.649758511572481012e+01
4.693715594332417851e+01 4.038005629345639846e+01
4.693715594332417851e+01 4.636989508160278461e+01
4.693715594332417851e+01 4.742887786936523753e+01
4.693715594332417851e+01 5.274296727974755328e+01
4.693715594332417851e+01 4.599927218517517247e+01
4.693715594332417851e+01 4.327040416080713925e+01
4.693715594332417851e+01 4.873654573990724259e+01
4.693715594332417851e+01 3.928593920404849626e+01
4.693715594332417851e+01 4.505630168453816253e+01
4.693715594332417851e+01 4.615148182399394727e+01
4.693715594332417851e+01 4.870625404042986162e+01
4.693715594332417851e+01 4.534535144823961161e+01
4.693715594332417851e+01 4.657459595411447850e+01
4.693715594332417851e+01 5.339026096567517499e+01
4.693715594332417851e+01 4.981026359298685691e+01
4.693715594332417851e+01 4.334689046098468879e+01
4.693715594332417851e+01 5.056550960475930623e+01
4.693715594332417851e+01 5.362178213695841578e+01
4.693715594332417851e+01 4.421080253561913054e+01
4.693715594332417851e+01 4.456046000400037599e+01
4.693715594332417851e+01 4.813709693395924205e+01
4.693715594332417851e+01 5.227320993905595259e+01
4.693715594332417851e+01 5.017800583135452541e+01
4.693715594332417851e+01 4.390749667686291957e+01
4.693715594332417851e+01 4.558109031240210385e+01
4.693715594332417851e+01 4.497088141724458410e+01
4.693715594332417851e+01 4.626418381780737832e+01
4.693715594332417851e+01 4.303552623047765735e+01
4.693715594332417851e+01 5.165581636295343060e+01
4.693715594332417851e+01 5.461309184092158375e+01
4.693715594332417851e+01 4.600450084319963651e+01
4.693715594332417851e+01 5.140231856855155002e+01
4.693715594332417851e+01 4.893269207788079456e+01
4.693715594332417851e+01 4.640408003927002056e+01
4.693715594332417851e+01 4.898438009102058288e+01
4.693715594332417851e+01 4.367393911536809270e+01
4.693715594332417851e+01 4.453644526199750686e+01
4.693715594332417851e+01 4.668182073294805434e+01
4.693715594332417851e+01 4.470873194661577088e+01
4.693715594332417851e+01 4.488706167768243205e+01
4.693715594332417851e+01 4.889862352326031925e+01
4.693715594332417851e+01 5.195126086138180455e+01
4.693715594332417851e+01 4.427741204437621292e+01
4.693715594332417851e+01 4.215468316457611309e+01
4.693715594332417851e+01 4.395184162752975254e+01
4.693715594332417851e+01 4.698375652922269552e+01
4.693715594332417851e+01 4.521030925451358229e+01
4.693715594332417851e+01 4.586342556035216944e+01
4.693715594332417851e+01 4.119111190240219145e+01
4.693715594332417851e+01 4.524282932430099891e+01
4.693715594332417851e+01 4.984828586124336169e+01
4.693715594332417851e+01 4.881045103121243045e+01
4.693715594332417851e+01 4.083995882168229485e+01
4.693715594332417851e+01 4.588617820945511738e+01
4.693715594332417851e+01 5.396427543132405447e+01
4.693715594332417851e+01 4.214807921935546631e+01
4.693715594332417851e+01 4.949853003819961828e+01
4.693715594332417851e+01 4.674971908463570713e+01
4.693715594332417851e+01 4.297493578819066329e+01
4.693715594332417851e+01 5.058048980525656191e+01
4.693715594332417851e+01 4.265983181615336406e+01
4.693715594332417851e+01 4.379483042222983613e+01
4.693715594332417851e+01 4.327460902990199543e+01
4.693715594332417851e+01 4.323778397716738198e+01
4.693715594332417851e+01 4.602336037974330196e+01
4.693715594332417851e+01 4.555165171674633484e+01
4.693715594332417851e+01 4.360627786585406085e+01
4.693715594332417851e+01 4.758248671691373488e+01
4.693715594332417851e+01 4.669259484350661893e+01
4.693715594332417851e+01 4.143426073475719562e+01
4.693715594332417851e+01 4.833681452207738971e+01
4.693715594332417851e+01 4.642781997918972081e+01
4.693715594332417851e+01 4.621143043774537773e+01
4.693715594332417851e+01 4.212688001587351039e+01
4.693715594332417851e+01 4.512806805124078835e+01
4.693715594332417851e+01 4.866960083096219591e+01
4.693715594332417851e+01 4.372468112131076623e+01
4.693715594332417851e+01 4.459274003200592773e+01
4.693715594332417851e+01 5.135201602838021984e+01
4.693715594332417851e+01 4.141361155663997806e+01
4.693715594332417851e+01 4.512376771121861907e+01
4.693715594332417851e+01 4.970324395593161171e+01
4.693715594332417851e+01 5.283789411981098283e+01
4.693715594332417851e+01 4.345717542817728685e+01
4.693715594332417851e+01 4.645369315268180088e+01
4.693715594332417851e+01 4.447714930445004455e+01
4.693715594332417851e+01 4.219917558712224093e+01
4.693715594332417851e+01 5.022026391833770020e+01
4.693715594332417851e+01 5.009063670024519865e+01
4.693715594332417851e+01 5.917086974796887944e+01
4.693715594332417851e+01 5.322501388734293215e+01
4.693715594332417851e+01 4.832368786858454257e+01
4.693715594332417851e+01 4.714633915449814339e+01
4.693715594332417851e+01 4.703798863431990185e+01
4.693715594332417851e+01 4.298595605607927439e+01
4.693715594332417851e+01 4.529272916278675609e+01
4.693715594332417851e+01 4.406261794974829371e+01
4.693715594332417851e+01 4.740349027022945450e+01
4.693715594332417851e+01 4.952931309061729337e+01
4.693715594332417851e+01 5.272448035047874981e+01
4.693715594332417851e+01 4.340412217838839126e+01
4.693715594332417851e+01 4.415603363418537697e+01
4.693715594332417851e+01 4.704992493837330159e+01
4.693715594332417851e+01 4.942010439343887640e+01
4.693715594332417851e+01 4.607561698475491596e+01
4.693715594332417851e+01 4.871971085420115344e+01
4.693715594332417851e+01 4.923383721661920021e+01
4.693715594332417851e+01 4.254983835651940893e+01
4.693715594332417851e+01 3.807554829942433372e+01
4.693715594332417851e+01 4.350029782908924147e+01
4.693715594332417851e+01 4.923901596459407415e+01
4.693715594332417851e+01 4.749122042656601650e+01
4.693715594332417851e+01 4.157364946412155859e+01
4.693715594332417851e+01 4.687631050788132114e+01
4.693715594332417851e+01 4.549414859088926022e+01
4.693715594332417851e+01 4.539146398454574438e+01
4.693715594332417851e+01 4.003183042630968203e+01
4.693715594332417851e+01 5.718018314778981903e+01
4.693715594332417851e+01 4.517558921056269128e+01
4.693715594332417851e+01 4.777876497587500637e+01
4.693715594332417851e+01 4.723298637201332184e+01
4.693715594332417851e+01 4.693857544838324714e+01
4.693715594332417851e+01 4.872727093234443885e+01
4.693715594332417851e+01 4.393494059203878521e+01
4.693715594332417851e+01 4.407840123618953498e+01
4.693715594332417851e+01 4.996279108158427817e+01
4.693715594332417851e+01 4.599937756648029108e+01
4.693715594332417851e+01 4.604941183990121090e+01
4.693715594332417851e+01 4.857822018318505286e+01
4.693715594332417851e+01 4.253259782517238108e+01
4.693715594332417851e+01 4.977987520754714978e+01
4.693715594332417851e+01 4.840027483212644199e+01
4.693715594332417851e+01 4.982349551217511419e+01
4.693715594332417851e+01 5.103736522435725220e+01
4.693715594332417851e+01 4.159482224329740063e+01
4.693715594332417851e+01 4.325670131954314712e+01
4.693715594332417851e+01 4.363155049024225463e+01
4.693715594332417851e+01 4.502864208721468486e+01
4.693715594332417851e+01 4.904327328747582726e+01
4.693715594332417851e+01 3.843425888862284268e+01
4.693715594332417851e+01 4.707405929795140054e+01
4.693715594332417851e+01 4.418441692489639649e+01
4.693715594332417851e+01 3.718277815294004540e+01
4.693715594332417851e+01 4.921262708134105424e+01
4.693715594332417851e+01 4.440895519618025133e+01
4.693715594332417851e+01 4.723807386102657802e+01
4.693715594332417851e+01 4.686139960855411601e+01
4.693715594332417851e+01 4.248786200939463242e+01
4.693715594332417851e+01 4.720183455901513980e+01
4.693715594332417851e+01 4.974147328641538479e+01
4.693715594332417851e+01 5.206027885818075163e+01
4.693715594332417851e+01 5.041489392719969231e+01
4.693715594332417851e+01 4.900388589639503323e+01
4.693715594332417851e+01 4.334766553085021457e+01
4.693715594332417851e+01 4.997566335744384958e+01
4.693715594332417851e+01 4.536128191774169949e+01
4.693715594332417851e+01 5.294041142856789861e+01
4.693715594332417851e+01 5.049630621172737222e+01
4.693715594332417851e+01 4.509097696570729852e+01
4.693715594332417851e+01 4.688829741748916291e+01
4.693715594332417851e+01 4.791566131097972914e+01
4.693715594332417851e+01 4.807813279875224310e+01
4.693715594332417851e+01 4.633531049162190385e+01
4.693715594332417851e+01 4.600251641025804616e+01
4.693715594332417851e+01 5.374582941661625313e+01
4.693715594332417851e+01 4.505030317221601166e+01
4.693715594332417851e+01 4.100546150774935228e+01
4.693715594332417851e+01 4.559427646746190987e+01
4.693715594332417851e+01 4.254755079429919107e+01
4.693715594332417851e+01 4.173428998644997989e+01
4.693715594332417851e+01 5.032708211372435159e+01
4.693715594332417851e+01 4.395199514099524407e+01
4.693715594332417851e+01 4.338295721921134174e+01
4.693715594332417851e+01 4.854334258273667757e+01
4.693715594332417851e+01 4.573833749555417683e+01
4.693715594332417851e+01 4.719011681730900420e+01
4.693715594332417851e+01 4.983756887253939993e+01
4.693715594332417851e+01 4.936353087632972603e+01
4.693715594332417851e+01 5.119135195466002841e+01
4.693715594332417851e+01 4.751982073285475394e+01
4.693715594332417851e+01 4.998919319163102415e+01
4.693715594332417851e+01 4.752106563543349438e+01
4.693715594332417851e+01 4.607765332511310419e+01
4.693715594332417851e+01 4.411665851095416002e+01
4.693715594332417851e+01 4.561034189767527636e+01
4.693715594332417851e+01 5.144927189584949900e+01
4.693715594332417851e+01 4.390194321433673963e+01
4.693715594332417851e+01 4.505754188421043693e+01
4.693715594332417851e+01 5.011121681195015043e+01
4.693715594332417851e+01 3.811371500360854014e+01
4.693715594332417851e+01 4.534211441389195585e+01
4.693715594332417851e+01 4.784656548336508308e+01
4.693715594332417851e+01 4.447500201463855518e+01
4.693715594332417851e+01 4.659041047280291536e+01
4.693715594332417851e+01 4.737957116351270770e+01
4.693715594332417851e+01 4.695236896192252374e+01
4.693715594332417851e+01 4.108052465243269324e+01
4.693715594332417851e+01 4.810190171574146234e+01
4.693715594332417851e+01 5.127303437059810420e+01
4.693715594332417851e+01 5.049778431907664356e+01
4.693715594332417851e+01 4.228843028248758884e+01
4.693715594332417851e+01 4.840375230899224590e+01
4.693715594332417851e+01 4.204650347165694768e+01
4.693715594332417851e+01 4.243935700620296103e+01
4.693715594332417851e+01 4.743366384545308279e+01
4.693715594332417851e+01 3.932487794163691319e+01
4.693715594332417851e+01 4.308088539723662080e+01
4.693715594332417851e+01 4.229986101976579249e+01
4.693715594332417851e+01 4.421304936914978612e+01
4.693715594332417851e+01 4.314248829483103265e+01
4.693715594332417851e+01 4.725515714769011311e+01
4.693715594332417851e+01 4.667988237816625485e+01
4.693715594332417851e+01 4.302771948372510735e+01
4.693715594332417851e+01 4.537189411455102572e+01
4.693715594332417851e+01 5.293805797275476266e+01
4.693715594332417851e+01 4.985339640844221520e+01
4.693715594332417851e+01 4.633125488312638396e+01
4.693715594332417851e+01 4.685369363377986929e+01
4.693715594332417851e+01 4.227907567150531776e+01
4.693715594332417851e+01 4.472226487767118641e+01
4.693715594332417851e+01 4.312634444245092169e+01
4.693715594332417851e+01 3.431855972843523972e+01
4.693715594332417851e+01 4.670555470928315600e+01
4.693715594332417851e+01 4.405665361960971182e+01
4.693715594332417851e+01 4.285932731787316641e+01
4.693715594332417851e+01 4.983041333948671081e+01
4.693715594332417851e+01 4.973422174597788370e+01
4.693715594332417851e+01 5.016187825669558720e+01
4.693715594332417851e+01 4.553432800436724648e+01
4.693715594332417851e+01 4.838385125551007349e+01
4.693715594332417851e+01 4.967811002985443025e+01
4.693715594332417851e+01 4.359488732905381170e+01
4.693715594332417851e+01 4.994169359976700662e+01
4.693715594332417851e+01 5.049237487889235609e+01
4.693715594332417851e+01 4.191195977163090447e+01
4.693715594332417851e+01 5.244494564514727841e+01
4.693715594332417851e+01 4.925125494831319628e+01
4.693715594332417851e+01 4.403442581608061346e+01
4.693715594332417851e+01 5.145032425212318117e+01
4.693715594332417851e+01 4.455243948952200128e+01
4.693715594332417851e+01 4.640639468313338512e+01
4.693715594332417851e+01 4.514253091673960938e+01
4.693715594332417851e+01 4.459297674431083180e+01
4.693715594332417851e+01 4.529522888202660624e+01
4.693715594332417851e+01 4.568916299772924816e+01
4.693715594332417851e+01 4.080936755289038587e+01
4.693715594332417851e+01 4.468130732502248748e+01
4.693715594332417851e+01 4.514440771602860281e+01
4.693715594332417851e+01 4.603534654281396143e+01
4.693715594332417851e+01 4.787263133325149056e+01
4.693715594332417851e+01 4.113877189639322296e+01
4.693715594332417851e+01 4.709101736711169650e+01
4.693715594332417851e+01 4.780567869424872640e+01
4.693715594332417851e+01 4.652122915502253875e+01
4.693715594332417851e+01 4.690610601337224495e+01
4.693715594332417851e+01 4.412219994766942932e+01
4.693715594332417851e+01 4.497162468926355672e+01
4.693715594332417851e+01 4.465158980375245790e+01
4.693715594332417851e+01 4.399952427978163172e+01
4.693715594332417851e+01 4.927111049533101550e+01
4.693715594332417851e+01 4.440792300036611095e+01
4.693715594332417851e+01 4.820350180612183522e+01
4.693715594332417851e+01 4.295936514082509916e+01
4.693715594332417851e+01 4.414647535815542057e+01
4.693715594332417851e+01 4.865677212874467017e+01
4.693715594332417851e+01 4.656414210464825487e+01
4.693715594332417851e+01 4.462380606466052058e+01
4.693715594332417851e+01 4.366083181250111522e+01
4.693715594332417851e+01 4.736671018805409972e+01
4.693715594332417851e+01 4.710597768430442045e+01
4.693715594332417851e+01 4.792224265436365016e+01
4.693715594332417851e+01 4.186764192324320533e+01
4.693715594332417851e+01 4.194161303110859507e+01
4.693715594332417851e+01 4.160330234258824333e+01
4.693715594332417851e+01 4.585753902166197804e+01
4.693715594332417851e+01 5.032159438462405632e+01
4.693715594332417851e+01 4.409263965478218950e+01
4.693715594332417851e+01 4.733598034032331725e+01
4.693715594332417851e+01 4.532911190783610778e+01
4.693715594332417851e+01 5.117616034852019880e+01
4.693715594332417851e+01 4.328924463408960577e+01
4.693715594332417851e+01 4.774303953271768819e+01
4.693715594332417851e+01 4.925093756471231643e+01
4.693715594332417851e+01 4.628318445310402751e+01
4.693715594332417851e+01 4.525818496990103057e+01
4.693715594332417851e+01 4.381678146053331346e+01
4.693715594332417851e+01 4.654984086084901662e+01
4.693715594332417851e+01 4.660167660518530397e+01
4.693715594332417851e+01 4.443545736359455844e+01
4.693715594332417851e+01 4.204367795524460405e+01
4.693715594332417851e+01 4.294267670888638833e+01
4.693715594332417851e+01 4.373121061362083850e+01
4.693715594332417851e+01 4.360966554027395858e+01
4.693715594332417851e+01 4.486265692272699113e+01
4.693715594332417851e+01 4.084638414905845138e+01
4.693715594332417851e+01 5.251144535675768310e+01
4.693715594332417851e+01 4.618854950122141645e+01
4.693715594332417851e+01 4.792450346732231026e+01
4.693715594332417851e+01 4.365787921674035488e+01
4.693715594332417851e+01 4.816804173549301282e+01
4.693715594332417851e+01 4.545849072678335290e+01
4.693715594332417851e+01 4.706088185841029770e+01
4.693715594332417851e+01 4.445707297822895043e+01
4.693715594332417851e+01 4.951695167922964913e+01
4.693715594332417851e+01 4.500907585119491472e+01
4.693715594332417851e+01 3.925247599853162939e+01
4.693715594332417851e+01 4.464998022083113938e+01
4.693715594332417851e+01 4.682739534140288384e+01
4.693715594332417851e+01 4.195120243895034662e+01
4.693715594332417851e+01 4.379738335261830429e+01
4.693715594332417851e+01 4.552574952463311320e+01
4.693715594332417851e+01 4.743615708152429278e+01
4.693715594332417851e+01 3.813468936734749803e+01
4.693715594332417851e+01 5.492409817984990639e+01
4.693715594332417851e+01 4.572204637321748777e+01
4.693715594332417851e+01 5.168218618286926613e+01
4.693715594332417851e+01 4.496005147678602754e+01
4.693715594332417851e+01 4.862416114972549508e+01
4.693715594332417851e+01 4.580647311836032287e+01
4.693715594332417851e+01 4.158032277949097733e+01
4.693715594332417851e+01 4.653400345423443696e+01
4.693715594332417851e+01 4.374298557362010342e+01
4.693715594332417851e+01 4.360772330623026960e+01
4.693715594332417851e+01 4.325462502903972251e+01
4.693715594332417851e+01 5.296353673608535928e+01
4.693715594332417851e+01 4.493045228868354002e+01
4.693715594332417851e+01 4.600844848659611586e+01
4.693715594332417851e+01 4.596602452871082534e+01
4.693715594332417851e+01 4.249298764668534290e+01
4.693715594332417851e+01 4.606514763973970616e+01
4.693715594332417851e+01 4.421850283636747037e+01
4.693715594332417851e+01 4.613117112882218152e+01
4.693715594332417851e+01 4.253100538270211928e+01
4.693715594332417851e+01 4.972432528224911152e+01
4.693715594332417851e+01 4.781271998642907306e+01
4.693715594332417851e+01 4.742085835577539399e+01
4.693715594332417851e+01 4.456182130978805844e+01
4.693715594332417851e+01 4.993233675401906879e+01
4.693715594332417851e+01 4.297436791080875906e+01
4.693715594332417851e+01 4.615203502081158149e+01
4.693715594332417851e+01 4.562008903936381188e+01
4.693715594332417851e+01 4.070161165340153531e+01
4.693715594332417851e+01 4.586686035751156254e+01
4.693715594332417851e+01 4.650190454106530069e+01
4.693715594332417851e+01 4.734806721373633565e+01
4.693715594332417851e+01 4.720635885630059647e+01
4.693715594332417851e+01 4.601922314288967186e+01
4.693715594332417851e+01 4.654745995941936343e+01
4.693715594332417851e+01 4.549529875073815077e+01
4.693715594332417851e+01 4.282178332466040871e+01
4.693715594332417851e+01 4.843745488467116900e+01
4.693715594332417851e+01 4.403086641468630802e+01
4.693715594332417851e+01 4.058984425435592414e+01
4.693715594332417851e+01 4.340325730769262691e+01
4.693715594332417851e+01 4.237348420099807100e+01
4.693715594332417851e+01 4.886132225503635595e+01
4.693715594332417851e+01 5.284366270501399043e+01
4.693715594332417851e+01 4.148613303853806400e+01
4.693715594332417851e+01 4.205689938191363808e+01
4.693715594332417851e+01 4.191747502909571921e+01
4.693715594332417851e+01 4.524423602275025758e+01
4.693715594332417851e+01 4.303010656375596454e+01
4.693715594332417851e+01 4.997373435767687511e+01
4.693715594332417851e+01 4.396867655316460599e+01
4.693715594332417851e+01 3.953951748462148430e+01
4.693715594332417851e+01 4.384825520889557282e+01
4.693715594332417851e+01 4.972498054443146032e+01
4.693715594332417851e+01 5.288911904430274546e+01
4.693715594332417851e+01 4.709486025337400861e+01
4.693715594332417851e+01 4.200321111875063451e+01
4.693715594332417851e+01 4.040530313204299517e+01
4.693715594332417851e+01 4.926694182835549896e+01
4.693715594332417851e+01 4.523543263707876605e+01
4.693715594332417851e+01 4.675647816112185495e+01
4.693715594332417851e+01 4.545718980529237996e+01
4.693715594332417851e+01 4.520011668408319139e+01
4.693715594332417851e+01 5.049333948672565242e+01
4.693715594332417851e+01 4.433410850851349494e+01
4.693715594332417851e+01 4.619731969717207676e+01
4.693715594332417851e+01 4.948380988121073898e+01
4.693715594332417851e+01 4.605720538422085042e+01
4.693715594332417851e+01 4.631941653024551186e+01
4.693715594332417851e+01 4.392960168922951425e+01
4.693715594332417851e+01 3.885088798426405532e+01
4.693715594332417851e+01 5.118929642008342995e+01
4.693715594332417851e+01 4.708071889342973293e+01
4.693715594332417851e+01 4.636113780786243410e+01
4.693715594332417851e+01 4.526795550918438948e+01
4.693715594332417851e+01 4.096581194821730776e+01
4.693715594332417851e+01 5.091192705411618391e+01
4.693715594332417851e+01 4.312602236657180299e+01
4.693715594332417851e+01 3.996182301044598262e+01
4.693715594332417851e+01 4.561393377290573170e+01
4.693715594332417851e+01 5.386140013549464101e+01
4.693715594332417851e+01 4.670257784846782556e+01
4.693715594332417851e+01 4.705994760312012914e+01
4.693715594332417851e+01 4.088242416161877202e+01
4.693715594332417851e+01 4.394223763800626159e+01
4.693715594332417851e+01 4.634591208782014604e+01
4.693715594332417851e+01 4.678064139124292353e+01
4.693715594332417851e+01 5.066734590156035978e+01
4.693715594332417851e+01 4.854907980964375014e+01
4.693715594332417851e+01 5.384863041094488523e+01
4.693715594332417851e+01 4.673950290870132562e+01
4.693715594332417851e+01 5.205737708007988118e+01
4.693715594332417851e+01 4.775940587758168476e+01
4.693715594332417851e+01 4.737099095664453330e+01
4.693715594332417851e+01 4.789591837166549482e+01
4.693715594332417851e+01 4.011474248419565924e+01
4.693715594332417851e+01 5.321436605095257022e+01
4.693715594332417851e+01 4.820731848130445485e+01
4.693715594332417851e+01 4.010374346808377055e+01
4.693715594332417851e+01 4.883620349674382055e+01
4.693715594332417851e+01 4.126644301605788456e+01
4.693715594332417851e+01 4.631021953836103222e+01
4.693715594332417851e+01 4.928160942159871638e+01
4.693715594332417851e+01 4.631966361443637936e+01
4.693715594332417851e+01 4.930022084378856562e+01
4.693715594332417851e+01 4.494203124401407479e+01
4.693715594332417851e+01 4.873167076356454430e+01
4.693715594332417851e+01 4.038549436797819681e+01
4.693715594332417851e+01 4.656998236663808655e+01
4.693715594332417851e+01 4.614784461816603311e+01
4.693715594332417851e+01 4.945798716055490729e+01
4.693715594332417851e+01 5.009955130604745932e+01
4.693715594332417851e+01 4.891660764693876473e+01
4.693715594332417851e+01 4.959120403829314228e+01
4.693715594332417851e+01 4.502431332529901198e+01
4.693715594332417851e+01 4.638694759477061780e+01
4.693715594332417851e+01 4.569600238693721650e+01
4.693715594332417851e+01 4.269940881245756970e+01
4.693715594332417851e+01 5.209226861219953975e+01
4.693715594332417851e+01 4.102782054464624650e+01
4.693715594332417851e+01 4.131278299022770994e+01
4.693715594332417851e+01 4.187546538037910437e+01
4.693715594332417851e+01 4.415195231290140754e+01
4.693715594332417851e+01 4.835685442069000572e+01
4.693715594332417851e+01 4.370945349316925643e+01
4.693715594332417851e+01 4.055335654709300997e+01
4.693715594332417851e+01 4.518503427417437024e+01
4.693715594332417851e+01 4.647917823770217893e+01
4.693715594332417851e+01 5.223663194467469850e+01
4.693715594332417851e+01 4.782106591231082859e+01
4.693715594332417851e+01 3.810391202905253749e+01
4.693715594332417851e+01 4.577752288040076678e+01
4.693715594332417851e+01 4.882307300301577158e+01
4.693715594332417851e+01 4.482713623285723514e+01
4.693715594332417851e+01 4.198855877949380755e+01
4.693715594332417851e+01 4.077121463738563989e+01
4.693715594332417851e+01 4.007102146875658377e+01
4.693715594332417851e+01 4.243910594278205650e+01
4.693715594332417851e+01 4.743329099317193709e+01
4.693715594332417851e+01 3.890888012789955042e+01
4.693715594332417851e+01 4.763344771418239532e+01
4.693715594332417851e+01 4.689145070977841812e+01
4.693715594332417851e+01 4.612089140052376024e+01
4.693715594332417851e+01 4.499073426004850518e+01
4.693715594332417851e+01 5.126261765292473882e+01
4.693715594332417851e+01 4.838037639275539448e+01
4.693715594332417851e+01 4.363126121529592893e+01
4.693715594332417851e+01 4.367287694998907455e+01
4.693715594332417851e+01 4.674882952307251571e+01
4.693715594332417851e+01 5.125016170957447059e+01
4.693715594332417851e+01 4.732468347819774834e+01
4.693715594332417851e+01 4.277396012866341124e+01
4.693715594332417851e+01 4.814122040236382105e+01
4.693715594332417851e+01 4.373224795402537524e+01
4.693715594332417851e+01 4.300594301263198105e+01
4.693715594332417851e+01 4.539841769420587525e+01
4.693715594332417851e+01 4.159668742242337203e+01
4.693715594332417851e+01 4.171885888926950514e+01
4.693715594332417851e+01 4.367820969123345520e+01
4.693715594332417851e+01 4.216687044503839132e+01
4.693715594332417851e+01 5.273659461870471432e+01
4.693715594332417851e+01 4.507791447471049651e+01
4.693715594332417851e+01 4.766464316939812562e+01
4.693715594332417851e+01 4.192247484447787542e+01
4.693715594332417851e+01 5.243291330619757673e+01
4.693715594332417851e+01 5.673596199880850577e+01
4.693715594332417851e+01 4.445286725838853670e+01
4.693715594332417851e+01 4.522119674271694834e+01
4.693715594332417851e+01 4.131380139171673704e+01
4.693715594332417851e+01 4.252648986462683922e+01
4.693715594332417851e+01 4.713434034659637462e+01
4.693715594332417851e+01 4.818770275445601214e+01
4.693715594332417851e+01 5.060635061428368431e+01
4.693715594332417851e+01 4.624801015529331494e+01
4.693715594332417851e+01 4.744518134711406532e+01
4.693715594332417851e+01 4.385532362508826054e+01
4.693715594332417851e+01 4.617083342895142550e+01
4.693715594332417851e+01 4.559104908353135954e+01
4.693715594332417851e+01 4.586225412194355044e+01
4.693715594332417851e+01 4.923133214159679483e+01
4.693715594332417851e+01 4.138259626349469045e+01
4.693715594332417851e+01 4.228573657559014976e+01
4.693715594332417851e+01 4.432190869258243993e+01
4.693715594332417851e+01 4.793035111202394205e+01
4.693715594332417851e+01 4.618151174064710318e+01
4.693715594332417851e+01 4.246477207440450741e+01
4.693715594332417851e+01 4.701504763743280790e+01
4.693715594332417851e+01 4.897538271532985021e+01
4.693715594332417851e+01 5.023648966040589414e+01
4.693715594332417851e+01 4.394636752182899642e+01
4.693715594332417851e+01 4.707311306466175438e+01
4.693715594332417851e+01 4.227216345414253595e+01
4.693715594332417851e+01 4.601653693869898376e+01
4.693715594332417851e+01 4.793376433246383783e+01
4.693715594332417851e+01 4.497324551857482788e+01
4.693715594332417851e+01 5.033851527365139589e+01
4.693715594332417851e+01 3.873058811927584344e+01
4.693715594332417851e+01 4.588210187816365959e+01
4.693715594332417851e+01 4.631677032114196635e+01
4.693715594332417851e+01 4.353385274444458020e+01
4.693715594332417851e+01 4.617679306232496828e+01
4.693715594332417851e+01 3.949401562723254955e+01
4.693715594332417851e+01 5.014653209809068812e+01
4.693715594332417851e+01 4.566490820047287968e+01
4.693715594332417851e+01 4.580568536602623908e+01
4.693715594332417851e+01 4.541960735606696176e+01
4.693715594332417851e+01 4.319169901220859487e+01
4.693715594332417851e+01 4.177667640729748655e+01
4.693715594332417851e+01 4.353661419293669610e+01
4.693715594332417851e+01 4.742812899172946572e+01
4.693715594332417851e+01 4.368707481526826086e+01
4.693715594332417851e+01 5.116724295457296279e+01
4.693715594332417851e+01 4.658189648403977401e+01
4.693715594332417851e+01 5.112480098415183960e+01
4.693715594332417851e+01 4.257932558523156530e+01
4.693715594332417851e+01 4.187475302260221355e+01
4.693715594332417851e+01 4.451221486474610600e+01
4.693715594332417851e+01 4.602864090471721426e+01
4.693715594332417851e+01 4.333299582215041568e+01
4.693715594332417851e+01 4.755219894262837954e+01
4.693715594332417851e+01 4.659961223161341337e+01
4.693715594332417851e+01 4.725720200680080296e+01
4.693715594332417851e+01 5.275418794263642042e+01
4.693715594332417851e+01 4.506978596645800650e+01
4.693715594332417851e+01 5.067437077488483510e+01
4.693715594332417851e+01 4.763010695063055522e+01
4.693715594332417851e+01 4.965955898642077671e+01
4.693715594332417851e+01 4.430525907549396436e+01
4.693715594332417851e+01 4.152298907329642930e+01
4.693715594332417851e+01 4.489784195574898717e+01
4.693715594332417851e+01 4.463994975750352268e+01
4.693715594332417851e+01 4.929594316895492057e+01
4.693715594332417851e+01 4.510044845768965160e+01
4.693715594332417851e+01 4.785483471927663146e+01
4.693715594332417851e+01 4.658773729671960950e+01
4.693715594332417851e+01 4.929642086605581142e+01
4.693715594332417851e+01 4.850272491286051491e+01
4.693715594332417851e+01 5.082959904634843440e+01
4.693715594332417851e+01 4.329951710435731371e+01
4.693715594332417851e+01 4.459902101347752534e+01
4.693715594332417851e+01 4.152640516432960283e+01
4.693715594332417851e+01 4.465822290225645474e+01
4.693715594332417851e+01 4.747361490185739541e+01
4.693715594332417851e+01 4.556875319698421123e+01
4.693715594332417851e+01 4.328642604205987965e+01
4.693715594332417851e+01 4.060372778477734812e+01
4.693715594332417851e+01 4.953080072742483253e+01
4.693715594332417851e+01 4.352405266468540646e+01
4.693715594332417851e+01 5.089196730005119917e+01
4.693715594332417851e+01 4.535319642773202986e+01
4.693715594332417851e+01 5.425471188797468614e+01
4.693715594332417851e+01 4.347573413706863477e+01
4.693715594332417851e+01 4.667026232586485435e+01
4.693715594332417851e+01 4.153476001261068973e+01
4.693715594332417851e+01 4.722643534154750711e+01
4.693715594332417851e+01 4.813782038589545920e+01
4.693715594332417851e+01 4.847296248585674050e+01
4.693715594332417851e+01 4.516027508139524116e+01
4.693715594332417851e+01 4.994189056203430965e+01
4.693715594332417851e+01 4.465715565209732318e+01
4.693715594332417851e+01 4.367638909909064893e+01
4.693715594332417851e+01 4.827523217139667366e+01
4.693715594332417851e+01 4.746361750047751116e+01
4.693715594332417851e+01 4.971637266223626739e+01
4.693715594332417851e+01 4.159060652033601002e+01
4.693715594332417851e+01 4.440631026143664428e+01
4.693715594332417851e+01 4.490427285393846546e+01
4.693715594332417851e+01 4.975265746679747281e+01
4.693715594332417851e+01 5.432497268081459652e+01
4.693715594332417851e+01 4.502362821570885387e+01
4.693715594332417851e+01 4.620085890048318333e+01
4.693715594332417851e+01 4.774574151094517305e+01
4.693715594332417851e+01 5.000978758804512836e+01
4.693715594332417851e+01 5.054755876880994236e+01
4.693715594332417851e+01 4.557008703167043961e+01
4.693715594332417851e+01 5.018918968996800345e+01
4.693715594332417851e+01 4.046190879510778871e+01
4.693715594332417851e+01 4.533879356731053178e+01
4.693715594332417851e+01 4.646724011022076439e+01
4.693715594332417851e+01 4.252696351020166077e+01
4.693715594332417851e+01 4.181858835690373155e+01
4.693715594332417851e+01 4.444675138914840318e+01
4.693715594332417851e+01 4.859983464275781984e+01
4.693715594332417851e+01 4.343244550667081683e+01
4.693715594332417851e+01 5.005564211378951711e+01
4.693715594332417851e+01 5.012963116949116937e+01
4.693715594332417851e+01 4.479109702993854114e+01
4.693715594332417851e+01 4.338923678989600319e+01
4.693715594332417851e+01 4.105132770008897580e+01
4.693715594332417851e+01 5.064564734242569699e+01
4.693715594332417851e+01 4.753599039706806906e+01
4.693715594332417851e+01 4.330357912776705120e+01
4.693715594332417851e+01 4.849074329763414681e+01
4.693715594332417851e+01 4.228173210606725263e+01
4.693715594332417851e+01 4.869902394035586468e+01
4.693715594332417851e+01 4.900443121511688105e+01
4.693715594332417851e+01 4.663962532176770992e+01
