4.693715594332417851e+01 4.920834365464261850e+01
4.693715594332417851e+01 4.846467794265508644e+01
4.693715594332417851e+01 5.035147595851824320e+01
4.693715594332417851e+01 4.027049987241450424e+01
4.693715594332417851e+01 4.774599798718318056e+01
4.693715594332417851e+01 4.576226513185227418e+01
4.693715594332417851e+01 4.619754447406943143e+01
4.693715594332417851e+01 4.830813081604600256e+01
4.693715594332417851e+01 4.121599404068530248e+01
4.693715594332417851e+01 4.399539675277728179e+01
4.693715594332417851e+01 4.797902499221776651e+01
4.693715594332417851e+01 4.670498246765625794e+01
4.693715594332417851e+01 4.638067362002039573e+01
4.693715594332417851e+01 4.314026728135533517e+01
4.693715594332417851e+01 5.108524282975609765e+01
4.693715594332417851e+01 4.467779225540198240e+01
4.693715594332417851e+01 5.052826026444867580e+01
4.693715594332417851e+01 4.808790071955689172e+01
4.693715594332417851e+01 4.961546904421967952e+01
4.693715594332417851e+01 5.070111350702202202e+01
4.693715594332417851e+01 3.999636469903095559e+01
4.693715594332417851e+01 4.210125272906881122e+01
4.693715594332417851e+01 3.974031132485548312e+01
4.693715594332417851e+01 4.823435473214038893e+01
4.693715594332417851e+01 4.949119663303764582e+01
4.693715594332417851e+01 4.304976348664374086e+01
4.693715594332417851e+01 4.802779862119034959e+01
4.693715594332417851e+01 4.609010297768094233e+01
4.693715594332417851e+01 4.675585837720861804e+01
4.693715594332417851e+01 4.553665390967449156e+01
4.693715594332417851e+01 4.622272216346345175e+01
4.693715594332417851e+01 4.584951074177082830e+01
4.693715594332417851e+01 4.298236375039226687e+01
4.693715594332417851e+01 5.050029206534271253e+01
4.693715594332417851e+01 4.445156956048667496e+01
4.693715594332417851e+01 4.528794796460567795e+01
4.693715594332417851e+01 4.511702526276085479e+01
4.693715594332417851e+01 4.566581293304312084e+01
4.693715594332417851e+01 4.583522413469680856e+01
4.693715594332417851e+01 4.988107861289552858e+01
4.693715594332417851e+01 4.304232556790353925e+01
4.693715594332417851e+01 4.736370683098374457e+01
4.693715594332417851e+01 4.248565347347309995e+01
4.693715594332417851e+01 4.740967051018566281e+01
4.693715594332417851e+01 5.137804006234046028e+01
4.693715594332417851e+01 5.174403436603493844e+01
4.693715594332417851e+01 3.795377293282847120e+01
4.693715594332417851e+01 4.398862438483803317e+01
4.693715594332417851e+01 4.498906522381679451e+01
4.693715594332417851e+01 4.627296992602180126e+01
4.693715594332417851e+01 5.142120429625003908e+01
4.693715594332417851e+01 4.927391235414734894e+01
4.693715594332417851e+01 4.789972308697403491e+01
4.693715594332417851e+01 4.593509446265747442e+01
4.693715594332417851e+01 4.754712560652214393e+01
4.693715594332417851e+01 5.111450292572812515e+01
4.693715594332417851e+01 5.228786843189923417e+01
4.693715594332417851e+01 4.918107618846515550e+01
4.693715594332417851e+01 4.822978150324222923e+01
4.693715594332417851e+01 4.464827376174026341e+01
4.693715594332417851e+01 5.019855233339816181e+01
4.693715594332417851e+01 3.967286177618891685e+01
4.693715594332417851e+01 4.501204157335136813e+01
4.693715594332417851e+01 4.542771587957140866e+01
4.693715594332417851e+01 4.776526290753439241e+01
4.693715594332417851e+01 4.481538763331744946e+01
4.693715594332417851e+01 4.817361227522206235e+01
4.693715594332417851e+01 5.452852460285577507e+01
4.693715594332417851e+01 4.731633231994676692e+01
4.693715594332417851e+01 3.853070943093422329e+01
4.693715594332417851e+01 5.059461860601187766e+01
4.693715594332417851e+01 4.439527494595915869e+01
4.693715594332417851e+01 5.004086756425488858e+01
4.693715594332417851e+01 4.724841295318022105e+01
4.693715594332417851e+01 4.565980081296828530e+01
4.693715594332417851e+01 4.529546295348703211e+01
4.693715594332417851e+01 4.759087252666932955e+01
4.693715594332417851e+01 4.568283536057190730e+01
4.693715594332417851e+01 4.480336638291280593e+01
4.693715594332417851e+01 4.334273320850685707e+01
4.693715594332417851e+01 4.932352995743948298e+01
4.693715594332417851e+01 4.609864596811686255e+01
4.693715594332417851e+01 4.137979817725142340e+01
4.693715594332417851e+01 4.351116667887880851e+01
4.693715594332417851e+01 5.164372653092158316e+01
4.693715594332417851e+01 4.557501131678646544e+01
4.693715594332417851e+01 4.940687128158632646e+01
4.693715594332417851e+01 4.405968277744301531e+01
4.693715594332417851e+01 5.106843815165957778e+01
4.693715594332417851e+01 4.475367292051745238e+01
4.693715594332417851e+01 4.934753176026726607e+01
4.693715594332417851e+01 5.414422050401873321e+01
4.693715594332417851e+01 4.898047496756042563e+01
4.693715594332417851e+01 4.132289778036193439e+01
4.693715594332417851e+01 4.260894172347460795e+01
4.693715594332417851e+01 4.464458180273282295e+01
4.693715594332417851e+01 4.232933822648605116e+01
4.693715594332417851e+01 4.396867741599159274e+01
4.693715594332417851e+01 4.630894203676849941e+01
4.693715594332417851e+01 4.560842414890040430e+01
4.693715594332417851e+01 4.581207567172359774e+01
4.693715594332417851e+01 3.931403500353948743e+01
4.693715594332417851e+01 4.918317780993901778e+01
4.693715594332417851e+01 4.574900553347814025e+01
4.693715594332417851e+01 4.773205529089538146e+01
4.693715594332417851e+01 4.326570813092412493e+01
4.693715594332417851e+01 5.015557281517664023e+01
4.693715594332417851e+01 4.341875966157812883e+01
4.693715594332417851e+01 4.817601897361621610e+01
4.693715594332417851e+01 4.546861974311882193e+01
4.693715594332417851e+01 4.560254739800519985e+01
4.693715594332417851e+01 4.094796730213575842e+01
4.693715594332417851e+01 4.943359925356623563e+01
4.693715594332417851e+01 4.665521065532104217e+01
4.693715594332417851e+01 4.930119922192382376e+01
4.693715594332417851e+01 4.508333204064177835e+01
4.693715594332417851e+01 4.944196386430485290e+01
4.693715594332417851e+01 4.677930947860305366e+01
4.693715594332417851e+01 4.437320138164812988e+01
4.693715594332417851e+01 4.668771733614810415e+01
4.693715594332417851e+01 4.491753895648491834e+01
4.693715594332417851e+01 4.857465925754021896e+01
4.693715594332417851e+01 4.648757677213192352e+01
4.693715594332417851e+01 4.295794952439717207e+01
4.693715594332417851e+01 4.832930666858361946e+01
4.693715594332417851e+01 4.692005395295184655e+01
4.693715594332417851e+01 4.700060435570268424e+01
4.693715594332417851e+01 4.771057864079862298e+01
4.693715594332417851e+01 4.016802454642569131e+01
4.693715594332417851e+01 4.920420674657362525e+01
4.693715594332417851e+01 4.030518784913956409e+01
4.693715594332417851e+01 4.343640617598638443e+01
4.693715594332417851e+01 4.353189702432315045e+01
4.693715594332417851e+01 4.266018681553321557e+01
4.693715594332417851e+01 4.506630271469988713e+01
4.693715594332417851e+01 4.492082160744816832e+01
4.693715594332417851e+01 4.211625869829995850e+01
4.693715594332417851e+01 4.621933842059110731e+01
4.693715594332417851e+01 4.175659430937387384e+01
4.693715594332417851e+01 4.514898154672444264e+01
4.693715594332417851e+01 4.603413941688715738e+01
4.693715594332417851e+01 4.366568135946281615e+01
4.693715594332417851e+01 4.512715722759629244e+01
4.693715594332417851e+01 4.244538914522023276e+01
4.693715594332417851e+01 4.460101965496750154e+01
4.693715594332417851e+01 4.350015313758935775e+01
4.693715594332417851e+01 4.695456496016775105e+01
4.693715594332417851e+01 4.646427750407178081e+01
4.693715594332417851e+01 4.558177971778026460e+01
4.693715594332417851e+01 4.593031594873556145e+01
4.693715594332417851e+01 4.439426941924368464e+01
4.693715594332417851e+01 4.264951658172229543e+01
4.693715594332417851e+01 4.904524285743025303e+01
4.693715594332417851e+01 4.324019784501726349e+01
4.693715594332417851e+01 4.659159311643320933e+01
4.693715594332417851e+01 4.761264323075125304e+01
4.693715594332417851e+01 4.717078510028453309e+01
4.693715594332417851e+01 4.498190929330291965e+01
4.693715594332417851e+01 4.510921397862037452e+01
4.693715594332417851e+01 4.568250139851442526e+01
4.693715594332417851e+01 4.632293613791512854e+01
4.693715594332417851e+01 4.655657746833335153e+01
4.693715594332417851e+01 4.965055981956727038e+01
4.693715594332417851e+01 4.556769601344298337e+01
4.693715594332417851e+01 4.905278341488975258e+01
4.693715594332417851e+01 4.974541782475544949e+01
4.693715594332417851e+01 4.059766904949236732e+01
4.693715594332417851e+01 4.315374415723643864e+01
4.693715594332417851e+01 4.594556128365602632e+01
4.693715594332417851e+01 4.810627804296867538e+01
4.693715594332417851e+01 4.131135819685745503e+01
4.693715594332417851e+01 4.965770637713848146e+01
4.693715594332417851e+01 4.939901967363419999e+01
4.693715594332417851e+01 4.486031517672327595e+01
4.693715594332417851e+01 4.448119864165381188e+01
4.693715594332417851e+01 4.361510912134618678e+01
4.693715594332417851e+01 4.136639214487409077e+01
4.693715594332417851e+01 4.561116304203573435e+01
4.693715594332417851e+01 5.021399673106935779e+01
4.693715594332417851e+01 4.409235421206823702e+01
4.693715594332417851e+01 4.338550094142829039e+01
4.693715594332417851e+01 4.722541904859944140e+01
4.693715594332417851e+01 5.146406523117664022e+01
4.693715594332417851e+01 4.820075927798599480e+01
4.693715594332417851e+01 4.630280537027078935e+01
4.693715594332417851e+01 4.854160625477940982e+01
4.693715594332417851e+01 4.353928270407038070e+01
4.693715594332417851e+01 4.162493033103254447e+01
4.693715594332417851e+01 4.485685182298678342e+01
4.693715594332417851e+01 4.367513304884569436e+01
4.693715594332417851e+01 4.963318572386136651e+01
4.693715594332417851e+01 4.690696110059916890e+01
4.693715594332417851e+01 4.791592444675801232e+01
4.693715594332417851e+01 4.952026764854460339e+01
4.693715594332417851e+01 5.245037631444326820e+01
4.693715594332417851e+01 4.687223610874189461e+01
4.693715594332417851e+01 4.755370451667997855e+01
4.693715594332417851e+01 4.505045869538267311e+01
4.693715594332417851e+01 4.263279083399488201e+01
4.693715594332417851e+01 4.286166492120204197e+01
4.693715594332417851e+01 4.783507282563325447e+01
4.693715594332417851e+01 3.655416536263669514e+01
4.693715594332417851e+01 4.583474108422488769e+01
4.693715594332417851e+01 4.971072973868582068e+01
4.693715594332417851e+01 5.102106941823744535e+01
4.693715594332417851e+01 4.439779484335450377e+01
4.693715594332417851e+01 4.871869820271598428e+01
4.693715594332417851e+01 4.282629163049961107e+01
4.693715594332417851e+01 5.060050206736141121e+01
4.693715594332417851e+01 4.090482175357161054e+01
4.693715594332417851e+01 5.008128963143163759e+01
4.693715594332417851e+01 5.516378411259445613e+01
4.693715594332417851e+01 5.063777680963854522e+01
4.693715594332417851e+01 4.251306108554174301e+01
4.693715594332417851e+01 5.330811183947628251e+01
4.693715594332417851e+01 4.374166449420576441e+01
4.693715594332417851e+01 4.287102361149892005e+01
4.693715594332417851e+01 4.591016539330521340e+01
4.693715594332417851e+01 5.094202808112770953e+01
4.693715594332417851e+01 4.828904385281130374e+01
4.693715594332417851e+01 4.970950162611256218e+01
4.693715594332417851e+01 5.318747436547881335e+01
4.693715594332417851e+01 5.156911559814930968e+01
4.693715594332417851e+01 4.730848111628337449e+01
4.693715594332417851e+01 3.958051809418412148e+01
4.693715594332417851e+01 4.490331550465145938e+01
4.693715594332417851e+01 4.622898643307392774e+01
4.693715594332417851e+01 4.152778660414083589e+01
4.693715594332417851e+01 4.511658847421603724e+01
4.693715594332417851e+01 4.600516260485309061e+01
4.693715594332417851e+01 4.570088209852918482e+01
4.693715594332417851e+01 5.038883080766248668e+01
4.693715594332417851e+01 4.708086653356797058e+01
4.693715594332417851e+01 4.156121301273671520e+01
4.693715594332417851e+01 4.222656545883804569e+01
4.693715594332417851e+01 5.289016837221713985e+01
4.693715594332417851e+01 3.850577425120061292e+01
4.693715594332417851e+01 4.369731436760118726e+01
4.693715594332417851e+01 4.720136356281044243e+01
4.693715594332417851e+01 4.661714909609560920e+01
4.693715594332417851e+01 4.349556317309056652e+01
4.693715594332417851e+01 4.945544618395697256e+01
4.693715594332417851e+01 4.433769107270445176e+01
4.693715594332417851e+01 4.220823555697963059e+01
4.693715594332417851e+01 4.865542430442378219e+01
4.693715594332417851e+01 4.248595940970879070e+01
4.693715594332417851e+01 4.651201347250661655e+01
4.693715594332417851e+01 4.445953817988326051e+01
4.693715594332417851e+01 4.274682530660425783e+01
4.693715594332417851e+01 5.053872753488499114e+01
4.693715594332417851e+01 4.212816078580488011e+01
4.693715594332417851e+01 5.102819742144702531e+01
4.693715594332417851e+01 4.214249570764471997e+01
4.693715594332417851e+01 5.141958519011968320e+01
4.693715594332417851e+01 5.121181564998357771e+01
4.693715594332417851e+01 4.866742375826626699e+01
4.693715594332417851e+01 4.647212310315357087e+01
4.693715594332417851e+01 4.335403402312067556e+01
4.693715594332417851e+01 4.943750832103673787e+01
4.693715594332417851e+01 5.090405668598924649e+01
4.693715594332417851e+01 5.081281401689588506e+01
4.693715594332417851e+01 4.282507942214683538e+01
4.693715594332417851e+01 4.645837597012232578e+01
4.693715594332417851e+01 4.895532406266287495e+01
4.693715594332417851e+01 5.079484569605537558e+01
4.693715594332417851e+01 4.392583821733835237e+01
4.693715594332417851e+01 4.851162328856393202e+01
4.693715594332417851e+01 4.586126760946336844e+01
4.693715594332417851e+01 4.539414851986186505e+01
4.693715594332417851e+01 4.213282959104596870e+01
4.693715594332417851e+01 4.535067751285632198e+01
4.693715594332417851e+01 4.424301866942427353e+01
4.693715594332417851e+01 4.153154863950285147e+01
4.693715594332417851e+01 4.316930721172062846e+01
4.693715594332417851e+01 4.843232451605072697e+01
4.693715594332417851e+01 4.693388800177221043e+01
4.693715594332417851e+01 4.957748414864331465e+01
4.693715594332417851e+01 4.086796315360253118e+01
4.693715594332417851e+01 4.718517617814281095e+01
4.693715594332417851e+01 4.712198088424378994e+01
4.693715594332417851e+01 4.939598516855876653e+01
4.693715594332417851e+01 4.222508714911695904e+01
4.693715594332417851e+01 4.598088603067395752e+01
4.693715594332417851e+01 4.833525543924454837e+01
4.693715594332417851e+01 4.596133696613123476e+01
4.693715594332417851e+01 4.196609266279754280e+01
4.693715594332417851e+01 4.191483143330044214e+01
4.693715594332417851e+01 4.357151169350871101e+01
4.693715594332417851e+01 4.085575361537821237e+01
4.693715594332417851e+01 4.525971157681852475e+01
4.693715594332417851e+01 5.249918056662353649e+01
4.693715594332417851e+01 4.499008104231796068e+01
4.693715594332417851e+01 4.315482389167343769e+01
4.693715594332417851e+01 4.963685063530189012e+01
4.693715594332417851e+01 4.600390192702089820e+01
4.693715594332417851e+01 4.341485317759993734e+01
4.693715594332417851e+01 4.884747611075417240e+01
4.693715594332417851e+01 4.600921978458284656e+01
4.693715594332417851e+01 4.565283239722115383e+01
4.693715594332417851e+01 4.943550946998247042e+01
4.693715594332417851e+01 4.782419531362703680e+01
4.693715594332417851e+01 4.660986033416286745e+01
4.693715594332417851e+01 4.606220009441946672e+01
4.693715594332417851e+01 4.318200387484861835e+01
4.693715594332417851e+01 4.126133648174139523e+01
4.693715594332417851e+01 4.869744293482777664e+01
4.693715594332417851e+01 4.474461475801861354e+01
4.693715594332417851e+01 5.236039351596664915e+01
4.693715594332417851e+01 4.256726405576125671e+01
4.693715594332417851e+01 4.501715740904077734e+01
4.693715594332417851e+01 4.669407287014119134e+01
4.693715594332417851e+01 4.558445862462481557e+01
4.693715594332417851e+01 4.980441473770550687e+01
4.693715594332417851e+01 4.910418040187987287e+01
4.693715594332417851e+01 4.467461299891068904e+01
4.693715594332417851e+01 4.434202934416972397e+01
4.693715594332417851e+01 4.117888521603840957e+01
4.693715594332417851e+01 5.053277108500864045e+01
4.693715594332417851e+01 4.310126843985434419e+01
4.693715594332417851e+01 4.932165665106587227e+01
4.693715594332417851e+01 4.303742204867134546e+01
4.693715594332417851e+01 4.203168787149028418e+01
4.693715594332417851e+01 4.630900279725904056e+01
4.693715594332417851e+01 4.896334379849792384e+01
4.693715594332417851e+01 4.853042766578348477e+01
4.693715594332417851e+01 4.459805180790092294e+01
4.693715594332417851e+01 4.085200639151975111e+01
4.693715594332417851e+01 4.781775091519376275e+01
4.693715594332417851e+01 5.028896517681943834e+01
4.693715594332417851e+01 4.319509510563152332e+01
4.693715594332417851e+01 4.932847299167193711e+01
4.693715594332417851e+01 4.862187312298912900e+01
4.693715594332417851e+01 4.136182610540559068e+01
4.693715594332417851e+01 4.445255550289618185e+01
4.693715594332417851e+01 4.451213608535554300e+01
4.693715594332417851e+01 4.829669873794720303e+01
4.693715594332417851e+01 5.047811484788321934e+01
4.693715594332417851e+01 4.773904251286604250e+01
4.693715594332417851e+01 4.497319719778995761e+01
4.693715594332417851e+01 4.340234592414670090e+01
4.693715594332417851e+01 4.352027841586608048e+01
4.693715594332417851e+01 4.873297665207431351e+01
4.693715594332417851e+01 4.340945077564135346e+01
4.693715594332417851e+01 4.618234010303748960e+01
4.693715594332417851e+01 4.965991866212158357e+01
4.693715594332417851e+01 4.390560186947407573e+01
4.693715594332417851e+01 4.348917076756541888e+01
4.693715594332417851e+01 5.028413699375056467e+01
4.693715594332417851e+01 4.893375600481899568e+01
4.693715594332417851e+01 4.443118515659142531e+01
4.693715594332417851e+01 5.102774021789569048e+01
4.693715594332417851e+01 4.912723015518967884e+01
4.693715594332417851e+01 4.569399745913343480e+01
4.693715594332417851e+01 4.161252397515563217e+01
4.693715594332417851e+01 4.655535279498370471e+01
4.693715594332417851e+01 4.825128498643577046e+01
4.693715594332417851e+01 4.988667285091469239e+01
4.693715594332417851e+01 4.360697846127369104e+01
4.693715594332417851e+01 4.515454488873821504e+01
4.693715594332417851e+01 4.785441154454682788e+01
4.693715594332417851e+01 4.272612003639997624e+01
4.693715594332417851e+01 4.324137058743502848e+01
4.693715594332417851e+01 4.651341154220226315e+01
4.693715594332417851e+01 4.436450384659676160e+01
4.693715594332417851e+01 4.675176186450995885e+01
4.693715594332417851e+01 5.196308809035713239e+01
4.693715594332417851e+01 4.748559541862474020e+01
4.693715594332417851e+01 4.371427553242477870e+01
4.693715594332417851e+01 4.886165066385939326e+01
4.693715594332417851e+01 4.446711415531267164e+01
4.693715594332417851e+01 4.813781625126856056e+01
4.693715594332417851e+01 4.644752628345192136e+01
4.693715594332417851e+01 4.595583071253451379e+01
4.693715594332417851e+01 5.183087831808902735e+01
4.693715594332417851e+01 3.949395444305302760e+01
4.693715594332417851e+01 4.785840076075725591e+01
4.693715594332417851e+01 4.837378113198725771e+01
4.693715594332417851e+01 5.227554219253195100e+01
4.693715594332417851e+01 4.914611767835092593e+01
4.693715594332417851e+01 4.785616966263669525e+01
4.693715594332417851e+01 4.699128755278744052e+01
4.693715594332417851e+01 4.602725063143982709e+01
4.693715594332417851e+01 4.324571549357091271e+01
4.693715594332417851e+01 4.815373868645477984e+01
4.693715594332417851e+01 4.546432420698097587e+01
4.693715594332417851e+01 4.516715375891008222e+01
4.693715594332417851e+01 4.172672073175076690e+01
4.693715594332417851e+01 5.048663016614958821e+01
4.693715594332417851e+01 4.502016903831868433e+01
4.693715594332417851e+01 4.327966740126130674e+01
4.693715594332417851e+01 4.777169302951501351e+01
4.693715594332417851e+01 4.163851985130424538e+01
4.693715594332417851e+01 4.494962868284278557e+01
4.693715594332417851e+01 4.035822591887379929e+01
4.693715594332417851e+01 4.976300528318147798e+01
4.693715594332417851e+01 4.424080568295590155e+01
4.693715594332417851e+01 4.717667181187420766e+01
4.693715594332417851e+01 4.516608373769066276e+01
4.693715594332417851e+01 4.676665008738788032e+01
4.693715594332417851e+01 4.509990196412836383e+01
4.693715594332417851e+01 4.502953975082451166e+01
4.693715594332417851e+01 4.051106026324365672e+01
4.693715594332417851e+01 4.830908462677625437e+01
4.693715594332417851e+01 4.521107521729413037e+01
4.693715594332417851e+01 4.301870206579270217e+01
4.693715594332417851e+01 4.747050541570025928e+01
4.693715594332417851e+01 4.980276417956880408e+01
4.693715594332417851e+01 4.728406142562415226e+01
4.693715594332417851e+01 4.837512879421687018e+01
4.693715594332417851e+01 5.063695817880176975e+01
4.693715594332417851e+01 4.445273730215039620e+01
4.693715594332417851e+01 4.212374080923552100e+01
4.693715594332417851e+01 4.669424615808066648e+01
4.693715594332417851e+01 4.509741470023153909e+01
4.693715594332417851e+01 4.839391110465258805e+01
4.693715594332417851e+01 3.968386870498286356e+01
4.693715594332417851e+01 4.646201659767402248e+01
4.693715594332417851e+01 4.546697508620242445e+01
4.693715594332417851e+01 4.882585669033889531e+01
4.693715594332417851e+01 4.572595342144723674e+01
4.693715594332417851e+01 4.608648074604003142e+01
4.693715594332417851e+01 5.034295112477161638e+01
4.693715594332417851e+01 4.628042395537835318e+01
4.693715594332417851e+01 4.998109843435847210e+01
4.693715594332417851e+01 5.183886167380651955e+01
4.693715594332417851e+01 5.211153232928300838e+01
4.693715594332417851e+01 4.531795735107822765e+01
4.693715594332417851e+01 5.164068126327903485e+01
4.693715594332417851e+01 5.049737968941516186e+01
4.693715594332417851e+01 3.988381813862868341e+01
4.693715594332417851e+01 4.732543583426555500e+01
4.693715594332417851e+01 4.753470052180638561e+01
4.693715594332417851e+01 4.836279599694456266e+01
4.693715594332417851e+01 4.563178118161157926e+01
4.693715594332417851e+01 4.539378031569349048e+01
4.693715594332417851e+01 4.573891611438011040e+01
4.693715594332417851e+01 4.597205574825105145e+01
4.693715594332417851e+01 4.649489808088260645e+01
4.693715594332417851e+01 4.701614638644872457e+01
4.693715594332417851e+01 4.319262507146626007e+01
4.693715594332417851e+01 4.595167230588372576e+01
4.693715594332417851e+01 4.213956076246454785e+01
4.693715594332417851e+01 4.857342566951103890e+01
4.693715594332417851e+01 4.853534512655873812e+01
4.693715594332417851e+01 4.973387003916261051e+01
4.693715594332417851e+01 5.168032543823672853e+01
4.693715594332417851e+01 4.732271173626529759e+01
4.693715594332417851e+01 4.721351491714307258e+01
4.693715594332417851e+01 4.757986051234489366e+01
4.693715594332417851e+01 3.965978201805256731e+01
4.693715594332417851e+01 4.559253093423740211e+01
4.693715594332417851e+01 5.175080984054564226e+01
4.693715594332417851e+01 4.334906378404655669e+01
4.693715594332417851e+01 4.768712720849313769e+01
4.693715594332417851e+01 4.096584479223238873e+01
4.693715594332417851e+01 4.056445177504519251e+01
4.693715594332417851e+01 4.123171355696858598e+01
4.693715594332417851e+01 4.692124458216279237e+01
4.693715594332417851e+01 4.268401614714725412e+01
4.693715594332417851e+01 4.629213263271546452e+01
4.693715594332417851e+01 4.546858807577952888e+01
4.693715594332417851e+01 4.464700690270608163e+01
4.693715594332417851e+01 5.387228834041196279e+01
4.693715594332417851e+01 4.925347256443281907e+01
4.693715594332417851e+01 4.220829951937998459e+01
4.693715594332417851e+01 4.508497924912387589e+01
4.693715594332417851e+01 4.337294738071062028e+01
4.693715594332417851e+01 4.229821875130240016e+01
4.693715594332417851e+01 5.108176769876958190e+01
4.693715594332417851e+01 4.536488671200115164e+01
4.693715594332417851e+01 4.342686121282952172e+01
4.693715594332417851e+01 5.339171929014302975e+01
4.693715594332417851e+01 4.916696990741942130e+01
4.693715594332417851e+01 4.760026876087239600e+01
4.693715594332417851e+01 4.475973704996673064e+01
4.693715594332417851e+01 5.264082514924476897e+01
4.693715594332417851e+01 4.958854439960624916e+01
4.693715594332417851e+01 4.719081433459263053e+01
4.693715594332417851e+01 3.862443371794109481e+01
4.693715594332417851e+01 4.206071971761392092e+01
4.693715594332417851e+01 4.051524764690712743e+01
4.693715594332417851e+01 4.166316891015301849e+01
4.693715594332417851e+01 4.258410353528806525e+01
4.693715594332417851e+01 5.017183240049736526e+01
4.693715594332417851e+01 4.911679819706571948e+01
4.693715594332417851e+01 4.462110171388609814e+01
4.693715594332417851e+01 4.641834138812573940e+01
4.693715594332417851e+01 5.077780556542988677e+01
4.693715594332417851e+01 4.615702175884154457e+01
4.693715594332417851e+01 4.641732302130168364e+01
4.693715594332417851e+01 4.796919068938687047e+01
4.693715594332417851e+01 4.610571868509848059e+01
4.693715594332417851e+01 4.011924944604493248e+01
4.693715594332417851e+01 4.646268930117422258e+01
4.693715594332417851e+01 4.079343479538017903e+01
4.693715594332417851e+01 4.281783458205760695e+01
4.693715594332417851e+01 4.386000981062680637e+01
4.693715594332417851e+01 5.340491938843091901e+01
4.693715594332417851e+01 4.494448872004066686e+01
4.693715594332417851e+01 4.396948302297812461e+01
4.693715594332417851e+01 4.924281873536586573e+01
4.693715594332417851e+01 5.198147635103251929e+01
4.693715594332417851e+01 4.999361734210086183e+01
4.693715594332417851e+01 5.022327630238777374e+01
4.693715594332417851e+01 4.643314828039882514e+01
4.693715594332417851e+01 5.287317411541534540e+01
4.693715594332417851e+01 4.577625810721129795e+01
4.693715594332417851e+01 4.064656804399311341e+01
4.693715594332417851e+01 4.317993176325299487e+01
4.693715594332417851e+01 4.431785785295549118e+01
4.693715594332417851e+01 4.516155871551134737e+01
4.693715594332417851e+01 5.133376990508991611e+01
4.693715594332417851e+01 5.007958607859920619e+01
4.693715594332417851e+01 4.612555511751757820e+01
4.693715594332417851e+01 4.396372551352043700e+01
4.693715594332417851e+01 4.279099333844580855e+01
4.693715594332417851e+01 4.481955860016228854e+01
4.693715594332417851e+01 4.438522131287908934e+01
4.693715594332417851e+01 4.486727649380717509e+01
4.693715594332417851e+01 4.571108770725820136e+01
4.693715594332417851e+01 4.631460564484353881e+01
4.693715594332417851e+01 4.200676457178373369e+01
4.693715594332417851e+01 4.687530336458060276e+01
4.693715594332417851e+01 5.192198763303208864e+01
4.693715594332417851e+01 4.746832850367548673e+01
4.693715594332417851e+01 3.702850735459037423e+01
4.693715594332417851e+01 4.391593085946774266e+01
4.693715594332417851e+01 5.630459171750077019e+01
4.693715594332417851e+01 4.610105321338159712e+01
4.693715594332417851e+01 4.593283919257063985e+01
4.693715594332417851e+01 4.751301750312656935e+01
4.693715594332417851e+01 4.331937946752751145e+01
4.693715594332417851e+01 4.728284839857899868e+01
4.693715594332417851e+01 4.205069805021851437e+01
4.693715594332417851e+01 5.067703556396829612e+01
4.693715594332417851e+01 4.701361625314218173e+01
4.693715594332417851e+01 4.634701128088423161e+01
4.693715594332417851e+01 4.495371905515236222e+01
4.693715594332417851e+01 4.160686799740823716e+01
4.693715594332417851e+01 4.963691178962672268e+01
4.693715594332417851e+01 4.854804544512855813e+01
4.693715594332417851e+01 4.387241056163180986e+01
4.693715594332417851e+01 4.301806787783367270e+01
4.693715594332417851e+01 4.318112862459127399e+01
4.693715594332417851e+01 4.363381096273827353e+01
4.693715594332417851e+01 4.550084181487682855e+01
4.693715594332417851e+01 5.413308138326090813e+01
4.693715594332417851e+01 4.467482864987537994e+01
4.693715594332417851e+01 5.342401255270929283e+01
4.693715594332417851e+01 4.422301491952771357e+01
4.693715594332417851e+01 4.274199468746480335e+01
4.693715594332417851e+01 4.193268723341778781e+01
4.693715594332417851e+01 4.206906770032230014e+01
4.693715594332417851e+01 4.503503265968464575e+01
4.693715594332417851e+01 4.453248005177931645e+01
4.693715594332417851e+01 4.680811377462239875e+01
4.693715594332417851e+01 4.521350316690709548e+01
4.693715594332417851e+01 4.867561449240491100e+01
4.693715594332417851e+01 4.874519281376476698e+01
4.693715594332417851e+01 4.120976951977972647e+01
4.693715594332417851e+01 4.956148910871886670e+01
4.693715594332417851e+01 4.555200758314840925e+01
4.693715594332417851e+01 4.818141686472214502e+01
4.693715594332417851e+01 4.284592605720488478e+01
4.693715594332417851e+01 4.728103590803722511e+01
4.693715594332417851e+01 4.314791008529783767e+01
4.693715594332417851e+01 4.618562381068919365e+01
4.693715594332417851e+01 5.018137631556152201e+01
4.693715594332417851e+01 5.147348558714899980e+01
4.693715594332417851e+01 4.795033453755510067e+01
4.693715594332417851e+01 4.359081063953805568e+01
4.693715594332417851e+01 4.912017763398891645e+01
4.693715594332417851e+01 4.981807305131435726e+01
4.693715594332417851e+01 4.835655909774064298e+01
4.693715594332417851e+01 4.491663326284808733e+01
4.693715594332417851e+01 4.352650086338432089e+01
4.693715594332417851e+01 4.899088803245703616e+01
4.693715594332417851e+01 4.809746689370601302e+01
4.693715594332417851e+01 4.673001695229577024e+01
4.693715594332417851e+01 4.563344664735017631e+01
4.693715594332417851e+01 4.931226607988170940e+01
4.693715594332417851e+01 5.056947722759704789e+01
4.693715594332417851e+01 5.103872643565438239e+01
4.693715594332417851e+01 4.729893880977969900e+01
4.693715594332417851e+01 3.874318486357635294e+01
4.693715594332417851e+01 4.897702211275265682e+01
4.693715594332417851e+01 4.485089066225896914e+01
4.693715594332417851e+01 5.110042657320404658e+01
4.693715594332417851e+01 4.864905494242961481e+01
4.693715594332417851e+01 4.904587565453213927e+01
4.693715594332417851e+01 4.695226371896448825e+01
4.693715594332417851e+01 4.723007534386911033e+01
4.693715594332417851e+01 5.217283336162395813e+01
4.693715594332417851e+01 4.515396723030893611e+01
4.693715594332417851e+01 4.462274758525181539e+01
4.693715594332417851e+01 4.662162801045872840e+01
4.693715594332417851e+01 4.329471278660764710e+01
4.693715594332417851e+01 4.826580779200174476e+01
4.693715594332417851e+01 4.541517274432357709e+01
4.693715594332417851e+01 4.326630708428498195e+01
4.693715594332417851e+01 4.427683685193681384e+01
4.693715594332417851e+01 4.427804195996347403e+01
4.693715594332417851e+01 4.706237955729458378e+01
4.693715594332417851e+01 4.928872690086055286e+01
4.693715594332417851e+01 4.972309149600141609e+01
4.693715594332417851e+01 4.783137488371932733e+01
4.693715594332417851e+01 4.062408921573065612e+01
4.693715594332417851e+01 4.206638799548786523e+01
4.693715594332417851e+01 5.225689796400078535e+01
4.693715594332417851e+01 4.687324164728350695e+01
4.693715594332417851e+01 4.730126335751694455e+01
4.693715594332417851e+01 4.278244963481367336e+01
4.693715594332417851e+01 4.795759289037199835e+01
4.693715594332417851e+01 4.428412147742771054e+01
4.693715594332417851e+01 4.389814189376635056e+01
4.693715594332417851e+01 4.390111949471551611e+01
4.693715594332417851e+01 4.971948756405520697e+01
4.693715594332417851e+01 4.869101587889653615e+01
4.693715594332417851e+01 4.466804908964803644e+01
4.693715594332417851e+01 5.164312229683488908e+01
4.693715594332417851e+01 4.682160312663764756e+01
4.693715594332417851e+01 5.132717289418514639e+01
4.693715594332417851e+01 4.618888775355744514e+01
4.693715594332417851e+01 4.317455017439841924e+01
4.693715594332417851e+01 4.734009348052349253e+01
4.693715594332417851e+01 4.742901776000655900e+01
4.693715594332417851e+01 4.483602706719277364e+01
4.693715594332417851e+01 4.336517848174356260e+01
4.693715594332417851e+01 4.535749024283582287e+01
4.693715594332417851e+01 4.642206767535759582e+01
4.693715594332417851e+01 4.992267647540248987e+01
4.693715594332417851e+01 4.728105912820412726e+01
4.693715594332417851e+01 4.728789502187938609e+01
4.693715594332417851e+01 4.855887270158063984e+01
4.693715594332417851e+01 4.601337207268550600e+01
4.693715594332417851e+01 4.265957668372635680e+01
4.693715594332417851e+01 4.612120394328080408e+01
4.693715594332417851e+01 4.570082606799646641e+01
4.693715594332417851e+01 4.986582182888489712e+01
4.693715594332417851e+01 4.463163735956543121e+01
4.693715594332417851e+01 4.239425490031368327e+01
4.693715594332417851e+01 4.800568881663055265e+01
4.693715594332417851e+01 4.396837178926412548e+01
4.693715594332417851e+01 4.481140511113190428e+01
4.693715594332417851e+01 4.412192715393376830e+01
4.693715594332417851e+01 5.001790732927286598e+01
4.693715594332417851e+01 4.568239229416409586e+01
4.693715594332417851e+01 4.636972488877594856e+01
4.693715594332417851e+01 4.364336092144404944e+01
4.693715594332417851e+01 4.720245885538177788e+01
4.693715594332417851e+01 4.676608868850527756e+01
4.693715594332417851e+01 4.636987419550068523e+01
4.693715594332417851e+01 4.076634511275778294e+01
4.693715594332417851e+01 4.480722730240244545e+01
4.693715594332417851e+01 4.382361904845638634e+01
4.693715594332417851e+01 4.174828029046529565e+01
4.693715594332417851e+01 4.321402235031597172e+01
4.693715594332417851e+01 4.847587487565734676e+01
4.693715594332417851e+01 5.048742886235101679e+01
4.693715594332417851e+01 4.728094516768531719e+01
4.693715594332417851e+01 4.827220189751782442e+01
4.693715594332417851e+01 4.501970456059800085e+01
4.693715594332417851e+01 4.251711733579642072e+01
4.693715594332417851e+01 4.620779500578923660e+01
4.693715594332417851e+01 4.524177024547833526e+01
4.693715594332417851e+01 4.131200732647306495e+01
4.693715594332417851e+01 4.297660423709466926e+01
4.693715594332417851e+01 4.351479564460197480e+01
4.693715594332417851e+01 4.646625539845553021e+01
4.693715594332417851e+01 4.345819660038937826e+01
4.693715594332417851e+01 4.579279233150645467e+01
4.693715594332417851e+01 4.488224661347035038e+01
4.693715594332417851e+01 4.782355484850567251e+01
4.693715594332417851e+01 4.403796055264806597e+01
4.693715594332417851e+01 4.361477164328668010e+01
4.693715594332417851e+01 4.840548769657844730e+01
4.693715594332417851e+01 4.637685721033124508e+01
4.693715594332417851e+01 4.471276133418537313e+01
4.693715594332417851e+01 4.435979670038706502e+01
4.693715594332417851e+01 4.839453019003238410e+01
4.693715594332417851e+01 4.507299107736586308e+01
4.693715594332417851e+01 4.692881694909610957e+01
4.693715594332417851e+01 4.385866082889067030e+01
4.693715594332417851e+01 5.309463096502011581e+01
4.693715594332417851e+01 4.041807529681559430e+01
4.693715594332417851e+01 5.265229394895546733e+01
4.693715594332417851e+01 4.841297074255710697e+01
4.693715594332417851e+01 4.060017308492247423e+01
4.693715594332417851e+01 4.452689286584710260e+01
4.693715594332417851e+01 4.528499430353337374e+01
4.693715594332417851e+01 5.205647572111980992e+01
4.693715594332417851e+01 4.310077821985699131e+01
4.693715594332417851e+01 4.279091676777376563e+01
4.693715594332417851e+01 4.850725247250993277e+01
4.693715594332417851e+01 4.538312296665587553e+01
4.693715594332417851e+01 4.495114936995025801e+01
4.693715594332417851e+01 5.249565976646641019e+01
4.693715594332417851e+01 4.457845769485939513e+01
4.693715594332417851e+01 4.422099183573343595e+01
4.693715594332417851e+01 5.193051716904428616e+01
4.693715594332417851e+01 4.958661824181672273e+01
4.693715594332417851e+01 4.339977665449209354e+01
4.693715594332417851e+01 4.680712405998106362e+01
4.693715594332417851e+01 4.880958151558971991e+01
4.693715594332417851e+01 4.668654898668896180e+01
4.693715594332417851e+01 5.116609148087189851e+01
4.693715594332417851e+01 4.813985853019414662e+01
4.693715594332417851e+01 4.740342498879082456e+01
4.693715594332417851e+01 4.409870894715814416e+01
4.693715594332417851e+01 4.799634982513845927e+01
4.693715594332417851e+01 4.700372631795525535e+01
4.693715594332417851e+01 4.652766315956155552e+01
4.693715594332417851e+01 4.784759322391511915e+01
4.693715594332417851e+01 4.372176503292710947e+01
4.693715594332417851e+01 4.592553064068357571e+01
4.693715594332417851e+01 4.503763312538490737e+01
4.693715594332417851e+01 4.080463625367726621e+01
4.693715594332417851e+01 4.401569239897399655e+01
4.693715594332417851e+01 4.718666523474788477e+01
4.693715594332417851e+01 5.180446894823089821e+01
4.693715594332417851e+01 4.702408179900042740e+01
4.693715594332417851e+01 4.693069356642059375e+01
4.693715594332417851e+01 4.772303194919812341e+01
4.693715594332417851e+01 4.107656124888063687e+01
4.693715594332417851e+01 4.641906615548516868e+01
4.693715594332417851e+01 5.620864559544474304e+01
4.693715594332417851e+01 4.841418832733176458e+01
4.693715594332417851e+01 4.607293729116895520e+01
4.693715594332417851e+01 4.566705188660678516e+01
4.693715594332417851e+01 4.471162309854538819e+01
4.693715594332417851e+01 4.165076197194153451e+01
4.693715594332417851e+01 4.319769792356101590e+01
4.693715594332417851e+01 4.583966331267874494e+01
4.693715594332417851e+01 4.681883004129861803e+01
4.693715594332417851e+01 4.087429970783379218e+01
4.693715594332417851e+01 4.909251141319829514e+01
4.693715594332417851e+01 4.182590190569480626e+01
4.693715594332417851e+01 4.608734336235499285e+01
4.693715594332417851e+01 4.096597529082649203e+01
4.693715594332417851e+01 4.643522444933535809e+01
4.693715594332417851e+01 4.442019566350752058e+01
4.693715594332417851e+01 4.353637265571592252e+01
4.693715594332417851e+01 4.848061339958225346e+01
4.693715594332417851e+01 4.510583097494198768e+01
4.693715594332417851e+01 4.481909478288486781e+01
4.693715594332417851e+01 4.094146998612650634e+01
4.693715594332417851e+01 4.647411091482273804e+01
4.693715594332417851e+01 4.367246329658648563e+01
4.693715594332417851e+01 4.691715609041693114e+01
4.693715594332417851e+01 4.700913319590534201e+01
4.693715594332417851e+01 4.480052961783474785e+01
4.693715594332417851e+01 4.726235740920570549e+01
4.693715594332417851e+01 4.930874057871477589e+01
4.693715594332417851e+01 5.454741835798785132e+01
4.693715594332417851e+01 4.072069885086911256e+01
4.693715594332417851e+01 4.647974871616028736e+01
4.693715594332417851e+01 4.190857745906189535e+01
4.693715594332417851e+01 4.659185713713583255e+01
4.693715594332417851e+01 5.058918233250122398e+01
4.693715594332417851e+01 4.930118324701206234e+01
4.693715594332417851e+01 4.190483731762390107e+01
4.693715594332417851e+01 4.640595115961237838e+01
4.693715594332417851e+01 3.868233339065885446e+01
4.693715594332417851e+01 4.115503376852598194e+01
4.693715594332417851e+01 4.794741443187250951e+01
4.693715594332417851e+01 4.838073761291496311e+01
4.693715594332417851e+01 4.137240010340894969e+01
4.693715594332417851e+01 4.998722997876140539e+01
4.693715594332417851e+01 4.891979947508917093e+01
4.693715594332417851e+01 4.825370205432432869e+01
4.693715594332417851e+01 4.509141082457117733e+01
4.693715594332417851e+01 4.522828264630109629e+01
4.693715594332417851e+01 4.196166901411552885e+01
4.693715594332417851e+01 4.404590270418593434e+01
4.693715594332417851e+01 4.645321080142559822e+01
4.693715594332417851e+01 3.687360208730705580e+01
4.693715594332417851e+01 5.007220772150446209e+01
4.693715594332417851e+01 3.983129833893693927e+01
4.693715594332417851e+01 4.933508705557159857e+01
4.693715594332417851e+01 4.481719855855675405e+01
4.693715594332417851e+01 4.486154325103068885e+01
4.693715594332417851e+01 4.182464821601523397e+01
4.693715594332417851e+01 4.092633163682306474e+01
4.693715594332417851e+01 4.824779549745566953e+01
4.693715594332417851e+01 4.819621423163840745e+01
4.693715594332417851e+01 4.791653671189682484e+01
4.693715594332417851e+01 4.329171101961625823e+01
4.693715594332417851e+01 4.905059017263808840e+01
4.693715594332417851e+01 5.085919230252167011e+01
4.693715594332417851e+01 5.364202945187770410e+01
4.693715594332417851e+01 4.492763877091994829e+01
4.693715594332417851e+01 4.746174496782941787e+01
4.693715594332417851e+01 4.515718523438971488e+01
4.693715594332417851e+01 4.620773020086625138e+01
4.693715594332417851e+01 4.613970790174511194e+01
4.693715594332417851e+01 4.836004341105995508e+01
4.693715594332417851e+01 4.303150105451424423e+01
4.693715594332417851e+01 4.735985429074033704e+01
4.693715594332417851e+01 4.561815538399852699e+01
4.693715594332417851e+01 4.828810582619320257e+01
4.693715594332417851e+01 4.288978790602674707e+01
4.693715594332417851e+01 4.849194486659659020e+01
4.693715594332417851e+01 3.922000310755213803e+01
4.693715594332417851e+01 4.806990805017982638e+01
4.693715594332417851e+01 4.772177228902750556e+01
4.693715594332417851e+01 4.400475250075403011e+01
4.693715594332417851e+01 5.138060575954211373e+01
4.693715594332417851e+01 4.770681094444642412e+01
4.693715594332417851e+01 4.870296602323345070e+01
4.693715594332417851e+01 4.139252093313864123e+01
4.693715594332417851e+01 4.623251252798678479e+01
4.693715594332417851e+01 4.673931280677179245e+01
4.693715594332417851e+01 4.410030849197349312e+01
4.693715594332417851e+01 4.704590336349154711e+01
4.693715594332417851e+01 4.003388549360549575e+01
4.693715594332417851e+01 4.477093236694897627e+01
4.693715594332417851e+01 4.871880840199514751e+01
4.693715594332417851e+01 4.067996773100099261e+01
4.693715594332417851e+01 3.860392182818799256e+01
4.693715594332417851e+01 4.413717281544660409e+01
4.693715594332417851e+01 4.200951554556017697e+01
4.693715594332417851e+01 4.637290042347645880e+01
4.693715594332417851e+01 4.464862730216979969e+01
4.693715594332417851e+01 4.953729721846358558e+01
4.693715594332417851e+01 4.712056854120713467e+01
4.693715594332417851e+01 4.811280334942293280e+01
4.693715594332417851e+01 5.248704084314971396e+01
4.693715594332417851e+01 5.019202358560869470e+01
4.693715594332417851e+01 5.139740300059830957e+01
4.693715594332417851e+01 5.241741901366151524e+01
4.693715594332417851e+01 4.804816925042148057e+01
4.693715594332417851e+01 4.421455838188870757e+01
4.693715594332417851e+01 4.873747339973584758e+01
4.693715594332417851e+01 4.692719029021712629e+01
4.693715594332417851e+01 4.683760818456278940e+01
4.693715594332417851e+01 4.612591100099905361e+01
4.693715594332417851e+01 4.521358940026860296e+01
4.693715594332417851e+01 4.531232446134292502e+01
4.693715594332417851e+01 4.504388127493010074e+01
4.693715594332417851e+01 4.573207619870405694e+01
4.693715594332417851e+01 4.782656753588354093e+01
4.693715594332417851e+01 4.109120771216208823e+01
4.693715594332417851e+01 4.885263836163826312e+01
4.693715594332417851e+01 4.478016234550433694e+01
4.693715594332417851e+01 3.987694949293167213e+01
4.693715594332417851e+01 4.770207701322912897e+01
4.693715594332417851e+01 4.431664106942953651e+01
4.693715594332417851e+01 5.237620823673491799e+01
4.693715594332417851e+01 4.817915205661319789e+01
4.693715594332417851e+01 4.213422911739047549e+01
4.693715594332417851e+01 4.654744888491534738e+01
4.693715594332417851e+01 4.517100179865250453e+01
4.693715594332417851e+01 4.860950509678909981e+01
4.693715594332417851e+01 4.789710742644456332e+01
4.693715594332417851e+01 4.796915789058216006e+01
4.693715594332417851e+01 4.424817641283011938e+01
4.693715594332417851e+01 4.585176021300611637e+01
4.693715594332417851e+01 4.451489275469322848e+01
4.693715594332417851e+01 5.048057590192646416e+01
4.693715594332417851e+01 4.470633062438029270e+01
4.693715594332417851e+01 4.680286751355159680e+01
4.693715594332417851e+01 4.571828771384664947e+01
4.693715594332417851e+01 4.220559582911371166e+01
4.693715594332417851e+01 4.781209717457788599e+01
4.693715594332417851e+01 5.111400039699043418e+01
4.693715594332417851e+01 4.461967257916315077e+01
4.693715594332417851e+01 4.768229213811017075e+01
4.693715594332417851e+01 4.873117260153286168e+01
4.693715594332417851e+01 4.802227212997023287e+01
4.693715594332417851e+01 4.612909682043933657e+01
4.693715594332417851e+01 4.490421080425584677e+01
4.693715594332417851e+01 4.412730836902165521e+01
4.693715594332417851e+01 4.603567594308223221e+01
4.693715594332417851e+01 4.081920506796922155e+01
4.693715594332417851e+01 5.010522826898862547e+01
4.693715594332417851e+01 4.776284358606666558e+01
4.693715594332417851e+01 4.501157586501378205e+01
4.693715594332417851e+01 4.747902833491279750e+01
4.693715594332417851e+01 4.623930537912493577e+01
4.693715594332417851e+01 4.849248648477130530e+01
4.693715594332417851e+01 4.762532380547753519e+01
4.693715594332417851e+01 4.584624007064019224e+01
4.693715594332417851e+01 4.636791572197975597e+01
4.693715594332417851e+01 4.900850665137755868e+01
4.693715594332417851e+01 4.132240046982667536e+01
4.693715594332417851e+01 4.601075426051523465e+01
4.693715594332417851e+01 5.041781386585723368e+01
4.693715594332417851e+01 4.540510190748061348e+01
4.693715594332417851e+01 4.363289172761034251e+01
4.693715594332417851e+01 4.414659002201975113e+01
4.693715594332417851e+01 4.637751305057921769e+01
4.693715594332417851e+01 3.970727076050088300e+01
4.693715594332417851e+01 4.975465870097649912e+01
4.693715594332417851e+01 4.474532943353190007e+01
4.693715594332417851e+01 4.386688668782340983e+01
4.693715594332417851e+01 4.712260598107355491e+01
4.693715594332417851e+01 3.998921323907758563e+01
4.693715594332417851e+01 4.960805402794767360e+01
4.693715594332417851e+01 4.244036073995129499e+01
4.693715594332417851e+01 5.505094186528068434e+01
4.693715594332417851e+01 4.687832226777630495e+01
4.693715594332417851e+01 5.199229968063769292e+01
4.693715594332417851e+01 4.533033713164183354e+01
4.693715594332417851e+01 5.253039086737550178e+01
4.693715594332417851e+01 4.585401789685107588e+01
4.693715594332417851e+01 5.195707334501024377e+01
4.693715594332417851e+01 4.998682038962968477e+01
4.693715594332417851e+01 5.090235213837869566e+01
4.693715594332417851e+01 5.241804760726704160e+01
4.693715594332417851e+01 4.658655969318177625e+01
4.693715594332417851e+01 4.770676776308371103e+01
4.693715594332417851e+01 4.696220899514894853e+01
4.693715594332417851e+01 4.989653718060534970e+01
4.693715594332417851e+01 4.764652630103385889e+01
4.693715594332417851e+01 4.438984515348860072e+01
4.693715594332417851e+01 4.992345825713617558e+01
4.693715594332417851e+01 4.512964754316484317e+01
4.693715594332417851e+01 4.505631800224021077e+01
4.693715594332417851e+01 4.584982054777276517e+01
4.693715594332417851e+01 4.486188271168078501e+01
4.693715594332417851e+01 4.463852741319707462e+01
4.693715594332417851e+01 4.422242744080661225e+01
4.693715594332417851e+01 4.766719145228692867e+01
4.693715594332417851e+01 4.866956742334628672e+01
4.693715594332417851e+01 4.645856012069335605e+01
4.693715594332417851e+01 4.806509189212904687e+01
4.693715594332417851e+01 5.152337478325511455e+01
4.693715594332417851e+01 4.673272994733537899e+01
4.693715594332417851e+01 4.645719648123917978e+01
4.693715594332417851e+01 4.202469323082085850e+01
4.693715594332417851e+01 4.601921565306965789e+01
4.693715594332417851e+01 4.662526662852751969e+01
4.693715594332417851e+01 4.173358492484619120e+01
4.693715594332417851e+01 4.552165203644219815e+01
4.693715594332417851e+01 4.704653036155303880e+01
4.693715594332417851e+01 4.313575844591307629e+01
4.693715594332417851e+01 4.434166013584687249e+01
4.693715594332417851e+01 5.313217153783836011e+01
4.693715594332417851e+01 4.278134919701818006e+01
4.693715594332417851e+01 4.804598071485968802e+01
4.693715594332417851e+01 4.617088115232525070e+01
4.693715594332417851e+01 4.325727524555683345e+01
4.693715594332417851e+01 4.509173167993821352e+01
4.693715594332417851e+01 4.212506755969528882e+01
4.693715594332417851e+01 5.074043276118037227e+01
4.693715594332417851e+01 4.837901619557364796e+01
4.693715594332417851e+01 4.513517841539147213e+01
4.693715594332417851e+01 4.477866532716463865e+01
4.693715594332417851e+01 5.416888931325033241e+01
4.693715594332417851e+01 4.483137453633691649e+01
4.693715594332417851e+01 4.708099127803799888e+01
4.693715594332417851e+01 3.729510517535648262e+01
4.693715594332417851e+01 4.599987916687811662e+01
4.693715594332417851e+01 4.721907465500979839e+01
4.693715594332417851e+01 4.179297734049931989e+01
4.693715594332417851e+01 4.953943258950569373e+01
4.693715594332417851e+01 5.136613986409583532e+01
4.693715594332417851e+01 4.786585337953216168e+01
4.693715594332417851e+01 4.201088489969316697e+01
4.693715594332417851e+01 4.371258697446238983e+01
4.693715594332417851e+01 4.878796544984230366e+01
4.693715594332417851e+01 4.796840931744688419e+01
4.693715594332417851e+01 4.867464522139616889e+01
4.693715594332417851e+01 4.482345685633404742e+01
4.693715594332417851e+01 4.627474572196587133e+01
4.693715594332417851e+01 5.263173534972614220e+01
4.693715594332417851e+01 5.436248301871074062e+01
4.693715594332417851e+01 4.514257502309084202e+01
4.693715594332417851e+01 4.623563045854735520e+01
4.693715594332417851e+01 4.481207561103062176e+01
4.693715594332417851e+01 4.269308664020368127e+01
4.693715594332417851e+01 4.295940528569895633e+01
4.693715594332417851e+01 4.644073528896688430e+01
4.693715594332417851e+01 5.130635931213772238e+01
4.693715594332417851e+01 4.589965356502857929e+01
4.693715594332417851e+01 4.723849899009364606e+01
4.693715594332417851e+01 4.886190021303508502e+01
4.693715594332417851e+01 4.290504316112014038e+01
4.693715594332417851e+01 4.577854000486565411e+01
4.693715594332417851e+01 4.874425441109585222e+01
4.693715594332417851e+01 4.916530088694378975e+01
4.693715594332417851e+01 4.487054660307156695e+01
4.693715594332417851e+01 4.647965218252879538e+01
4.693715594332417851e+01 4.081992158573133622e+01
4.693715594332417851e+01 5.303176218945069564e+01
4.693715594332417851e+01 4.408392657308085916e+01
4.693715594332417851e+01 4.625482257318255108e+01
4.693715594332417851e+01 5.227789408076851174e+01
4.693715594332417851e+01 4.386668799610727376e+01
4.693715594332417851e+01 4.534430806232836630e+01
4.693715594332417851e+01 5.312987868718738582e+01
4.693715594332417851e+01 4.320892411569082725e+01
4.693715594332417851e+01 4.536671711593236722e+01
4.693715594332417851e+01 4.630564456354439073e+01
4.693715594332417851e+01 4.286436167549737775e+01
4.693715594332417851e+01 4.181395587410050751e+01
4.693715594332417851e+01 4.048060737630086692e+01
4.693715594332417851e+01 4.353615149141750607e+01
4.693715594332417851e+01 4.806267537451157068e+01
4.693715594332417851e+01 5.098433012993734081e+01
