4.693715594332417851e+01 4.366014656775318770e+01
4.693715594332417851e+01 5.093583748638747011e+01
4.693715594332417851e+01 4.992578010738129990e+01
4.693715594332417851e+01 4.794441104294645584e+01
4.693715594332417851e+01 5.243637857451668793e+01
4.693715594332417851e+01 4.549725485829745963e+01
4.693715594332417851e+01 4.886816587532850775e+01
4.693715594332417851e+01 4.402173384293940472e+01
4.693715594332417851e+01 4.671845064608016429e+01
4.693715594332417851e+01 4.161409917586401974e+01
4.693715594332417851e+01 5.226678428129157794e+01
4.693715594332417851e+01 5.262668929065129220e+01
4.693715594332417851e+01 4.566063048472523178e+01
4.693715594332417851e+01 4.322464063920944710e+01
4.693715594332417851e+01 4.408596579398759019e+01
4.693715594332417851e+01 4.287530312606126870e+01
4.693715594332417851e+01 4.443538483575493814e+01
4.693715594332417851e+01 4.122843493028037898e+01
4.693715594332417851e+01 4.678610720101203668e+01
4.693715594332417851e+01 4.594704676055313541e+01
4.693715594332417851e+01 4.042636536562368121e+01
4.693715594332417851e+01 5.677979786827067699e+01
4.693715594332417851e+01 5.033218280002724754e+01
4.693715594332417851e+01 4.308175054285737815e+01
4.693715594332417851e+01 4.104347180240796433e+01
4.693715594332417851e+01 4.276628487156212799e+01
4.693715594332417851e+01 4.112143746971685232e+01
4.693715594332417851e+01 4.677217059862788062e+01
4.693715594332417851e+01 4.395935616089614228e+01
4.693715594332417851e+01 4.987870496839538959e+01
4.693715594332417851e+01 4.817861732169703259e+01
4.693715594332417851e+01 4.849280070257768216e+01
4.693715594332417851e+01 4.212500668139831106e+01
4.693715594332417851e+01 4.985255081012587652e+01
4.693715594332417851e+01 4.713239700434848345e+01
4.693715594332417851e+01 4.903483912822326829e+01
4.693715594332417851e+01 4.808280332816555358e+01
4.693715594332417851e+01 5.192261195959785880e+01
4.693715594332417851e+01 5.017897702017862116e+01
4.693715594332417851e+01 4.775470192599573949e+01
4.693715594332417851e+01 4.441753461413229331e+01
4.693715594332417851e+01 4.725743307791839243e+01
4.693715594332417851e+01 4.771153278102121931e+01
4.693715594332417851e+01 5.149694358005157824e+01
4.693715594332417851e+01 4.673324283381163724e+01
4.693715594332417851e+01 4.787102613898431969e+01
4.693715594332417851e+01 4.756030877893102371e+01
4.693715594332417851e+01 4.865728292779753161e+01
4.693715594332417851e+01 4.677498894908719507e+01
4.693715594332417851e+01 5.512992095241676083e+01
4.693715594332417851e+01 4.508246093802176802e+01
4.693715594332417851e+01 4.804603112714332269e+01
4.693715594332417851e+01 4.940667853744325555e+01
4.693715594332417851e+01 4.351756999543530924e+01
4.693715594332417851e+01 4.548166271018501305e+01
4.693715594332417851e+01 5.345307164664601629e+01
4.693715594332417851e+01 4.945623580215564630e+01
4.693715594332417851e+01 5.031570546722140591e+01
4.693715594332417851e+01 4.631416283258297995e+01
4.693715594332417851e+01 3.813238178079470231e+01
4.693715594332417851e+01 4.503321867602097939e+01
4.693715594332417851e+01 4.870072076883891299e+01
4.693715594332417851e+01 4.462835844633105609e+01
4.693715594332417851e+01 5.165436373562501871e+01
4.693715594332417851e+01 4.636400606679035263e+01
4.693715594332417851e+01 4.477355354317805336e+01
4.693715594332417851e+01 4.761656509307387353e+01
4.693715594332417851e+01 4.103823985233903215e+01
4.693715594332417851e+01 4.419960078964477646e+01
4.693715594332417851e+01 5.113961538101571591e+01
4.693715594332417851e+01 4.696499588329658081e+01
4.693715594332417851e+01 4.693331221244368123e+01
4.693715594332417851e+01 4.459367720392770451e+01
4.693715594332417851e+01 4.398589408136779610e+01
4.693715594332417851e+01 4.523593402186072865e+01
4.693715594332417851e+01 4.685843200645701501e+01
4.693715594332417851e+01 4.704245669910481098e+01
4.693715594332417851e+01 4.424053470580113157e+01
4.693715594332417851e+01 5.104439227440125393e+01
4.693715594332417851e+01 4.493598769310178653e+01
4.693715594332417851e+01 5.061385160267412431e+01
4.693715594332417851e+01 4.481289956971911437e+01
4.693715594332417851e+01 4.547968090554251575e+01
4.693715594332417851e+01 4.401700981521670997e+01
4.693715594332417851e+01 4.467879556409407371e+01
4.693715594332417851e+01 4.591963922240888252e+01
4.693715594332417851e+01 4.700074165812755211e+01
4.693715594332417851e+01 4.992590736022204823e+01
4.693715594332417851e+01 4.617405368236665453e+01
4.693715594332417851e+01 4.897588006872523891e+01
4.693715594332417851e+01 4.441958548493071390e+01
4.693715594332417851e+01 4.638532520105383128e+01
4.693715594332417851e+01 4.767704082078113004e+01
4.693715594332417851e+01 4.451162352584979942e+01
4.693715594332417851e+01 4.471500985078729684e+01
4.693715594332417851e+01 4.675373751489146201e+01
4.693715594332417851e+01 4.260571184076394502e+01
4.693715594332417851e+01 4.475021782148430560e+01
4.693715594332417851e+01 5.195800774866856386e+01
4.693715594332417851e+01 4.618547701746782508e+01
4.693715594332417851e+01 4.503510660773414997e+01
4.693715594332417851e+01 4.753224688526533015e+01
4.693715594332417851e+01 4.557466649619897936e+01
4.693715594332417851e+01 4.690575291893814835e+01
4.693715594332417851e+01 4.720014593671361069e+01
4.693715594332417851e+01 4.422626360553238101e+01
4.693715594332417851e+01 4.675160394274492859e+01
4.693715594332417851e+01 4.890165413056843846e+01
4.693715594332417851e+01 4.384132089945876487e+01
4.693715594332417851e+01 4.861253952617632734e+01
4.693715594332417851e+01 4.891855201752351689e+01
4.693715594332417851e+01 4.057198006253127431e+01
4.693715594332417851e+01 4.746555979728021413e+01
4.693715594332417851e+01 4.654070367084551663e+01
4.693715594332417851e+01 3.887519064664496682e+01
4.693715594332417851e+01 4.548061194413544683e+01
4.693715594332417851e+01 4.614035514570503693e+01
4.693715594332417851e+01 4.655070788592169606e+01
4.693715594332417851e+01 4.943334758438634680e+01
4.693715594332417851e+01 4.788708546672420141e+01
4.693715594332417851e+01 3.961350660497986809e+01
4.693715594332417851e+01 4.638195082353394127e+01
4.693715594332417851e+01 4.376478207495965478e+01
4.693715594332417851e+01 5.079159517677699398e+01
4.693715594332417851e+01 4.252931445035165581e+01
4.693715594332417851e+01 4.566605502481405665e+01
4.693715594332417851e+01 4.348594033257818126e+01
4.693715594332417851e+01 5.126401347017343824e+01
4.693715594332417851e+01 4.077422029955560845e+01
4.693715594332417851e+01 5.375824162493051261e+01
4.693715594332417851e+01 4.963141882989248899e+01
4.693715594332417851e+01 4.417815511349831326e+01
4.693715594332417851e+01 4.317072427507567056e+01
4.693715594332417851e+01 5.206722847017501721e+01
4.693715594332417851e+01 4.516650102417273160e+01
4.693715594332417851e+01 4.510612351233515938e+01
4.693715594332417851e+01 4.857409477819334143e+01
4.693715594332417851e+01 4.376150525640680655e+01
4.693715594332417851e+01 4.702983986188527155e+01
4.693715594332417851e+01 4.596812586129505007e+01
4.693715594332417851e+01 5.486159696583662537e+01
4.693715594332417851e+01 4.335104153100456870e+01
4.693715594332417851e+01 3.901455180317581295e+01
4.693715594332417851e+01 4.315486475403811539e+01
4.693715594332417851e+01 4.632170125048296683e+01
4.693715594332417851e+01 4.891274112661514550e+01
4.693715594332417851e+01 4.728097019132866308e+01
4.693715594332417851e+01 5.074904805304760913e+01
4.693715594332417851e+01 4.943604121891901571e+01
4.693715594332417851e+01 5.047647533370477646e+01
4.693715594332417851e+01 4.212655098079964944e+01
4.693715594332417851e+01 4.862813114074625531e+01
4.693715594332417851e+01 4.405184466879148175e+01
4.693715594332417851e+01 4.937044155808729329e+01
4.693715594332417851e+01 4.827089137120810847e+01
4.693715594332417851e+01 4.217098577835777462e+01
4.693715594332417851e+01 4.816149232025325944e+01
4.693715594332417851e+01 4.047931955577596597e+01
4.693715594332417851e+01 4.586540329068936472e+01
4.693715594332417851e+01 4.612902335969016576e+01
4.693715594332417851e+01 4.945668718694513188e+01
4.693715594332417851e+01 4.507554642370221387e+01
4.693715594332417851e+01 4.800718606221708029e+01
4.693715594332417851e+01 4.315588832028008426e+01
4.693715594332417851e+01 4.137498741816654046e+01
4.693715594332417851e+01 4.444868774841911119e+01
4.693715594332417851e+01 4.481537205976184168e+01
4.693715594332417851e+01 4.921606825757861969e+01
4.693715594332417851e+01 4.256075550562653120e+01
4.693715594332417851e+01 4.924245846091168488e+01
4.693715594332417851e+01 4.284191114378432985e+01
4.693715594332417851e+01 4.732997080019737268e+01
4.693715594332417851e+01 4.659104924866559116e+01
4.693715594332417851e+01 5.428736177146225828e+01
4.693715594332417851e+01 4.516285243275105188e+01
4.693715594332417851e+01 4.330613951681312557e+01
4.693715594332417851e+01 4.665740649738093282e+01
4.693715594332417851e+01 4.751135414672810953e+01
4.693715594332417851e+01 4.991037262602007019e+01
4.693715594332417851e+01 4.542382415350009950e+01
4.693715594332417851e+01 4.618630203244241983e+01
4.693715594332417851e+01 4.994350097160058510e+01
4.693715594332417851e+01 4.812288749955709477e+01
4.693715594332417851e+01 4.491536179764438685e+01
4.693715594332417851e+01 4.357827161118792247e+01
4.693715594332417851e+01 4.266226997701639334e+01
4.693715594332417851e+01 3.975770404919776269e+01
4.693715594332417851e+01 3.892860546709110281e+01
4.693715594332417851e+01 4.872292293999671386e+01
4.693715594332417851e+01 5.042090916887319452e+01
4.693715594332417851e+01 4.299708258937489802e+01
4.693715594332417851e+01 4.802398185039960765e+01
4.693715594332417851e+01 5.038074625947675855e+01
4.693715594332417851e+01 4.736474368655955658e+01
4.693715594332417851e+01 5.342849711613723684e+01
4.693715594332417851e+01 4.407356702100587853e+01
4.693715594332417851e+01 4.830113821444027167e+01
4.693715594332417851e+01 4.687882933730292478e+01
4.693715594332417851e+01 4.619687555769286291e+01
4.693715594332417851e+01 4.379447608797223523e+01
4.693715594332417851e+01 4.811822165011712826e+01
4.693715594332417851e+01 4.653472251528165060e+01
4.693715594332417851e+01 4.747465964305720121e+01
4.693715594332417851e+01 4.594115645410824555e+01
4.693715594332417851e+01 4.247801875889580003e+01
4.693715594332417851e+01 4.860962023636664497e+01
4.693715594332417851e+01 4.387834008238161232e+01
4.693715594332417851e+01 5.192081726291706190e+01
4.693715594332417851e+01 4.456626035929835439e+01
4.693715594332417851e+01 4.439628710107822229e+01
4.693715594332417851e+01 4.889809950621721413e+01
4.693715594332417851e+01 4.387382243826375117e+01
4.693715594332417851e+01 4.652700739324350110e+01
4.693715594332417851e+01 4.622980427101475698e+01
4.693715594332417851e+01 4.219432115913776471e+01
4.693715594332417851e+01 4.941900980414114031e+01
4.693715594332417851e+01 4.561900084963854596e+01
4.693715594332417851e+01 4.782984632740848951e+01
4.693715594332417851e+01 4.641228969858805442e+01
4.693715594332417851e+01 5.167808939453800576e+01
4.693715594332417851e+01 4.648443816035433684e+01
4.693715594332417851e+01 4.785400767225961971e+01
4.693715594332417851e+01 4.925474408987627584e+01
4.693715594332417851e+01 4.487119151773223535e+01
4.693715594332417851e+01 4.210290472616001978e+01
4.693715594332417851e+01 4.919980751731053914e+01
4.693715594332417851e+01 4.341015091712665708e+01
4.693715594332417851e+01 4.615308081251086492e+01
4.693715594332417851e+01 4.093045024305477853e+01
4.693715594332417851e+01 4.463530932667934081e+01
4.693715594332417851e+01 4.935089610577820451e+01
4.693715594332417851e+01 4.728843878530505407e+01
4.693715594332417851e+01 4.244867959243411804e+01
4.693715594332417851e+01 4.497703750518229526e+01
4.693715594332417851e+01 4.685422519013081910e+01
4.693715594332417851e+01 4.683178948821799992e+01
4.693715594332417851e+01 4.452263786859409578e+01
4.693715594332417851e+01 5.079733005360417053e+01
4.693715594332417851e+01 4.146104970128219946e+01
4.693715594332417851e+01 4.450830879896491865e+01
4.693715594332417851e+01 4.517914622467930741e+01
4.693715594332417851e+01 5.060175300190129377e+01
4.693715594332417851e+01 4.311928718214327461e+01
4.693715594332417851e+01 4.065758660868457497e+01
4.693715594332417851e+01 4.171975306662552896e+01
4.693715594332417851e+01 4.393294164082431763e+01
4.693715594332417851e+01 4.850744806002006015e+01
4.693715594332417851e+01 4.576333690091845341e+01
4.693715594332417851e+01 4.228968676451605546e+01
4.693715594332417851e+01 4.864610114296289112e+01
4.693715594332417851e+01 4.574037125908733259e+01
4.693715594332417851e+01 5.100322369394484667e+01
4.693715594332417851e+01 4.440302425699029953e+01
4.693715594332417851e+01 4.461989628786064088e+01
4.693715594332417851e+01 4.984409204758166112e+01
4.693715594332417851e+01 4.771866412462114937e+01
4.693715594332417851e+01 4.973668989598064627e+01
4.693715594332417851e+01 4.282764947009067669e+01
4.693715594332417851e+01 4.899499757578482928e+01
4.693715594332417851e+01 4.154674426769484796e+01
4.693715594332417851e+01 4.706959909318476321e+01
4.693715594332417851e+01 4.238624795321894823e+01
4.693715594332417851e+01 4.659023195702310716e+01
4.693715594332417851e+01 4.759834292837789604e+01
4.693715594332417851e+01 4.707651020931105990e+01
4.693715594332417851e+01 4.662270001925495677e+01
4.693715594332417851e+01 4.884212308505067313e+01
4.693715594332417851e+01 4.826434934704034418e+01
4.693715594332417851e+01 4.476526559407027150e+01
4.693715594332417851e+01 4.728166224556606068e+01
4.693715594332417851e+01 4.953911565724911981e+01
4.693715594332417851e+01 4.145047000053438779e+01
4.693715594332417851e+01 4.802445062177612556e+01
4.693715594332417851e+01 4.311499548456658459e+01
4.693715594332417851e+01 4.680541109534166822e+01
4.693715594332417851e+01 4.300526066643516288e+01
4.693715594332417851e+01 4.348254381786432532e+01
4.693715594332417851e+01 4.826481057311985978e+01
4.693715594332417851e+01 4.281443028738917889e+01
4.693715594332417851e+01 4.969956369540062724e+01
4.693715594332417851e+01 4.702950793087919124e+01
4.693715594332417851e+01 4.393536444162797494e+01
4.693715594332417851e+01 4.360935523221412780e+01
4.693715594332417851e+01 5.015892944750883231e+01
4.693715594332417851e+01 4.201916010399510526e+01
4.693715594332417851e+01 4.944985680270713857e+01
4.693715594332417851e+01 4.824449171285281324e+01
4.693715594332417851e+01 4.441755907349311627e+01
4.693715594332417851e+01 4.091945395210534286e+01
4.693715594332417851e+01 5.126867402089029468e+01
4.693715594332417851e+01 4.779703512690355893e+01
4.693715594332417851e+01 4.656211150070325999e+01
4.693715594332417851e+01 4.596703111017783527e+01
4.693715594332417851e+01 5.330449168819823313e+01
4.693715594332417851e+01 4.816536159728414646e+01
4.693715594332417851e+01 5.171357075453241947e+01
4.693715594332417851e+01 4.805844029061871936e+01
4.693715594332417851e+01 4.510626570598224561e+01
4.693715594332417851e+01 4.246030525874797235e+01
4.693715594332417851e+01 4.351467745675445542e+01
4.693715594332417851e+01 4.754036523905985945e+01
4.693715594332417851e+01 4.286519817189937953e+01
4.693715594332417851e+01 5.093997231478963528e+01
4.693715594332417851e+01 5.265711450673033056e+01
4.693715594332417851e+01 4.181145595723702968e+01
4.693715594332417851e+01 4.240089368496187916e+01
4.693715594332417851e+01 5.139166455489856844e+01
4.693715594332417851e+01 4.680143392196848140e+01
4.693715594332417851e+01 4.504720295704226629e+01
4.693715594332417851e+01 4.873305637108862243e+01
4.693715594332417851e+01 4.625232950880095473e+01
4.693715594332417851e+01 4.853150270399630983e+01
4.693715594332417851e+01 4.651595085488153103e+01
4.693715594332417851e+01 4.433417436970929515e+01
4.693715594332417851e+01 4.590014689597637698e+01
4.693715594332417851e+01 4.413399772327645110e+01
4.693715594332417851e+01 4.701157484076740900e+01
4.693715594332417851e+01 4.955580835781758253e+01
4.693715594332417851e+01 4.738020132846452981e+01
4.693715594332417851e+01 4.637101059507858736e+01
4.693715594332417851e+01 3.799391506565512344e+01
4.693715594332417851e+01 4.762549912213694370e+01
4.693715594332417851e+01 4.778245040555329126e+01
4.693715594332417851e+01 4.879427113125894522e+01
4.693715594332417851e+01 4.664887947412388769e+01
4.693715594332417851e+01 4.064201253024724991e+01
4.693715594332417851e+01 4.709836938406365903e+01
4.693715594332417851e+01 5.088358968384858372e+01
4.693715594332417851e+01 4.852509306602640748e+01
4.693715594332417851e+01 4.741371460715128450e+01
4.693715594332417851e+01 4.656592086826443477e+01
4.693715594332417851e+01 5.083329521830515318e+01
4.693715594332417851e+01 4.729684044568774226e+01
4.693715594332417851e+01 4.438189734093407424e+01
4.693715594332417851e+01 4.231401636851665415e+01
4.693715594332417851e+01 4.569217777113843937e+01
4.693715594332417851e+01 4.335179900617461612e+01
4.693715594332417851e+01 4.820844061836266548e+01
4.693715594332417851e+01 4.548286557952596354e+01
4.693715594332417851e+01 5.101746695009139643e+01
4.693715594332417851e+01 4.851956142540706196e+01
4.693715594332417851e+01 4.600737333775376214e+01
4.693715594332417851e+01 4.438316409826239806e+01
4.693715594332417851e+01 4.218152898218666280e+01
4.693715594332417851e+01 4.319008884209659982e+01
4.693715594332417851e+01 4.709567574797864609e+01
4.693715594332417851e+01 4.247713855739534239e+01
4.693715594332417851e+01 4.481023603729630622e+01
4.693715594332417851e+01 4.518579246619157885e+01
4.693715594332417851e+01 4.840622058132668570e+01
4.693715594332417851e+01 4.642364479320775672e+01
4.693715594332417851e+01 4.529425827053473341e+01
4.693715594332417851e+01 4.636886501334404898e+01
4.693715594332417851e+01 5.309579968607203426e+01
4.693715594332417851e+01 4.677115598405666930e+01
4.693715594332417851e+01 4.365974773124285946e+01
4.693715594332417851e+01 4.013565031486035650e+01
4.693715594332417851e+01 4.524296174955443206e+01
4.693715594332417851e+01 4.437533989763440445e+01
4.693715594332417851e+01 5.157170102180625548e+01
4.693715594332417851e+01 4.443378767431070742e+01
4.693715594332417851e+01 4.623826634870788155e+01
4.693715594332417851e+01 4.589662758212119797e+01
4.693715594332417851e+01 4.805652563433451974e+01
4.693715594332417851e+01 4.639043813825969664e+01
4.693715594332417851e+01 4.503559330863510013e+01
4.693715594332417851e+01 4.535588294449308222e+01
4.693715594332417851e+01 4.590924979899580904e+01
4.693715594332417851e+01 4.900875193118366724e+01
4.693715594332417851e+01 4.695985572651552076e+01
4.693715594332417851e+01 4.338019284707409184e+01
4.693715594332417851e+01 4.834006368566031853e+01
4.693715594332417851e+01 4.232929859270976181e+01
4.693715594332417851e+01 4.686493004328185918e+01
4.693715594332417851e+01 4.713404587544488322e+01
4.693715594332417851e+01 4.972795306295955697e+01
4.693715594332417851e+01 4.708061514635834754e+01
4.693715594332417851e+01 4.482984188399708358e+01
4.693715594332417851e+01 4.192264049442157159e+01
4.693715594332417851e+01 4.714227769368000054e+01
4.693715594332417851e+01 5.018814135113031227e+01
4.693715594332417851e+01 4.725295739109138538e+01
4.693715594332417851e+01 5.041962823845702957e+01
4.693715594332417851e+01 4.825564237762985442e+01
4.693715594332417851e+01 5.050239379793433159e+01
4.693715594332417851e+01 4.568039489766688632e+01
4.693715594332417851e+01 4.331982834007924055e+01
4.693715594332417851e+01 4.518365419728434063e+01
4.693715594332417851e+01 5.073189176395478484e+01
4.693715594332417851e+01 5.338795475517316902e+01
4.693715594332417851e+01 4.930650028167702459e+01
4.693715594332417851e+01 4.235641871667934311e+01
4.693715594332417851e+01 4.671618177348156564e+01
4.693715594332417851e+01 4.525668594815016377e+01
4.693715594332417851e+01 4.941258255523841569e+01
4.693715594332417851e+01 4.520382547651526295e+01
4.693715594332417851e+01 4.597083905975973295e+01
4.693715594332417851e+01 5.068647869689768726e+01
4.693715594332417851e+01 4.861257994930217308e+01
4.693715594332417851e+01 4.787842356439972491e+01
4.693715594332417851e+01 4.686752729126527584e+01
4.693715594332417851e+01 4.697348123448578860e+01
4.693715594332417851e+01 4.760951329019292189e+01
4.693715594332417851e+01 4.621988307216228264e+01
4.693715594332417851e+01 4.944001021174361199e+01
4.693715594332417851e+01 3.870193300333531994e+01
4.693715594332417851e+01 4.388991798034601999e+01
4.693715594332417851e+01 4.417025807354715994e+01
4.693715594332417851e+01 4.426698696171139602e+01
4.693715594332417851e+01 4.659294149283246611e+01
4.693715594332417851e+01 4.663472447791993858e+01
4.693715594332417851e+01 4.801000266032374952e+01
4.693715594332417851e+01 5.072072293234878515e+01
4.693715594332417851e+01 4.956128982174065811e+01
4.693715594332417851e+01 4.686722107490233213e+01
4.693715594332417851e+01 5.024544589359558699e+01
4.693715594332417851e+01 4.396752694172408837e+01
4.693715594332417851e+01 4.235973520267861403e+01
4.693715594332417851e+01 4.614809353953104676e+01
4.693715594332417851e+01 4.643366917531670879e+01
4.693715594332417851e+01 4.845605588411000753e+01
4.693715594332417851e+01 4.773559623280007003e+01
4.693715594332417851e+01 4.098874542125703613e+01
4.693715594332417851e+01 4.065993333320032832e+01
4.693715594332417851e+01 4.491706452846634079e+01
4.693715594332417851e+01 4.934872405320303557e+01
4.693715594332417851e+01 4.778931370458666805e+01
4.693715594332417851e+01 4.306386726124583220e+01
4.693715594332417851e+01 5.351139366273520181e+01
4.693715594332417851e+01 4.574049721318523609e+01
4.693715594332417851e+01 4.303191120877814058e+01
4.693715594332417851e+01 4.373710930828136156e+01
4.693715594332417851e+01 4.725525132974379972e+01
4.693715594332417851e+01 4.984237779226319986e+01
4.693715594332417851e+01 4.419987832228284219e+01
4.693715594332417851e+01 5.203731091738779213e+01
4.693715594332417851e+01 4.093335628104491519e+01
4.693715594332417851e+01 5.016214813634451986e+01
4.693715594332417851e+01 4.451451110219379359e+01
4.693715594332417851e+01 4.340284490828513242e+01
4.693715594332417851e+01 5.226762172783417526e+01
4.693715594332417851e+01 4.695103560294498379e+01
4.693715594332417851e+01 5.579076611136490982e+01
4.693715594332417851e+01 4.799601222905388198e+01
4.693715594332417851e+01 4.645307126035989853e+01
4.693715594332417851e+01 4.330530966372072044e+01
4.693715594332417851e+01 4.883600996368201663e+01
4.693715594332417851e+01 4.830063713972690209e+01
4.693715594332417851e+01 4.420531205867894897e+01
4.693715594332417851e+01 5.059181137437172993e+01
4.693715594332417851e+01 4.410662204130984776e+01
4.693715594332417851e+01 4.513665740615647337e+01
4.693715594332417851e+01 4.575395868846073455e+01
4.693715594332417851e+01 4.789876890711986590e+01
4.693715594332417851e+01 5.105497760041448885e+01
4.693715594332417851e+01 4.236060796839026210e+01
4.693715594332417851e+01 4.549241309876696704e+01
4.693715594332417851e+01 4.265937699362624613e+01
4.693715594332417851e+01 4.235102646424508066e+01
4.693715594332417851e+01 4.610443023047610467e+01
4.693715594332417851e+01 4.447203329501412838e+01
4.693715594332417851e+01 4.540218168110189367e+01
4.693715594332417851e+01 4.593352302668420606e+01
4.693715594332417851e+01 4.850202845810046881e+01
4.693715594332417851e+01 4.300253936545411904e+01
4.693715594332417851e+01 3.792267361560490713e+01
4.693715594332417851e+01 4.461030567252993251e+01
4.693715594332417851e+01 4.673747565418357652e+01
4.693715594332417851e+01 5.237894262103868215e+01
4.693715594332417851e+01 4.376584416187878901e+01
4.693715594332417851e+01 4.283994774807223394e+01
4.693715594332417851e+01 4.802247682271695339e+01
4.693715594332417851e+01 4.304501339586062869e+01
4.693715594332417851e+01 4.695314827407715796e+01
4.693715594332417851e+01 4.534965971565228671e+01
4.693715594332417851e+01 4.461064252587958379e+01
4.693715594332417851e+01 5.240343498871115457e+01
4.693715594332417851e+01 4.837736843130048214e+01
4.693715594332417851e+01 4.305001811472404682e+01
4.693715594332417851e+01 4.164083610519614354e+01
4.693715594332417851e+01 4.256970245818363452e+01
4.693715594332417851e+01 5.257661930383378035e+01
4.693715594332417851e+01 5.046014868779013085e+01
4.693715594332417851e+01 4.374999894579645598e+01
4.693715594332417851e+01 4.311069926864936974e+01
4.693715594332417851e+01 4.466507278653114810e+01
4.693715594332417851e+01 4.672943204418652385e+01
4.693715594332417851e+01 4.471944481304348074e+01
4.693715594332417851e+01 3.987826888587812846e+01
4.693715594332417851e+01 4.837573262632389515e+01
4.693715594332417851e+01 5.024399695901886531e+01
4.693715594332417851e+01 4.410155925921454667e+01
4.693715594332417851e+01 4.250187505155405887e+01
4.693715594332417851e+01 4.073460057985165150e+01
4.693715594332417851e+01 4.230963681921341646e+01
4.693715594332417851e+01 4.762821588289409647e+01
4.693715594332417851e+01 4.907409265295991929e+01
4.693715594332417851e+01 3.787468989945900688e+01
4.693715594332417851e+01 4.356307049497778650e+01
4.693715594332417851e+01 4.422135715101259024e+01
4.693715594332417851e+01 5.035535770300943170e+01
4.693715594332417851e+01 5.051632008395189644e+01
4.693715594332417851e+01 4.390230099555270726e+01
4.693715594332417851e+01 4.591100440802271265e+01
4.693715594332417851e+01 4.831484510713606539e+01
4.693715594332417851e+01 4.408028901617352346e+01
4.693715594332417851e+01 4.854040693461644906e+01
4.693715594332417851e+01 4.928921499738174816e+01
4.693715594332417851e+01 4.624383639689675363e+01
4.693715594332417851e+01 4.806123294429667681e+01
4.693715594332417851e+01 5.001073194494607321e+01
4.693715594332417851e+01 4.693006054189149268e+01
4.693715594332417851e+01 4.570526369680463574e+01
4.693715594332417851e+01 4.366121048701029395e+01
4.693715594332417851e+01 5.182366491390429530e+01
4.693715594332417851e+01 4.928459129021069884e+01
4.693715594332417851e+01 4.983834780622733263e+01
4.693715594332417851e+01 4.270239576330337172e+01
4.693715594332417851e+01 4.624567403499400342e+01
4.693715594332417851e+01 4.377483001545371621e+01
4.693715594332417851e+01 4.755086881935733345e+01
4.693715594332417851e+01 4.817463214513492176e+01
4.693715594332417851e+01 4.084116004169393932e+01
4.693715594332417851e+01 4.406090252463030055e+01
4.693715594332417851e+01 5.553096277791245683e+01
4.693715594332417851e+01 4.889156241318517004e+01
4.693715594332417851e+01 4.580303265857855877e+01
4.693715594332417851e+01 3.986966229860816213e+01
4.693715594332417851e+01 4.080770474987073015e+01
4.693715594332417851e+01 5.669881015310494377e+01
4.693715594332417851e+01 4.605991615654721016e+01
4.693715594332417851e+01 4.504025259016914617e+01
4.693715594332417851e+01 4.484966287958314979e+01
4.693715594332417851e+01 4.869613119868535023e+01
4.693715594332417851e+01 4.642374071410615244e+01
4.693715594332417851e+01 4.761922146925204657e+01
4.693715594332417851e+01 4.163752319707106153e+01
4.693715594332417851e+01 4.302576601214074969e+01
4.693715594332417851e+01 4.400269475809472652e+01
4.693715594332417851e+01 4.634355544680990135e+01
4.693715594332417851e+01 4.200866176955614861e+01
4.693715594332417851e+01 4.347502109312433305e+01
4.693715594332417851e+01 4.849288985221027559e+01
4.693715594332417851e+01 4.621570507731350830e+01
4.693715594332417851e+01 4.908303088979606343e+01
4.693715594332417851e+01 4.398504867890627423e+01
4.693715594332417851e+01 3.751327485935141937e+01
4.693715594332417851e+01 4.408316349115694521e+01
4.693715594332417851e+01 4.580222872040923221e+01
4.693715594332417851e+01 4.332638857952123601e+01
4.693715594332417851e+01 4.220137443464543736e+01
4.693715594332417851e+01 4.575042416666451572e+01
4.693715594332417851e+01 4.483076721520262709e+01
4.693715594332417851e+01 5.244509534022321873e+01
4.693715594332417851e+01 4.282894830931879682e+01
4.693715594332417851e+01 5.049122307201630377e+01
4.693715594332417851e+01 4.952662771987570522e+01
4.693715594332417851e+01 4.720352774031830023e+01
4.693715594332417851e+01 4.533860110737319360e+01
4.693715594332417851e+01 4.764178196361159223e+01
4.693715594332417851e+01 4.656098183690087922e+01
4.693715594332417851e+01 5.020202010646787016e+01
4.693715594332417851e+01 4.768430813023575610e+01
4.693715594332417851e+01 4.741316247388423477e+01
4.693715594332417851e+01 4.871487674896505382e+01
4.693715594332417851e+01 4.567208230641050903e+01
4.693715594332417851e+01 5.020706958395183506e+01
4.693715594332417851e+01 4.632645328605040191e+01
4.693715594332417851e+01 4.978124523896455855e+01
4.693715594332417851e+01 4.229962229235806603e+01
4.693715594332417851e+01 4.459372928276524561e+01
4.693715594332417851e+01 5.094612941609972978e+01
4.693715594332417851e+01 4.420785175188301253e+01
4.693715594332417851e+01 4.004445567838570241e+01
4.693715594332417851e+01 4.656236795484129942e+01
4.693715594332417851e+01 4.057139604793266585e+01
4.693715594332417851e+01 4.937046635159969554e+01
4.693715594332417851e+01 4.946287146231328080e+01
4.693715594332417851e+01 4.601570868907973022e+01
4.693715594332417851e+01 4.520191060591061927e+01
4.693715594332417851e+01 4.283313707456606778e+01
4.693715594332417851e+01 4.433654961869263644e+01
4.693715594332417851e+01 4.349231559850569795e+01
4.693715594332417851e+01 5.079762583480538751e+01
4.693715594332417851e+01 4.383085464140305731e+01
4.693715594332417851e+01 4.445641832832315998e+01
4.693715594332417851e+01 4.598474913214943172e+01
4.693715594332417851e+01 4.369183526583633181e+01
4.693715594332417851e+01 4.153927777531345811e+01
4.693715594332417851e+01 4.997226611984176259e+01
4.693715594332417851e+01 4.450086024919296079e+01
4.693715594332417851e+01 4.391383232391108038e+01
4.693715594332417851e+01 4.180110239647520842e+01
4.693715594332417851e+01 5.383846767238633646e+01
4.693715594332417851e+01 4.229280029189253298e+01
4.693715594332417851e+01 4.528448434308567272e+01
4.693715594332417851e+01 4.881779922633747759e+01
4.693715594332417851e+01 4.429690472888276531e+01
4.693715594332417851e+01 4.785607442989243054e+01
4.693715594332417851e+01 5.349943536499710461e+01
4.693715594332417851e+01 4.101778425655152205e+01
4.693715594332417851e+01 3.736679537618894642e+01
4.693715594332417851e+01 4.060888127938611802e+01
4.693715594332417851e+01 5.017714328708392912e+01
4.693715594332417851e+01 4.948056698010024235e+01
4.693715594332417851e+01 4.533823711807141876e+01
4.693715594332417851e+01 4.610519796607669463e+01
4.693715594332417851e+01 4.524604573053273526e+01
4.693715594332417851e+01 4.216744608846177300e+01
4.693715594332417851e+01 4.633327773276128880e+01
4.693715594332417851e+01 4.663260994362948963e+01
4.693715594332417851e+01 4.514302511196108725e+01
4.693715594332417851e+01 4.859105866826354259e+01
4.693715594332417851e+01 5.240453101147468118e+01
4.693715594332417851e+01 4.581913221861349683e+01
4.693715594332417851e+01 4.905432576608230022e+01
4.693715594332417851e+01 4.447248223581491544e+01
4.693715594332417851e+01 4.272069186296334919e+01
4.693715594332417851e+01 4.927477272763773186e+01
4.693715594332417851e+01 4.368501433782436294e+01
4.693715594332417851e+01 4.601577166201213487e+01
4.693715594332417851e+01 4.332499718130203803e+01
4.693715594332417851e+01 4.333185032618865051e+01
4.693715594332417851e+01 4.838832011314610071e+01
4.693715594332417851e+01 4.700766247294068734e+01
4.693715594332417851e+01 4.861325728846762928e+01
4.693715594332417851e+01 4.279981903646426389e+01
4.693715594332417851e+01 4.785254002127756934e+01
4.693715594332417851e+01 4.570125057256353074e+01
4.693715594332417851e+01 4.517217712949572928e+01
4.693715594332417851e+01 5.210261174349947311e+01
4.693715594332417851e+01 4.119352204902320125e+01
4.693715594332417851e+01 4.674207540015376594e+01
4.693715594332417851e+01 5.610971761266818447e+01
4.693715594332417851e+01 4.580870314691913592e+01
4.693715594332417851e+01 4.026857235785947609e+01
4.693715594332417851e+01 4.565640516092520329e+01
4.693715594332417851e+01 4.887943007932171469e+01
4.693715594332417851e+01 4.433143884752169583e+01
4.693715594332417851e+01 4.442797446460937039e+01
4.693715594332417851e+01 4.802516351056051747e+01
4.693715594332417851e+01 4.471440719848759926e+01
4.693715594332417851e+01 4.553261634679319769e+01
4.693715594332417851e+01 4.658770860268847969e+01
4.693715594332417851e+01 4.593538613826905959e+01
4.693715594332417851e+01 5.425954572640485196e+01
4.693715594332417851e+01 4.879263436048045577e+01
4.693715594332417851e+01 4.582970412302697127e+01
4.693715594332417851e+01 4.629313194885440197e+01
4.693715594332417851e+01 4.578710509824128394e+01
4.693715594332417851e+01 4.005916036162115290e+01
4.693715594332417851e+01 4.230650821949494400e+01
4.693715594332417851e+01 5.302223358468095427e+01
4.693715594332417851e+01 4.871209152444397716e+01
4.693715594332417851e+01 4.138092610222332013e+01
4.693715594332417851e+01 4.476748464628794011e+01
4.693715594332417851e+01 5.113448746184711524e+01
4.693715594332417851e+01 5.406641647337909262e+01
4.693715594332417851e+01 4.133857412298483069e+01
4.693715594332417851e+01 4.494881365049377564e+01
4.693715594332417851e+01 4.912815323831535608e+01
4.693715594332417851e+01 4.974966572948260080e+01
4.693715594332417851e+01 4.577498282912759464e+01
4.693715594332417851e+01 4.243007198416016479e+01
4.693715594332417851e+01 4.784395571199237196e+01
4.693715594332417851e+01 4.546362740462054575e+01
4.693715594332417851e+01 5.092333772100362665e+01
4.693715594332417851e+01 4.799714552804872625e+01
4.693715594332417851e+01 5.040384456089644516e+01
4.693715594332417851e+01 4.389195070980640878e+01
4.693715594332417851e+01 4.858712121558542663e+01
4.693715594332417851e+01 3.785921055332327967e+01
4.693715594332417851e+01 5.134303823433889846e+01
4.693715594332417851e+01 4.339414531937904229e+01
4.693715594332417851e+01 4.330476888318137441e+01
4.693715594332417851e+01 4.437735139281438279e+01
4.693715594332417851e+01 5.595383408439070649e+01
4.693715594332417851e+01 4.635172883360143459e+01
4.693715594332417851e+01 4.886605607208645807e+01
4.693715594332417851e+01 4.321499485262184947e+01
4.693715594332417851e+01 4.254296747804895773e+01
4.693715594332417851e+01 4.413428935367745964e+01
4.693715594332417851e+01 5.052172133100762608e+01
4.693715594332417851e+01 4.568199475618985872e+01
4.693715594332417851e+01 4.753449424353151187e+01
4.693715594332417851e+01 5.101613666892581733e+01
4.693715594332417851e+01 4.754575023112044363e+01
4.693715594332417851e+01 4.546646526647937492e+01
4.693715594332417851e+01 4.483462008157896861e+01
4.693715594332417851e+01 5.047309458868158316e+01
4.693715594332417851e+01 5.024081652308339585e+01
4.693715594332417851e+01 5.068623174345366067e+01
4.693715594332417851e+01 5.265672708196010632e+01
4.693715594332417851e+01 4.417403862338818499e+01
4.693715594332417851e+01 4.655694537988258475e+01
4.693715594332417851e+01 4.268713077864526895e+01
4.693715594332417851e+01 4.010860973352453840e+01
4.693715594332417851e+01 4.361521000565988970e+01
4.693715594332417851e+01 3.924821749787992076e+01
4.693715594332417851e+01 4.710185561377679164e+01
4.693715594332417851e+01 4.922228719206094638e+01
4.693715594332417851e+01 4.763368749109872624e+01
4.693715594332417851e+01 5.097285474116431914e+01
4.693715594332417851e+01 4.555719273218907972e+01
4.693715594332417851e+01 4.713914260866863515e+01
4.693715594332417851e+01 4.435942794804797984e+01
4.693715594332417851e+01 4.370113788908483343e+01
4.693715594332417851e+01 4.648883656330203706e+01
4.693715594332417851e+01 4.586803005078012774e+01
4.693715594332417851e+01 4.697380056452118424e+01
4.693715594332417851e+01 4.123783728749873490e+01
4.693715594332417851e+01 4.508140766819150258e+01
4.693715594332417851e+01 4.716858855122930549e+01
4.693715594332417851e+01 4.878301221583110703e+01
4.693715594332417851e+01 4.625054265579762358e+01
4.693715594332417851e+01 4.526587342114913071e+01
4.693715594332417851e+01 4.991216718767449834e+01
4.693715594332417851e+01 4.510986591158655301e+01
4.693715594332417851e+01 4.694668276881201763e+01
4.693715594332417851e+01 4.865185912466638030e+01
4.693715594332417851e+01 5.293435227678921251e+01
4.693715594332417851e+01 4.917714691866704158e+01
4.693715594332417851e+01 4.445813717197790993e+01
4.693715594332417851e+01 4.697101601575168672e+01
4.693715594332417851e+01 4.524602583778528953e+01
4.693715594332417851e+01 4.667074137668117828e+01
4.693715594332417851e+01 4.349986579634231987e+01
4.693715594332417851e+01 4.684129396456162198e+01
4.693715594332417851e+01 4.951045790679013692e+01
4.693715594332417851e+01 4.600087110513157285e+01
4.693715594332417851e+01 5.272948434227772196e+01
4.693715594332417851e+01 4.078448592906553927e+01
4.693715594332417851e+01 4.674673254517898613e+01
4.693715594332417851e+01 4.638944632183005723e+01
4.693715594332417851e+01 5.061853532761023189e+01
4.693715594332417851e+01 4.786648288487005232e+01
4.693715594332417851e+01 4.665377765038569180e+01
4.693715594332417851e+01 4.262337885683553651e+01
4.693715594332417851e+01 4.800988607179283463e+01
4.693715594332417851e+01 4.494710432317749138e+01
4.693715594332417851e+01 4.992342000688417158e+01
4.693715594332417851e+01 4.321523074025323297e+01
4.693715594332417851e+01 4.836253182450695220e+01
4.693715594332417851e+01 4.704347748257165307e+01
4.693715594332417851e+01 4.641031826393772519e+01
4.693715594332417851e+01 4.666070859737447307e+01
4.693715594332417851e+01 4.594676944624731618e+01
4.693715594332417851e+01 4.263536177213160272e+01
4.693715594332417851e+01 5.307661714640124728e+01
4.693715594332417851e+01 4.392005627733420425e+01
4.693715594332417851e+01 5.353100254128588631e+01
4.693715594332417851e+01 4.617421504035992541e+01
4.693715594332417851e+01 4.532119366023027851e+01
4.693715594332417851e+01 4.576067518290079761e+01
4.693715594332417851e+01 4.270781290136417141e+01
4.693715594332417851e+01 4.972072548271427905e+01
4.693715594332417851e+01 4.682249053759881718e+01
4.693715594332417851e+01 4.550898933880733210e+01
4.693715594332417851e+01 5.372403921586906250e+01
4.693715594332417851e+01 4.551930192767590455e+01
4.693715594332417851e+01 4.689777376232095207e+01
4.693715594332417851e+01 4.318805229598989825e+01
4.693715594332417851e+01 4.185995447671452041e+01
4.693715594332417851e+01 4.963988085815358176e+01
4.693715594332417851e+01 4.573169220964377502e+01
4.693715594332417851e+01 4.365085328365164941e+01
4.693715594332417851e+01 4.348361114939245908e+01
4.693715594332417851e+01 4.764382230037505650e+01
4.693715594332417851e+01 4.513005438810241543e+01
4.693715594332417851e+01 4.375654545946363783e+01
4.693715594332417851e+01 4.957104789603855721e+01
4.693715594332417851e+01 4.043186992239429145e+01
4.693715594332417851e+01 4.608858262135943562e+01
4.693715594332417851e+01 4.435056982824296057e+01
4.693715594332417851e+01 4.925834144890787059e+01
4.693715594332417851e+01 4.406156871613455195e+01
4.693715594332417851e+01 5.098635645370423219e+01
4.693715594332417851e+01 4.696162239982479747e+01
4.693715594332417851e+01 4.415708198365134507e+01
4.693715594332417851e+01 3.968830026978569236e+01
4.693715594332417851e+01 4.539038674700980636e+01
4.693715594332417851e+01 4.604735205396541176e+01
4.693715594332417851e+01 4.382827033775957659e+01
4.693715594332417851e+01 4.603909129202452988e+01
4.693715594332417851e+01 4.716165414574191317e+01
4.693715594332417851e+01 4.341084938304583574e+01
4.693715594332417851e+01 5.078257613526923819e+01
4.693715594332417851e+01 4.497770063333917534e+01
4.693715594332417851e+01 4.569638298249221009e+01
4.693715594332417851e+01 4.344211286670241634e+01
4.693715594332417851e+01 4.175964606467566398e+01
4.693715594332417851e+01 4.988705335535958341e+01
4.693715594332417851e+01 4.108118856803513808e+01
4.693715594332417851e+01 3.977370187232011034e+01
4.693715594332417851e+01 4.802221313401842906e+01
4.693715594332417851e+01 4.190905788298433521e+01
4.693715594332417851e+01 5.048780823338790924e+01
4.693715594332417851e+01 4.285332810617426702e+01
4.693715594332417851e+01 4.290419309629253775e+01
4.693715594332417851e+01 5.347773837006676700e+01
4.693715594332417851e+01 4.937164620280323390e+01
4.693715594332417851e+01 4.411053683782230195e+01
4.693715594332417851e+01 4.427278325218031796e+01
4.693715594332417851e+01 4.028276179648337774e+01
4.693715594332417851e+01 4.529549176618780848e+01
4.693715594332417851e+01 3.881360836732076791e+01
4.693715594332417851e+01 5.065872501299466535e+01
4.693715594332417851e+01 4.317173589455938298e+01
4.693715594332417851e+01 5.159802256964043465e+01
4.693715594332417851e+01 4.261170116571942401e+01
4.693715594332417851e+01 4.237445377044443262e+01
4.693715594332417851e+01 4.424665199688108430e+01
4.693715594332417851e+01 4.527297397807728174e+01
4.693715594332417851e+01 4.739559045202081222e+01
4.693715594332417851e+01 4.542653539424853903e+01
4.693715594332417851e+01 4.822354959313912559e+01
4.693715594332417851e+01 4.547606113077697643e+01
4.693715594332417851e+01 4.486652427710451718e+01
4.693715594332417851e+01 4.228847492504078076e+01
4.693715594332417851e+01 4.864483524515543422e+01
4.693715594332417851e+01 4.684082780841213633e+01
4.693715594332417851e+01 4.523103519769694003e+01
4.693715594332417851e+01 5.551456225761559438e+01
4.693715594332417851e+01 4.312423461478815057e+01
4.693715594332417851e+01 4.959788945136536142e+01
4.693715594332417851e+01 4.727998909618992940e+01
4.693715594332417851e+01 4.181209914502765201e+01
4.693715594332417851e+01 4.815342647861850622e+01
4.693715594332417851e+01 4.555182983842123434e+01
4.693715594332417851e+01 4.357372402445626136e+01
4.693715594332417851e+01 4.843191609518615337e+01
4.693715594332417851e+01 4.718300699658259134e+01
4.693715594332417851e+01 4.722180825155658823e+01
4.693715594332417851e+01 4.656166142735511926e+01
4.693715594332417851e+01 3.987033679761439942e+01
4.693715594332417851e+01 5.020173160985078908e+01
4.693715594332417851e+01 4.709391786740363983e+01
4.693715594332417851e+01 4.899088446713415834e+01
4.693715594332417851e+01 4.392041781550432233e+01
4.693715594332417851e+01 4.348700956511323312e+01
4.693715594332417851e+01 4.338323624902588449e+01
4.693715594332417851e+01 4.531357032523720818e+01
4.693715594332417851e+01 4.837451411579768035e+01
4.693715594332417851e+01 4.547509706817846364e+01
4.693715594332417851e+01 4.799675179081431509e+01
4.693715594332417851e+01 4.919361271506221556e+01
4.693715594332417851e+01 4.905633470437354759e+01
4.693715594332417851e+01 4.592617895632282199e+01
4.693715594332417851e+01 4.662289483518122779e+01
4.693715594332417851e+01 4.834635219497261005e+01
4.693715594332417851e+01 4.340076607771322870e+01
4.693715594332417851e+01 4.777387832526989087e+01
4.693715594332417851e+01 4.067666114248079623e+01
4.693715594332417851e+01 4.484002079169238897e+01
4.693715594332417851e+01 4.577924392206324455e+01
4.693715594332417851e+01 4.930755852904186298e+01
4.693715594332417851e+01 4.634406816262266204e+01
4.693715594332417851e+01 5.513909653279293366e+01
4.693715594332417851e+01 4.521572917603403141e+01
4.693715594332417851e+01 4.846476837320933129e+01
4.693715594332417851e+01 4.673503564374198760e+01
4.693715594332417851e+01 4.468457814423165075e+01
4.693715594332417851e+01 5.041835395906506534e+01
4.693715594332417851e+01 4.489982130619511480e+01
4.693715594332417851e+01 4.582398954898261678e+01
4.693715594332417851e+01 5.180818909817872253e+01
4.693715594332417851e+01 4.708504230192772155e+01
4.693715594332417851e+01 5.007663738740819070e+01
4.693715594332417851e+01 4.225126346042258518e+01
4.693715594332417851e+01 4.694905563179933239e+01
4.693715594332417851e+01 4.888970802433505014e+01
4.693715594332417851e+01 4.402103690434038441e+01
4.693715594332417851e+01 4.517990264730615735e+01
4.693715594332417851e+01 4.748993200248791169e+01
4.693715594332417851e+01 4.878040754830775683e+01
4.693715594332417851e+01 4.725570128337693632e+01
4.693715594332417851e+01 4.621234020845820822e+01
4.693715594332417851e+01 4.829037862630241307e+01
4.693715594332417851e+01 4.262203255578891969e+01
4.693715594332417851e+01 4.380063026312737406e+01
4.693715594332417851e+01 4.829348665701373022e+01
4.693715594332417851e+01 4.769503073023683015e+01
4.693715594332417851e+01 4.687016768491838548e+01
4.693715594332417851e+01 4.231534927176936378e+01
4.693715594332417851e+01 4.882516887981696385e+01
4.693715594332417851e+01 4.418400862582808486e+01
4.693715594332417851e+01 4.576177818390011964e+01
4.693715594332417851e+01 4.959202859996008783e+01
4.693715594332417851e+01 4.810331432266085727e+01
4.693715594332417851e+01 4.495455909721097498e+01
4.693715594332417851e+01 4.343847187251021325e+01
4.693715594332417851e+01 4.482893888952392558e+01
4.693715594332417851e+01 4.095234623557826126e+01
4.693715594332417851e+01 4.901854776452498186e+01
4.693715594332417851e+01 4.290821371884740643e+01
4.693715594332417851e+01 4.422075578163647691e+01
4.693715594332417851e+01 4.229293831092913791e+01
4.693715594332417851e+01 4.529566932447416860e+01
4.693715594332417851e+01 4.356515871406914897e+01
4.693715594332417851e+01 4.097767053866749620e+01
4.693715594332417851e+01 4.553212929895947525e+01
4.693715594332417851e+01 4.248803327190167778e+01
4.693715594332417851e+01 4.561890628718670371e+01
4.693715594332417851e+01 4.701140730894215380e+01
4.693715594332417851e+01 4.612635867943848211e+01
4.693715594332417851e+01 4.244485583863730938e+01
4.693715594332417851e+01 4.312426574031128723e+01
4.693715594332417851e+01 4.005435914556165500e+01
4.693715594332417851e+01 4.549682607820869862e+01
4.693715594332417851e+01 4.062834839831344880e+01
4.693715594332417851e+01 4.765303001934623950e+01
4.693715594332417851e+01 4.757505702003115289e+01
4.693715594332417851e+01 4.684848361321058974e+01
4.693715594332417851e+01 4.490671399838073796e+01
4.693715594332417851e+01 4.465942890649391472e+01
4.693715594332417851e+01 4.963005825965198170e+01
4.693715594332417851e+01 4.201089973785553866e+01
4.693715594332417851e+01 4.562247976432146146e+01
4.693715594332417851e+01 4.900268940547960739e+01
4.693715594332417851e+01 4.372448422244666943e+01
4.693715594332417851e+01 4.138463973663651529e+01
4.693715594332417851e+01 4.410492144201618459e+01
4.693715594332417851e+01 5.019876051777234949e+01
4.693715594332417851e+01 4.690549320748529283e+01
4.693715594332417851e+01 4.319139065690493595e+01
4.693715594332417851e+01 5.010976774670163536e+01
4.693715594332417851e+01 5.037443920266833430e+01
4.693715594332417851e+01 5.058832275053096339e+01
4.693715594332417851e+01 4.843370594984884292e+01
4.693715594332417851e+01 4.153411521931610650e+01
4.693715594332417851e+01 4.381568718923306704e+01
4.693715594332417851e+01 4.104794987723781219e+01
4.693715594332417851e+01 3.968194826797846986e+01
4.693715594332417851e+01 5.106665970071559002e+01
4.693715594332417851e+01 4.793592613600067409e+01
4.693715594332417851e+01 4.497903787371205908e+01
4.693715594332417851e+01 4.870011688979354147e+01
4.693715594332417851e+01 4.774329138868594669e+01
4.693715594332417851e+01 4.785295672665180433e+01
4.693715594332417851e+01 4.660402526886021235e+01
4.693715594332417851e+01 4.333885959619644979e+01
4.693715594332417851e+01 4.473799660888045793e+01
4.693715594332417851e+01 4.340842291293154176e+01
4.693715594332417851e+01 4.350586343693074554e+01
4.693715594332417851e+01 5.119646136374416301e+01
4.693715594332417851e+01 4.439360718780476134e+01
4.693715594332417851e+01 4.563632229443601318e+01
4.693715594332417851e+01 4.490638211321794415e+01
4.693715594332417851e+01 4.299800706032139175e+01
4.693715594332417851e+01 4.861001187325307171e+01
4.693715594332417851e+01 4.706062585770526852e+01
4.693715594332417851e+01 4.425451581403694945e+01
4.693715594332417851e+01 4.353310043537478435e+01
4.693715594332417851e+01 5.054450491498942455e+01
4.693715594332417851e+01 4.966486149455947441e+01
4.693715594332417851e+01 4.672379420842395348e+01
4.693715594332417851e+01 4.781149290342504088e+01
4.693715594332417851e+01 4.169003162110332283e+01
4.693715594332417851e+01 4.159980255868008925e+01
4.693715594332417851e+01 4.730178558014775803e+01
4.693715594332417851e+01 4.896910955129313692e+01
4.693715594332417851e+01 4.828126285062173650e+01
4.693715594332417851e+01 4.550031186928382709e+01
4.693715594332417851e+01 4.932415855510854641e+01
4.693715594332417851e+01 4.612303711188110356e+01
4.693715594332417851e+01 4.599083163404817043e+01
4.693715594332417851e+01 4.376215313098946780e+01
4.693715594332417851e+01 4.458988981462171353e+01
4.693715594332417851e+01 4.973760136645579877e+01
4.693715594332417851e+01 4.756707165197768461e+01
4.693715594332417851e+01 4.996864822575704324e+01
4.693715594332417851e+01 4.428483502215556200e+01
4.693715594332417851e+01 4.750054363202602303e+01
4.693715594332417851e+01 4.405897715328050879e+01
4.693715594332417851e+01 4.229195105194463622e+01
4.693715594332417851e+01 4.930495648254384378e+01
4.693715594332417851e+01 4.169532133099044557e+01
4.693715594332417851e+01 4.501782843423177383e+01
4.693715594332417851e+01 4.883424387463313110e+01
4.693715594332417851e+01 4.716472011256168884e+01
4.693715594332417851e+01 4.326743910061252052e+01
4.693715594332417851e+01 4.730880463396485425e+01
4.693715594332417851e+01 4.948583697418047223e+01
4.693715594332417851e+01 4.398891220892576825e+01
4.693715594332417851e+01 5.152279115328607872e+01
4.693715594332417851e+01 4.894289638444951862e+01
4.693715594332417851e+01 4.658970361313890152e+01
4.693715594332417851e+01 4.616806688723180230e+01
4.693715594332417851e+01 5.333381633873541006e+01
4.693715594332417851e+01 4.526431226735891045e+01
4.693715594332417851e+01 4.750743994887068311e+01
4.693715594332417851e+01 4.910874425981459979e+01
4.693715594332417851e+01 4.702527632628267185e+01
4.693715594332417851e+01 4.741771152824960467e+01
4.693715594332417851e+01 4.497011758473738752e+01
4.693715594332417851e+01 4.394015082962052787e+01
4.693715594332417851e+01 5.378043161007943951e+01
4.693715594332417851e+01 4.249104861900153907e+01
4.693715594332417851e+01 5.199480020061100305e+01
4.693715594332417851e+01 4.289657497396163421e+01
