4.693715594332417851e+01 4.005646170806458883e+01
4.693715594332417851e+01 4.639074720531109364e+01
4.693715594332417851e+01 4.091019852562472181e+01
4.693715594332417851e+01 5.707664982493249539e+01
4.693715594332417851e+01 4.618980160447863170e+01
4.693715594332417851e+01 4.710682680318315363e+01
4.693715594332417851e+01 4.191145684495520385e+01
4.693715594332417851e+01 5.158544925473480447e+01
4.693715594332417851e+01 4.827108335726633470e+01
4.693715594332417851e+01 4.196035766429653791e+01
4.693715594332417851e+01 4.770403824132537807e+01
4.693715594332417851e+01 5.114126804800861237e+01
4.693715594332417851e+01 4.017758597927137743e+01
4.693715594332417851e+01 4.884991097198270182e+01
4.693715594332417851e+01 4.171231687505651564e+01
4.693715594332417851e+01 3.887615128306136825e+01
4.693715594332417851e+01 4.405267157654446919e+01
4.693715594332417851e+01 4.766107081422737934e+01
4.693715594332417851e+01 5.245182925516447625e+01
4.693715594332417851e+01 4.393507990717957057e+01
4.693715594332417851e+01 4.170521133592233554e+01
4.693715594332417851e+01 4.831836176622092438e+01
4.693715594332417851e+01 4.700320359401602843e+01
4.693715594332417851e+01 4.537303926633836682e+01
4.693715594332417851e+01 4.647756047598258533e+01
4.693715594332417851e+01 4.041080435790741632e+01
4.693715594332417851e+01 4.871101551423234355e+01
4.693715594332417851e+01 4.506950258299985990e+01
4.693715594332417851e+01 4.667006034417340032e+01
4.693715594332417851e+01 4.811649232607250326e+01
4.693715594332417851e+01 5.656456309838827679e+01
4.693715594332417851e+01 4.867863423212432394e+01
4.693715594332417851e+01 5.015286331211738258e+01
4.693715594332417851e+01 4.826822475313201011e+01
4.693715594332417851e+01 4.935536547329002843e+01
4.693715594332417851e+01 4.544837001829257872e+01
4.693715594332417851e+01 5.206645488668079480e+01
4.693715594332417851e+01 4.947695152810872088e+01
4.693715594332417851e+01 5.270599553556765215e+01
4.693715594332417851e+01 4.497984455660782999e+01
4.693715594332417851e+01 4.530487863363973844e+01
4.693715594332417851e+01 4.572747331434818818e+01
4.693715594332417851e+01 4.040680196510760425e+01
4.693715594332417851e+01 4.687688396487923370e+01
4.693715594332417851e+01 5.080933145841684961e+01
4.693715594332417851e+01 4.758452344511221099e+01
4.693715594332417851e+01 4.768311105132949024e+01
4.693715594332417851e+01 5.053708883799873774e+01
4.693715594332417851e+01 4.622423638023663273e+01
4.693715594332417851e+01 4.662852904181330871e+01
4.693715594332417851e+01 4.474103804168895948e+01
4.693715594332417851e+01 4.462981509060737295e+01
4.693715594332417851e+01 5.250497756297014007e+01
4.693715594332417851e+01 4.739741145776878994e+01
4.693715594332417851e+01 4.336740022173154330e+01
4.693715594332417851e+01 4.439949756129629321e+01
4.693715594332417851e+01 4.763105131013381310e+01
4.693715594332417851e+01 4.905243738049091462e+01
4.693715594332417851e+01 4.610497606904555568e+01
4.693715594332417851e+01 4.588528141989749543e+01
4.693715594332417851e+01 5.223689107891908634e+01
4.693715594332417851e+01 4.582396533022819085e+01
4.693715594332417851e+01 4.733158456312812490e+01
4.693715594332417851e+01 4.741757487020422701e+01
4.693715594332417851e+01 4.367811555219878983e+01
4.693715594332417851e+01 4.680791626863437926e+01
4.693715594332417851e+01 4.725330930730299883e+01
4.693715594332417851e+01 4.522519406690882704e+01
4.693715594332417851e+01 4.368689537140011225e+01
4.693715594332417851e+01 4.748011443468788428e+01
4.693715594332417851e+01 5.351874401448824159e+01
4.693715594332417851e+01 4.944184182042964437e+01
4.693715594332417851e+01 4.321270804182931613e+01
4.693715594332417851e+01 4.637677062431625075e+01
4.693715594332417851e+01 4.642975103014025251e+01
4.693715594332417851e+01 4.603826304047180429e+01
4.693715594332417851e+01 4.418172880305708361e+01
4.693715594332417851e+01 4.477551279879173052e+01
4.693715594332417851e+01 4.698442677636295173e+01
4.693715594332417851e+01 4.513759083753151202e+01
4.693715594332417851e+01 4.595006390023269205e+01
4.693715594332417851e+01 4.277630856205917098e+01
4.693715594332417851e+01 4.232850151931972249e+01
4.693715594332417851e+01 5.056549451083123614e+01
4.693715594332417851e+01 5.177591768742627920e+01
4.693715594332417851e+01 5.112729435638735254e+01
4.693715594332417851e+01 4.578358763901619710e+01
4.693715594332417851e+01 4.281744713371971045e+01
4.693715594332417851e+01 4.381535279893542878e+01
4.693715594332417851e+01 5.364859014835621309e+01
4.693715594332417851e+01 4.283478413709946153e+01
4.693715594332417851e+01 4.799134254341808514e+01
4.693715594332417851e+01 4.858988193929813093e+01
4.693715594332417851e+01 4.394312620228735966e+01
4.693715594332417851e+01 5.175152154596185738e+01
4.693715594332417851e+01 4.405465849246031240e+01
4.693715594332417851e+01 4.322192999149302750e+01
4.693715594332417851e+01 3.832033443762441038e+01
4.693715594332417851e+01 4.439456363954952423e+01
4.693715594332417851e+01 4.728483362690885627e+01
4.693715594332417851e+01 4.525789182590669668e+01
4.693715594332417851e+01 4.752383396169130236e+01
4.693715594332417851e+01 4.175451504577302586e+01
4.693715594332417851e+01 4.915597451580228494e+01
4.693715594332417851e+01 4.496311059221002182e+01
4.693715594332417851e+01 5.095330057896255482e+01
4.693715594332417851e+01 4.900503908340277803e+01
4.693715594332417851e+01 4.849074764629379786e+01
4.693715594332417851e+01 4.688191454670758418e+01
4.693715594332417851e+01 4.695486100777239358e+01
4.693715594332417851e+01 4.136416168764181123e+01
4.693715594332417851e+01 4.266245517985340285e+01
4.693715594332417851e+01 4.549411104755071023e+01
4.693715594332417851e+01 4.862378662436471899e+01
4.693715594332417851e+01 4.311427794968282967e+01
4.693715594332417851e+01 4.449897240443557678e+01
4.693715594332417851e+01 5.696789636089070541e+01
4.693715594332417851e+01 5.342828880714498752e+01
4.693715594332417851e+01 4.518235081571580025e+01
4.693715594332417851e+01 5.117520006333127469e+01
4.693715594332417851e+01 4.730834007822344489e+01
4.693715594332417851e+01 4.893426662391304660e+01
4.693715594332417851e+01 4.080653685207363424e+01
4.693715594332417851e+01 4.165609562264211263e+01
4.693715594332417851e+01 4.644718280956391254e+01
4.693715594332417851e+01 4.823823991321558680e+01
4.693715594332417851e+01 4.371192600610027768e+01
4.693715594332417851e+01 4.904360035202589074e+01
4.693715594332417851e+01 4.307496466142373492e+01
4.693715594332417851e+01 5.079429342265293457e+01
4.693715594332417851e+01 4.107215200580009196e+01
4.693715594332417851e+01 4.682854159662230842e+01
4.693715594332417851e+01 4.068972850306354871e+01
4.693715594332417851e+01 4.957116886437879089e+01
4.693715594332417851e+01 4.387427867405405379e+01
4.693715594332417851e+01 4.755573125171889615e+01
4.693715594332417851e+01 4.429357971179098286e+01
4.693715594332417851e+01 4.261201351058835485e+01
4.693715594332417851e+01 4.474779752416286271e+01
4.693715594332417851e+01 4.056136798092749274e+01
4.693715594332417851e+01 4.777463889491545501e+01
4.693715594332417851e+01 4.079587660315817743e+01
4.693715594332417851e+01 4.463219282575535374e+01
4.693715594332417851e+01 4.919486392957195164e+01
4.693715594332417851e+01 4.443037498450883760e+01
4.693715594332417851e+01 4.796475503500894888e+01
4.693715594332417851e+01 4.640991550329771087e+01
4.693715594332417851e+01 4.289664288883206211e+01
4.693715594332417851e+01 4.878318172032339817e+01
4.693715594332417851e+01 4.290342096356457802e+01
4.693715594332417851e+01 4.537561429397459278e+01
4.693715594332417851e+01 5.049976872919597071e+01
4.693715594332417851e+01 4.500779100619106998e+01
4.693715594332417851e+01 3.995395763102454367e+01
4.693715594332417851e+01 4.606979775307080871e+01
4.693715594332417851e+01 5.335139902017377267e+01
4.693715594332417851e+01 4.003454984426805652e+01
4.693715594332417851e+01 4.624618610844408551e+01
4.693715594332417851e+01 4.867609016976744130e+01
4.693715594332417851e+01 4.814587981212814327e+01
4.693715594332417851e+01 4.659117630020787004e+01
4.693715594332417851e+01 4.193977509250314739e+01
4.693715594332417851e+01 4.382108832579903179e+01
4.693715594332417851e+01 4.843963545901052470e+01
4.693715594332417851e+01 5.076957372405434654e+01
4.693715594332417851e+01 4.386846029716267736e+01
4.693715594332417851e+01 5.012854062276625910e+01
4.693715594332417851e+01 3.879997187154329197e+01
4.693715594332417851e+01 5.301413766901572444e+01
4.693715594332417851e+01 4.877797898625293982e+01
4.693715594332417851e+01 4.654287286570723836e+01
4.693715594332417851e+01 4.818518961110589061e+01
4.693715594332417851e+01 4.120423697926415940e+01
4.693715594332417851e+01 4.555582928211072868e+01
4.693715594332417851e+01 4.558528035209867113e+01
4.693715594332417851e+01 4.564599707757076885e+01
4.693715594332417851e+01 5.106702466091685011e+01
4.693715594332417851e+01 4.375279261417387033e+01
4.693715594332417851e+01 4.347475586242390477e+01
4.693715594332417851e+01 4.562012274073225626e+01
4.693715594332417851e+01 4.333690497216895210e+01
4.693715594332417851e+01 4.684407585178151834e+01
4.693715594332417851e+01 4.984130328052714987e+01
4.693715594332417851e+01 5.165857784018344034e+01
4.693715594332417851e+01 4.505336757509248002e+01
4.693715594332417851e+01 4.634728509077056913e+01
4.693715594332417851e+01 4.702117941581431637e+01
4.693715594332417851e+01 4.198627915522720855e+01
4.693715594332417851e+01 4.684570098860687182e+01
4.693715594332417851e+01 4.630084361159532591e+01
4.693715594332417851e+01 5.253221633543765989e+01
4.693715594332417851e+01 4.719691922992127076e+01
4.693715594332417851e+01 4.317863958733173035e+01
4.693715594332417851e+01 4.452654356274239689e+01
4.693715594332417851e+01 4.501900745989317443e+01
4.693715594332417851e+01 4.569554436843755951e+01
4.693715594332417851e+01 4.971702520659284374e+01
4.693715594332417851e+01 4.429593581031070926e+01
4.693715594332417851e+01 4.544752826326359951e+01
4.693715594332417851e+01 4.651513058101536302e+01
4.693715594332417851e+01 4.544070253847193896e+01
4.693715594332417851e+01 4.923546457077185323e+01
4.693715594332417851e+01 4.770246476537224112e+01
4.693715594332417851e+01 4.151330405148285507e+01
4.693715594332417851e+01 4.664567596652522496e+01
4.693715594332417851e+01 4.747155866853294981e+01
4.693715594332417851e+01 5.129706385199909136e+01
4.693715594332417851e+01 5.091266679357894986e+01
4.693715594332417851e+01 4.482352205301176440e+01
4.693715594332417851e+01 5.177589591306080052e+01
4.693715594332417851e+01 5.006798278444369288e+01
4.693715594332417851e+01 4.620288233450505544e+01
4.693715594332417851e+01 4.461999599548531137e+01
4.693715594332417851e+01 4.670804217399808067e+01
4.693715594332417851e+01 4.769721255758093292e+01
4.693715594332417851e+01 4.173116904822321516e+01
4.693715594332417851e+01 4.737211437066306985e+01
4.693715594332417851e+01 4.713879158637166711e+01
4.693715594332417851e+01 4.868300846841151497e+01
4.693715594332417851e+01 4.337471095242402441e+01
4.693715594332417851e+01 4.181387209009157857e+01
4.693715594332417851e+01 4.135327548564172417e+01
4.693715594332417851e+01 4.396276975647622010e+01
4.693715594332417851e+01 4.616415483005033593e+01
4.693715594332417851e+01 5.192904815549825059e+01
4.693715594332417851e+01 4.784013584962918486e+01
4.693715594332417851e+01 4.749263430407984998e+01
4.693715594332417851e+01 4.114151474421087329e+01
4.693715594332417851e+01 4.876197787280291607e+01
4.693715594332417851e+01 4.299348608971769181e+01
4.693715594332417851e+01 4.348915968312832092e+01
4.693715594332417851e+01 4.827644858365325575e+01
4.693715594332417851e+01 4.469257158979682032e+01
4.693715594332417851e+01 4.416581928140964663e+01
4.693715594332417851e+01 3.897236195908205758e+01
4.693715594332417851e+01 4.547558428062237823e+01
4.693715594332417851e+01 4.606483253253867360e+01
4.693715594332417851e+01 4.380909018446174485e+01
4.693715594332417851e+01 4.359701277807952380e+01
4.693715594332417851e+01 4.817285273782351851e+01
4.693715594332417851e+01 4.347599418409588878e+01
4.693715594332417851e+01 4.400230267216938529e+01
4.693715594332417851e+01 4.605233666442880747e+01
4.693715594332417851e+01 4.762650068096391465e+01
4.693715594332417851e+01 4.484514382812744770e+01
4.693715594332417851e+01 4.176611413566452313e+01
4.693715594332417851e+01 4.980439724345340835e+01
4.693715594332417851e+01 4.612033957709523690e+01
4.693715594332417851e+01 4.164627862217788845e+01
4.693715594332417851e+01 4.956515938700990631e+01
4.693715594332417851e+01 4.363193902095005683e+01
4.693715594332417851e+01 4.480087737228676303e+01
4.693715594332417851e+01 4.895675602081802680e+01
4.693715594332417851e+01 4.376642783981520779e+01
4.693715594332417851e+01 5.037336512408031552e+01
4.693715594332417851e+01 4.472752743546704579e+01
4.693715594332417851e+01 5.272334018920543031e+01
4.693715594332417851e+01 4.896656368395628789e+01
4.693715594332417851e+01 4.774810645785153440e+01
4.693715594332417851e+01 4.338896975312740523e+01
4.693715594332417851e+01 4.682088362155437977e+01
4.693715594332417851e+01 4.743035418844847584e+01
4.693715594332417851e+01 4.275230558014009574e+01
4.693715594332417851e+01 4.585696123451528194e+01
4.693715594332417851e+01 4.798440312770356542e+01
4.693715594332417851e+01 4.231154542043123712e+01
4.693715594332417851e+01 4.816466985033014936e+01
4.693715594332417851e+01 4.810571441199522269e+01
4.693715594332417851e+01 4.250342207749248047e+01
4.693715594332417851e+01 4.601361472027569022e+01
4.693715594332417851e+01 4.162622826352922800e+01
4.693715594332417851e+01 4.170408159879069387e+01
4.693715594332417851e+01 4.795548258786536877e+01
4.693715594332417851e+01 4.977018724538500294e+01
4.693715594332417851e+01 4.911342238744481392e+01
4.693715594332417851e+01 4.773803382926151073e+01
4.693715594332417851e+01 4.514459653141595652e+01
4.693715594332417851e+01 3.893800732332952919e+01
4.693715594332417851e+01 5.352503662735085754e+01
4.693715594332417851e+01 4.631098197296100949e+01
4.693715594332417851e+01 4.789277918767810860e+01
4.693715594332417851e+01 4.436378217428938342e+01
4.693715594332417851e+01 4.965145364217544000e+01
4.693715594332417851e+01 5.379204573916040033e+01
4.693715594332417851e+01 5.206299563960394750e+01
4.693715594332417851e+01 4.568223067423826222e+01
4.693715594332417851e+01 4.381883119312763597e+01
4.693715594332417851e+01 4.378213383795687008e+01
4.693715594332417851e+01 4.423604734084443635e+01
4.693715594332417851e+01 4.643694709932373144e+01
4.693715594332417851e+01 4.670748343874921460e+01
4.693715594332417851e+01 4.906199586765996656e+01
4.693715594332417851e+01 4.502512592956357906e+01
4.693715594332417851e+01 4.369736897141273602e+01
4.693715594332417851e+01 4.845757071963372908e+01
4.693715594332417851e+01 4.623998415559059794e+01
4.693715594332417851e+01 4.288409404770265354e+01
4.693715594332417851e+01 4.602011869641631847e+01
4.693715594332417851e+01 5.360930812818276792e+01
4.693715594332417851e+01 4.715268688306715461e+01
4.693715594332417851e+01 3.974328046493827316e+01
4.693715594332417851e+01 4.729857998523312546e+01
4.693715594332417851e+01 4.991474680933102803e+01
4.693715594332417851e+01 4.710828432784165898e+01
4.693715594332417851e+01 4.875107046320171378e+01
4.693715594332417851e+01 4.385748147999782987e+01
4.693715594332417851e+01 4.674248307053083806e+01
4.693715594332417851e+01 4.372005055021561049e+01
4.693715594332417851e+01 4.175720595925332645e+01
4.693715594332417851e+01 4.879236740793250959e+01
4.693715594332417851e+01 4.298781289229002311e+01
4.693715594332417851e+01 4.313557053232111826e+01
4.693715594332417851e+01 4.704272216620705649e+01
4.693715594332417851e+01 4.768271263840475171e+01
4.693715594332417851e+01 4.651789297913359178e+01
4.693715594332417851e+01 4.154285616873679743e+01
4.693715594332417851e+01 4.243217010582827697e+01
4.693715594332417851e+01 4.493837867481442316e+01
4.693715594332417851e+01 4.218331495594188141e+01
4.693715594332417851e+01 4.955504621842737123e+01
4.693715594332417851e+01 4.784838264767136451e+01
4.693715594332417851e+01 4.593640022427588576e+01
4.693715594332417851e+01 4.482674106895177601e+01
4.693715594332417851e+01 4.750028744083768117e+01
4.693715594332417851e+01 5.188350551503631181e+01
4.693715594332417851e+01 4.832876188661663264e+01
4.693715594332417851e+01 4.598942131833567970e+01
4.693715594332417851e+01 4.187275285394568414e+01
4.693715594332417851e+01 3.611059682826169848e+01
4.693715594332417851e+01 4.845535370011324972e+01
4.693715594332417851e+01 4.340649266088347957e+01
4.693715594332417851e+01 5.328695057388287637e+01
4.693715594332417851e+01 4.291679758853666726e+01
4.693715594332417851e+01 4.727848908567609243e+01
4.693715594332417851e+01 4.230816579899676100e+01
4.693715594332417851e+01 4.748419040658176016e+01
4.693715594332417851e+01 3.993509888052943069e+01
4.693715594332417851e+01 4.854325047105700008e+01
4.693715594332417851e+01 4.277856987467708905e+01
4.693715594332417851e+01 4.492814867632218068e+01
4.693715594332417851e+01 4.091307633211334860e+01
4.693715594332417851e+01 4.644030383534907003e+01
4.693715594332417851e+01 4.346572885531966790e+01
4.693715594332417851e+01 4.274178624840406826e+01
4.693715594332417851e+01 4.870563019926869686e+01
4.693715594332417851e+01 4.477892999850045186e+01
4.693715594332417851e+01 5.040995813460457953e+01
4.693715594332417851e+01 4.855147567583906465e+01
4.693715594332417851e+01 4.595261069338097570e+01
4.693715594332417851e+01 4.663099035881685950e+01
4.693715594332417851e+01 4.041039289333048146e+01
4.693715594332417851e+01 4.827002742223103837e+01
4.693715594332417851e+01 4.520035015043279003e+01
4.693715594332417851e+01 4.087428368026650816e+01
4.693715594332417851e+01 4.425878268212665745e+01
4.693715594332417851e+01 4.316139332163152176e+01
4.693715594332417851e+01 4.493309017001130456e+01
4.693715594332417851e+01 4.389289782987020061e+01
4.693715594332417851e+01 4.216215112053490088e+01
4.693715594332417851e+01 4.450335565084338896e+01
4.693715594332417851e+01 4.779216995138751400e+01
4.693715594332417851e+01 5.411001931789173369e+01
4.693715594332417851e+01 4.800915194553500953e+01
4.693715594332417851e+01 4.459821486336934271e+01
4.693715594332417851e+01 4.358980390669655236e+01
4.693715594332417851e+01 4.870998485922866905e+01
4.693715594332417851e+01 4.708611350257257300e+01
4.693715594332417851e+01 5.288944095872995632e+01
4.693715594332417851e+01 4.656957439083431893e+01
4.693715594332417851e+01 4.965534749560369931e+01
4.693715594332417851e+01 4.393915950481898847e+01
4.693715594332417851e+01 4.881164873676471672e+01
4.693715594332417851e+01 4.302572688575347826e+01
4.693715594332417851e+01 4.396271620694102467e+01
4.693715594332417851e+01 4.461833785898509319e+01
4.693715594332417851e+01 5.131927068608982978e+01
4.693715594332417851e+01 4.120098763933967234e+01
4.693715594332417851e+01 4.435058629023794907e+01
4.693715594332417851e+01 5.614918548987260749e+01
4.693715594332417851e+01 4.254690048427767834e+01
4.693715594332417851e+01 4.757241857641236749e+01
4.693715594332417851e+01 5.010829886321442928e+01
4.693715594332417851e+01 4.507657349245718592e+01
4.693715594332417851e+01 4.626913990309805058e+01
4.693715594332417851e+01 4.352705920229078629e+01
4.693715594332417851e+01 4.215496703375897880e+01
4.693715594332417851e+01 4.673860801132017428e+01
4.693715594332417851e+01 4.450420962243957490e+01
4.693715594332417851e+01 4.488094613690219603e+01
4.693715594332417851e+01 4.495965056914885594e+01
4.693715594332417851e+01 4.805886547524172414e+01
4.693715594332417851e+01 4.784355856977580856e+01
4.693715594332417851e+01 4.760076285226354997e+01
4.693715594332417851e+01 4.480468668848424585e+01
4.693715594332417851e+01 5.123899836375495909e+01
4.693715594332417851e+01 4.275808493327832593e+01
4.693715594332417851e+01 4.168685588510472684e+01
4.693715594332417851e+01 4.223018537685987894e+01
4.693715594332417851e+01 4.892006144198199280e+01
4.693715594332417851e+01 4.769531849521530376e+01
4.693715594332417851e+01 4.277974796563525928e+01
4.693715594332417851e+01 4.892694607035074483e+01
4.693715594332417851e+01 4.684365766743867709e+01
4.693715594332417851e+01 5.065068307731795727e+01
4.693715594332417851e+01 4.590353440820418740e+01
4.693715594332417851e+01 4.196925604711048408e+01
4.693715594332417851e+01 4.505435097438077463e+01
4.693715594332417851e+01 5.355788446643879297e+01
4.693715594332417851e+01 4.605911187776059279e+01
4.693715594332417851e+01 4.750048663829425521e+01
4.693715594332417851e+01 4.442760675484553445e+01
4.693715594332417851e+01 4.179815261924760961e+01
4.693715594332417851e+01 4.375242995671433022e+01
4.693715594332417851e+01 4.677538239393008013e+01
4.693715594332417851e+01 4.408713287797056068e+01
4.693715594332417851e+01 4.487695306851474442e+01
4.693715594332417851e+01 4.902719386198270968e+01
4.693715594332417851e+01 4.488353585691054093e+01
4.693715594332417851e+01 4.921759707592030253e+01
4.693715594332417851e+01 4.787054316234598872e+01
4.693715594332417851e+01 4.573439623640575746e+01
4.693715594332417851e+01 4.457848727419495560e+01
4.693715594332417851e+01 4.597640393201282194e+01
4.693715594332417851e+01 4.877610267349610496e+01
4.693715594332417851e+01 4.658102369896221973e+01
4.693715594332417851e+01 4.926425256667849339e+01
4.693715594332417851e+01 4.273060074782782891e+01
4.693715594332417851e+01 4.402329593560260435e+01
4.693715594332417851e+01 5.127485019151090029e+01
4.693715594332417851e+01 4.571549482730136305e+01
4.693715594332417851e+01 4.281399229536675222e+01
4.693715594332417851e+01 4.731322650289639142e+01
4.693715594332417851e+01 5.369349664981475456e+01
4.693715594332417851e+01 4.718233730440957174e+01
4.693715594332417851e+01 4.646938951389119410e+01
4.693715594332417851e+01 4.447819941388011955e+01
4.693715594332417851e+01 4.400837457739203984e+01
4.693715594332417851e+01 4.354862074796125171e+01
4.693715594332417851e+01 4.795670493563713421e+01
4.693715594332417851e+01 4.836209539032055460e+01
4.693715594332417851e+01 4.594566334283480558e+01
4.693715594332417851e+01 4.320435042466713327e+01
4.693715594332417851e+01 4.806904280326096313e+01
4.693715594332417851e+01 4.062350780019408347e+01
4.693715594332417851e+01 4.919296055448763383e+01
4.693715594332417851e+01 4.276277844447479737e+01
4.693715594332417851e+01 5.188361377152167364e+01
4.693715594332417851e+01 4.955505138469782622e+01
4.693715594332417851e+01 4.633963067890102394e+01
4.693715594332417851e+01 4.535414507249451788e+01
4.693715594332417851e+01 4.188880237814755247e+01
4.693715594332417851e+01 4.802814999519566186e+01
4.693715594332417851e+01 4.609253692055405338e+01
4.693715594332417851e+01 4.872880513253489454e+01
4.693715594332417851e+01 5.214625797036368482e+01
4.693715594332417851e+01 4.949879166956363008e+01
4.693715594332417851e+01 4.253527848117698085e+01
4.693715594332417851e+01 4.888233022666936023e+01
4.693715594332417851e+01 4.743797260500029012e+01
4.693715594332417851e+01 4.770314151253241874e+01
4.693715594332417851e+01 4.496452384849830963e+01
4.693715594332417851e+01 4.544857468200899575e+01
4.693715594332417851e+01 4.490510388979635081e+01
4.693715594332417851e+01 5.282131686517916336e+01
4.693715594332417851e+01 4.221276629905676714e+01
4.693715594332417851e+01 4.812389941799357729e+01
4.693715594332417851e+01 4.091500355484760121e+01
4.693715594332417851e+01 4.518562070420360044e+01
4.693715594332417851e+01 4.341689064960628741e+01
4.693715594332417851e+01 4.779061409273063532e+01
4.693715594332417851e+01 4.284629021706776797e+01
4.693715594332417851e+01 5.048633833424477757e+01
4.693715594332417851e+01 4.802307029401504934e+01
4.693715594332417851e+01 4.537509597145068341e+01
4.693715594332417851e+01 4.813801932729965927e+01
4.693715594332417851e+01 4.357079082593909902e+01
4.693715594332417851e+01 5.109449114325970953e+01
4.693715594332417851e+01 4.350254371269465281e+01
4.693715594332417851e+01 4.426119433093475664e+01
4.693715594332417851e+01 4.323046482958073966e+01
4.693715594332417851e+01 4.655685621638140503e+01
4.693715594332417851e+01 4.940810851423628947e+01
4.693715594332417851e+01 4.532716293232979154e+01
4.693715594332417851e+01 4.423541950163096459e+01
4.693715594332417851e+01 4.409164226627825656e+01
4.693715594332417851e+01 5.010859481570543039e+01
4.693715594332417851e+01 4.203032839135814669e+01
4.693715594332417851e+01 4.668284424484136963e+01
4.693715594332417851e+01 4.234539973325203732e+01
4.693715594332417851e+01 4.584260655980765620e+01
4.693715594332417851e+01 4.613420277044750151e+01
4.693715594332417851e+01 4.548921884441310937e+01
4.693715594332417851e+01 4.582001741711704312e+01
4.693715594332417851e+01 4.726161136247410610e+01
4.693715594332417851e+01 4.688569366775020342e+01
4.693715594332417851e+01 4.434161360324651469e+01
4.693715594332417851e+01 4.276157386254459425e+01
4.693715594332417851e+01 4.521344410305927397e+01
4.693715594332417851e+01 4.650383862285722358e+01
4.693715594332417851e+01 5.296051629482707312e+01
4.693715594332417851e+01 4.391364109521641979e+01
4.693715594332417851e+01 4.378376910941121736e+01
4.693715594332417851e+01 4.579207287580225483e+01
4.693715594332417851e+01 4.912717913241963430e+01
4.693715594332417851e+01 4.958736486078504413e+01
4.693715594332417851e+01 5.115605455145474423e+01
4.693715594332417851e+01 4.605179108415244826e+01
4.693715594332417851e+01 4.731070642261087755e+01
4.693715594332417851e+01 4.474097618837191703e+01
4.693715594332417851e+01 4.766799472582405173e+01
4.693715594332417851e+01 4.696581507643736586e+01
4.693715594332417851e+01 5.023059942995845262e+01
4.693715594332417851e+01 3.867782308456850160e+01
4.693715594332417851e+01 4.389005650458503283e+01
4.693715594332417851e+01 4.631966341152975986e+01
4.693715594332417851e+01 4.124386265893335946e+01
4.693715594332417851e+01 4.599082633690377264e+01
4.693715594332417851e+01 4.304949739367459216e+01
4.693715594332417851e+01 4.700575030553355305e+01
4.693715594332417851e+01 4.301000363896408629e+01
4.693715594332417851e+01 4.615164917476892015e+01
4.693715594332417851e+01 4.052898565872379777e+01
4.693715594332417851e+01 4.225753717595501513e+01
4.693715594332417851e+01 4.885567910605278286e+01
4.693715594332417851e+01 4.600035379911144418e+01
4.693715594332417851e+01 4.265457840533260025e+01
4.693715594332417851e+01 5.050166001317890618e+01
4.693715594332417851e+01 4.309698687872258205e+01
4.693715594332417851e+01 4.690378211677975173e+01
4.693715594332417851e+01 4.495409206011371595e+01
4.693715594332417851e+01 4.764486926372034503e+01
4.693715594332417851e+01 4.436803232084085380e+01
4.693715594332417851e+01 4.139879573576153859e+01
4.693715594332417851e+01 4.562054199286335887e+01
4.693715594332417851e+01 4.311705568060076388e+01
4.693715594332417851e+01 4.392526975685634483e+01
4.693715594332417851e+01 5.017880128629376202e+01
4.693715594332417851e+01 4.410799933630045189e+01
4.693715594332417851e+01 5.031533952132184595e+01
4.693715594332417851e+01 5.147814933965197071e+01
4.693715594332417851e+01 3.932051651152372074e+01
4.693715594332417851e+01 4.193938327358165452e+01
4.693715594332417851e+01 3.980793787687263574e+01
4.693715594332417851e+01 4.505677244976034501e+01
4.693715594332417851e+01 3.925275308870952529e+01
4.693715594332417851e+01 4.897171841817110050e+01
4.693715594332417851e+01 4.173518001331547111e+01
4.693715594332417851e+01 4.592545785742309050e+01
4.693715594332417851e+01 4.539107575122179838e+01
4.693715594332417851e+01 4.326679241418484168e+01
4.693715594332417851e+01 4.333719269499750482e+01
4.693715594332417851e+01 4.724938498358983452e+01
4.693715594332417851e+01 4.723924815952781131e+01
4.693715594332417851e+01 5.110710658095020875e+01
4.693715594332417851e+01 4.434756281797142208e+01
4.693715594332417851e+01 5.031539755434791772e+01
4.693715594332417851e+01 4.564153926848691611e+01
4.693715594332417851e+01 4.406715149401123455e+01
4.693715594332417851e+01 4.044999565482921611e+01
4.693715594332417851e+01 4.790609936108157996e+01
4.693715594332417851e+01 4.237420400196285186e+01
4.693715594332417851e+01 4.278275340681221905e+01
4.693715594332417851e+01 4.297699448490398311e+01
4.693715594332417851e+01 4.267953491371285679e+01
4.693715594332417851e+01 4.382986460588013244e+01
4.693715594332417851e+01 4.389098569509536674e+01
4.693715594332417851e+01 4.883038404146464728e+01
4.693715594332417851e+01 4.966232935185521313e+01
4.693715594332417851e+01 4.837761361277797079e+01
4.693715594332417851e+01 4.427319747134016836e+01
4.693715594332417851e+01 5.334190105828456296e+01
4.693715594332417851e+01 4.442862831743433816e+01
4.693715594332417851e+01 4.893914750549135562e+01
4.693715594332417851e+01 4.660629972855711856e+01
4.693715594332417851e+01 4.887631421795676090e+01
4.693715594332417851e+01 4.506476798736809997e+01
4.693715594332417851e+01 4.621161102459437586e+01
4.693715594332417851e+01 4.384706504800719529e+01
4.693715594332417851e+01 4.110410145248292935e+01
4.693715594332417851e+01 5.239822549676411256e+01
4.693715594332417851e+01 5.062946222404188745e+01
4.693715594332417851e+01 5.196148735104133465e+01
4.693715594332417851e+01 4.012575266417428566e+01
4.693715594332417851e+01 5.102993325795335267e+01
4.693715594332417851e+01 5.086549730424007265e+01
4.693715594332417851e+01 4.037098816951225899e+01
4.693715594332417851e+01 4.874120496408851011e+01
4.693715594332417851e+01 4.490306313676850891e+01
4.693715594332417851e+01 4.915269002033085854e+01
4.693715594332417851e+01 4.647325874013665015e+01
4.693715594332417851e+01 4.937413400761216309e+01
4.693715594332417851e+01 4.850310266103177526e+01
4.693715594332417851e+01 4.315503821740364998e+01
4.693715594332417851e+01 3.935935077455256703e+01
4.693715594332417851e+01 4.149544325702595415e+01
4.693715594332417851e+01 4.848659014466154105e+01
4.693715594332417851e+01 4.545394919981063708e+01
4.693715594332417851e+01 4.759676964825099788e+01
4.693715594332417851e+01 4.980040493279703639e+01
4.693715594332417851e+01 4.549864033904103877e+01
4.693715594332417851e+01 4.535547011840289855e+01
4.693715594332417851e+01 4.175722122007101689e+01
4.693715594332417851e+01 4.333670353213808113e+01
4.693715594332417851e+01 4.803190377291235791e+01
4.693715594332417851e+01 4.689629824721303208e+01
4.693715594332417851e+01 3.783294963179486814e+01
4.693715594332417851e+01 4.504230734734264274e+01
4.693715594332417851e+01 4.833045898743722546e+01
4.693715594332417851e+01 4.849316026320425266e+01
4.693715594332417851e+01 4.184481050880798847e+01
4.693715594332417851e+01 4.377430064205063331e+01
4.693715594332417851e+01 4.433656517019635146e+01
4.693715594332417851e+01 4.573890159245407006e+01
4.693715594332417851e+01 4.589577312969161937e+01
4.693715594332417851e+01 4.580591344401914711e+01
4.693715594332417851e+01 5.309070653621982672e+01
4.693715594332417851e+01 4.427811702215537082e+01
4.693715594332417851e+01 5.199139373433875022e+01
4.693715594332417851e+01 4.150776717494514401e+01
4.693715594332417851e+01 4.421715426891319112e+01
4.693715594332417851e+01 5.216999999709307190e+01
4.693715594332417851e+01 5.097048989741638536e+01
4.693715594332417851e+01 4.594220111012256780e+01
4.693715594332417851e+01 5.129033283294229051e+01
4.693715594332417851e+01 4.400606728288914837e+01
4.693715594332417851e+01 4.677547586991213535e+01
4.693715594332417851e+01 4.720061455294261066e+01
4.693715594332417851e+01 4.707717784045777876e+01
4.693715594332417851e+01 4.463153527780036001e+01
4.693715594332417851e+01 4.499471256732832103e+01
4.693715594332417851e+01 4.594007387130233155e+01
4.693715594332417851e+01 4.311810537598731941e+01
4.693715594332417851e+01 4.302095218841158442e+01
4.693715594332417851e+01 4.554430625313954550e+01
4.693715594332417851e+01 4.202706184925001764e+01
4.693715594332417851e+01 4.394938756420594927e+01
4.693715594332417851e+01 4.572545482162701092e+01
4.693715594332417851e+01 4.510332236072638779e+01
4.693715594332417851e+01 4.674641782241234722e+01
4.693715594332417851e+01 4.776346105351695570e+01
4.693715594332417851e+01 4.660325310741353633e+01
4.693715594332417851e+01 4.490544765629012147e+01
4.693715594332417851e+01 4.837875063806647091e+01
4.693715594332417851e+01 4.568867566367691069e+01
4.693715594332417851e+01 4.402502542966724519e+01
4.693715594332417851e+01 5.050300968362724774e+01
4.693715594332417851e+01 4.308729518435060157e+01
4.693715594332417851e+01 4.272831043054433309e+01
4.693715594332417851e+01 5.416614425368722863e+01
4.693715594332417851e+01 4.976184238256546877e+01
4.693715594332417851e+01 4.425770143818614599e+01
4.693715594332417851e+01 4.651770247186623664e+01
4.693715594332417851e+01 4.808702243242974106e+01
4.693715594332417851e+01 4.858584401034038791e+01
4.693715594332417851e+01 4.398336809589694241e+01
4.693715594332417851e+01 4.302704251702796512e+01
4.693715594332417851e+01 4.462657453740066416e+01
4.693715594332417851e+01 4.789895754394403582e+01
4.693715594332417851e+01 4.434582247065617366e+01
4.693715594332417851e+01 4.533313457864662865e+01
4.693715594332417851e+01 4.149279913067587700e+01
4.693715594332417851e+01 4.694499580200185562e+01
4.693715594332417851e+01 5.183705955313349278e+01
4.693715594332417851e+01 4.774840083150341741e+01
4.693715594332417851e+01 4.208297775629688431e+01
4.693715594332417851e+01 4.572352202918712294e+01
4.693715594332417851e+01 4.676583305158354875e+01
4.693715594332417851e+01 4.690803035682816358e+01
4.693715594332417851e+01 4.583993918798151412e+01
4.693715594332417851e+01 4.610229352521530188e+01
4.693715594332417851e+01 4.675353595224713388e+01
4.693715594332417851e+01 5.418969976077985251e+01
4.693715594332417851e+01 4.716452663433087622e+01
4.693715594332417851e+01 4.189936467929111075e+01
4.693715594332417851e+01 4.751078250792797775e+01
4.693715594332417851e+01 3.817893766622791674e+01
4.693715594332417851e+01 5.180282935077290318e+01
4.693715594332417851e+01 4.408374350784690421e+01
4.693715594332417851e+01 4.980436665106415717e+01
4.693715594332417851e+01 4.336801183867628140e+01
4.693715594332417851e+01 4.293901634078076057e+01
4.693715594332417851e+01 5.136278105003908223e+01
4.693715594332417851e+01 4.490773324422956136e+01
4.693715594332417851e+01 4.725330511640859044e+01
4.693715594332417851e+01 3.977696556175844478e+01
4.693715594332417851e+01 4.087082650110362891e+01
4.693715594332417851e+01 4.746785253189551668e+01
4.693715594332417851e+01 4.577450386914167524e+01
4.693715594332417851e+01 4.723893987355879176e+01
4.693715594332417851e+01 4.934141393931330555e+01
4.693715594332417851e+01 4.801827339310051457e+01
4.693715594332417851e+01 4.983410516881443186e+01
4.693715594332417851e+01 4.701368114519850394e+01
4.693715594332417851e+01 4.917170452350757159e+01
4.693715594332417851e+01 4.763612989429928746e+01
4.693715594332417851e+01 4.651471278208257587e+01
4.693715594332417851e+01 4.122571998973396745e+01
4.693715594332417851e+01 4.982343208427883496e+01
4.693715594332417851e+01 4.360664200935748624e+01
4.693715594332417851e+01 4.684016919319516603e+01
4.693715594332417851e+01 4.791853153044343117e+01
4.693715594332417851e+01 4.545404681807899294e+01
4.693715594332417851e+01 4.811781025412612678e+01
4.693715594332417851e+01 4.916375379305234361e+01
4.693715594332417851e+01 5.166352987396847851e+01
4.693715594332417851e+01 4.442329049577656974e+01
4.693715594332417851e+01 5.235577627550588886e+01
4.693715594332417851e+01 4.570027043990609883e+01
4.693715594332417851e+01 4.236355012643807072e+01
4.693715594332417851e+01 5.044145006764355799e+01
4.693715594332417851e+01 4.726866570064176187e+01
4.693715594332417851e+01 4.541383516948808108e+01
4.693715594332417851e+01 4.208643069345473720e+01
4.693715594332417851e+01 4.663829475579942141e+01
4.693715594332417851e+01 4.039776524958449500e+01
4.693715594332417851e+01 4.716178297529216223e+01
4.693715594332417851e+01 4.697519377301576782e+01
4.693715594332417851e+01 4.520389475170182436e+01
4.693715594332417851e+01 4.445165176198526069e+01
4.693715594332417851e+01 3.935125949451100524e+01
4.693715594332417851e+01 5.198496546470997970e+01
4.693715594332417851e+01 4.735464082628798366e+01
4.693715594332417851e+01 4.131974783628021441e+01
4.693715594332417851e+01 4.968951273443572347e+01
4.693715594332417851e+01 4.703164460823216331e+01
4.693715594332417851e+01 5.280254082039199659e+01
4.693715594332417851e+01 4.965298414144552197e+01
4.693715594332417851e+01 4.731027642226223406e+01
4.693715594332417851e+01 4.714262462009651955e+01
4.693715594332417851e+01 4.709201576315768989e+01
4.693715594332417851e+01 4.864033528462267242e+01
4.693715594332417851e+01 5.137853626053983191e+01
4.693715594332417851e+01 5.131406646430286855e+01
4.693715594332417851e+01 4.178367205257128347e+01
4.693715594332417851e+01 4.345157512333884853e+01
4.693715594332417851e+01 4.194571790184429005e+01
4.693715594332417851e+01 4.673125790101737920e+01
4.693715594332417851e+01 4.482648543045981171e+01
4.693715594332417851e+01 4.540770721313302971e+01
4.693715594332417851e+01 4.754933677307610651e+01
4.693715594332417851e+01 4.354095829687577179e+01
4.693715594332417851e+01 4.664480641526118632e+01
4.693715594332417851e+01 4.992486527182872891e+01
4.693715594332417851e+01 4.867836111543779509e+01
4.693715594332417851e+01 4.253936669949777638e+01
4.693715594332417851e+01 5.615648269430097628e+01
4.693715594332417851e+01 4.385675855644495869e+01
4.693715594332417851e+01 4.829220793870479156e+01
4.693715594332417851e+01 4.487280930078422614e+01
4.693715594332417851e+01 4.481398619060883703e+01
4.693715594332417851e+01 4.434185161820792587e+01
4.693715594332417851e+01 5.246874223937521009e+01
4.693715594332417851e+01 4.860773495218298024e+01
4.693715594332417851e+01 4.634176815866519661e+01
4.693715594332417851e+01 4.203468411702125707e+01
4.693715594332417851e+01 4.828013187151351104e+01
4.693715594332417851e+01 4.810938505637084006e+01
4.693715594332417851e+01 4.672270513742220288e+01
4.693715594332417851e+01 4.520819446054034074e+01
4.693715594332417851e+01 4.661778103642896554e+01
4.693715594332417851e+01 4.295196985179060079e+01
4.693715594332417851e+01 4.474603358439897249e+01
4.693715594332417851e+01 4.665762606447274408e+01
4.693715594332417851e+01 5.181302898605295582e+01
4.693715594332417851e+01 4.103447656082466466e+01
4.693715594332417851e+01 4.158666493170742484e+01
4.693715594332417851e+01 4.903897796595624925e+01
4.693715594332417851e+01 4.404808413883370832e+01
4.693715594332417851e+01 4.429912460362874072e+01
4.693715594332417851e+01 4.881388471586425482e+01
4.693715594332417851e+01 4.583031512399797691e+01
4.693715594332417851e+01 4.475789160517643950e+01
4.693715594332417851e+01 4.921964147649674715e+01
4.693715594332417851e+01 5.035139467391066148e+01
4.693715594332417851e+01 4.720138341097135282e+01
4.693715594332417851e+01 4.165196668023419591e+01
4.693715594332417851e+01 4.476223846851311094e+01
4.693715594332417851e+01 5.419518478328158295e+01
4.693715594332417851e+01 4.605798258965240422e+01
4.693715594332417851e+01 4.717129069054106338e+01
4.693715594332417851e+01 4.882728285457652362e+01
4.693715594332417851e+01 4.399632257887846976e+01
4.693715594332417851e+01 4.611290020664337419e+01
4.693715594332417851e+01 4.805774151204983724e+01
4.693715594332417851e+01 4.392209943360681024e+01
4.693715594332417851e+01 4.558219825749440446e+01
4.693715594332417851e+01 4.581104535764848862e+01
4.693715594332417851e+01 4.731641547629355671e+01
4.693715594332417851e+01 4.478010175038468788e+01
4.693715594332417851e+01 4.674466647480647907e+01
4.693715594332417851e+01 4.563821873199355394e+01
4.693715594332417851e+01 4.671333568381308510e+01
4.693715594332417851e+01 5.157312386296899831e+01
4.693715594332417851e+01 4.711595663889358576e+01
4.693715594332417851e+01 4.281774416396715566e+01
4.693715594332417851e+01 4.725817850021786626e+01
4.693715594332417851e+01 4.698259616855828114e+01
4.693715594332417851e+01 4.962975123057566407e+01
4.693715594332417851e+01 4.222406064971536210e+01
4.693715594332417851e+01 4.923205902311980253e+01
4.693715594332417851e+01 4.824095315827798913e+01
4.693715594332417851e+01 4.961332726960795014e+01
4.693715594332417851e+01 4.917385154065954112e+01
4.693715594332417851e+01 4.335813400190755829e+01
4.693715594332417851e+01 4.383066095615497204e+01
4.693715594332417851e+01 4.682386547848117431e+01
4.693715594332417851e+01 4.380847737256403462e+01
4.693715594332417851e+01 4.310752438221613403e+01
4.693715594332417851e+01 4.233619527797599602e+01
4.693715594332417851e+01 4.666774339490985568e+01
4.693715594332417851e+01 4.722978640672238981e+01
4.693715594332417851e+01 4.675979927229546718e+01
4.693715594332417851e+01 4.061205924561618730e+01
4.693715594332417851e+01 5.121676013154510798e+01
4.693715594332417851e+01 4.709764897887571067e+01
4.693715594332417851e+01 4.718570707770436456e+01
4.693715594332417851e+01 4.879654185528863053e+01
4.693715594332417851e+01 4.688849835323683379e+01
4.693715594332417851e+01 5.067005601846000218e+01
4.693715594332417851e+01 3.730195460524731033e+01
4.693715594332417851e+01 4.294027739285218814e+01
4.693715594332417851e+01 4.988645463711456784e+01
4.693715594332417851e+01 4.768371320745262665e+01
4.693715594332417851e+01 4.173523078658121221e+01
4.693715594332417851e+01 4.876517070659887310e+01
4.693715594332417851e+01 4.682661615651954179e+01
4.693715594332417851e+01 4.698825120477837203e+01
4.693715594332417851e+01 4.275392085755273541e+01
4.693715594332417851e+01 4.418488280650323929e+01
4.693715594332417851e+01 3.595739160118604616e+01
4.693715594332417851e+01 4.669733804197093718e+01
4.693715594332417851e+01 4.622991852288370040e+01
4.693715594332417851e+01 5.042860112893121993e+01
4.693715594332417851e+01 4.640687004895704604e+01
4.693715594332417851e+01 4.792167554084704761e+01
4.693715594332417851e+01 4.472378033992140445e+01
4.693715594332417851e+01 4.183689148942447389e+01
4.693715594332417851e+01 4.377076255002615568e+01
4.693715594332417851e+01 4.391897442148712116e+01
4.693715594332417851e+01 4.827746277309547196e+01
4.693715594332417851e+01 4.405678429603238300e+01
4.693715594332417851e+01 4.247660391764139121e+01
4.693715594332417851e+01 4.283893547933885060e+01
4.693715594332417851e+01 4.372501357572374303e+01
4.693715594332417851e+01 4.789127981542628731e+01
4.693715594332417851e+01 4.731352590337530017e+01
4.693715594332417851e+01 4.741613511140808868e+01
4.693715594332417851e+01 4.445661441617646403e+01
4.693715594332417851e+01 4.416171591581918676e+01
4.693715594332417851e+01 5.076490373790198873e+01
4.693715594332417851e+01 4.619476270857698097e+01
4.693715594332417851e+01 4.350877108516351655e+01
4.693715594332417851e+01 4.741411997566775938e+01
4.693715594332417851e+01 4.536403366153836458e+01
4.693715594332417851e+01 4.084709999952796977e+01
4.693715594332417851e+01 4.456508457357131903e+01
4.693715594332417851e+01 4.723159401640022992e+01
4.693715594332417851e+01 5.345302827527420675e+01
4.693715594332417851e+01 4.199095828267593333e+01
4.693715594332417851e+01 4.831298664134246934e+01
4.693715594332417851e+01 4.770959917630084846e+01
4.693715594332417851e+01 4.758608918394486409e+01
4.693715594332417851e+01 4.450140205683207739e+01
4.693715594332417851e+01 4.362860742161731054e+01
4.693715594332417851e+01 5.419404835969859846e+01
4.693715594332417851e+01 4.715867612589414648e+01
4.693715594332417851e+01 4.101585420879341370e+01
4.693715594332417851e+01 4.495107403874699514e+01
4.693715594332417851e+01 5.012398042139369636e+01
4.693715594332417851e+01 4.144745187128927455e+01
4.693715594332417851e+01 4.012010514765322711e+01
4.693715594332417851e+01 4.752597754038271205e+01
4.693715594332417851e+01 4.074023247456646146e+01
4.693715594332417851e+01 4.398718668654365871e+01
4.693715594332417851e+01 4.795150034006378803e+01
4.693715594332417851e+01 5.468346417824605510e+01
4.693715594332417851e+01 4.281800251919481326e+01
4.693715594332417851e+01 5.096254170608126799e+01
4.693715594332417851e+01 4.525847535640998132e+01
4.693715594332417851e+01 4.767182739071697029e+01
4.693715594332417851e+01 4.899831416441886489e+01
4.693715594332417851e+01 4.455568292126728380e+01
4.693715594332417851e+01 4.416664377754712234e+01
4.693715594332417851e+01 4.563019845878353209e+01
4.693715594332417851e+01 4.450501121493403645e+01
4.693715594332417851e+01 4.567429990865802125e+01
4.693715594332417851e+01 4.587481460364722352e+01
4.693715594332417851e+01 5.209220493337245728e+01
4.693715594332417851e+01 4.880029615783137587e+01
4.693715594332417851e+01 3.993995362493708967e+01
4.693715594332417851e+01 4.746019785490653220e+01
4.693715594332417851e+01 4.700536104695360251e+01
4.693715594332417851e+01 4.395152151903000970e+01
4.693715594332417851e+01 4.901382157514407822e+01
4.693715594332417851e+01 4.249074678120191351e+01
4.693715594332417851e+01 4.905764490609811901e+01
4.693715594332417851e+01 4.950662268885906059e+01
4.693715594332417851e+01 4.571888868218125879e+01
4.693715594332417851e+01 4.249903380908197903e+01
4.693715594332417851e+01 4.301067524395882913e+01
4.693715594332417851e+01 4.281550932882447569e+01
4.693715594332417851e+01 5.255711996392849272e+01
4.693715594332417851e+01 3.975376076301698447e+01
4.693715594332417851e+01 4.561456447295987005e+01
4.693715594332417851e+01 5.156232996990802064e+01
4.693715594332417851e+01 4.583003811855450493e+01
4.693715594332417851e+01 4.081257258977043989e+01
4.693715594332417851e+01 4.996100109988764615e+01
4.693715594332417851e+01 4.660951707750249540e+01
4.693715594332417851e+01 4.630939393487487621e+01
4.693715594332417851e+01 4.776112237201909494e+01
4.693715594332417851e+01 4.738819394322983669e+01
4.693715594332417851e+01 4.771760822062672247e+01
4.693715594332417851e+01 4.185180408018775466e+01
4.693715594332417851e+01 4.572125611626749020e+01
4.693715594332417851e+01 5.197265633805903207e+01
4.693715594332417851e+01 4.973525133009756161e+01
4.693715594332417851e+01 4.982469689341212415e+01
4.693715594332417851e+01 4.724764103732665177e+01
4.693715594332417851e+01 4.371947308989471992e+01
4.693715594332417851e+01 4.186784649691635707e+01
4.693715594332417851e+01 4.254301738754661244e+01
4.693715594332417851e+01 4.321140865056557345e+01
4.693715594332417851e+01 4.663160113263171525e+01
4.693715594332417851e+01 4.428968446350375388e+01
4.693715594332417851e+01 4.482689161063919414e+01
4.693715594332417851e+01 4.380765454499142919e+01
4.693715594332417851e+01 5.169811360858805216e+01
4.693715594332417851e+01 4.716019318965625473e+01
4.693715594332417851e+01 5.482881475888497391e+01
4.693715594332417851e+01 4.739353695079984163e+01
4.693715594332417851e+01 4.735130253506586229e+01
4.693715594332417851e+01 4.932437927854314808e+01
4.693715594332417851e+01 4.742591338429774339e+01
4.693715594332417851e+01 4.265169779706465647e+01
4.693715594332417851e+01 4.462408890281125196e+01
4.693715594332417851e+01 4.835910753654701466e+01
4.693715594332417851e+01 4.794300455676449246e+01
4.693715594332417851e+01 4.574814979550301786e+01
4.693715594332417851e+01 4.409675987663488428e+01
4.693715594332417851e+01 4.143107973021128032e+01
4.693715594332417851e+01 4.841718431691953128e+01
4.693715594332417851e+01 4.636146227004758913e+01
4.693715594332417851e+01 4.268452957117860791e+01
4.693715594332417851e+01 4.548172364430122627e+01
4.693715594332417851e+01 4.996136135232411135e+01
4.693715594332417851e+01 4.934895769442632485e+01
4.693715594332417851e+01 4.765830754386768575e+01
4.693715594332417851e+01 4.661076416044140558e+01
4.693715594332417851e+01 5.007643337765973968e+01
4.693715594332417851e+01 4.058997273754464175e+01
4.693715594332417851e+01 4.662889460525239826e+01
4.693715594332417851e+01 4.937775788621608797e+01
4.693715594332417851e+01 4.838768764668061095e+01
4.693715594332417851e+01 4.745347932967548843e+01
4.693715594332417851e+01 4.752114320560644245e+01
4.693715594332417851e+01 4.423531293213864046e+01
4.693715594332417851e+01 4.812252882508795437e+01
4.693715594332417851e+01 4.963055392125662735e+01
4.693715594332417851e+01 4.749987071902221913e+01
4.693715594332417851e+01 4.689849083175803202e+01
4.693715594332417851e+01 4.146895623432536127e+01
4.693715594332417851e+01 5.297367166019017759e+01
4.693715594332417851e+01 3.953367855118474239e+01
4.693715594332417851e+01 4.616610440413727190e+01
4.693715594332417851e+01 4.210838236430021198e+01
4.693715594332417851e+01 5.036657753473084398e+01
4.693715594332417851e+01 4.602089813096366555e+01
4.693715594332417851e+01 4.697823346366922692e+01
4.693715594332417851e+01 4.162664010495840472e+01
4.693715594332417851e+01 4.603524892859420703e+01
4.693715594332417851e+01 4.708431017831900078e+01
4.693715594332417851e+01 4.322868237582596862e+01
4.693715594332417851e+01 5.042766963343014197e+01
4.693715594332417851e+01 4.515099461165189609e+01
4.693715594332417851e+01 5.150724082810179993e+01
4.693715594332417851e+01 4.631579228422728534e+01
4.693715594332417851e+01 4.400920084169511881e+01
4.693715594332417851e+01 4.323953692440227314e+01
4.693715594332417851e+01 4.669313274483196352e+01
4.693715594332417851e+01 4.470080091071481831e+01
4.693715594332417851e+01 4.323827079962104136e+01
4.693715594332417851e+01 5.275547339484148779e+01
4.693715594332417851e+01 4.442586872183604640e+01
4.693715594332417851e+01 4.167863578300769234e+01
4.693715594332417851e+01 4.648187651703306500e+01
4.693715594332417851e+01 4.716914813525442440e+01
4.693715594332417851e+01 4.375974641266481768e+01
4.693715594332417851e+01 5.091688573177176380e+01
4.693715594332417851e+01 4.564249421417397201e+01
4.693715594332417851e+01 4.884276142253072805e+01
4.693715594332417851e+01 4.635929091631595611e+01
4.693715594332417851e+01 5.030512796640486783e+01
4.693715594332417851e+01 4.423969038292538158e+01
4.693715594332417851e+01 4.291415420553028781e+01
4.693715594332417851e+01 5.245374388930321885e+01
4.693715594332417851e+01 4.686406597028528154e+01
4.693715594332417851e+01 5.179553535308944845e+01
4.693715594332417851e+01 4.855775687286104159e+01
4.693715594332417851e+01 5.075861022399504918e+01
