4.693715594332417851e+01 4.740040159216527371e+01
4.693715594332417851e+01 5.043976696361512779e+01
4.693715594332417851e+01 4.273608904874057401e+01
4.693715594332417851e+01 4.694272800231841103e+01
4.693715594332417851e+01 4.326931971077552674e+01
4.693715594332417851e+01 4.032256947523212176e+01
4.693715594332417851e+01 5.266504828260498527e+01
4.693715594332417851e+01 5.531695279623105677e+01
4.693715594332417851e+01 4.783953077760106254e+01
4.693715594332417851e+01 4.326648267056044972e+01
4.693715594332417851e+01 4.999313400806919105e+01
4.693715594332417851e+01 4.392300224785003593e+01
4.693715594332417851e+01 5.063399212442678277e+01
4.693715594332417851e+01 3.899546913215247201e+01
4.693715594332417851e+01 4.786167227756390474e+01
4.693715594332417851e+01 4.212275384921871790e+01
4.693715594332417851e+01 4.593772406712868417e+01
4.693715594332417851e+01 4.332207786476676148e+01
4.693715594332417851e+01 4.379913181290451263e+01
4.693715594332417851e+01 3.946524584498530430e+01
4.693715594332417851e+01 4.623546286332427968e+01
4.693715594332417851e+01 4.622295950174958534e+01
4.693715594332417851e+01 4.568346780547502561e+01
4.693715594332417851e+01 4.964816026653432601e+01
4.693715594332417851e+01 5.321567106822549675e+01
4.693715594332417851e+01 4.401896017460033761e+01
4.693715594332417851e+01 4.062082012269294040e+01
4.693715594332417851e+01 5.302629754801706952e+01
4.693715594332417851e+01 4.874171096745686782e+01
4.693715594332417851e+01 5.041407260058654316e+01
4.693715594332417851e+01 4.358909525586084754e+01
4.693715594332417851e+01 4.570906620467371084e+01
4.693715594332417851e+01 4.751099344633915678e+01
4.693715594332417851e+01 5.065207383237093808e+01
4.693715594332417851e+01 4.116383819959561663e+01
4.693715594332417851e+01 5.189193994030773638e+01
4.693715594332417851e+01 4.372221267180669457e+01
4.693715594332417851e+01 4.571130246728992574e+01
4.693715594332417851e+01 4.931834564919746100e+01
4.693715594332417851e+01 4.836761090491263815e+01
4.693715594332417851e+01 4.351715897706431235e+01
4.693715594332417851e+01 4.253970207580026397e+01
4.693715594332417851e+01 4.856353616565640152e+01
4.693715594332417851e+01 4.669495131038940627e+01
4.693715594332417851e+01 4.901930465193937181e+01
4.693715594332417851e+01 4.584608759872240569e+01
4.693715594332417851e+01 4.685955869687606423e+01
4.693715594332417851e+01 4.826983434370791315e+01
4.693715594332417851e+01 4.646860430439227940e+01
4.693715594332417851e+01 4.969711663628176268e+01
4.693715594332417851e+01 4.226325827147512371e+01
4.693715594332417851e+01 4.430315303722303355e+01
4.693715594332417851e+01 4.224374946752851656e+01
4.693715594332417851e+01 4.430781933344523793e+01
4.693715594332417851e+01 4.533485257495418352e+01
4.693715594332417851e+01 4.627835841912745707e+01
4.693715594332417851e+01 4.416421123464014897e+01
4.693715594332417851e+01 4.671883856838046967e+01
4.693715594332417851e+01 4.567141228255383822e+01
4.693715594332417851e+01 4.164199850397655212e+01
4.693715594332417851e+01 4.461681426536230077e+01
4.693715594332417851e+01 4.485130345336384750e+01
4.693715594332417851e+01 4.579128252654772524e+01
4.693715594332417851e+01 4.871438313580853929e+01
4.693715594332417851e+01 4.379736887303768356e+01
4.693715594332417851e+01 5.391556350573362266e+01
4.693715594332417851e+01 5.011570690576030529e+01
4.693715594332417851e+01 5.138898147869905841e+01
4.693715594332417851e+01 4.981288493989791988e+01
4.693715594332417851e+01 4.873594715819051260e+01
4.693715594332417851e+01 4.449955068529403945e+01
4.693715594332417851e+01 4.452961708782737560e+01
4.693715594332417851e+01 4.746237878874284633e+01
4.693715594332417851e+01 4.502920090805015008e+01
4.693715594332417851e+01 4.428026595238475949e+01
4.693715594332417851e+01 4.824657430898236044e+01
4.693715594332417851e+01 4.178756422818384664e+01
4.693715594332417851e+01 4.510841788812131625e+01
4.693715594332417851e+01 4.901056666341202117e+01
4.693715594332417851e+01 3.997304604235647929e+01
4.693715594332417851e+01 4.836764665416143316e+01
4.693715594332417851e+01 4.819491080410497830e+01
4.693715594332417851e+01 4.608409623448795855e+01
4.693715594332417851e+01 4.198529816758482980e+01
4.693715594332417851e+01 4.899679511562580103e+01
4.693715594332417851e+01 4.787186395746931566e+01
4.693715594332417851e+01 4.528617563182144323e+01
4.693715594332417851e+01 4.357454577442067745e+01
4.693715594332417851e+01 4.632563726219991906e+01
4.693715594332417851e+01 4.759211321906332870e+01
4.693715594332417851e+01 4.585043203412361379e+01
4.693715594332417851e+01 5.002052563397528218e+01
4.693715594332417851e+01 4.461342830319633634e+01
4.693715594332417851e+01 4.806967741702698049e+01
4.693715594332417851e+01 4.605441647611240086e+01
4.693715594332417851e+01 4.421244402941920271e+01
4.693715594332417851e+01 4.443546224091626584e+01
4.693715594332417851e+01 4.430596870897443296e+01
4.693715594332417851e+01 4.731970459505544824e+01
4.693715594332417851e+01 4.464537448721538482e+01
4.693715594332417851e+01 4.730361157051949306e+01
4.693715594332417851e+01 4.481432501064681162e+01
4.693715594332417851e+01 4.690946842795743521e+01
4.693715594332417851e+01 4.697070104504918930e+01
4.693715594332417851e+01 4.849046536436262045e+01
4.693715594332417851e+01 4.843259648485998525e+01
4.693715594332417851e+01 4.585090686730897858e+01
4.693715594332417851e+01 4.518863002771503545e+01
4.693715594332417851e+01 4.762374673229791000e+01
4.693715594332417851e+01 4.224367512069561315e+01
4.693715594332417851e+01 4.831362887250981686e+01
4.693715594332417851e+01 4.262455438304628785e+01
4.693715594332417851e+01 4.828464701372270440e+01
4.693715594332417851e+01 4.658336741466006004e+01
4.693715594332417851e+01 4.348445910893637745e+01
4.693715594332417851e+01 4.518384034813829686e+01
4.693715594332417851e+01 4.361181899072874302e+01
4.693715594332417851e+01 4.963278159451683536e+01
4.693715594332417851e+01 4.898386545976112671e+01
4.693715594332417851e+01 4.552486133304321925e+01
4.693715594332417851e+01 5.361706856367881358e+01
4.693715594332417851e+01 4.719822931727554050e+01
4.693715594332417851e+01 4.409700946152685930e+01
4.693715594332417851e+01 4.997769553932012343e+01
4.693715594332417851e+01 4.657365460319815043e+01
4.693715594332417851e+01 4.290381297865494759e+01
4.693715594332417851e+01 4.933726570617057661e+01
4.693715594332417851e+01 4.205037780975819572e+01
4.693715594332417851e+01 4.616345947021140006e+01
4.693715594332417851e+01 4.640287414247005415e+01
4.693715594332417851e+01 4.460443685381538614e+01
4.693715594332417851e+01 3.964785054386186403e+01
4.693715594332417851e+01 4.495404215253736879e+01
4.693715594332417851e+01 4.182240508349362074e+01
4.693715594332417851e+01 4.391072567703360363e+01
4.693715594332417851e+01 4.451408674213567451e+01
4.693715594332417851e+01 4.874405885016400219e+01
4.693715594332417851e+01 4.552625071392767353e+01
4.693715594332417851e+01 4.556265544805148693e+01
4.693715594332417851e+01 4.755689317166167029e+01
4.693715594332417851e+01 4.510086402402062333e+01
4.693715594332417851e+01 4.251406267655802651e+01
4.693715594332417851e+01 4.937019785113994175e+01
4.693715594332417851e+01 4.484280327717316794e+01
4.693715594332417851e+01 4.379639467392489394e+01
4.693715594332417851e+01 4.597587255872520018e+01
4.693715594332417851e+01 4.288670564770330174e+01
4.693715594332417851e+01 4.227007666091182614e+01
4.693715594332417851e+01 4.346061240506109868e+01
4.693715594332417851e+01 4.816518874763319502e+01
4.693715594332417851e+01 4.575047777570203777e+01
4.693715594332417851e+01 4.688552448277136619e+01
4.693715594332417851e+01 4.847950919527464464e+01
4.693715594332417851e+01 4.047652979521524941e+01
4.693715594332417851e+01 4.410346112758538339e+01
4.693715594332417851e+01 4.937982580331729565e+01
4.693715594332417851e+01 4.742579390432599240e+01
4.693715594332417851e+01 4.587401505294012338e+01
4.693715594332417851e+01 4.886848725193647880e+01
4.693715594332417851e+01 4.648239305716354863e+01
4.693715594332417851e+01 4.860530766109749123e+01
4.693715594332417851e+01 4.320136241333791816e+01
4.693715594332417851e+01 4.747460391860434470e+01
4.693715594332417851e+01 5.175366000752202922e+01
4.693715594332417851e+01 4.889207699268198581e+01
4.693715594332417851e+01 4.787584317531693046e+01
4.693715594332417851e+01 4.900725106075989856e+01
4.693715594332417851e+01 4.858137745884504000e+01
4.693715594332417851e+01 4.980210580799589337e+01
4.693715594332417851e+01 4.883085958350358169e+01
4.693715594332417851e+01 4.314840762789541628e+01
4.693715594332417851e+01 4.803190598591979921e+01
4.693715594332417851e+01 4.421094384246568154e+01
4.693715594332417851e+01 4.927281197702473747e+01
4.693715594332417851e+01 4.513576990550819090e+01
4.693715594332417851e+01 4.271238767528683411e+01
4.693715594332417851e+01 4.805978087379193653e+01
4.693715594332417851e+01 5.287495882244300560e+01
4.693715594332417851e+01 5.048252157424660425e+01
4.693715594332417851e+01 4.592368875849874854e+01
4.693715594332417851e+01 4.710753541833665281e+01
4.693715594332417851e+01 4.837702506090212751e+01
4.693715594332417851e+01 4.683672719242368032e+01
4.693715594332417851e+01 4.708413675894743022e+01
4.693715594332417851e+01 4.673389967857964677e+01
4.693715594332417851e+01 4.656618795665855259e+01
4.693715594332417851e+01 4.590509394503197882e+01
4.693715594332417851e+01 4.213839156092080884e+01
4.693715594332417851e+01 4.377733868528763850e+01
4.693715594332417851e+01 5.394509063432861495e+01
4.693715594332417851e+01 4.783155988422969784e+01
4.693715594332417851e+01 4.876007702491029505e+01
4.693715594332417851e+01 4.922192579255346345e+01
4.693715594332417851e+01 4.591808415717100189e+01
4.693715594332417851e+01 5.021284099652756083e+01
4.693715594332417851e+01 4.782184478358716717e+01
4.693715594332417851e+01 4.917207010012553781e+01
4.693715594332417851e+01 4.273084512918474331e+01
4.693715594332417851e+01 4.666499774608172402e+01
4.693715594332417851e+01 4.715903608641851719e+01
4.693715594332417851e+01 4.163014238832268887e+01
4.693715594332417851e+01 4.140240906576875091e+01
4.693715594332417851e+01 4.765319035095310340e+01
4.693715594332417851e+01 4.854115958468444347e+01
4.693715594332417851e+01 4.639021002163957519e+01
4.693715594332417851e+01 4.130320326290487998e+01
4.693715594332417851e+01 5.515709192859694809e+01
4.693715594332417851e+01 4.954799853180734459e+01
4.693715594332417851e+01 4.882393799084618990e+01
4.693715594332417851e+01 4.341137993092706182e+01
4.693715594332417851e+01 4.685203869675534349e+01
4.693715594332417851e+01 4.859959873977190625e+01
4.693715594332417851e+01 4.356987551060649366e+01
4.693715594332417851e+01 4.957612294936012631e+01
4.693715594332417851e+01 4.010794377626649521e+01
4.693715594332417851e+01 4.514113371642535810e+01
4.693715594332417851e+01 4.574696723924139263e+01
4.693715594332417851e+01 5.161611809596710998e+01
4.693715594332417851e+01 4.765614978963228054e+01
4.693715594332417851e+01 5.520314039574309106e+01
4.693715594332417851e+01 4.232449957879344993e+01
4.693715594332417851e+01 4.249374415649765524e+01
4.693715594332417851e+01 4.718686203927907741e+01
4.693715594332417851e+01 4.468020823008306053e+01
4.693715594332417851e+01 4.783375088869938452e+01
4.693715594332417851e+01 4.857239161004989114e+01
4.693715594332417851e+01 4.744690110522594040e+01
4.693715594332417851e+01 4.842479842782910282e+01
4.693715594332417851e+01 4.696513031769857349e+01
4.693715594332417851e+01 4.459934484833141966e+01
4.693715594332417851e+01 4.458458824138424603e+01
4.693715594332417851e+01 4.790243015089394873e+01
4.693715594332417851e+01 4.664715494756591596e+01
4.693715594332417851e+01 4.628766980245040230e+01
4.693715594332417851e+01 4.758803908676492966e+01
4.693715594332417851e+01 4.884237364145507598e+01
4.693715594332417851e+01 4.524600864220420249e+01
4.693715594332417851e+01 5.344446792370322896e+01
4.693715594332417851e+01 4.453663506510657299e+01
4.693715594332417851e+01 4.475416081598776685e+01
4.693715594332417851e+01 4.724637609545708017e+01
4.693715594332417851e+01 4.597139849773358122e+01
4.693715594332417851e+01 4.562566928275289513e+01
4.693715594332417851e+01 3.931044873370555592e+01
4.693715594332417851e+01 4.788500097535489886e+01
4.693715594332417851e+01 4.502675729024036855e+01
4.693715594332417851e+01 4.492330963813723343e+01
4.693715594332417851e+01 4.584044166575778689e+01
4.693715594332417851e+01 4.886380790785801054e+01
4.693715594332417851e+01 4.766813902281374027e+01
4.693715594332417851e+01 4.314177382567503827e+01
4.693715594332417851e+01 4.409350563752882124e+01
4.693715594332417851e+01 4.597050838733918710e+01
4.693715594332417851e+01 4.636058864792192935e+01
4.693715594332417851e+01 4.576683887208686485e+01
4.693715594332417851e+01 5.202838641325108426e+01
4.693715594332417851e+01 4.783851134124469695e+01
4.693715594332417851e+01 4.839710037448486446e+01
4.693715594332417851e+01 4.994638126099715691e+01
4.693715594332417851e+01 4.877990852004575117e+01
4.693715594332417851e+01 4.550186325624607520e+01
4.693715594332417851e+01 4.120271923950231496e+01
4.693715594332417851e+01 4.190603881482903148e+01
4.693715594332417851e+01 4.332253383387917722e+01
4.693715594332417851e+01 5.100553212161291583e+01
4.693715594332417851e+01 4.093166288878381209e+01
4.693715594332417851e+01 5.211680208486642130e+01
4.693715594332417851e+01 4.205441113734610781e+01
4.693715594332417851e+01 4.904551500181186441e+01
4.693715594332417851e+01 4.460650628173715404e+01
4.693715594332417851e+01 4.295283743062751824e+01
4.693715594332417851e+01 5.537274398378908558e+01
4.693715594332417851e+01 5.425573368589920165e+01
4.693715594332417851e+01 5.093013840959282135e+01
4.693715594332417851e+01 4.661915006418754359e+01
4.693715594332417851e+01 4.765520168827312375e+01
4.693715594332417851e+01 4.768508318899930032e+01
4.693715594332417851e+01 4.567065399431459838e+01
4.693715594332417851e+01 4.700834197463160535e+01
4.693715594332417851e+01 5.141708643950381941e+01
4.693715594332417851e+01 4.400992837239009248e+01
4.693715594332417851e+01 5.117008162499735135e+01
4.693715594332417851e+01 4.664434053354117538e+01
4.693715594332417851e+01 4.077784135690235701e+01
4.693715594332417851e+01 4.259288379427700022e+01
4.693715594332417851e+01 4.833816441054017332e+01
4.693715594332417851e+01 5.124899655682737887e+01
4.693715594332417851e+01 4.636454076285822623e+01
4.693715594332417851e+01 4.957817477637879477e+01
4.693715594332417851e+01 4.945045166335721376e+01
4.693715594332417851e+01 4.537807047997350196e+01
4.693715594332417851e+01 4.765059696660814836e+01
4.693715594332417851e+01 4.735970821163779476e+01
4.693715594332417851e+01 5.192567402789753572e+01
4.693715594332417851e+01 5.651541611719191138e+01
4.693715594332417851e+01 4.686907365824002625e+01
4.693715594332417851e+01 5.037060906542247807e+01
4.693715594332417851e+01 4.701211102344701942e+01
4.693715594332417851e+01 4.522212931286182425e+01
4.693715594332417851e+01 4.382120613388097752e+01
4.693715594332417851e+01 4.211395564956147552e+01
4.693715594332417851e+01 5.007354006757064013e+01
4.693715594332417851e+01 3.952998965818373023e+01
4.693715594332417851e+01 4.652901199898143147e+01
4.693715594332417851e+01 4.494670576978094800e+01
4.693715594332417851e+01 4.657893673644757371e+01
4.693715594332417851e+01 4.797002139267068088e+01
4.693715594332417851e+01 4.803869195978512607e+01
4.693715594332417851e+01 4.412055326123997645e+01
4.693715594332417851e+01 4.500758622994911207e+01
4.693715594332417851e+01 4.587807840100925461e+01
4.693715594332417851e+01 4.489017788257555708e+01
4.693715594332417851e+01 4.175484768747651287e+01
4.693715594332417851e+01 4.085268684241198400e+01
4.693715594332417851e+01 5.426750844700692511e+01
4.693715594332417851e+01 4.839169456059750019e+01
4.693715594332417851e+01 4.191363867944176036e+01
4.693715594332417851e+01 4.794832912595057905e+01
4.693715594332417851e+01 4.492036932192794296e+01
4.693715594332417851e+01 4.362561955069536879e+01
4.693715594332417851e+01 4.550604397560144321e+01
4.693715594332417851e+01 4.690916083734544628e+01
4.693715594332417851e+01 4.710858601688253344e+01
4.693715594332417851e+01 4.915080937059262567e+01
4.693715594332417851e+01 4.751089254944119489e+01
4.693715594332417851e+01 4.690268405136583851e+01
4.693715594332417851e+01 4.091280787547066211e+01
4.693715594332417851e+01 4.760388671399827842e+01
4.693715594332417851e+01 4.545352892950330670e+01
4.693715594332417851e+01 4.887069249991107966e+01
4.693715594332417851e+01 5.232205461074266850e+01
4.693715594332417851e+01 4.569533928595798500e+01
4.693715594332417851e+01 4.132886936065091277e+01
4.693715594332417851e+01 4.415835406165734867e+01
4.693715594332417851e+01 4.065318639599293959e+01
4.693715594332417851e+01 4.995977174132406873e+01
4.693715594332417851e+01 4.784694875332918684e+01
4.693715594332417851e+01 4.816909995655130672e+01
4.693715594332417851e+01 4.369666284952816682e+01
4.693715594332417851e+01 4.488139528602203399e+01
4.693715594332417851e+01 4.151422424610017714e+01
4.693715594332417851e+01 4.705173238617493325e+01
4.693715594332417851e+01 4.518168224651108034e+01
4.693715594332417851e+01 4.289821265700680186e+01
4.693715594332417851e+01 4.393598605326805995e+01
4.693715594332417851e+01 4.522853912768336926e+01
4.693715594332417851e+01 4.986175215120932336e+01
4.693715594332417851e+01 4.481784487624962310e+01
4.693715594332417851e+01 4.240088458566739860e+01
4.693715594332417851e+01 3.844627824242612490e+01
4.693715594332417851e+01 4.333730450599889394e+01
4.693715594332417851e+01 4.318538146393944999e+01
4.693715594332417851e+01 4.528532011469063434e+01
4.693715594332417851e+01 4.539019445509208595e+01
4.693715594332417851e+01 4.649910980280564843e+01
4.693715594332417851e+01 5.096419258764045424e+01
4.693715594332417851e+01 4.235826643063095531e+01
4.693715594332417851e+01 4.695658647622703796e+01
4.693715594332417851e+01 5.305544105782396258e+01
4.693715594332417851e+01 4.313034001427979547e+01
4.693715594332417851e+01 4.352492724040357075e+01
4.693715594332417851e+01 4.406806718055480587e+01
4.693715594332417851e+01 4.954475149944192935e+01
4.693715594332417851e+01 4.726094086195664090e+01
4.693715594332417851e+01 4.318336645553122821e+01
4.693715594332417851e+01 4.170787731335434501e+01
4.693715594332417851e+01 4.216472794863409490e+01
4.693715594332417851e+01 4.463547697705907069e+01
4.693715594332417851e+01 5.084690611450429998e+01
4.693715594332417851e+01 4.355421094973311824e+01
4.693715594332417851e+01 4.395536314765767116e+01
4.693715594332417851e+01 4.525804000378306569e+01
4.693715594332417851e+01 4.667461179101938740e+01
4.693715594332417851e+01 4.342898242210991100e+01
4.693715594332417851e+01 5.020699783727213372e+01
4.693715594332417851e+01 4.190692178280487923e+01
4.693715594332417851e+01 4.871851419108566716e+01
4.693715594332417851e+01 4.583644779732178165e+01
4.693715594332417851e+01 5.118418781210850454e+01
4.693715594332417851e+01 4.588853486172718021e+01
4.693715594332417851e+01 5.004408266627161339e+01
4.693715594332417851e+01 4.514255353138794646e+01
4.693715594332417851e+01 4.492855570212001481e+01
4.693715594332417851e+01 4.305407896492013720e+01
4.693715594332417851e+01 5.543352160707272702e+01
4.693715594332417851e+01 4.772879037907298283e+01
4.693715594332417851e+01 4.667435800745958829e+01
4.693715594332417851e+01 4.869667829413902638e+01
4.693715594332417851e+01 4.255829769456637734e+01
4.693715594332417851e+01 4.292062072103882997e+01
4.693715594332417851e+01 4.357777260240724360e+01
4.693715594332417851e+01 4.550627628288741278e+01
4.693715594332417851e+01 5.030747783001064732e+01
4.693715594332417851e+01 4.565213866616418414e+01
4.693715594332417851e+01 4.958519361742612830e+01
4.693715594332417851e+01 4.285392472797287411e+01
4.693715594332417851e+01 5.052119983994382579e+01
4.693715594332417851e+01 4.432827448138981197e+01
4.693715594332417851e+01 4.355761644850236536e+01
4.693715594332417851e+01 4.857120050120367694e+01
4.693715594332417851e+01 4.419407089893716289e+01
4.693715594332417851e+01 4.269057742063336036e+01
4.693715594332417851e+01 4.863795016655716097e+01
4.693715594332417851e+01 4.721310610053243551e+01
4.693715594332417851e+01 4.637163698229132791e+01
4.693715594332417851e+01 5.146246977356264551e+01
4.693715594332417851e+01 4.434214910588900693e+01
4.693715594332417851e+01 4.884228019890148431e+01
4.693715594332417851e+01 4.746954930867479305e+01
4.693715594332417851e+01 4.462307185042142521e+01
4.693715594332417851e+01 4.794741295319710161e+01
4.693715594332417851e+01 5.089056336658372004e+01
4.693715594332417851e+01 4.752878909073214686e+01
4.693715594332417851e+01 4.694267653891881764e+01
4.693715594332417851e+01 4.159943679737348532e+01
4.693715594332417851e+01 3.996153008563408804e+01
4.693715594332417851e+01 4.760599002947282088e+01
4.693715594332417851e+01 5.220204952329405756e+01
4.693715594332417851e+01 4.658634955374538578e+01
4.693715594332417851e+01 4.365598234050024473e+01
4.693715594332417851e+01 4.189817800351416111e+01
4.693715594332417851e+01 4.272575164606197262e+01
4.693715594332417851e+01 4.769276248830703935e+01
4.693715594332417851e+01 4.411228058142049946e+01
4.693715594332417851e+01 5.395866186110166041e+01
4.693715594332417851e+01 4.713001307524734074e+01
4.693715594332417851e+01 4.200788714277309310e+01
4.693715594332417851e+01 4.718276639150162310e+01
4.693715594332417851e+01 4.645150191706413523e+01
4.693715594332417851e+01 4.819281440590761889e+01
4.693715594332417851e+01 5.080393419031274505e+01
4.693715594332417851e+01 4.604543920388270095e+01
4.693715594332417851e+01 5.047384095140990468e+01
4.693715594332417851e+01 4.829527358436137519e+01
4.693715594332417851e+01 4.657093914992934458e+01
4.693715594332417851e+01 4.771673543631268899e+01
4.693715594332417851e+01 4.921723115997823328e+01
4.693715594332417851e+01 4.680419721581012027e+01
4.693715594332417851e+01 4.753458149037901848e+01
4.693715594332417851e+01 4.395542285354272849e+01
4.693715594332417851e+01 4.503306192908601702e+01
4.693715594332417851e+01 4.165091409091009922e+01
4.693715594332417851e+01 4.670709073855336868e+01
4.693715594332417851e+01 4.988009430128370525e+01
4.693715594332417851e+01 4.730568550992516208e+01
4.693715594332417851e+01 4.234727158539205760e+01
4.693715594332417851e+01 4.545461786118725200e+01
4.693715594332417851e+01 4.776503732292731286e+01
4.693715594332417851e+01 4.708151589901296319e+01
4.693715594332417851e+01 4.792257941278964495e+01
4.693715594332417851e+01 4.949156448258696628e+01
4.693715594332417851e+01 5.545740742424323599e+01
4.693715594332417851e+01 4.587599243129059090e+01
4.693715594332417851e+01 4.397069633057640914e+01
4.693715594332417851e+01 4.885567513508102166e+01
4.693715594332417851e+01 4.250737316728924498e+01
4.693715594332417851e+01 4.516031647717928621e+01
4.693715594332417851e+01 4.746196699723783041e+01
4.693715594332417851e+01 4.568527110892699739e+01
4.693715594332417851e+01 4.303788177648306146e+01
4.693715594332417851e+01 4.373968273579752264e+01
4.693715594332417851e+01 4.541747727478298202e+01
4.693715594332417851e+01 4.868724877726938161e+01
4.693715594332417851e+01 4.972380232616174567e+01
4.693715594332417851e+01 4.906063445840907633e+01
4.693715594332417851e+01 4.575954286030045637e+01
4.693715594332417851e+01 5.108980413046717217e+01
4.693715594332417851e+01 4.396241630323216754e+01
4.693715594332417851e+01 3.928023229965122454e+01
4.693715594332417851e+01 4.436504871754812740e+01
4.693715594332417851e+01 4.479738125213319222e+01
4.693715594332417851e+01 4.360955180622182326e+01
4.693715594332417851e+01 4.730960929955128336e+01
4.693715594332417851e+01 4.984059148774009174e+01
4.693715594332417851e+01 4.399753472794503750e+01
4.693715594332417851e+01 4.425592886361499012e+01
4.693715594332417851e+01 4.710542848773899749e+01
4.693715594332417851e+01 4.493619386927151993e+01
4.693715594332417851e+01 4.736724705906375021e+01
4.693715594332417851e+01 4.925863458004646844e+01
4.693715594332417851e+01 4.586186127068788210e+01
4.693715594332417851e+01 4.226522484016620496e+01
4.693715594332417851e+01 3.653917327995853981e+01
4.693715594332417851e+01 4.412667283639829208e+01
4.693715594332417851e+01 5.063953933545182906e+01
4.693715594332417851e+01 4.435883694804222444e+01
4.693715594332417851e+01 4.628098131664816606e+01
4.693715594332417851e+01 4.870769347200032939e+01
4.693715594332417851e+01 4.847771648352881613e+01
4.693715594332417851e+01 5.177937359962140107e+01
4.693715594332417851e+01 5.154651972311070551e+01
4.693715594332417851e+01 4.796014364473415981e+01
4.693715594332417851e+01 4.497351234563251410e+01
4.693715594332417851e+01 3.840221728408993584e+01
4.693715594332417851e+01 4.398764718451593581e+01
4.693715594332417851e+01 4.793018085413567775e+01
4.693715594332417851e+01 4.557813650936056860e+01
4.693715594332417851e+01 4.304005752524954431e+01
4.693715594332417851e+01 5.161289912783002620e+01
4.693715594332417851e+01 4.695709639769020072e+01
4.693715594332417851e+01 4.961446159005441103e+01
4.693715594332417851e+01 4.567535243461228589e+01
4.693715594332417851e+01 5.313837599705805559e+01
4.693715594332417851e+01 4.878819093655592098e+01
4.693715594332417851e+01 4.757084474360264181e+01
4.693715594332417851e+01 4.419485513288207557e+01
4.693715594332417851e+01 4.316206827927620537e+01
4.693715594332417851e+01 4.307845876305610489e+01
4.693715594332417851e+01 3.966217368992201386e+01
4.693715594332417851e+01 4.182927348812330592e+01
4.693715594332417851e+01 5.128136725683346242e+01
4.693715594332417851e+01 4.297687913345388466e+01
4.693715594332417851e+01 4.345968789068847826e+01
4.693715594332417851e+01 4.078858504332248458e+01
4.693715594332417851e+01 4.783840406734106665e+01
4.693715594332417851e+01 4.972594640369047170e+01
4.693715594332417851e+01 4.572622764723932676e+01
4.693715594332417851e+01 4.801616138429845648e+01
4.693715594332417851e+01 4.789494207557294203e+01
4.693715594332417851e+01 4.813315938279626494e+01
4.693715594332417851e+01 5.009836351175033542e+01
4.693715594332417851e+01 4.391169570810114919e+01
4.693715594332417851e+01 4.812508176664446324e+01
4.693715594332417851e+01 4.740654730404890671e+01
4.693715594332417851e+01 3.993004199691925038e+01
4.693715594332417851e+01 5.171352368290042278e+01
4.693715594332417851e+01 5.499367358058052702e+01
4.693715594332417851e+01 4.127578266591143574e+01
4.693715594332417851e+01 4.349839162506488321e+01
4.693715594332417851e+01 4.328467466360694971e+01
4.693715594332417851e+01 4.614284360050667289e+01
4.693715594332417851e+01 4.375909789252481374e+01
4.693715594332417851e+01 4.920797435343120441e+01
4.693715594332417851e+01 4.216666838278356977e+01
4.693715594332417851e+01 4.512682761491640093e+01
4.693715594332417851e+01 5.038841422523232438e+01
4.693715594332417851e+01 4.289300857026788805e+01
4.693715594332417851e+01 4.627241049095199799e+01
4.693715594332417851e+01 4.618899264779870606e+01
4.693715594332417851e+01 4.904181841453757329e+01
4.693715594332417851e+01 4.529617410150871137e+01
4.693715594332417851e+01 4.477787146473000490e+01
4.693715594332417851e+01 4.815945091937538791e+01
4.693715594332417851e+01 5.118418429349165422e+01
4.693715594332417851e+01 4.340242722585040980e+01
4.693715594332417851e+01 4.667363423538770206e+01
4.693715594332417851e+01 4.451739546040010964e+01
4.693715594332417851e+01 4.600225049558225976e+01
4.693715594332417851e+01 4.593664260173463987e+01
4.693715594332417851e+01 4.906640939778851873e+01
4.693715594332417851e+01 4.516661979482709910e+01
4.693715594332417851e+01 5.235855595084528602e+01
4.693715594332417851e+01 4.752258003998120017e+01
4.693715594332417851e+01 4.754108939725323069e+01
4.693715594332417851e+01 4.299605977879358676e+01
4.693715594332417851e+01 4.437688313688144603e+01
4.693715594332417851e+01 4.745916073457516404e+01
4.693715594332417851e+01 4.922024787626383358e+01
4.693715594332417851e+01 4.860432363224246899e+01
4.693715594332417851e+01 4.514480556836372216e+01
4.693715594332417851e+01 4.513178992082585950e+01
4.693715594332417851e+01 4.376647497573529932e+01
4.693715594332417851e+01 4.788483122093495581e+01
4.693715594332417851e+01 4.391499550003800323e+01
4.693715594332417851e+01 4.291375016781902474e+01
4.693715594332417851e+01 5.031405293835360482e+01
4.693715594332417851e+01 4.156973688948190215e+01
4.693715594332417851e+01 4.371359209926581002e+01
4.693715594332417851e+01 4.672600310216927966e+01
4.693715594332417851e+01 4.793219443813829628e+01
4.693715594332417851e+01 4.560203204678174416e+01
4.693715594332417851e+01 4.290201196753520207e+01
4.693715594332417851e+01 5.206956671545824378e+01
4.693715594332417851e+01 4.396885807188898099e+01
4.693715594332417851e+01 4.593950541885386230e+01
4.693715594332417851e+01 4.670692057172887957e+01
4.693715594332417851e+01 4.239960141069114030e+01
4.693715594332417851e+01 4.772688117947883057e+01
4.693715594332417851e+01 4.558176992039619790e+01
4.693715594332417851e+01 4.072008142299517175e+01
4.693715594332417851e+01 5.023214916211975378e+01
4.693715594332417851e+01 4.731997330271394020e+01
4.693715594332417851e+01 4.503234094306091606e+01
4.693715594332417851e+01 5.147572062594563391e+01
4.693715594332417851e+01 4.441110689664304800e+01
4.693715594332417851e+01 4.878066020129944036e+01
4.693715594332417851e+01 4.851346889048343769e+01
4.693715594332417851e+01 4.076673694827491801e+01
4.693715594332417851e+01 4.581597491658886412e+01
4.693715594332417851e+01 4.296477730070726864e+01
4.693715594332417851e+01 4.155181149634492499e+01
4.693715594332417851e+01 4.489500439554227995e+01
4.693715594332417851e+01 4.316863710513224106e+01
4.693715594332417851e+01 4.504102090362393795e+01
4.693715594332417851e+01 4.727804973394023591e+01
4.693715594332417851e+01 4.292299848380496741e+01
4.693715594332417851e+01 4.829319578312428973e+01
4.693715594332417851e+01 4.259525251615875874e+01
4.693715594332417851e+01 4.855753790814513593e+01
4.693715594332417851e+01 4.625160600435566494e+01
4.693715594332417851e+01 4.453607905115764964e+01
4.693715594332417851e+01 4.529691840087995303e+01
4.693715594332417851e+01 4.465034703637058300e+01
4.693715594332417851e+01 4.101862320823561703e+01
4.693715594332417851e+01 4.088104721179500700e+01
4.693715594332417851e+01 4.844818247509758891e+01
4.693715594332417851e+01 4.452066203083847284e+01
4.693715594332417851e+01 4.513059829181661797e+01
4.693715594332417851e+01 4.950780950477623321e+01
4.693715594332417851e+01 4.545266766584234119e+01
4.693715594332417851e+01 4.725918701511681519e+01
4.693715594332417851e+01 4.275334720738924688e+01
4.693715594332417851e+01 4.551075653016783917e+01
4.693715594332417851e+01 5.260922079435596999e+01
4.693715594332417851e+01 4.510166704376716496e+01
4.693715594332417851e+01 5.085298134159675243e+01
4.693715594332417851e+01 4.508205715793750556e+01
4.693715594332417851e+01 4.689991969711034159e+01
4.693715594332417851e+01 4.766598992544407309e+01
4.693715594332417851e+01 4.745100811036667210e+01
4.693715594332417851e+01 5.341789049819979596e+01
4.693715594332417851e+01 4.383860270060977626e+01
4.693715594332417851e+01 4.321462855646134216e+01
4.693715594332417851e+01 4.899050626334809522e+01
4.693715594332417851e+01 5.079628556236303893e+01
4.693715594332417851e+01 3.841982586501600849e+01
4.693715594332417851e+01 4.708225622242815689e+01
4.693715594332417851e+01 4.164921611220738384e+01
4.693715594332417851e+01 4.585658207182305546e+01
4.693715594332417851e+01 4.833121940390498850e+01
4.693715594332417851e+01 5.014492362769177447e+01
4.693715594332417851e+01 4.861546826394415888e+01
4.693715594332417851e+01 4.385243172324346261e+01
4.693715594332417851e+01 4.602728410696579431e+01
4.693715594332417851e+01 4.598302093628881693e+01
4.693715594332417851e+01 4.091756028222304309e+01
4.693715594332417851e+01 4.290701560475391574e+01
4.693715594332417851e+01 5.068258485093154064e+01
4.693715594332417851e+01 4.085361216356815106e+01
4.693715594332417851e+01 4.624467956631678334e+01
4.693715594332417851e+01 4.469089398566262616e+01
4.693715594332417851e+01 4.809504176639547524e+01
4.693715594332417851e+01 4.585890825742831822e+01
4.693715594332417851e+01 4.937371725463824390e+01
4.693715594332417851e+01 4.728671627604020244e+01
4.693715594332417851e+01 4.287660910898742372e+01
4.693715594332417851e+01 5.180400222564897916e+01
4.693715594332417851e+01 4.612610240609956946e+01
4.693715594332417851e+01 4.314678098823805641e+01
4.693715594332417851e+01 4.347193497424606790e+01
4.693715594332417851e+01 4.484842756316282220e+01
4.693715594332417851e+01 4.504059801041172761e+01
4.693715594332417851e+01 4.896374445587273527e+01
4.693715594332417851e+01 5.167232450149585787e+01
4.693715594332417851e+01 4.403520814436460995e+01
4.693715594332417851e+01 5.041317132100886056e+01
4.693715594332417851e+01 4.469100224813256972e+01
4.693715594332417851e+01 4.813707615993358502e+01
4.693715594332417851e+01 4.417875618223985157e+01
4.693715594332417851e+01 4.355320551272365748e+01
4.693715594332417851e+01 4.230480799375929024e+01
4.693715594332417851e+01 4.542120697813005137e+01
4.693715594332417851e+01 4.546772967734290916e+01
4.693715594332417851e+01 4.917046476047622150e+01
4.693715594332417851e+01 4.280944843571531777e+01
4.693715594332417851e+01 4.768893744968608672e+01
4.693715594332417851e+01 5.244347537937099446e+01
4.693715594332417851e+01 4.387278353524772001e+01
4.693715594332417851e+01 4.664207843483251992e+01
4.693715594332417851e+01 5.163087618467254458e+01
4.693715594332417851e+01 4.441212713874904239e+01
4.693715594332417851e+01 5.224425466408491303e+01
4.693715594332417851e+01 4.560112260451686694e+01
4.693715594332417851e+01 4.606935764322274451e+01
4.693715594332417851e+01 4.328955564005637768e+01
4.693715594332417851e+01 4.255112975471724468e+01
4.693715594332417851e+01 4.609576398648842854e+01
4.693715594332417851e+01 4.532396068101287767e+01
4.693715594332417851e+01 4.539533910808764006e+01
4.693715594332417851e+01 4.459848633716080002e+01
4.693715594332417851e+01 4.936588270546511836e+01
4.693715594332417851e+01 4.800705760659059251e+01
4.693715594332417851e+01 4.363361459877524595e+01
4.693715594332417851e+01 4.821996688179103785e+01
4.693715594332417851e+01 4.620518718326724894e+01
4.693715594332417851e+01 4.805384588791678624e+01
4.693715594332417851e+01 4.552883901413400736e+01
4.693715594332417851e+01 5.260769098405738475e+01
4.693715594332417851e+01 4.805185268502034290e+01
4.693715594332417851e+01 4.835502679643904145e+01
4.693715594332417851e+01 4.677909332139744691e+01
4.693715594332417851e+01 4.502050107097277021e+01
4.693715594332417851e+01 4.374205767473119977e+01
4.693715594332417851e+01 5.192248099658623772e+01
4.693715594332417851e+01 4.266867831706635883e+01
4.693715594332417851e+01 4.161229943958171162e+01
4.693715594332417851e+01 4.740053864973064890e+01
4.693715594332417851e+01 4.440770723609268344e+01
4.693715594332417851e+01 4.770026800913053933e+01
4.693715594332417851e+01 4.561599482858377996e+01
4.693715594332417851e+01 4.232935127173613665e+01
4.693715594332417851e+01 4.466391154803243779e+01
4.693715594332417851e+01 4.322102783260420011e+01
4.693715594332417851e+01 4.649597772367481241e+01
4.693715594332417851e+01 4.807671233151608448e+01
4.693715594332417851e+01 4.530521031325784520e+01
4.693715594332417851e+01 4.687397623543155589e+01
4.693715594332417851e+01 4.229781451198705611e+01
4.693715594332417851e+01 4.958782754706076901e+01
4.693715594332417851e+01 4.413124170378933542e+01
4.693715594332417851e+01 5.197491577444743882e+01
4.693715594332417851e+01 5.002264875277974454e+01
4.693715594332417851e+01 4.500372945922384105e+01
4.693715594332417851e+01 4.482637992274837302e+01
4.693715594332417851e+01 4.214492065507721463e+01
4.693715594332417851e+01 4.563881695990535547e+01
4.693715594332417851e+01 4.597537571175231363e+01
4.693715594332417851e+01 4.639625308360389511e+01
4.693715594332417851e+01 4.312931291127075895e+01
4.693715594332417851e+01 4.292584210867102001e+01
4.693715594332417851e+01 4.757800168297779919e+01
4.693715594332417851e+01 4.659629150802205544e+01
4.693715594332417851e+01 4.286844046829386912e+01
4.693715594332417851e+01 5.322563239471135432e+01
4.693715594332417851e+01 4.844303227849029270e+01
4.693715594332417851e+01 3.980968125356367437e+01
4.693715594332417851e+01 4.373032648696045044e+01
4.693715594332417851e+01 4.675269033548212150e+01
4.693715594332417851e+01 4.463723627114668346e+01
4.693715594332417851e+01 4.802438821888777198e+01
4.693715594332417851e+01 4.167290688045317637e+01
4.693715594332417851e+01 4.948692649733597904e+01
4.693715594332417851e+01 4.170228055934613565e+01
4.693715594332417851e+01 4.894934625337521084e+01
4.693715594332417851e+01 4.511547342807772054e+01
4.693715594332417851e+01 4.331350686105371040e+01
4.693715594332417851e+01 4.577041546956650109e+01
4.693715594332417851e+01 4.947585616878782844e+01
4.693715594332417851e+01 4.490728794072884966e+01
4.693715594332417851e+01 4.475671834890575695e+01
4.693715594332417851e+01 4.455210241662547332e+01
4.693715594332417851e+01 4.873132817867401201e+01
4.693715594332417851e+01 4.944357325099188216e+01
4.693715594332417851e+01 4.456005134029275183e+01
4.693715594332417851e+01 4.992319435499512537e+01
4.693715594332417851e+01 5.573225237005514998e+01
4.693715594332417851e+01 4.032217717169019267e+01
4.693715594332417851e+01 5.122184910607418828e+01
4.693715594332417851e+01 4.564523605731708500e+01
4.693715594332417851e+01 4.870896456169467825e+01
4.693715594332417851e+01 5.316874682346516323e+01
4.693715594332417851e+01 4.397090764509629679e+01
4.693715594332417851e+01 4.352987819297461414e+01
4.693715594332417851e+01 5.068717984029127166e+01
4.693715594332417851e+01 4.912902017569712143e+01
4.693715594332417851e+01 4.705984590128922918e+01
4.693715594332417851e+01 4.710630320907790036e+01
4.693715594332417851e+01 5.118741987287597794e+01
4.693715594332417851e+01 4.251082676110945613e+01
4.693715594332417851e+01 4.220298642350388718e+01
4.693715594332417851e+01 4.423249711085860270e+01
4.693715594332417851e+01 4.241087174532337656e+01
4.693715594332417851e+01 4.787663544263961057e+01
4.693715594332417851e+01 4.210952437210397648e+01
4.693715594332417851e+01 4.148842372035493753e+01
4.693715594332417851e+01 4.775481618672733930e+01
4.693715594332417851e+01 4.696083653617573361e+01
4.693715594332417851e+01 4.845097918142497662e+01
4.693715594332417851e+01 4.610998174196902255e+01
4.693715594332417851e+01 5.019431829957282076e+01
4.693715594332417851e+01 4.157500663333685509e+01
4.693715594332417851e+01 4.620368781329236185e+01
4.693715594332417851e+01 4.528363738383010428e+01
4.693715594332417851e+01 5.246577993990249666e+01
4.693715594332417851e+01 5.135746035475331439e+01
4.693715594332417851e+01 4.314583753573032965e+01
4.693715594332417851e+01 5.019460283093951602e+01
4.693715594332417851e+01 4.085711109893314585e+01
4.693715594332417851e+01 4.626802823487079053e+01
4.693715594332417851e+01 4.911410605803866503e+01
4.693715594332417851e+01 4.929778188141259676e+01
4.693715594332417851e+01 4.482163690649746712e+01
4.693715594332417851e+01 4.632932584132832687e+01
4.693715594332417851e+01 5.563753323329277123e+01
4.693715594332417851e+01 5.041642551568392605e+01
4.693715594332417851e+01 4.043341057302613706e+01
4.693715594332417851e+01 4.762514505459187575e+01
4.693715594332417851e+01 4.229764483579970147e+01
4.693715594332417851e+01 5.098007444786941278e+01
4.693715594332417851e+01 3.908288486683881047e+01
4.693715594332417851e+01 4.428566660190328719e+01
4.693715594332417851e+01 4.027400525030360257e+01
4.693715594332417851e+01 4.966204460808910426e+01
4.693715594332417851e+01 4.258366331977975960e+01
4.693715594332417851e+01 4.433411625792062694e+01
4.693715594332417851e+01 4.547534978133553807e+01
4.693715594332417851e+01 5.121874509797947184e+01
4.693715594332417851e+01 4.424861919212782624e+01
4.693715594332417851e+01 4.678599171957117875e+01
4.693715594332417851e+01 4.919206776493683009e+01
4.693715594332417851e+01 4.601063493609763810e+01
4.693715594332417851e+01 4.392063565702554939e+01
4.693715594332417851e+01 4.737944387358457021e+01
4.693715594332417851e+01 3.781341131403714684e+01
4.693715594332417851e+01 4.636459667354034053e+01
4.693715594332417851e+01 5.205007991460137617e+01
4.693715594332417851e+01 4.356239379365978692e+01
4.693715594332417851e+01 4.555976265770873113e+01
4.693715594332417851e+01 4.182345771274478352e+01
4.693715594332417851e+01 5.076867817217078738e+01
4.693715594332417851e+01 4.781597932493183123e+01
4.693715594332417851e+01 4.846806418872269973e+01
4.693715594332417851e+01 4.264272599611423686e+01
4.693715594332417851e+01 4.207577216132650477e+01
4.693715594332417851e+01 4.439209181046547315e+01
4.693715594332417851e+01 4.417298093182189689e+01
4.693715594332417851e+01 4.835930114678086511e+01
4.693715594332417851e+01 5.038692319653853957e+01
4.693715594332417851e+01 4.309693499234484193e+01
4.693715594332417851e+01 4.536978888509770513e+01
4.693715594332417851e+01 5.047899315261130937e+01
4.693715594332417851e+01 5.578080068033571592e+01
4.693715594332417851e+01 4.313575429346404633e+01
4.693715594332417851e+01 4.225422911634222345e+01
4.693715594332417851e+01 4.984509096143111151e+01
4.693715594332417851e+01 4.428414900262175991e+01
4.693715594332417851e+01 4.779083356987116105e+01
4.693715594332417851e+01 4.423093173045879922e+01
4.693715594332417851e+01 4.522824407032403116e+01
4.693715594332417851e+01 4.219270946801001543e+01
4.693715594332417851e+01 3.899102018785164603e+01
4.693715594332417851e+01 4.606598549243149421e+01
4.693715594332417851e+01 4.800293292336268536e+01
4.693715594332417851e+01 4.578262918203315479e+01
4.693715594332417851e+01 4.447084361059663138e+01
4.693715594332417851e+01 4.840199017496824752e+01
4.693715594332417851e+01 4.505677596310158606e+01
4.693715594332417851e+01 4.309463014149138615e+01
4.693715594332417851e+01 4.266164743407796323e+01
4.693715594332417851e+01 4.155496540681608053e+01
4.693715594332417851e+01 4.165268047891832026e+01
4.693715594332417851e+01 4.476407376832859342e+01
4.693715594332417851e+01 4.420945099725311422e+01
4.693715594332417851e+01 4.741292410394866863e+01
4.693715594332417851e+01 4.610296712452831258e+01
4.693715594332417851e+01 4.751234163578552483e+01
4.693715594332417851e+01 4.686171377367481483e+01
4.693715594332417851e+01 4.670037888893555333e+01
4.693715594332417851e+01 4.949835442438573097e+01
4.693715594332417851e+01 4.189943126458224754e+01
4.693715594332417851e+01 4.215002931256827168e+01
4.693715594332417851e+01 4.583617108093626058e+01
4.693715594332417851e+01 4.634539813820634180e+01
4.693715594332417851e+01 4.283724490308279087e+01
4.693715594332417851e+01 4.558946708489387589e+01
4.693715594332417851e+01 4.235095365198216655e+01
4.693715594332417851e+01 4.662469498645851473e+01
4.693715594332417851e+01 4.724890231279319153e+01
4.693715594332417851e+01 5.097469884782027094e+01
4.693715594332417851e+01 4.768468620522021695e+01
4.693715594332417851e+01 4.582814253120028525e+01
4.693715594332417851e+01 4.553362665665159170e+01
4.693715594332417851e+01 4.617459042872815900e+01
4.693715594332417851e+01 4.615822212322358098e+01
4.693715594332417851e+01 4.024187623353003573e+01
4.693715594332417851e+01 5.218406121931785435e+01
4.693715594332417851e+01 4.764197971077012994e+01
4.693715594332417851e+01 4.140216920201829964e+01
4.693715594332417851e+01 4.510780434526056837e+01
4.693715594332417851e+01 4.823065893286776173e+01
4.693715594332417851e+01 4.600259616888273939e+01
4.693715594332417851e+01 5.078607554596721485e+01
4.693715594332417851e+01 4.644531233218638278e+01
4.693715594332417851e+01 4.823694625785559964e+01
4.693715594332417851e+01 4.752936970427828811e+01
4.693715594332417851e+01 4.539606129083544062e+01
4.693715594332417851e+01 4.561128892137897850e+01
4.693715594332417851e+01 5.023956062643607368e+01
4.693715594332417851e+01 5.075405081583070199e+01
4.693715594332417851e+01 4.317149260786845133e+01
4.693715594332417851e+01 4.879229098527247288e+01
4.693715594332417851e+01 4.610433917980922303e+01
4.693715594332417851e+01 4.580178521266019942e+01
4.693715594332417851e+01 4.368857556276006449e+01
4.693715594332417851e+01 4.067025863424784404e+01
4.693715594332417851e+01 4.386694690289121468e+01
4.693715594332417851e+01 4.765406891126106359e+01
4.693715594332417851e+01 4.325090824844533444e+01
4.693715594332417851e+01 4.723267598460864036e+01
4.693715594332417851e+01 4.641531615883185680e+01
4.693715594332417851e+01 4.482127366694797388e+01
4.693715594332417851e+01 4.460970360894578590e+01
4.693715594332417851e+01 4.452621059363868739e+01
4.693715594332417851e+01 4.327492238987826312e+01
4.693715594332417851e+01 5.070945636802287737e+01
4.693715594332417851e+01 4.893308822684772252e+01
4.693715594332417851e+01 4.307794000925951394e+01
4.693715594332417851e+01 4.451742586272492730e+01
4.693715594332417851e+01 4.582468670612798434e+01
4.693715594332417851e+01 4.317753317507776245e+01
4.693715594332417851e+01 4.931278512669299374e+01
4.693715594332417851e+01 4.630592869370680376e+01
4.693715594332417851e+01 4.384955262359078176e+01
4.693715594332417851e+01 4.913157330806375711e+01
4.693715594332417851e+01 4.430744312980547051e+01
4.693715594332417851e+01 3.977526189765835340e+01
4.693715594332417851e+01 5.289221269784027868e+01
4.693715594332417851e+01 4.883398630904095228e+01
4.693715594332417851e+01 4.453002652093977076e+01
4.693715594332417851e+01 4.496732104339268687e+01
4.693715594332417851e+01 4.786806717154703961e+01
4.693715594332417851e+01 4.408370418346734709e+01
4.693715594332417851e+01 4.440783166326011866e+01
4.693715594332417851e+01 4.268209284464681730e+01
4.693715594332417851e+01 4.758395633810509651e+01
4.693715594332417851e+01 4.524804151611896685e+01
4.693715594332417851e+01 4.112033692885869129e+01
4.693715594332417851e+01 4.459653421829357001e+01
4.693715594332417851e+01 4.716062978393443927e+01
4.693715594332417851e+01 4.294601120480271561e+01
4.693715594332417851e+01 4.474153643552934767e+01
4.693715594332417851e+01 4.339402171181951218e+01
4.693715594332417851e+01 4.130029819707687722e+01
4.693715594332417851e+01 4.865882517863936840e+01
4.693715594332417851e+01 4.559716165870435134e+01
4.693715594332417851e+01 5.158906106308388928e+01
4.693715594332417851e+01 5.114000726653510753e+01
4.693715594332417851e+01 4.855788108521245761e+01
4.693715594332417851e+01 4.303817608923819193e+01
4.693715594332417851e+01 4.504319560797938493e+01
4.693715594332417851e+01 4.315121352923786446e+01
4.693715594332417851e+01 4.383415163025770767e+01
4.693715594332417851e+01 5.416134204423266851e+01
4.693715594332417851e+01 5.129487438640369135e+01
4.693715594332417851e+01 4.446157868070848451e+01
4.693715594332417851e+01 4.596698110003191573e+01
4.693715594332417851e+01 4.790360782620928148e+01
4.693715594332417851e+01 4.323154280719140274e+01
4.693715594332417851e+01 4.519466409875987267e+01
4.693715594332417851e+01 4.844640456368721004e+01
4.693715594332417851e+01 5.627288550995881877e+01
4.693715594332417851e+01 5.051975053310898289e+01
4.693715594332417851e+01 4.323840813912900671e+01
4.693715594332417851e+01 4.640873880815063757e+01
4.693715594332417851e+01 4.702151442334565701e+01
4.693715594332417851e+01 4.266291905654037464e+01
4.693715594332417851e+01 4.595249929191328420e+01
4.693715594332417851e+01 4.539073855014692782e+01
4.693715594332417851e+01 4.459331158473120382e+01
4.693715594332417851e+01 4.773522042917122121e+01
4.693715594332417851e+01 4.620803399119570543e+01
4.693715594332417851e+01 4.650291896152244675e+01
4.693715594332417851e+01 4.846200846019618069e+01
4.693715594332417851e+01 5.239673248145053464e+01
4.693715594332417851e+01 4.473689643961523643e+01
4.693715594332417851e+01 4.147528606197828793e+01
4.693715594332417851e+01 3.942612029299601772e+01
4.693715594332417851e+01 4.330447040972291006e+01
4.693715594332417851e+01 4.570311412832523246e+01
4.693715594332417851e+01 4.818935901235309416e+01
4.693715594332417851e+01 4.171975197881771180e+01
4.693715594332417851e+01 4.732435630850030606e+01
4.693715594332417851e+01 4.636856632288674973e+01
4.693715594332417851e+01 4.364938266743488526e+01
4.693715594332417851e+01 3.974317803473835653e+01
4.693715594332417851e+01 4.428127430223546668e+01
4.693715594332417851e+01 4.637647031415323795e+01
4.693715594332417851e+01 4.393018001822316165e+01
4.693715594332417851e+01 3.922753393918232945e+01
4.693715594332417851e+01 5.708629047562943271e+01
4.693715594332417851e+01 4.340448527536064915e+01
4.693715594332417851e+01 4.907709455024588863e+01
4.693715594332417851e+01 4.951790299280742857e+01
4.693715594332417851e+01 4.533050959261208135e+01
4.693715594332417851e+01 4.711488527570577389e+01
4.693715594332417851e+01 4.797850296759097688e+01
4.693715594332417851e+01 5.348819770465846091e+01
4.693715594332417851e+01 4.475059519538353214e+01
4.693715594332417851e+01 4.637903144960978352e+01
4.693715594332417851e+01 4.871461083490671484e+01
4.693715594332417851e+01 4.369272024626096851e+01
4.693715594332417851e+01 4.530969118816237540e+01
4.693715594332417851e+01 4.713512617400719762e+01
4.693715594332417851e+01 4.750041101039561653e+01
4.693715594332417851e+01 4.339877377822709548e+01
4.693715594332417851e+01 4.211443635575296440e+01
4.693715594332417851e+01 4.237459997104430443e+01
4.693715594332417851e+01 4.410341446917352926e+01
4.693715594332417851e+01 4.744449339388891218e+01
4.693715594332417851e+01 4.646699901362170948e+01
4.693715594332417851e+01 4.479867904376943244e+01
4.693715594332417851e+01 4.828143901931854742e+01
4.693715594332417851e+01 4.596040489947294816e+01
4.693715594332417851e+01 4.619957743914446979e+01
4.693715594332417851e+01 5.007837430873696860e+01
4.693715594332417851e+01 4.408210075558433516e+01
4.693715594332417851e+01 4.311868227823121202e+01
4.693715594332417851e+01 4.643304194989665490e+01
4.693715594332417851e+01 4.745630767483331169e+01
4.693715594332417851e+01 4.348470275021278297e+01
