4.693715594332417851e+01 4.116537319508527304e+01
4.693715594332417851e+01 4.811998528107056927e+01
4.693715594332417851e+01 4.500640934250343150e+01
4.693715594332417851e+01 4.722067491691262120e+01
4.693715594332417851e+01 4.318632814507775919e+01
4.693715594332417851e+01 4.474782702277553881e+01
4.693715594332417851e+01 3.823648791435726935e+01
4.693715594332417851e+01 4.590899454327097118e+01
4.693715594332417851e+01 4.565545187439872876e+01
4.693715594332417851e+01 4.690645984127870349e+01
4.693715594332417851e+01 4.870293085894326168e+01
4.693715594332417851e+01 4.788991404627575577e+01
4.693715594332417851e+01 4.630088006874596118e+01
4.693715594332417851e+01 3.889532239430418770e+01
4.693715594332417851e+01 4.197404425949295614e+01
4.693715594332417851e+01 3.837885193738571843e+01
4.693715594332417851e+01 4.654189420202591521e+01
4.693715594332417851e+01 4.247231525615772796e+01
4.693715594332417851e+01 4.523824488144751399e+01
4.693715594332417851e+01 4.728244877541578717e+01
4.693715594332417851e+01 4.374853745758935020e+01
4.693715594332417851e+01 4.552170402817431238e+01
4.693715594332417851e+01 4.549024955370121859e+01
4.693715594332417851e+01 4.725986505394992321e+01
4.693715594332417851e+01 5.031038206455519912e+01
4.693715594332417851e+01 4.840577456821491609e+01
4.693715594332417851e+01 4.394797906925935393e+01
4.693715594332417851e+01 4.890975667492680401e+01
4.693715594332417851e+01 4.848206850125326639e+01
4.693715594332417851e+01 4.917199712236131859e+01
4.693715594332417851e+01 4.387068893745342280e+01
4.693715594332417851e+01 4.581875431274654176e+01
4.693715594332417851e+01 5.302652647004289577e+01
4.693715594332417851e+01 4.443731163049221777e+01
4.693715594332417851e+01 4.382842105349111961e+01
4.693715594332417851e+01 4.894759668699558830e+01
4.693715594332417851e+01 4.720434393249016125e+01
4.693715594332417851e+01 4.933074312992471278e+01
4.693715594332417851e+01 4.043080813076248603e+01
4.693715594332417851e+01 4.252834025615911884e+01
4.693715594332417851e+01 4.741637807821344808e+01
4.693715594332417851e+01 3.921557100183787270e+01
4.693715594332417851e+01 4.866210786677108757e+01
4.693715594332417851e+01 4.323495921270685471e+01
4.693715594332417851e+01 4.766038015475132283e+01
4.693715594332417851e+01 4.184420585531983505e+01
4.693715594332417851e+01 4.535177806065922823e+01
4.693715594332417851e+01 4.375480737012022558e+01
4.693715594332417851e+01 4.523585545094395144e+01
4.693715594332417851e+01 4.595200648635425011e+01
4.693715594332417851e+01 4.500689207909321965e+01
4.693715594332417851e+01 4.759567672161599461e+01
4.693715594332417851e+01 4.652493415786181430e+01
4.693715594332417851e+01 5.491896973973106100e+01
4.693715594332417851e+01 4.715088553345866984e+01
4.693715594332417851e+01 4.928695268866022872e+01
4.693715594332417851e+01 5.048346216760038629e+01
4.693715594332417851e+01 5.249252197582427470e+01
4.693715594332417851e+01 4.839387982328266702e+01
4.693715594332417851e+01 4.587418337541057411e+01
4.693715594332417851e+01 4.854388018962092133e+01
4.693715594332417851e+01 4.622635285409904071e+01
4.693715594332417851e+01 4.377713459978971144e+01
4.693715594332417851e+01 5.293704344759030533e+01
4.693715594332417851e+01 4.670206918056671697e+01
4.693715594332417851e+01 5.309217617592012317e+01
4.693715594332417851e+01 4.951099364811577885e+01
4.693715594332417851e+01 5.266116373110736504e+01
4.693715594332417851e+01 4.594286247564452452e+01
4.693715594332417851e+01 4.668481447475114976e+01
4.693715594332417851e+01 4.626504589024485625e+01
4.693715594332417851e+01 4.327203100717450468e+01
4.693715594332417851e+01 4.707587104382297838e+01
4.693715594332417851e+01 4.262221551046199863e+01
4.693715594332417851e+01 4.628208356325014705e+01
4.693715594332417851e+01 4.275462969348664188e+01
4.693715594332417851e+01 3.971551601645170848e+01
4.693715594332417851e+01 4.525500077834844603e+01
4.693715594332417851e+01 4.088782767093096027e+01
4.693715594332417851e+01 4.586161876508428037e+01
4.693715594332417851e+01 4.781878711241309787e+01
4.693715594332417851e+01 4.182875169783441294e+01
4.693715594332417851e+01 5.033602698756946126e+01
4.693715594332417851e+01 4.160313468767242284e+01
4.693715594332417851e+01 4.219415901857360041e+01
4.693715594332417851e+01 5.410751105950495088e+01
4.693715594332417851e+01 4.529065653574924255e+01
4.693715594332417851e+01 4.485646815122898090e+01
4.693715594332417851e+01 4.682930670299342779e+01
4.693715594332417851e+01 4.383227491703378575e+01
4.693715594332417851e+01 4.758204165928094653e+01
4.693715594332417851e+01 4.680848729279858844e+01
4.693715594332417851e+01 4.546597263938252809e+01
4.693715594332417851e+01 4.421492345193169626e+01
4.693715594332417851e+01 4.800953189452428660e+01
4.693715594332417851e+01 4.363548144761005432e+01
4.693715594332417851e+01 4.856709790335229826e+01
4.693715594332417851e+01 4.529487931154898206e+01
4.693715594332417851e+01 4.197623808750233820e+01
4.693715594332417851e+01 4.365566667536620571e+01
4.693715594332417851e+01 4.810562740505750412e+01
4.693715594332417851e+01 5.064900744626828555e+01
4.693715594332417851e+01 4.898568053701852421e+01
4.693715594332417851e+01 4.482141287353135795e+01
4.693715594332417851e+01 4.139986008257994854e+01
4.693715594332417851e+01 4.618983006172318539e+01
4.693715594332417851e+01 5.043548423364269695e+01
4.693715594332417851e+01 4.604227722918665933e+01
4.693715594332417851e+01 4.589203995159022043e+01
4.693715594332417851e+01 3.843548331628864645e+01
4.693715594332417851e+01 4.364188876984933785e+01
4.693715594332417851e+01 4.250070646333536217e+01
4.693715594332417851e+01 4.173515756027816082e+01
4.693715594332417851e+01 4.634539597621453311e+01
4.693715594332417851e+01 5.116768726676069434e+01
4.693715594332417851e+01 3.907663580948229054e+01
4.693715594332417851e+01 5.156231378777172125e+01
4.693715594332417851e+01 4.282666224606718686e+01
4.693715594332417851e+01 4.172082865495684700e+01
4.693715594332417851e+01 4.598200170718637025e+01
4.693715594332417851e+01 4.944965325292363190e+01
4.693715594332417851e+01 4.198962850608280917e+01
4.693715594332417851e+01 4.676009421070124006e+01
4.693715594332417851e+01 3.959613110845633344e+01
4.693715594332417851e+01 4.715056571150789466e+01
4.693715594332417851e+01 4.646871278787831017e+01
4.693715594332417851e+01 5.161167790157686852e+01
4.693715594332417851e+01 4.866416947204643861e+01
4.693715594332417851e+01 4.549663366929629404e+01
4.693715594332417851e+01 4.533136452791694637e+01
4.693715594332417851e+01 4.530607487912010356e+01
4.693715594332417851e+01 4.391185458048656898e+01
4.693715594332417851e+01 4.438487569337974747e+01
4.693715594332417851e+01 4.430396400891100939e+01
4.693715594332417851e+01 4.238892092762793595e+01
4.693715594332417851e+01 4.537842323023998858e+01
4.693715594332417851e+01 4.518936529250079559e+01
4.693715594332417851e+01 4.693861253727724403e+01
4.693715594332417851e+01 4.355389215604466102e+01
4.693715594332417851e+01 4.543861213913538677e+01
4.693715594332417851e+01 4.377220378868106820e+01
4.693715594332417851e+01 5.017722317688127731e+01
4.693715594332417851e+01 4.632828364571764723e+01
4.693715594332417851e+01 4.703627504279426574e+01
4.693715594332417851e+01 4.356857632657702339e+01
4.693715594332417851e+01 4.741231959527138429e+01
4.693715594332417851e+01 4.699266989322531884e+01
4.693715594332417851e+01 4.524286171546620494e+01
4.693715594332417851e+01 4.750746792082083658e+01
4.693715594332417851e+01 4.754946015847269791e+01
4.693715594332417851e+01 4.076085581847237904e+01
4.693715594332417851e+01 4.533079312553396534e+01
4.693715594332417851e+01 4.550149565746426106e+01
4.693715594332417851e+01 4.428425928788808363e+01
4.693715594332417851e+01 5.024906024389920134e+01
4.693715594332417851e+01 4.396515246217102657e+01
4.693715594332417851e+01 4.394567097431938407e+01
4.693715594332417851e+01 4.571116337652750161e+01
4.693715594332417851e+01 4.136369205371395452e+01
4.693715594332417851e+01 4.521977493182633623e+01
4.693715594332417851e+01 4.530673028452537920e+01
4.693715594332417851e+01 4.509183037582413789e+01
4.693715594332417851e+01 4.277156925443870250e+01
4.693715594332417851e+01 4.121260846834482550e+01
4.693715594332417851e+01 4.323853852892998617e+01
4.693715594332417851e+01 4.842975297831532089e+01
4.693715594332417851e+01 4.924506616461783182e+01
4.693715594332417851e+01 4.662669050279231442e+01
4.693715594332417851e+01 4.579205553475935631e+01
4.693715594332417851e+01 3.764695421349743043e+01
4.693715594332417851e+01 4.944357459836940905e+01
4.693715594332417851e+01 4.542915294447197283e+01
4.693715594332417851e+01 4.909321752164561303e+01
4.693715594332417851e+01 4.288967898016522895e+01
4.693715594332417851e+01 4.399808053245180162e+01
4.693715594332417851e+01 4.966400755293380342e+01
4.693715594332417851e+01 4.272561157718801184e+01
4.693715594332417851e+01 4.196490801132901538e+01
4.693715594332417851e+01 4.821873423367361511e+01
4.693715594332417851e+01 5.038955239504788608e+01
4.693715594332417851e+01 4.055485029633936733e+01
4.693715594332417851e+01 4.678924022147325701e+01
4.693715594332417851e+01 4.076841687035210526e+01
4.693715594332417851e+01 4.663165607504905807e+01
4.693715594332417851e+01 4.491492736753091464e+01
4.693715594332417851e+01 4.427081361890948585e+01
4.693715594332417851e+01 4.666017202088067961e+01
4.693715594332417851e+01 4.931289815004191723e+01
4.693715594332417851e+01 4.456816788288255538e+01
4.693715594332417851e+01 4.743001085763079772e+01
4.693715594332417851e+01 4.156692030983411001e+01
4.693715594332417851e+01 4.635815621078263149e+01
4.693715594332417851e+01 4.311112205231885497e+01
4.693715594332417851e+01 4.620904856644708047e+01
4.693715594332417851e+01 4.772988350490383880e+01
4.693715594332417851e+01 3.949749729521344932e+01
4.693715594332417851e+01 4.436209719392381601e+01
4.693715594332417851e+01 4.327748107068383376e+01
4.693715594332417851e+01 4.824024809309509720e+01
4.693715594332417851e+01 4.146464697625076923e+01
4.693715594332417851e+01 4.478356715078625427e+01
4.693715594332417851e+01 4.409465592343244822e+01
4.693715594332417851e+01 4.412411227790492063e+01
4.693715594332417851e+01 4.947113552506926482e+01
4.693715594332417851e+01 4.184816259023402552e+01
4.693715594332417851e+01 4.682595048961271544e+01
4.693715594332417851e+01 4.271655522470704369e+01
4.693715594332417851e+01 4.237123515568561061e+01
4.693715594332417851e+01 4.592236949294141368e+01
4.693715594332417851e+01 4.887809818253207794e+01
4.693715594332417851e+01 4.210427281676504663e+01
4.693715594332417851e+01 4.600197024260859280e+01
4.693715594332417851e+01 4.386903881068616329e+01
4.693715594332417851e+01 5.237439022237268915e+01
4.693715594332417851e+01 4.378535490488305726e+01
4.693715594332417851e+01 4.830678059697434179e+01
4.693715594332417851e+01 4.052673955119117721e+01
4.693715594332417851e+01 4.606510309275407877e+01
4.693715594332417851e+01 4.972366811690198318e+01
4.693715594332417851e+01 4.661260049609536793e+01
4.693715594332417851e+01 4.607902958320057962e+01
4.693715594332417851e+01 4.317424082693913334e+01
4.693715594332417851e+01 4.349493387386190335e+01
4.693715594332417851e+01 4.863517044453175231e+01
4.693715594332417851e+01 4.587744102580066397e+01
4.693715594332417851e+01 4.083136132871499058e+01
4.693715594332417851e+01 4.700169518535300739e+01
4.693715594332417851e+01 4.855334713601790497e+01
4.693715594332417851e+01 4.504636543385403513e+01
4.693715594332417851e+01 4.522514267056347848e+01
4.693715594332417851e+01 4.415864385016160298e+01
4.693715594332417851e+01 4.293127120123180873e+01
4.693715594332417851e+01 4.331070673312251529e+01
4.693715594332417851e+01 4.285189312797460559e+01
4.693715594332417851e+01 4.961721699956557075e+01
4.693715594332417851e+01 4.313240879987975518e+01
4.693715594332417851e+01 4.405888000737709831e+01
4.693715594332417851e+01 4.808695240359219980e+01
4.693715594332417851e+01 4.787234826713091707e+01
4.693715594332417851e+01 4.696816036792293403e+01
4.693715594332417851e+01 4.230915738550222471e+01
4.693715594332417851e+01 4.641720870535753818e+01
4.693715594332417851e+01 4.559461021796170144e+01
4.693715594332417851e+01 4.711530432100853716e+01
4.693715594332417851e+01 4.363863382314804085e+01
4.693715594332417851e+01 4.511788557596413796e+01
4.693715594332417851e+01 4.675181310430449599e+01
4.693715594332417851e+01 5.077259691131280306e+01
4.693715594332417851e+01 4.611462943458919739e+01
4.693715594332417851e+01 4.277359837696089784e+01
4.693715594332417851e+01 4.726973007928360460e+01
4.693715594332417851e+01 4.653444564621208457e+01
4.693715594332417851e+01 5.182957798603584365e+01
4.693715594332417851e+01 5.016404549568044047e+01
4.693715594332417851e+01 4.006593802385739878e+01
4.693715594332417851e+01 4.209819921170954871e+01
4.693715594332417851e+01 4.536371873292309687e+01
4.693715594332417851e+01 4.257899425912567892e+01
4.693715594332417851e+01 4.458804206264731107e+01
4.693715594332417851e+01 5.562019691684834299e+01
4.693715594332417851e+01 4.380598071393205828e+01
4.693715594332417851e+01 4.725339557332075913e+01
4.693715594332417851e+01 4.659398621139054342e+01
4.693715594332417851e+01 4.111653666571127275e+01
4.693715594332417851e+01 4.326624654249734903e+01
4.693715594332417851e+01 4.347264841638338595e+01
4.693715594332417851e+01 5.039411180703501003e+01
4.693715594332417851e+01 4.095106425674408968e+01
4.693715594332417851e+01 4.860465018691902372e+01
4.693715594332417851e+01 4.741846382174380636e+01
4.693715594332417851e+01 4.151724259335725264e+01
4.693715594332417851e+01 4.991590161361007461e+01
4.693715594332417851e+01 4.395326991718681597e+01
4.693715594332417851e+01 4.948261706403098970e+01
4.693715594332417851e+01 5.092441096581126914e+01
4.693715594332417851e+01 4.973043138452543843e+01
4.693715594332417851e+01 4.184314511518559243e+01
4.693715594332417851e+01 4.577238163490923029e+01
4.693715594332417851e+01 4.827034638143373968e+01
4.693715594332417851e+01 4.404954747218018696e+01
4.693715594332417851e+01 3.718183509996750047e+01
4.693715594332417851e+01 4.513398124442318249e+01
4.693715594332417851e+01 5.129919408086524157e+01
4.693715594332417851e+01 4.938854651639322668e+01
4.693715594332417851e+01 4.788665147226951291e+01
4.693715594332417851e+01 4.296473647968673504e+01
4.693715594332417851e+01 4.792794834617090061e+01
4.693715594332417851e+01 5.134580197540262958e+01
4.693715594332417851e+01 4.579057140259960335e+01
4.693715594332417851e+01 4.617766347820435158e+01
4.693715594332417851e+01 3.996551063417567917e+01
4.693715594332417851e+01 4.602978761655332107e+01
4.693715594332417851e+01 4.417776968834425588e+01
4.693715594332417851e+01 4.275242776830135227e+01
4.693715594332417851e+01 4.354051106405430716e+01
4.693715594332417851e+01 4.212390002495730101e+01
4.693715594332417851e+01 5.257645614762763842e+01
4.693715594332417851e+01 4.839664043119787351e+01
4.693715594332417851e+01 4.588044873798865098e+01
4.693715594332417851e+01 5.286742856641561161e+01
4.693715594332417851e+01 4.235136150361358176e+01
4.693715594332417851e+01 3.947153574824356070e+01
4.693715594332417851e+01 5.023022596585348509e+01
4.693715594332417851e+01 4.453432701923247095e+01
4.693715594332417851e+01 4.602599500369282026e+01
4.693715594332417851e+01 4.899913563026765218e+01
4.693715594332417851e+01 4.561426627916014098e+01
4.693715594332417851e+01 4.449449430492876445e+01
4.693715594332417851e+01 5.042380337831518489e+01
4.693715594332417851e+01 3.984877065490564974e+01
4.693715594332417851e+01 4.741920438320745035e+01
4.693715594332417851e+01 4.853033938616999166e+01
4.693715594332417851e+01 5.067789009666685018e+01
4.693715594332417851e+01 4.875783742440552260e+01
4.693715594332417851e+01 4.481862177744616105e+01
4.693715594332417851e+01 4.235779525686983504e+01
4.693715594332417851e+01 4.737509375518862953e+01
4.693715594332417851e+01 4.464020148689512268e+01
4.693715594332417851e+01 5.149647201810491026e+01
4.693715594332417851e+01 4.489996824955142074e+01
4.693715594332417851e+01 4.539872199807263797e+01
4.693715594332417851e+01 4.388339843106944471e+01
4.693715594332417851e+01 4.881923031317260353e+01
4.693715594332417851e+01 4.903563908449653042e+01
4.693715594332417851e+01 4.372025023842758884e+01
4.693715594332417851e+01 5.007957120623672864e+01
4.693715594332417851e+01 4.861024833255048350e+01
4.693715594332417851e+01 4.668800358121585958e+01
4.693715594332417851e+01 4.252399959541890695e+01
4.693715594332417851e+01 5.271348647140945332e+01
4.693715594332417851e+01 4.606964867628987292e+01
4.693715594332417851e+01 4.922619626496675238e+01
4.693715594332417851e+01 4.618816574090168814e+01
4.693715594332417851e+01 4.448760700549494373e+01
4.693715594332417851e+01 4.793172944982063655e+01
4.693715594332417851e+01 4.589926344179898621e+01
4.693715594332417851e+01 4.976852998746323209e+01
4.693715594332417851e+01 4.044402314881354243e+01
4.693715594332417851e+01 4.588265168759526347e+01
4.693715594332417851e+01 4.792091578675427854e+01
4.693715594332417851e+01 4.513778252737266428e+01
4.693715594332417851e+01 4.399374076470314066e+01
4.693715594332417851e+01 5.179940152691027322e+01
4.693715594332417851e+01 4.240770720352610113e+01
4.693715594332417851e+01 5.132626589496386771e+01
4.693715594332417851e+01 5.000137684419805595e+01
4.693715594332417851e+01 4.635961765388361044e+01
4.693715594332417851e+01 4.561836729446418559e+01
4.693715594332417851e+01 4.472637007811584198e+01
4.693715594332417851e+01 4.335729692700604687e+01
4.693715594332417851e+01 4.684024131078082576e+01
4.693715594332417851e+01 4.642920842366910250e+01
4.693715594332417851e+01 4.210721053365925570e+01
4.693715594332417851e+01 4.429084010390826620e+01
4.693715594332417851e+01 4.465006981904870287e+01
4.693715594332417851e+01 4.084353619874030983e+01
4.693715594332417851e+01 4.886982035939291080e+01
4.693715594332417851e+01 4.047120496839320225e+01
4.693715594332417851e+01 4.544235449600928689e+01
4.693715594332417851e+01 4.391439553878625901e+01
4.693715594332417851e+01 4.650049839441604860e+01
4.693715594332417851e+01 5.148008095678931539e+01
4.693715594332417851e+01 4.473123449606044488e+01
4.693715594332417851e+01 4.498924044693022495e+01
4.693715594332417851e+01 4.127796371904006634e+01
4.693715594332417851e+01 4.610742565223819156e+01
4.693715594332417851e+01 4.644123503498120442e+01
4.693715594332417851e+01 4.465737009456845641e+01
4.693715594332417851e+01 4.781406461299577160e+01
4.693715594332417851e+01 4.592055508707100131e+01
4.693715594332417851e+01 4.846593978193153163e+01
4.693715594332417851e+01 4.980197208522962171e+01
4.693715594332417851e+01 4.215885814297471512e+01
4.693715594332417851e+01 4.490577841233476164e+01
4.693715594332417851e+01 4.943016134858364552e+01
4.693715594332417851e+01 4.749427086735709480e+01
4.693715594332417851e+01 4.819336230627803985e+01
4.693715594332417851e+01 4.729536169082797414e+01
4.693715594332417851e+01 4.757853168844995650e+01
4.693715594332417851e+01 4.733652262621377815e+01
4.693715594332417851e+01 4.729229275562571644e+01
4.693715594332417851e+01 4.330782799494035373e+01
4.693715594332417851e+01 4.551100887267907780e+01
4.693715594332417851e+01 4.591205389196235842e+01
4.693715594332417851e+01 5.065987393366464175e+01
4.693715594332417851e+01 4.843982279857146978e+01
4.693715594332417851e+01 4.818071556166439251e+01
4.693715594332417851e+01 5.234827962369161014e+01
4.693715594332417851e+01 4.160584668230521999e+01
4.693715594332417851e+01 4.693140564188267660e+01
4.693715594332417851e+01 4.822925418398961028e+01
4.693715594332417851e+01 4.639982629787795787e+01
4.693715594332417851e+01 4.206173378745492641e+01
4.693715594332417851e+01 4.324022652258409494e+01
4.693715594332417851e+01 4.539405688192179866e+01
4.693715594332417851e+01 4.308876754773475426e+01
4.693715594332417851e+01 4.551649310368691204e+01
4.693715594332417851e+01 4.471690961462644509e+01
4.693715594332417851e+01 4.101931052596448524e+01
4.693715594332417851e+01 3.902385744139692036e+01
4.693715594332417851e+01 5.271647772694689849e+01
4.693715594332417851e+01 4.546019428640865812e+01
4.693715594332417851e+01 3.895602809370215880e+01
4.693715594332417851e+01 4.815272697333963237e+01
4.693715594332417851e+01 4.321629766123784577e+01
4.693715594332417851e+01 4.601541335648492748e+01
4.693715594332417851e+01 4.859185633419907901e+01
4.693715594332417851e+01 4.455586483863788771e+01
4.693715594332417851e+01 4.634661437035577336e+01
4.693715594332417851e+01 5.097495029534393041e+01
4.693715594332417851e+01 4.244681289727739681e+01
4.693715594332417851e+01 4.493332270368662762e+01
4.693715594332417851e+01 4.692762635431800078e+01
4.693715594332417851e+01 4.520854963126748061e+01
4.693715594332417851e+01 4.730576102919094694e+01
4.693715594332417851e+01 4.165299003181836213e+01
4.693715594332417851e+01 3.995058802722570590e+01
4.693715594332417851e+01 4.964041525677679090e+01
4.693715594332417851e+01 4.668450669186665891e+01
4.693715594332417851e+01 4.724882864397650195e+01
4.693715594332417851e+01 4.785622710505742816e+01
4.693715594332417851e+01 4.949108069086933881e+01
4.693715594332417851e+01 4.457302858388865019e+01
4.693715594332417851e+01 5.246848160796574945e+01
4.693715594332417851e+01 4.736119737113126860e+01
4.693715594332417851e+01 4.688104078713454470e+01
4.693715594332417851e+01 5.358951215879505270e+01
4.693715594332417851e+01 4.632165121956976606e+01
4.693715594332417851e+01 4.404638046578776311e+01
4.693715594332417851e+01 4.654734023330340165e+01
4.693715594332417851e+01 4.946227499821493012e+01
4.693715594332417851e+01 4.656599290482640896e+01
4.693715594332417851e+01 4.503967690934825185e+01
4.693715594332417851e+01 4.897355486087875676e+01
4.693715594332417851e+01 3.911433264807784127e+01
4.693715594332417851e+01 4.702320906693343261e+01
4.693715594332417851e+01 4.253123912911021165e+01
4.693715594332417851e+01 4.470734612816372788e+01
4.693715594332417851e+01 4.461605972260367992e+01
4.693715594332417851e+01 4.346698223770696501e+01
4.693715594332417851e+01 4.788579380587037804e+01
4.693715594332417851e+01 4.339891383882751796e+01
4.693715594332417851e+01 4.600734257606958977e+01
4.693715594332417851e+01 3.816439270598444722e+01
4.693715594332417851e+01 4.381850768678310004e+01
4.693715594332417851e+01 4.492050213732426300e+01
4.693715594332417851e+01 5.182402603193410329e+01
4.693715594332417851e+01 4.571691412967264512e+01
4.693715594332417851e+01 4.444873700870720512e+01
4.693715594332417851e+01 4.422334392830214256e+01
4.693715594332417851e+01 4.752289951270529400e+01
4.693715594332417851e+01 4.534834714357794638e+01
4.693715594332417851e+01 4.459635415612608966e+01
4.693715594332417851e+01 5.146792732640872714e+01
4.693715594332417851e+01 4.356601006652964259e+01
4.693715594332417851e+01 4.803075072864033501e+01
4.693715594332417851e+01 4.503699094149815352e+01
4.693715594332417851e+01 4.780327140004925468e+01
4.693715594332417851e+01 4.464757162400158563e+01
4.693715594332417851e+01 4.964351397789440767e+01
4.693715594332417851e+01 4.412753933706984810e+01
4.693715594332417851e+01 4.993041042325005918e+01
4.693715594332417851e+01 5.439564371437355561e+01
4.693715594332417851e+01 4.541269078644369017e+01
4.693715594332417851e+01 5.085593867806467472e+01
4.693715594332417851e+01 4.502612003974105903e+01
4.693715594332417851e+01 4.654156721510173611e+01
4.693715594332417851e+01 4.425401444371145487e+01
4.693715594332417851e+01 4.318952158691933363e+01
4.693715594332417851e+01 4.821756748527290171e+01
4.693715594332417851e+01 4.400427684731820221e+01
4.693715594332417851e+01 4.195008550982071682e+01
4.693715594332417851e+01 4.049382860693351915e+01
4.693715594332417851e+01 4.646951487413370785e+01
4.693715594332417851e+01 4.223503506200928115e+01
4.693715594332417851e+01 4.420822952217053370e+01
4.693715594332417851e+01 4.208665394974229912e+01
4.693715594332417851e+01 4.701954454399849936e+01
4.693715594332417851e+01 4.274114141952803436e+01
4.693715594332417851e+01 4.743081233658542573e+01
4.693715594332417851e+01 4.347024982516979463e+01
4.693715594332417851e+01 4.457907108502465121e+01
4.693715594332417851e+01 5.365473064555384042e+01
4.693715594332417851e+01 4.315794403820324732e+01
4.693715594332417851e+01 4.486123822758411706e+01
4.693715594332417851e+01 4.501743129526330733e+01
4.693715594332417851e+01 4.455990867583175685e+01
4.693715594332417851e+01 4.178180658102151313e+01
4.693715594332417851e+01 4.223991609872110331e+01
4.693715594332417851e+01 4.431590303266665387e+01
4.693715594332417851e+01 5.059102400993619142e+01
4.693715594332417851e+01 4.949197737502844774e+01
4.693715594332417851e+01 5.105779299023842555e+01
4.693715594332417851e+01 4.607865879154741151e+01
4.693715594332417851e+01 4.913879798315547021e+01
4.693715594332417851e+01 4.561489208840189491e+01
4.693715594332417851e+01 3.982125122157191299e+01
4.693715594332417851e+01 4.631760568851075277e+01
4.693715594332417851e+01 4.108694353298627533e+01
4.693715594332417851e+01 4.719010295736577376e+01
4.693715594332417851e+01 5.076962699987689831e+01
4.693715594332417851e+01 4.708891904159221298e+01
4.693715594332417851e+01 5.001959587409780994e+01
4.693715594332417851e+01 4.811161138740239096e+01
4.693715594332417851e+01 4.998092220475599134e+01
4.693715594332417851e+01 4.561095818433881988e+01
4.693715594332417851e+01 4.973163067617855404e+01
4.693715594332417851e+01 4.424380541724710980e+01
4.693715594332417851e+01 5.056418862437124773e+01
4.693715594332417851e+01 4.307095194351224876e+01
4.693715594332417851e+01 5.192558492917027024e+01
4.693715594332417851e+01 4.977059048874587432e+01
4.693715594332417851e+01 4.342870416100038966e+01
4.693715594332417851e+01 5.217018875022208135e+01
4.693715594332417851e+01 4.751888167403253505e+01
4.693715594332417851e+01 4.560849348980981688e+01
4.693715594332417851e+01 4.625930235426244508e+01
4.693715594332417851e+01 4.544769728421449884e+01
4.693715594332417851e+01 4.697940614780225133e+01
4.693715594332417851e+01 4.540201976480736334e+01
4.693715594332417851e+01 4.490594807993733184e+01
4.693715594332417851e+01 4.846501218620614537e+01
4.693715594332417851e+01 4.103241343678058684e+01
4.693715594332417851e+01 4.118294113271809920e+01
4.693715594332417851e+01 4.360082068721871451e+01
4.693715594332417851e+01 4.753614530318314024e+01
4.693715594332417851e+01 4.654760530376123739e+01
4.693715594332417851e+01 3.825011167534628953e+01
4.693715594332417851e+01 4.330933925001863827e+01
4.693715594332417851e+01 4.936116834382383445e+01
4.693715594332417851e+01 4.375636065955858811e+01
4.693715594332417851e+01 4.312226239495782210e+01
4.693715594332417851e+01 4.851209795940534519e+01
4.693715594332417851e+01 4.531280479931153593e+01
4.693715594332417851e+01 4.654100464190352682e+01
4.693715594332417851e+01 4.372684748392099863e+01
4.693715594332417851e+01 4.590454734570159445e+01
4.693715594332417851e+01 4.930735457365557295e+01
4.693715594332417851e+01 4.494429526395821028e+01
4.693715594332417851e+01 5.195022979030913746e+01
4.693715594332417851e+01 5.629589100600524887e+01
4.693715594332417851e+01 4.111003429285830890e+01
4.693715594332417851e+01 4.962553834372262429e+01
4.693715594332417851e+01 4.244552202294162413e+01
4.693715594332417851e+01 4.606832216646013478e+01
4.693715594332417851e+01 4.863052577185628422e+01
4.693715594332417851e+01 4.737096495701255350e+01
4.693715594332417851e+01 5.068919738392015972e+01
4.693715594332417851e+01 4.962082620576992298e+01
4.693715594332417851e+01 4.258070987704422095e+01
4.693715594332417851e+01 4.844443997258959200e+01
4.693715594332417851e+01 4.699789923310196826e+01
4.693715594332417851e+01 4.123703946083816163e+01
4.693715594332417851e+01 4.591764551200240874e+01
4.693715594332417851e+01 3.969043280427580100e+01
4.693715594332417851e+01 4.627754674001612045e+01
4.693715594332417851e+01 4.955548770657554769e+01
4.693715594332417851e+01 4.422774618342245390e+01
4.693715594332417851e+01 4.710446015826971689e+01
4.693715594332417851e+01 4.637789164011207532e+01
4.693715594332417851e+01 4.545591175663475525e+01
4.693715594332417851e+01 5.364865322054494357e+01
4.693715594332417851e+01 5.529622216763169718e+01
4.693715594332417851e+01 4.204737288670827411e+01
4.693715594332417851e+01 4.095014970720547609e+01
4.693715594332417851e+01 3.915901385949693037e+01
4.693715594332417851e+01 4.209047915288059727e+01
4.693715594332417851e+01 4.753784540277538184e+01
4.693715594332417851e+01 4.998609018384244962e+01
4.693715594332417851e+01 4.505498066679023594e+01
4.693715594332417851e+01 4.307004298436812206e+01
4.693715594332417851e+01 4.425311735319049689e+01
4.693715594332417851e+01 4.493704835967118782e+01
4.693715594332417851e+01 4.433494082201730180e+01
4.693715594332417851e+01 4.451201637446956028e+01
4.693715594332417851e+01 4.042607594638035806e+01
4.693715594332417851e+01 5.064699934235555645e+01
4.693715594332417851e+01 4.393245794337899213e+01
4.693715594332417851e+01 4.366997001836407577e+01
4.693715594332417851e+01 4.714728779568041972e+01
4.693715594332417851e+01 4.506607251705316486e+01
4.693715594332417851e+01 4.237454632218302208e+01
4.693715594332417851e+01 4.553677892053921283e+01
4.693715594332417851e+01 4.723600979939958933e+01
4.693715594332417851e+01 4.880354332464334277e+01
4.693715594332417851e+01 4.499287320042206062e+01
4.693715594332417851e+01 4.283014023466947862e+01
4.693715594332417851e+01 4.823029092769672133e+01
4.693715594332417851e+01 4.029457198600872658e+01
4.693715594332417851e+01 4.701856615090628111e+01
4.693715594332417851e+01 4.716581667630352115e+01
4.693715594332417851e+01 4.556290173292901358e+01
4.693715594332417851e+01 4.627724234337220821e+01
4.693715594332417851e+01 5.105540083679242258e+01
4.693715594332417851e+01 4.299072459474303542e+01
4.693715594332417851e+01 4.961786359221439824e+01
4.693715594332417851e+01 4.897559221871750879e+01
4.693715594332417851e+01 5.035238497995932505e+01
4.693715594332417851e+01 4.826606628186033987e+01
4.693715594332417851e+01 4.758364214775134116e+01
4.693715594332417851e+01 4.566610491373223368e+01
4.693715594332417851e+01 4.087340019259937662e+01
4.693715594332417851e+01 4.658815394306833468e+01
4.693715594332417851e+01 4.836405017789018501e+01
4.693715594332417851e+01 4.764487740521668258e+01
4.693715594332417851e+01 4.774074697262741296e+01
4.693715594332417851e+01 4.812012558170724219e+01
4.693715594332417851e+01 4.822132275026008585e+01
4.693715594332417851e+01 4.745476148320538812e+01
4.693715594332417851e+01 3.966485499799367886e+01
4.693715594332417851e+01 4.826407940275982611e+01
4.693715594332417851e+01 4.360163168604633199e+01
4.693715594332417851e+01 4.528436525558842618e+01
4.693715594332417851e+01 4.045172057528748155e+01
4.693715594332417851e+01 4.479531826551651363e+01
4.693715594332417851e+01 5.159263936311609200e+01
4.693715594332417851e+01 4.586487180549171683e+01
4.693715594332417851e+01 4.816732679893418378e+01
4.693715594332417851e+01 4.385576673906883372e+01
4.693715594332417851e+01 4.197080931700329387e+01
4.693715594332417851e+01 5.215056016318651189e+01
4.693715594332417851e+01 4.194422576579624717e+01
4.693715594332417851e+01 5.156198970159331196e+01
4.693715594332417851e+01 4.816260153716977044e+01
4.693715594332417851e+01 4.892375719295349512e+01
4.693715594332417851e+01 4.637731256847183658e+01
4.693715594332417851e+01 4.256543866297106860e+01
4.693715594332417851e+01 4.338431913309074872e+01
4.693715594332417851e+01 4.507870534547281949e+01
4.693715594332417851e+01 4.955756364665327141e+01
4.693715594332417851e+01 4.703657468518367324e+01
4.693715594332417851e+01 4.072432772621400687e+01
4.693715594332417851e+01 4.820997784227311911e+01
4.693715594332417851e+01 4.038750941829637497e+01
4.693715594332417851e+01 5.303824223148401984e+01
4.693715594332417851e+01 4.180540838544843751e+01
4.693715594332417851e+01 4.943718457684975931e+01
4.693715594332417851e+01 4.661881733244558745e+01
4.693715594332417851e+01 4.572561587758438151e+01
4.693715594332417851e+01 4.864743918803512912e+01
4.693715594332417851e+01 4.465443668756888229e+01
4.693715594332417851e+01 4.295498438640010619e+01
4.693715594332417851e+01 4.945196945551501955e+01
4.693715594332417851e+01 4.222918717720556714e+01
4.693715594332417851e+01 4.913640099783126658e+01
4.693715594332417851e+01 3.887526434609257109e+01
4.693715594332417851e+01 5.000260797990796391e+01
4.693715594332417851e+01 4.893273733795953007e+01
4.693715594332417851e+01 4.723063841469436852e+01
4.693715594332417851e+01 4.284625435924472470e+01
4.693715594332417851e+01 4.088442076485686982e+01
4.693715594332417851e+01 5.101100467612330647e+01
4.693715594332417851e+01 4.803740988448048910e+01
4.693715594332417851e+01 4.843849076692647770e+01
4.693715594332417851e+01 4.195990090163788722e+01
4.693715594332417851e+01 5.122650244748626847e+01
4.693715594332417851e+01 4.825621536622500685e+01
4.693715594332417851e+01 4.097621453489340126e+01
4.693715594332417851e+01 4.645070781485624423e+01
4.693715594332417851e+01 4.365436573694911004e+01
4.693715594332417851e+01 4.479732026753054441e+01
4.693715594332417851e+01 5.002511918658628076e+01
4.693715594332417851e+01 4.465969094374280957e+01
4.693715594332417851e+01 5.047234966339234319e+01
4.693715594332417851e+01 5.141311126774992601e+01
4.693715594332417851e+01 4.743844278706745854e+01
4.693715594332417851e+01 4.424029437040125856e+01
4.693715594332417851e+01 4.448713952175469188e+01
4.693715594332417851e+01 4.283675999977443638e+01
4.693715594332417851e+01 4.557828335472049019e+01
4.693715594332417851e+01 4.763908492227651692e+01
4.693715594332417851e+01 4.104136018576742373e+01
4.693715594332417851e+01 4.930807136305659810e+01
4.693715594332417851e+01 5.785136481704204670e+01
4.693715594332417851e+01 4.161785784793210752e+01
4.693715594332417851e+01 4.629102475210896728e+01
4.693715594332417851e+01 4.599605859765402016e+01
4.693715594332417851e+01 4.916606926645091846e+01
4.693715594332417851e+01 4.311387861715280678e+01
4.693715594332417851e+01 4.530430281447906538e+01
4.693715594332417851e+01 4.099739881992878310e+01
4.693715594332417851e+01 4.395452071110674552e+01
4.693715594332417851e+01 5.051344492421122823e+01
4.693715594332417851e+01 3.889922117448040240e+01
4.693715594332417851e+01 4.066010451038572882e+01
4.693715594332417851e+01 4.452911670887409912e+01
4.693715594332417851e+01 4.974658554903980701e+01
4.693715594332417851e+01 4.586824591064118550e+01
4.693715594332417851e+01 4.698951849084591714e+01
4.693715594332417851e+01 4.384934547787202064e+01
4.693715594332417851e+01 4.980204190487288685e+01
4.693715594332417851e+01 4.555577546897315244e+01
4.693715594332417851e+01 4.823695536532277828e+01
4.693715594332417851e+01 4.611548581209280684e+01
4.693715594332417851e+01 5.099204412362630023e+01
4.693715594332417851e+01 4.342921580910620349e+01
4.693715594332417851e+01 4.979325585134495213e+01
4.693715594332417851e+01 4.934930543232936628e+01
4.693715594332417851e+01 4.869932495082143475e+01
4.693715594332417851e+01 5.091156488216394393e+01
4.693715594332417851e+01 4.490183545297387013e+01
4.693715594332417851e+01 4.570174830540967292e+01
4.693715594332417851e+01 4.422320677066951333e+01
4.693715594332417851e+01 4.456527686254968756e+01
4.693715594332417851e+01 4.183831089761344657e+01
4.693715594332417851e+01 4.660690987238839966e+01
4.693715594332417851e+01 4.697222072607300447e+01
4.693715594332417851e+01 4.438013379631048849e+01
4.693715594332417851e+01 4.811607673662818740e+01
4.693715594332417851e+01 4.830986667370124366e+01
4.693715594332417851e+01 4.749097038414326732e+01
4.693715594332417851e+01 5.160078818095102093e+01
4.693715594332417851e+01 4.355084542047870144e+01
4.693715594332417851e+01 4.679567876617791455e+01
4.693715594332417851e+01 4.824203239083232120e+01
4.693715594332417851e+01 4.481045645702305791e+01
4.693715594332417851e+01 4.588451899221594488e+01
4.693715594332417851e+01 4.833902986266578949e+01
4.693715594332417851e+01 4.802423184591915373e+01
4.693715594332417851e+01 4.720246108760316162e+01
4.693715594332417851e+01 4.782936514549557927e+01
4.693715594332417851e+01 5.087377338354454537e+01
4.693715594332417851e+01 4.551981098414543681e+01
4.693715594332417851e+01 5.064037265078037109e+01
4.693715594332417851e+01 5.038246264873004066e+01
4.693715594332417851e+01 4.376919853618032619e+01
4.693715594332417851e+01 4.563022031455584226e+01
4.693715594332417851e+01 4.690907718637726020e+01
4.693715594332417851e+01 4.257534376562967537e+01
4.693715594332417851e+01 4.877022475789743794e+01
4.693715594332417851e+01 5.119427840670721963e+01
4.693715594332417851e+01 4.646717592305434152e+01
4.693715594332417851e+01 4.246029805666393742e+01
4.693715594332417851e+01 4.357124967314403108e+01
4.693715594332417851e+01 4.511872944742412272e+01
4.693715594332417851e+01 5.120843138755818558e+01
4.693715594332417851e+01 4.567555219245371489e+01
4.693715594332417851e+01 4.394723992032157867e+01
4.693715594332417851e+01 4.782146139410420460e+01
4.693715594332417851e+01 4.780244693499771813e+01
4.693715594332417851e+01 4.668389690912573542e+01
4.693715594332417851e+01 4.645833287251436161e+01
4.693715594332417851e+01 4.876881179509040720e+01
4.693715594332417851e+01 4.665723282749583234e+01
4.693715594332417851e+01 4.633280780433603496e+01
4.693715594332417851e+01 4.363382051128240846e+01
4.693715594332417851e+01 4.297382242544682640e+01
4.693715594332417851e+01 4.149839918411370121e+01
4.693715594332417851e+01 4.477816927797447732e+01
4.693715594332417851e+01 4.450371595515807854e+01
4.693715594332417851e+01 4.567484838904123023e+01
4.693715594332417851e+01 4.205052331329397219e+01
4.693715594332417851e+01 4.346088921435267594e+01
4.693715594332417851e+01 4.042818302600520042e+01
4.693715594332417851e+01 4.175426423344927684e+01
4.693715594332417851e+01 4.353080496291873658e+01
4.693715594332417851e+01 4.366423504036514913e+01
4.693715594332417851e+01 4.532406308170914855e+01
4.693715594332417851e+01 4.839049417612645243e+01
4.693715594332417851e+01 4.329939229795931510e+01
4.693715594332417851e+01 4.439121530137403937e+01
4.693715594332417851e+01 4.560544409258402254e+01
4.693715594332417851e+01 4.253345946479770845e+01
4.693715594332417851e+01 4.768379259517622870e+01
4.693715594332417851e+01 4.240555822023625865e+01
4.693715594332417851e+01 4.625506891126828179e+01
4.693715594332417851e+01 4.388000017590407253e+01
4.693715594332417851e+01 5.324991990735469471e+01
4.693715594332417851e+01 4.260773452518027682e+01
4.693715594332417851e+01 4.500770018440775289e+01
4.693715594332417851e+01 4.550496921609239109e+01
4.693715594332417851e+01 4.452902863613959994e+01
4.693715594332417851e+01 4.893191366633732287e+01
4.693715594332417851e+01 4.873476986053577775e+01
4.693715594332417851e+01 4.857372101511742812e+01
4.693715594332417851e+01 4.360606033780188540e+01
4.693715594332417851e+01 4.654046014811890331e+01
4.693715594332417851e+01 4.419829897225325510e+01
4.693715594332417851e+01 4.352569685884752460e+01
4.693715594332417851e+01 4.371274868421443216e+01
4.693715594332417851e+01 4.752316607268667070e+01
4.693715594332417851e+01 5.476014570685066474e+01
4.693715594332417851e+01 4.295498975985331214e+01
4.693715594332417851e+01 4.364545005778602871e+01
4.693715594332417851e+01 4.160662782218556544e+01
4.693715594332417851e+01 4.962641804762002096e+01
4.693715594332417851e+01 4.900086522796882349e+01
4.693715594332417851e+01 4.241914792091216668e+01
4.693715594332417851e+01 5.376938663074960800e+01
4.693715594332417851e+01 4.960815095441675027e+01
4.693715594332417851e+01 5.202564176472226620e+01
4.693715594332417851e+01 3.829359546736409214e+01
4.693715594332417851e+01 4.335815550508195315e+01
4.693715594332417851e+01 5.469568609752285937e+01
4.693715594332417851e+01 4.701393366295199172e+01
4.693715594332417851e+01 4.641027618713133052e+01
4.693715594332417851e+01 4.632205654545320073e+01
4.693715594332417851e+01 4.739933379774810618e+01
4.693715594332417851e+01 5.071996451618075241e+01
4.693715594332417851e+01 4.622483457579452448e+01
4.693715594332417851e+01 4.567981297020085663e+01
4.693715594332417851e+01 4.521999177795021296e+01
4.693715594332417851e+01 5.185741442164686532e+01
4.693715594332417851e+01 4.606346642432882987e+01
4.693715594332417851e+01 4.426421848664450209e+01
4.693715594332417851e+01 4.409525556630748611e+01
4.693715594332417851e+01 4.607939844088141967e+01
4.693715594332417851e+01 4.747129089614525554e+01
4.693715594332417851e+01 4.535698863688281790e+01
4.693715594332417851e+01 4.514911079820242890e+01
4.693715594332417851e+01 4.186384930771788504e+01
4.693715594332417851e+01 4.223663391449667159e+01
4.693715594332417851e+01 4.626942601833486179e+01
4.693715594332417851e+01 5.242491107917182802e+01
4.693715594332417851e+01 4.372025577906739358e+01
4.693715594332417851e+01 4.361369375966961570e+01
4.693715594332417851e+01 4.331989460170449746e+01
4.693715594332417851e+01 4.807145399136133079e+01
4.693715594332417851e+01 4.440982365975728641e+01
4.693715594332417851e+01 5.050250099878391552e+01
4.693715594332417851e+01 4.472902214529170806e+01
4.693715594332417851e+01 4.412687823569404344e+01
4.693715594332417851e+01 4.654411492399203354e+01
4.693715594332417851e+01 4.343494707808525845e+01
4.693715594332417851e+01 4.588448690716628420e+01
4.693715594332417851e+01 4.199321405066677926e+01
4.693715594332417851e+01 4.645094708675483730e+01
4.693715594332417851e+01 4.531556100900466078e+01
4.693715594332417851e+01 4.560998689604030432e+01
4.693715594332417851e+01 4.409988671572825325e+01
4.693715594332417851e+01 4.507299367015064462e+01
4.693715594332417851e+01 4.794173179128876683e+01
4.693715594332417851e+01 4.861478393274117593e+01
4.693715594332417851e+01 4.697667115864361875e+01
4.693715594332417851e+01 4.173867810501616304e+01
4.693715594332417851e+01 4.669780751309139077e+01
4.693715594332417851e+01 4.251381924038738447e+01
4.693715594332417851e+01 4.853796713943426511e+01
4.693715594332417851e+01 4.819374684588825630e+01
4.693715594332417851e+01 5.108255929245129323e+01
4.693715594332417851e+01 4.425875465119777630e+01
4.693715594332417851e+01 4.676368006684182888e+01
4.693715594332417851e+01 4.599152140794087273e+01
4.693715594332417851e+01 4.974928629983516970e+01
4.693715594332417851e+01 4.862168598284083743e+01
4.693715594332417851e+01 5.196867310226021885e+01
4.693715594332417851e+01 5.245060196200655156e+01
4.693715594332417851e+01 4.408076781285617329e+01
4.693715594332417851e+01 5.036815934012800966e+01
4.693715594332417851e+01 4.806792649890827818e+01
4.693715594332417851e+01 4.370779731117909250e+01
4.693715594332417851e+01 4.785947006163984696e+01
4.693715594332417851e+01 4.102562196442844566e+01
4.693715594332417851e+01 4.665155085264733970e+01
4.693715594332417851e+01 5.082350096617552992e+01
4.693715594332417851e+01 4.174937793385923612e+01
4.693715594332417851e+01 4.352774201103225948e+01
4.693715594332417851e+01 4.345718119894618781e+01
4.693715594332417851e+01 4.201192052619498440e+01
4.693715594332417851e+01 4.466142642243079308e+01
4.693715594332417851e+01 4.252343070366124778e+01
4.693715594332417851e+01 5.319973755358865475e+01
4.693715594332417851e+01 4.941202457135474191e+01
4.693715594332417851e+01 4.831036581140438102e+01
4.693715594332417851e+01 4.118880484271510056e+01
4.693715594332417851e+01 4.110512292481015351e+01
4.693715594332417851e+01 4.560188219411257649e+01
4.693715594332417851e+01 4.278656259092257841e+01
4.693715594332417851e+01 4.835038208873932319e+01
4.693715594332417851e+01 4.531738594585414148e+01
4.693715594332417851e+01 4.661779207597176367e+01
4.693715594332417851e+01 5.111722299122063617e+01
4.693715594332417851e+01 4.244567380247310950e+01
4.693715594332417851e+01 4.677725982531441673e+01
4.693715594332417851e+01 4.707048834413786409e+01
4.693715594332417851e+01 5.100348352756409298e+01
4.693715594332417851e+01 4.593177053554251899e+01
4.693715594332417851e+01 4.860130384357567124e+01
4.693715594332417851e+01 3.801919582627874661e+01
4.693715594332417851e+01 4.296163235715609829e+01
4.693715594332417851e+01 4.632835953293662357e+01
4.693715594332417851e+01 4.056773900422776080e+01
4.693715594332417851e+01 4.577322755650659047e+01
4.693715594332417851e+01 4.697225075187208887e+01
4.693715594332417851e+01 4.443862940646631188e+01
4.693715594332417851e+01 4.322400752092899978e+01
4.693715594332417851e+01 4.890685289501689681e+01
4.693715594332417851e+01 4.841030199025586711e+01
4.693715594332417851e+01 4.826845523540569616e+01
4.693715594332417851e+01 5.108065760510776698e+01
4.693715594332417851e+01 3.997125927581549831e+01
4.693715594332417851e+01 4.808162619351573852e+01
4.693715594332417851e+01 4.289636570713420127e+01
4.693715594332417851e+01 4.533967232017029403e+01
4.693715594332417851e+01 4.234300016358253060e+01
4.693715594332417851e+01 4.832452263592283259e+01
4.693715594332417851e+01 4.839163806388498301e+01
4.693715594332417851e+01 4.784498587721081719e+01
4.693715594332417851e+01 4.216441472798981493e+01
4.693715594332417851e+01 4.432970971073512345e+01
4.693715594332417851e+01 4.865605596314954084e+01
4.693715594332417851e+01 5.056400864432841047e+01
4.693715594332417851e+01 4.668413370061232825e+01
4.693715594332417851e+01 4.388445345479810555e+01
4.693715594332417851e+01 5.080699561640456352e+01
4.693715594332417851e+01 4.555183610705518760e+01
4.693715594332417851e+01 5.009979087924674701e+01
4.693715594332417851e+01 4.371219125992734433e+01
4.693715594332417851e+01 4.938780111013735308e+01
4.693715594332417851e+01 4.496989833071222620e+01
4.693715594332417851e+01 4.726060358732155464e+01
4.693715594332417851e+01 5.148275903904851702e+01
4.693715594332417851e+01 4.396413955991565103e+01
4.693715594332417851e+01 4.351926879294644124e+01
4.693715594332417851e+01 5.088244428504275874e+01
4.693715594332417851e+01 5.182846719099710953e+01
4.693715594332417851e+01 4.860450306716176527e+01
4.693715594332417851e+01 4.673213971938942279e+01
4.693715594332417851e+01 4.132983548065305968e+01
4.693715594332417851e+01 4.779285259704329292e+01
4.693715594332417851e+01 4.891539969024442058e+01
4.693715594332417851e+01 5.114494172996212740e+01
4.693715594332417851e+01 4.615248670636326267e+01
4.693715594332417851e+01 4.770271355845672900e+01
4.693715594332417851e+01 4.887812803606963996e+01
4.693715594332417851e+01 4.534815937281643983e+01
4.693715594332417851e+01 4.225325407858895943e+01
4.693715594332417851e+01 5.145608550120166313e+01
4.693715594332417851e+01 4.541531246308487368e+01
4.693715594332417851e+01 4.737098695656523972e+01
4.693715594332417851e+01 5.541950714713047432e+01
4.693715594332417851e+01 4.816999308966897075e+01
4.693715594332417851e+01 4.760365343180521336e+01
4.693715594332417851e+01 4.359995744851379840e+01
4.693715594332417851e+01 4.023885473388697420e+01
4.693715594332417851e+01 4.866911902639648702e+01
4.693715594332417851e+01 5.309722955096344066e+01
4.693715594332417851e+01 4.813848976789527967e+01
4.693715594332417851e+01 4.813647764253585848e+01
4.693715594332417851e+01 4.659986800039613541e+01
4.693715594332417851e+01 4.728003128971639057e+01
4.693715594332417851e+01 4.370259461680089430e+01
4.693715594332417851e+01 4.667128677871940567e+01
4.693715594332417851e+01 4.928321092815743754e+01
4.693715594332417851e+01 4.493936303783949171e+01
4.693715594332417851e+01 4.964324807558786290e+01
4.693715594332417851e+01 4.222704170171359550e+01
4.693715594332417851e+01 4.443395735835141380e+01
4.693715594332417851e+01 4.619106182834897112e+01
4.693715594332417851e+01 4.727513922069908148e+01
4.693715594332417851e+01 4.457809992385593745e+01
4.693715594332417851e+01 4.588659307311258573e+01
4.693715594332417851e+01 4.546336919363151452e+01
4.693715594332417851e+01 4.901352124557637779e+01
4.693715594332417851e+01 5.154700469019085318e+01
4.693715594332417851e+01 4.369421719175286967e+01
4.693715594332417851e+01 4.874265539479045373e+01
4.693715594332417851e+01 5.055331146385606189e+01
4.693715594332417851e+01 4.400308833563720867e+01
4.693715594332417851e+01 4.302961298191897299e+01
4.693715594332417851e+01 4.606581618548619872e+01
4.693715594332417851e+01 4.651077925719801698e+01
4.693715594332417851e+01 4.551493705221641761e+01
4.693715594332417851e+01 4.328546381808848764e+01
4.693715594332417851e+01 5.418896762628877184e+01
4.693715594332417851e+01 5.147229551677980197e+01
4.693715594332417851e+01 4.287734920405242889e+01
4.693715594332417851e+01 4.905204972022661991e+01
4.693715594332417851e+01 5.172433072886047967e+01
4.693715594332417851e+01 4.647937094766260202e+01
4.693715594332417851e+01 4.663925357921296921e+01
4.693715594332417851e+01 4.325723075479042024e+01
4.693715594332417851e+01 4.481457641638707656e+01
4.693715594332417851e+01 4.252625397410673003e+01
4.693715594332417851e+01 4.093782922598649776e+01
4.693715594332417851e+01 4.495931829384250022e+01
4.693715594332417851e+01 4.382619988668066924e+01
4.693715594332417851e+01 5.027890846169577088e+01
4.693715594332417851e+01 4.549853573214301150e+01
4.693715594332417851e+01 4.890691961685133293e+01
4.693715594332417851e+01 4.583355204770307267e+01
4.693715594332417851e+01 4.654875849186947789e+01
4.693715594332417851e+01 4.686254213341386787e+01
4.693715594332417851e+01 4.585591087460345250e+01
4.693715594332417851e+01 4.589277614646574932e+01
4.693715594332417851e+01 4.377354356524931944e+01
4.693715594332417851e+01 4.583004200810601247e+01
4.693715594332417851e+01 4.335491833344704560e+01
4.693715594332417851e+01 4.923049814591633577e+01
4.693715594332417851e+01 4.277212212815285142e+01
4.693715594332417851e+01 4.693647162455303601e+01
4.693715594332417851e+01 4.731173216833236950e+01
4.693715594332417851e+01 4.584160583143155776e+01
4.693715594332417851e+01 4.012345581786151172e+01
4.693715594332417851e+01 4.816721773011112617e+01
4.693715594332417851e+01 4.094151904016269583e+01
4.693715594332417851e+01 5.137170832372556362e+01
4.693715594332417851e+01 4.141469237207205367e+01
4.693715594332417851e+01 4.209418659907668570e+01
4.693715594332417851e+01 4.396380247870096269e+01
