4.693715594332417851e+01 4.332207936115533897e+01
4.693715594332417851e+01 4.831823816849618680e+01
4.693715594332417851e+01 4.351025765327131012e+01
4.693715594332417851e+01 4.518724968671871522e+01
4.693715594332417851e+01 5.035733923934900247e+01
4.693715594332417851e+01 4.285677061218051875e+01
4.693715594332417851e+01 5.267543042481437965e+01
4.693715594332417851e+01 4.430191789650251621e+01
4.693715594332417851e+01 5.307343032493857038e+01
4.693715594332417851e+01 4.040679795319152845e+01
4.693715594332417851e+01 4.243143596957694541e+01
4.693715594332417851e+01 4.818236714833069811e+01
4.693715594332417851e+01 4.747814061253965434e+01
4.693715594332417851e+01 4.591971380919705581e+01
4.693715594332417851e+01 4.116519505383188005e+01
4.693715594332417851e+01 4.625570636564573590e+01
4.693715594332417851e+01 4.644624771324926371e+01
4.693715594332417851e+01 5.081717532316991992e+01
4.693715594332417851e+01 4.776006865501128118e+01
4.693715594332417851e+01 4.174915750486457000e+01
4.693715594332417851e+01 4.407886380656653813e+01
4.693715594332417851e+01 4.458696782647871970e+01
4.693715594332417851e+01 4.249714392659979012e+01
4.693715594332417851e+01 4.385726366873611681e+01
4.693715594332417851e+01 4.589629455541834346e+01
4.693715594332417851e+01 5.023378590733156557e+01
4.693715594332417851e+01 4.093866403808550558e+01
4.693715594332417851e+01 4.650277133901940374e+01
4.693715594332417851e+01 4.950983556784638751e+01
4.693715594332417851e+01 4.550310618609450586e+01
4.693715594332417851e+01 4.807566155452769863e+01
4.693715594332417851e+01 4.142587009867507675e+01
4.693715594332417851e+01 4.833475885075724676e+01
4.693715594332417851e+01 4.523838815672844760e+01
4.693715594332417851e+01 5.036493451241393160e+01
4.693715594332417851e+01 5.016569351727520854e+01
4.693715594332417851e+01 4.474780943888101348e+01
4.693715594332417851e+01 4.237411620757205100e+01
4.693715594332417851e+01 4.668013698672955059e+01
4.693715594332417851e+01 4.530719566304765777e+01
4.693715594332417851e+01 5.135515071933514264e+01
4.693715594332417851e+01 4.744940503296879086e+01
4.693715594332417851e+01 4.655234615304352985e+01
4.693715594332417851e+01 4.422075613085774393e+01
4.693715594332417851e+01 4.643807318344341439e+01
4.693715594332417851e+01 4.038221090965423343e+01
4.693715594332417851e+01 5.007411492666416564e+01
4.693715594332417851e+01 4.924974712462852722e+01
4.693715594332417851e+01 4.231203881775606135e+01
4.693715594332417851e+01 5.120689559305695582e+01
4.693715594332417851e+01 5.394883824920956528e+01
4.693715594332417851e+01 4.582248925913571469e+01
4.693715594332417851e+01 4.928109408603069852e+01
4.693715594332417851e+01 4.842644182556993115e+01
4.693715594332417851e+01 5.118357227598281156e+01
4.693715594332417851e+01 5.028962657055577523e+01
4.693715594332417851e+01 4.824066718402598042e+01
4.693715594332417851e+01 4.672953076153543606e+01
4.693715594332417851e+01 5.192920390567931577e+01
4.693715594332417851e+01 4.432507826345595703e+01
4.693715594332417851e+01 4.221471594136021110e+01
4.693715594332417851e+01 4.817537259442264030e+01
4.693715594332417851e+01 4.805136520115530629e+01
4.693715594332417851e+01 4.401860710409281552e+01
4.693715594332417851e+01 4.769217143893421706e+01
4.693715594332417851e+01 4.217433307437973866e+01
4.693715594332417851e+01 4.893944257016940469e+01
4.693715594332417851e+01 4.339814379850716364e+01
4.693715594332417851e+01 4.790045779638963097e+01
4.693715594332417851e+01 5.220606341815703644e+01
4.693715594332417851e+01 5.210546397077762748e+01
4.693715594332417851e+01 4.190980513471086510e+01
4.693715594332417851e+01 4.943782151386907486e+01
4.693715594332417851e+01 4.777186173366776956e+01
4.693715594332417851e+01 4.595665541011150168e+01
4.693715594332417851e+01 5.081968826226331259e+01
4.693715594332417851e+01 4.869246290236337416e+01
4.693715594332417851e+01 5.094195563124986847e+01
4.693715594332417851e+01 4.553123993863121655e+01
4.693715594332417851e+01 3.937325329689218734e+01
4.693715594332417851e+01 4.310842268203816019e+01
4.693715594332417851e+01 4.482852238096344166e+01
4.693715594332417851e+01 4.588064706427571338e+01
4.693715594332417851e+01 4.392299700827609854e+01
4.693715594332417851e+01 4.864621653405133372e+01
4.693715594332417851e+01 4.148240764149488768e+01
4.693715594332417851e+01 4.329791953150454731e+01
4.693715594332417851e+01 4.004887871515339270e+01
4.693715594332417851e+01 4.641150706156470562e+01
4.693715594332417851e+01 4.031541282922056268e+01
4.693715594332417851e+01 4.746592872289285481e+01
4.693715594332417851e+01 4.721564519980250196e+01
4.693715594332417851e+01 4.782245604523174620e+01
4.693715594332417851e+01 4.055162510260588249e+01
4.693715594332417851e+01 4.328700255412599063e+01
4.693715594332417851e+01 4.199810252991444059e+01
4.693715594332417851e+01 4.688562643388893036e+01
4.693715594332417851e+01 4.305599347881933880e+01
4.693715594332417851e+01 4.846769584905300832e+01
4.693715594332417851e+01 4.959284447298927034e+01
4.693715594332417851e+01 4.718296413807026113e+01
4.693715594332417851e+01 4.322716353130071809e+01
4.693715594332417851e+01 4.426806291516250269e+01
4.693715594332417851e+01 4.392334266885237781e+01
4.693715594332417851e+01 4.562614662443655789e+01
4.693715594332417851e+01 4.998296881887067400e+01
4.693715594332417851e+01 4.346657274344648414e+01
4.693715594332417851e+01 4.422974417907259692e+01
4.693715594332417851e+01 4.171215362156894457e+01
4.693715594332417851e+01 4.851686247357395132e+01
4.693715594332417851e+01 5.568610565346551766e+01
4.693715594332417851e+01 4.693569703417625760e+01
4.693715594332417851e+01 4.545656669853860876e+01
4.693715594332417851e+01 4.566871508876827335e+01
4.693715594332417851e+01 4.870943126585675742e+01
4.693715594332417851e+01 5.195928634952950631e+01
4.693715594332417851e+01 5.023557242800553979e+01
4.693715594332417851e+01 4.565593611892458625e+01
4.693715594332417851e+01 4.274429248403911430e+01
4.693715594332417851e+01 5.025680707401993175e+01
4.693715594332417851e+01 4.873120173405902023e+01
4.693715594332417851e+01 4.538364715600811650e+01
4.693715594332417851e+01 4.329267960174104957e+01
4.693715594332417851e+01 4.762734412554156194e+01
4.693715594332417851e+01 4.486866888264315634e+01
4.693715594332417851e+01 4.077637990252748068e+01
4.693715594332417851e+01 5.358910157809113173e+01
4.693715594332417851e+01 5.081390546966650845e+01
4.693715594332417851e+01 5.203462060890469587e+01
4.693715594332417851e+01 5.239509861033749871e+01
4.693715594332417851e+01 5.017905906737075838e+01
4.693715594332417851e+01 4.676031985412909364e+01
4.693715594332417851e+01 4.842915114819271594e+01
4.693715594332417851e+01 5.281819184878093409e+01
4.693715594332417851e+01 4.209290868362148785e+01
4.693715594332417851e+01 5.136529085161470931e+01
4.693715594332417851e+01 4.554703453598918372e+01
4.693715594332417851e+01 4.116695958696811886e+01
4.693715594332417851e+01 4.769798485555499212e+01
4.693715594332417851e+01 4.693082907775330170e+01
4.693715594332417851e+01 4.138770932785097045e+01
4.693715594332417851e+01 4.521444979506479456e+01
4.693715594332417851e+01 4.476086739105977585e+01
4.693715594332417851e+01 4.646347535238090387e+01
4.693715594332417851e+01 4.172660913121359272e+01
4.693715594332417851e+01 4.589677728013988656e+01
4.693715594332417851e+01 4.664227542830511197e+01
4.693715594332417851e+01 4.720309488590633862e+01
4.693715594332417851e+01 4.299436416247464621e+01
4.693715594332417851e+01 4.077891395328141755e+01
4.693715594332417851e+01 4.816875898857256288e+01
4.693715594332417851e+01 4.612603614014346221e+01
4.693715594332417851e+01 4.458897950848387381e+01
4.693715594332417851e+01 4.770673109429752401e+01
4.693715594332417851e+01 5.370601459243064824e+01
4.693715594332417851e+01 4.373076734999102655e+01
4.693715594332417851e+01 4.353198965050538760e+01
4.693715594332417851e+01 4.345094861455375934e+01
4.693715594332417851e+01 4.868980429411922728e+01
4.693715594332417851e+01 4.764548420154970643e+01
4.693715594332417851e+01 4.345111111404813187e+01
4.693715594332417851e+01 4.204073345622225588e+01
4.693715594332417851e+01 4.304589963102617389e+01
4.693715594332417851e+01 4.441697959556167774e+01
4.693715594332417851e+01 4.496547744296407956e+01
4.693715594332417851e+01 4.631132570390789738e+01
4.693715594332417851e+01 4.756681062428837947e+01
4.693715594332417851e+01 4.590267782616095360e+01
4.693715594332417851e+01 4.725650691282822891e+01
4.693715594332417851e+01 3.832223027006211424e+01
4.693715594332417851e+01 4.076527444771076603e+01
4.693715594332417851e+01 4.783495712222812557e+01
4.693715594332417851e+01 4.732136054339167686e+01
4.693715594332417851e+01 4.869611493772950439e+01
4.693715594332417851e+01 5.020180424663708862e+01
4.693715594332417851e+01 4.408973083621555134e+01
4.693715594332417851e+01 4.336720557529690723e+01
4.693715594332417851e+01 4.448630454732042239e+01
4.693715594332417851e+01 4.663965789616837299e+01
4.693715594332417851e+01 5.023611176950137747e+01
4.693715594332417851e+01 4.303093375042085000e+01
4.693715594332417851e+01 5.180615096517197316e+01
4.693715594332417851e+01 5.048818436631747630e+01
4.693715594332417851e+01 4.486025495478636316e+01
4.693715594332417851e+01 5.420928854402649222e+01
4.693715594332417851e+01 4.940582506209969438e+01
4.693715594332417851e+01 4.586236572055913285e+01
4.693715594332417851e+01 4.533861400889238524e+01
4.693715594332417851e+01 4.152725527657555915e+01
4.693715594332417851e+01 4.666372356370397512e+01
4.693715594332417851e+01 4.870049260304170957e+01
4.693715594332417851e+01 4.486593028410502626e+01
4.693715594332417851e+01 4.648448846258035871e+01
4.693715594332417851e+01 4.527761547735507008e+01
4.693715594332417851e+01 4.596906089994136124e+01
4.693715594332417851e+01 4.092567969320910493e+01
4.693715594332417851e+01 4.781512390741812624e+01
4.693715594332417851e+01 5.468059335742319149e+01
4.693715594332417851e+01 4.777537841084456716e+01
4.693715594332417851e+01 4.220830847902106342e+01
4.693715594332417851e+01 4.347938405208903134e+01
4.693715594332417851e+01 4.700051520451705755e+01
4.693715594332417851e+01 4.276153416257015039e+01
4.693715594332417851e+01 4.544339000984628285e+01
4.693715594332417851e+01 4.689709529286525935e+01
4.693715594332417851e+01 4.272626774770745328e+01
4.693715594332417851e+01 4.435317333317529176e+01
4.693715594332417851e+01 4.205336423390019007e+01
4.693715594332417851e+01 5.001968895566936624e+01
4.693715594332417851e+01 4.921393785336323390e+01
4.693715594332417851e+01 4.639810655363844205e+01
4.693715594332417851e+01 5.096103111624244519e+01
4.693715594332417851e+01 5.064858413208239085e+01
4.693715594332417851e+01 4.995861536868434172e+01
4.693715594332417851e+01 4.900822548108569521e+01
4.693715594332417851e+01 4.060493093678213938e+01
4.693715594332417851e+01 4.949327350162092642e+01
4.693715594332417851e+01 4.456754411097677604e+01
4.693715594332417851e+01 4.218856655305096126e+01
4.693715594332417851e+01 4.290438896888778686e+01
4.693715594332417851e+01 3.862915397888944113e+01
4.693715594332417851e+01 4.125552489244895327e+01
4.693715594332417851e+01 5.050597021473511461e+01
4.693715594332417851e+01 4.438101089371378549e+01
4.693715594332417851e+01 4.061602729694396885e+01
4.693715594332417851e+01 4.574509052851531266e+01
4.693715594332417851e+01 4.587683959956643065e+01
4.693715594332417851e+01 4.547942656851257226e+01
4.693715594332417851e+01 4.400649166880360497e+01
4.693715594332417851e+01 4.936005012359605360e+01
4.693715594332417851e+01 4.278373714272352402e+01
4.693715594332417851e+01 4.293610321257313700e+01
4.693715594332417851e+01 4.574640303364486726e+01
4.693715594332417851e+01 4.471137089442636636e+01
4.693715594332417851e+01 4.896814819791200080e+01
4.693715594332417851e+01 4.932779428701620361e+01
4.693715594332417851e+01 4.484378391563084421e+01
4.693715594332417851e+01 4.861913705294448818e+01
4.693715594332417851e+01 4.665398427767323142e+01
4.693715594332417851e+01 4.878886114875129465e+01
4.693715594332417851e+01 4.254117917104576918e+01
4.693715594332417851e+01 4.172281014190067339e+01
4.693715594332417851e+01 4.434321863000522512e+01
4.693715594332417851e+01 5.076830844416567601e+01
4.693715594332417851e+01 4.573733015833209237e+01
4.693715594332417851e+01 4.330981314871642951e+01
4.693715594332417851e+01 4.027280823515123842e+01
4.693715594332417851e+01 4.771444747715862889e+01
4.693715594332417851e+01 4.044247802758010124e+01
4.693715594332417851e+01 5.206029201593357669e+01
4.693715594332417851e+01 4.112761278059343795e+01
4.693715594332417851e+01 4.799423860900669325e+01
4.693715594332417851e+01 4.523467647302182826e+01
4.693715594332417851e+01 4.372196096393845721e+01
4.693715594332417851e+01 4.002008725683835166e+01
4.693715594332417851e+01 5.085608619946061282e+01
4.693715594332417851e+01 4.549562270540952369e+01
4.693715594332417851e+01 4.721908258581263595e+01
4.693715594332417851e+01 4.269477660045759393e+01
4.693715594332417851e+01 4.930355466206617621e+01
4.693715594332417851e+01 5.226794301948753230e+01
4.693715594332417851e+01 4.162885162424134222e+01
4.693715594332417851e+01 4.962529079487831041e+01
4.693715594332417851e+01 4.910607978255264072e+01
4.693715594332417851e+01 5.263042128916043083e+01
4.693715594332417851e+01 4.620513966216103086e+01
4.693715594332417851e+01 4.698968848289701583e+01
4.693715594332417851e+01 4.147385578585241461e+01
4.693715594332417851e+01 4.071166738248664529e+01
4.693715594332417851e+01 4.102565060213922976e+01
4.693715594332417851e+01 4.930943215073883579e+01
4.693715594332417851e+01 4.798911561331497211e+01
4.693715594332417851e+01 4.792391877557869151e+01
4.693715594332417851e+01 4.698422902879379137e+01
4.693715594332417851e+01 4.124513376745238702e+01
4.693715594332417851e+01 4.527916341683373247e+01
4.693715594332417851e+01 4.472182185893247919e+01
4.693715594332417851e+01 4.780887380248538676e+01
4.693715594332417851e+01 4.070983242452225426e+01
4.693715594332417851e+01 4.383929624104123945e+01
4.693715594332417851e+01 4.424819494534094133e+01
4.693715594332417851e+01 4.086417565531540674e+01
4.693715594332417851e+01 4.456868140926921029e+01
4.693715594332417851e+01 4.553241010327931093e+01
4.693715594332417851e+01 4.877510345668618186e+01
4.693715594332417851e+01 4.539190763132119599e+01
4.693715594332417851e+01 4.823847351269456851e+01
4.693715594332417851e+01 4.686531035562275349e+01
4.693715594332417851e+01 4.409160412562026465e+01
4.693715594332417851e+01 4.686841308952835305e+01
4.693715594332417851e+01 4.541266022500374078e+01
4.693715594332417851e+01 4.941307134460260642e+01
4.693715594332417851e+01 4.421456232257509100e+01
4.693715594332417851e+01 5.305339984736796310e+01
4.693715594332417851e+01 4.569132068503742516e+01
4.693715594332417851e+01 4.329337372688536334e+01
4.693715594332417851e+01 4.575000367374499177e+01
4.693715594332417851e+01 4.609035444576012708e+01
4.693715594332417851e+01 4.883472884954224469e+01
4.693715594332417851e+01 4.569188539610892974e+01
4.693715594332417851e+01 4.378648957041676226e+01
4.693715594332417851e+01 4.142325064138330504e+01
4.693715594332417851e+01 4.126272057977793395e+01
4.693715594332417851e+01 4.648032225624408653e+01
4.693715594332417851e+01 4.511745051331539003e+01
4.693715594332417851e+01 4.966432216226941421e+01
4.693715594332417851e+01 4.580906786115730256e+01
4.693715594332417851e+01 4.711578884046736704e+01
4.693715594332417851e+01 4.379334799508763609e+01
4.693715594332417851e+01 4.961005127562394534e+01
4.693715594332417851e+01 5.500651220537878316e+01
4.693715594332417851e+01 4.862583349626640228e+01
4.693715594332417851e+01 4.489263612184767993e+01
4.693715594332417851e+01 4.481023831505199695e+01
4.693715594332417851e+01 4.585942962356713082e+01
4.693715594332417851e+01 4.197406965235623488e+01
4.693715594332417851e+01 4.831959039987894045e+01
4.693715594332417851e+01 4.154549719775963013e+01
4.693715594332417851e+01 4.661963417609704408e+01
4.693715594332417851e+01 5.398989828996467111e+01
4.693715594332417851e+01 4.633517338630699101e+01
4.693715594332417851e+01 4.374240735638883137e+01
4.693715594332417851e+01 4.696278502038953917e+01
4.693715594332417851e+01 5.075551913263431913e+01
4.693715594332417851e+01 4.187717083193069101e+01
4.693715594332417851e+01 4.715778116179449597e+01
4.693715594332417851e+01 4.359860730914141413e+01
4.693715594332417851e+01 4.995418971082782633e+01
4.693715594332417851e+01 4.476734411763264632e+01
4.693715594332417851e+01 4.118408556654227226e+01
4.693715594332417851e+01 4.919403679731709644e+01
4.693715594332417851e+01 4.431708787421140983e+01
4.693715594332417851e+01 4.553225965042850731e+01
4.693715594332417851e+01 4.369351006352727751e+01
4.693715594332417851e+01 3.975417970512891230e+01
4.693715594332417851e+01 4.857689401898603165e+01
4.693715594332417851e+01 5.030842568593286046e+01
4.693715594332417851e+01 4.843840630165639993e+01
4.693715594332417851e+01 4.367709727619094906e+01
4.693715594332417851e+01 4.415246316408464367e+01
4.693715594332417851e+01 3.970442392388378039e+01
4.693715594332417851e+01 4.330730284990612233e+01
4.693715594332417851e+01 4.496983152987409227e+01
4.693715594332417851e+01 4.238149809631338627e+01
4.693715594332417851e+01 3.803580610507568593e+01
4.693715594332417851e+01 4.028811400060019565e+01
4.693715594332417851e+01 4.967053900671524502e+01
4.693715594332417851e+01 5.041293975548358475e+01
4.693715594332417851e+01 4.363575939518057822e+01
4.693715594332417851e+01 4.485142625728114751e+01
4.693715594332417851e+01 4.973790890500055184e+01
4.693715594332417851e+01 4.329009527010379799e+01
4.693715594332417851e+01 4.771642133588048296e+01
4.693715594332417851e+01 4.892950713903171334e+01
4.693715594332417851e+01 4.556482663034803693e+01
4.693715594332417851e+01 3.858884276946851344e+01
4.693715594332417851e+01 4.470923740945278269e+01
4.693715594332417851e+01 4.453163323760934134e+01
4.693715594332417851e+01 4.836004857652262245e+01
4.693715594332417851e+01 4.617529455446525333e+01
4.693715594332417851e+01 5.283067900097562131e+01
4.693715594332417851e+01 4.579529879592391239e+01
4.693715594332417851e+01 5.231162489645120672e+01
4.693715594332417851e+01 4.942201216230532168e+01
4.693715594332417851e+01 4.779178914540252521e+01
4.693715594332417851e+01 4.929410889434041820e+01
4.693715594332417851e+01 4.394874783402045892e+01
4.693715594332417851e+01 4.368903181094452748e+01
4.693715594332417851e+01 4.394991376632505364e+01
4.693715594332417851e+01 4.792228450246280147e+01
4.693715594332417851e+01 4.736715735938975769e+01
4.693715594332417851e+01 4.976289089115483932e+01
4.693715594332417851e+01 4.695992880613941622e+01
4.693715594332417851e+01 4.035351033489218509e+01
4.693715594332417851e+01 4.038764425321861751e+01
4.693715594332417851e+01 5.277808312865715834e+01
4.693715594332417851e+01 4.192873176646256184e+01
4.693715594332417851e+01 4.450084540041317638e+01
4.693715594332417851e+01 4.446029008662711846e+01
4.693715594332417851e+01 4.671567684428276834e+01
4.693715594332417851e+01 4.115122832584250290e+01
4.693715594332417851e+01 4.692944254084628142e+01
4.693715594332417851e+01 4.805305039429050140e+01
4.693715594332417851e+01 4.109763812594588472e+01
4.693715594332417851e+01 4.429474014645664681e+01
4.693715594332417851e+01 4.587181490828205455e+01
4.693715594332417851e+01 4.257186227910106169e+01
4.693715594332417851e+01 4.802163695711406888e+01
4.693715594332417851e+01 4.268186978926976138e+01
4.693715594332417851e+01 4.295540233403590946e+01
4.693715594332417851e+01 4.731302197898739337e+01
4.693715594332417851e+01 4.586466362228208027e+01
4.693715594332417851e+01 4.904214652046442069e+01
4.693715594332417851e+01 4.372217438364086917e+01
4.693715594332417851e+01 4.708721287235249520e+01
4.693715594332417851e+01 4.579759782562345549e+01
4.693715594332417851e+01 4.442105435177145267e+01
4.693715594332417851e+01 5.169828468130311450e+01
4.693715594332417851e+01 4.597621173932520122e+01
4.693715594332417851e+01 5.051248433181687147e+01
4.693715594332417851e+01 4.692634188809655171e+01
4.693715594332417851e+01 4.672817142991656425e+01
4.693715594332417851e+01 4.669160282164229869e+01
4.693715594332417851e+01 4.688384559195045398e+01
4.693715594332417851e+01 4.491742034150531282e+01
4.693715594332417851e+01 4.886079983883352185e+01
4.693715594332417851e+01 4.135408452281895819e+01
4.693715594332417851e+01 4.301182321303405587e+01
4.693715594332417851e+01 5.129034544546959751e+01
4.693715594332417851e+01 4.612047366547083271e+01
4.693715594332417851e+01 5.490656144756889745e+01
4.693715594332417851e+01 4.500202517776619970e+01
4.693715594332417851e+01 4.510583527613486154e+01
4.693715594332417851e+01 5.244421586967750670e+01
4.693715594332417851e+01 4.651927051498920207e+01
4.693715594332417851e+01 5.117303289371077568e+01
4.693715594332417851e+01 4.962160340341862508e+01
4.693715594332417851e+01 4.448925557351301308e+01
4.693715594332417851e+01 4.650158024897903886e+01
4.693715594332417851e+01 4.613186579597942227e+01
4.693715594332417851e+01 4.339055709130519745e+01
4.693715594332417851e+01 4.484689123573588176e+01
4.693715594332417851e+01 4.549695764794913799e+01
4.693715594332417851e+01 4.534773380294483047e+01
4.693715594332417851e+01 4.390497117279686279e+01
4.693715594332417851e+01 4.972329725605784745e+01
4.693715594332417851e+01 4.717590307139377614e+01
4.693715594332417851e+01 5.078407226141037256e+01
4.693715594332417851e+01 4.974145970051517907e+01
4.693715594332417851e+01 4.730752543928495868e+01
4.693715594332417851e+01 4.689585645555870741e+01
4.693715594332417851e+01 4.895836138722452802e+01
4.693715594332417851e+01 5.080440015592984082e+01
4.693715594332417851e+01 5.045060864821951441e+01
4.693715594332417851e+01 4.874883067638094047e+01
4.693715594332417851e+01 4.636936453389080270e+01
4.693715594332417851e+01 4.179880676665130323e+01
4.693715594332417851e+01 4.358020647934826286e+01
4.693715594332417851e+01 4.511596939221584535e+01
4.693715594332417851e+01 5.274005447419647652e+01
4.693715594332417851e+01 4.549157033478835643e+01
4.693715594332417851e+01 4.606911655544666928e+01
4.693715594332417851e+01 4.916542735278313359e+01
4.693715594332417851e+01 4.767204071745371152e+01
4.693715594332417851e+01 4.540413969178899833e+01
4.693715594332417851e+01 4.773547521363305179e+01
4.693715594332417851e+01 3.888757961027098276e+01
4.693715594332417851e+01 4.055635750162811348e+01
4.693715594332417851e+01 4.946887215975476693e+01
4.693715594332417851e+01 4.742954477323108620e+01
4.693715594332417851e+01 4.771306481671126676e+01
4.693715594332417851e+01 4.087273321000228066e+01
4.693715594332417851e+01 4.887046238168827728e+01
4.693715594332417851e+01 4.405922383743831716e+01
4.693715594332417851e+01 4.601587424553969186e+01
4.693715594332417851e+01 5.061559519675990515e+01
4.693715594332417851e+01 4.385788165073090994e+01
4.693715594332417851e+01 4.018253015676990003e+01
4.693715594332417851e+01 4.409112299673676461e+01
4.693715594332417851e+01 5.137026973771353511e+01
4.693715594332417851e+01 4.369898141967045291e+01
4.693715594332417851e+01 4.739344013769083830e+01
4.693715594332417851e+01 4.575236882491182655e+01
4.693715594332417851e+01 4.535776176701781282e+01
4.693715594332417851e+01 4.618528028319166623e+01
4.693715594332417851e+01 4.182167567094452920e+01
4.693715594332417851e+01 4.656945815365038754e+01
4.693715594332417851e+01 4.554779197418156400e+01
4.693715594332417851e+01 4.376683348026727316e+01
4.693715594332417851e+01 4.079707593809141031e+01
4.693715594332417851e+01 4.317575461227332312e+01
4.693715594332417851e+01 4.277786166020030123e+01
4.693715594332417851e+01 5.126412067539838091e+01
4.693715594332417851e+01 5.086242731177742371e+01
4.693715594332417851e+01 4.608222138779770916e+01
4.693715594332417851e+01 5.008571338813401042e+01
4.693715594332417851e+01 5.271152972236568957e+01
4.693715594332417851e+01 4.552187407453263290e+01
4.693715594332417851e+01 3.661352787146886101e+01
4.693715594332417851e+01 4.349079715439160765e+01
4.693715594332417851e+01 5.313078884486208864e+01
4.693715594332417851e+01 5.094024002237329540e+01
4.693715594332417851e+01 4.726677831839234045e+01
4.693715594332417851e+01 4.753386805585408581e+01
4.693715594332417851e+01 4.101613840843210568e+01
4.693715594332417851e+01 4.341350721209521879e+01
4.693715594332417851e+01 4.572233982137738906e+01
4.693715594332417851e+01 4.783663244016987903e+01
4.693715594332417851e+01 5.106908703811104999e+01
4.693715594332417851e+01 4.381524909608134521e+01
4.693715594332417851e+01 4.774757345238131023e+01
4.693715594332417851e+01 4.307894674494440324e+01
4.693715594332417851e+01 4.187277309688712279e+01
4.693715594332417851e+01 4.795602278787455219e+01
4.693715594332417851e+01 4.844908666792788665e+01
4.693715594332417851e+01 4.343812768012554670e+01
4.693715594332417851e+01 5.511647628780328034e+01
4.693715594332417851e+01 4.524683364979490818e+01
4.693715594332417851e+01 4.366524689898314193e+01
4.693715594332417851e+01 4.665867799346227685e+01
4.693715594332417851e+01 4.594058077665438589e+01
4.693715594332417851e+01 4.892508076406280537e+01
4.693715594332417851e+01 4.824994834420051859e+01
4.693715594332417851e+01 4.935989549788658337e+01
4.693715594332417851e+01 5.080202602979321824e+01
4.693715594332417851e+01 4.751474014051603234e+01
4.693715594332417851e+01 4.878480327206314371e+01
4.693715594332417851e+01 3.923550160290051281e+01
4.693715594332417851e+01 4.243516649267090912e+01
4.693715594332417851e+01 4.258702158994701392e+01
4.693715594332417851e+01 4.539444688700317698e+01
4.693715594332417851e+01 4.678693631779558615e+01
4.693715594332417851e+01 4.799120429920333919e+01
4.693715594332417851e+01 4.211400392806998383e+01
4.693715594332417851e+01 4.496499999720896312e+01
4.693715594332417851e+01 4.473298811930499852e+01
4.693715594332417851e+01 4.881572837991015490e+01
4.693715594332417851e+01 4.596604946824055560e+01
4.693715594332417851e+01 4.352388931576494713e+01
4.693715594332417851e+01 4.643959919099831524e+01
4.693715594332417851e+01 4.624239154273431751e+01
4.693715594332417851e+01 4.182857628269184858e+01
4.693715594332417851e+01 4.373187592267083090e+01
4.693715594332417851e+01 4.406481580597226611e+01
4.693715594332417851e+01 4.874653801864348424e+01
4.693715594332417851e+01 4.471302541491110105e+01
4.693715594332417851e+01 4.520429714920457798e+01
4.693715594332417851e+01 4.574925636003314366e+01
4.693715594332417851e+01 4.715686479438519996e+01
4.693715594332417851e+01 5.046716733425798651e+01
4.693715594332417851e+01 4.615710640943737531e+01
4.693715594332417851e+01 4.462871832149394891e+01
4.693715594332417851e+01 4.847529852494394476e+01
4.693715594332417851e+01 4.772080839489971993e+01
4.693715594332417851e+01 4.557376868911017453e+01
4.693715594332417851e+01 4.634690382798280694e+01
4.693715594332417851e+01 4.865987800103989258e+01
4.693715594332417851e+01 5.272447538801083766e+01
4.693715594332417851e+01 4.596983054312161698e+01
4.693715594332417851e+01 5.210919229697329769e+01
4.693715594332417851e+01 4.203933676009307163e+01
4.693715594332417851e+01 4.869145562739833366e+01
4.693715594332417851e+01 4.416334777462692074e+01
4.693715594332417851e+01 4.064620578391804173e+01
4.693715594332417851e+01 5.539503612930272425e+01
4.693715594332417851e+01 4.986095931338861931e+01
4.693715594332417851e+01 4.417057071425887926e+01
4.693715594332417851e+01 3.905547188238830358e+01
4.693715594332417851e+01 4.611965967337743422e+01
4.693715594332417851e+01 4.682414570819019417e+01
4.693715594332417851e+01 4.227341110782990796e+01
4.693715594332417851e+01 4.641948937645106099e+01
4.693715594332417851e+01 4.600261797547185694e+01
4.693715594332417851e+01 4.400666071354006448e+01
4.693715594332417851e+01 4.769839343374984963e+01
4.693715594332417851e+01 4.288130964485787899e+01
4.693715594332417851e+01 4.424947247077135160e+01
4.693715594332417851e+01 4.012056403509689062e+01
4.693715594332417851e+01 4.863520132637415827e+01
4.693715594332417851e+01 4.540173691569850689e+01
4.693715594332417851e+01 4.904822103702267810e+01
4.693715594332417851e+01 3.941949180162231414e+01
4.693715594332417851e+01 4.814954989987773359e+01
4.693715594332417851e+01 4.905075439015778471e+01
4.693715594332417851e+01 4.718138022147099520e+01
4.693715594332417851e+01 4.758602095785006725e+01
4.693715594332417851e+01 4.245220462850983978e+01
4.693715594332417851e+01 4.491196102252813205e+01
4.693715594332417851e+01 4.513656173179476383e+01
4.693715594332417851e+01 4.969792667209690507e+01
4.693715594332417851e+01 4.907481900930912389e+01
4.693715594332417851e+01 4.314758824438028739e+01
4.693715594332417851e+01 4.163759397455843470e+01
4.693715594332417851e+01 5.393930198299832313e+01
4.693715594332417851e+01 4.758103348243442099e+01
4.693715594332417851e+01 4.592800048927234258e+01
4.693715594332417851e+01 5.022808538515904786e+01
4.693715594332417851e+01 4.805878264953044976e+01
4.693715594332417851e+01 4.126967924980230862e+01
4.693715594332417851e+01 4.614918391458709124e+01
4.693715594332417851e+01 3.978678870429290271e+01
4.693715594332417851e+01 4.943476668452915845e+01
4.693715594332417851e+01 4.957456022435657417e+01
4.693715594332417851e+01 4.982156874795740009e+01
4.693715594332417851e+01 4.461353514843666801e+01
4.693715594332417851e+01 4.221326331471573923e+01
4.693715594332417851e+01 4.326284646457877159e+01
4.693715594332417851e+01 4.641186635996152177e+01
4.693715594332417851e+01 4.768359915540072791e+01
4.693715594332417851e+01 4.884581808186038643e+01
4.693715594332417851e+01 5.116249876925735407e+01
4.693715594332417851e+01 4.466765516582460549e+01
4.693715594332417851e+01 4.689186454995055442e+01
4.693715594332417851e+01 4.984063363890849985e+01
4.693715594332417851e+01 4.492911613276402960e+01
4.693715594332417851e+01 4.399730665744885982e+01
4.693715594332417851e+01 4.212989650410913356e+01
4.693715594332417851e+01 4.594649851174318655e+01
4.693715594332417851e+01 4.729952427196852938e+01
4.693715594332417851e+01 4.780609700557707953e+01
4.693715594332417851e+01 4.619343655509615587e+01
4.693715594332417851e+01 4.488967936805408954e+01
4.693715594332417851e+01 5.045168254950212372e+01
4.693715594332417851e+01 4.551929220924151309e+01
4.693715594332417851e+01 4.049222186260674050e+01
4.693715594332417851e+01 4.531533021143199846e+01
4.693715594332417851e+01 3.837486394036726978e+01
4.693715594332417851e+01 5.410640066739939869e+01
4.693715594332417851e+01 4.641850334278933587e+01
4.693715594332417851e+01 5.562511759083418639e+01
4.693715594332417851e+01 4.682556377354807609e+01
4.693715594332417851e+01 4.421698353146690152e+01
4.693715594332417851e+01 4.157318567571332579e+01
4.693715594332417851e+01 4.593558248363904539e+01
4.693715594332417851e+01 4.822794893811878580e+01
4.693715594332417851e+01 4.992861689291490279e+01
4.693715594332417851e+01 5.128388389637989775e+01
4.693715594332417851e+01 4.776148080594025203e+01
4.693715594332417851e+01 4.678759451839463424e+01
4.693715594332417851e+01 4.421299169256226946e+01
4.693715594332417851e+01 4.258103916845062997e+01
4.693715594332417851e+01 4.457658214280179010e+01
4.693715594332417851e+01 4.462485346982299461e+01
4.693715594332417851e+01 4.871320330712441660e+01
4.693715594332417851e+01 4.850348251733549887e+01
4.693715594332417851e+01 4.087346890051805559e+01
4.693715594332417851e+01 4.934715778739270320e+01
4.693715594332417851e+01 5.498232095718788059e+01
4.693715594332417851e+01 4.253284913508919374e+01
4.693715594332417851e+01 4.716279125351762502e+01
4.693715594332417851e+01 4.643742301857279386e+01
4.693715594332417851e+01 4.843400177754219982e+01
4.693715594332417851e+01 4.707796865825342536e+01
4.693715594332417851e+01 4.785621953166618425e+01
4.693715594332417851e+01 4.742430909608025047e+01
4.693715594332417851e+01 4.763112476338105949e+01
4.693715594332417851e+01 4.366700158787255504e+01
4.693715594332417851e+01 4.538278789642802025e+01
4.693715594332417851e+01 4.564545472532445558e+01
4.693715594332417851e+01 4.917960426820938835e+01
4.693715594332417851e+01 4.826245062573412525e+01
4.693715594332417851e+01 4.892601345955125680e+01
4.693715594332417851e+01 4.449762234105180170e+01
4.693715594332417851e+01 5.139535018745273476e+01
4.693715594332417851e+01 4.502558589072413042e+01
4.693715594332417851e+01 4.787444342356456417e+01
4.693715594332417851e+01 4.745701925727207282e+01
4.693715594332417851e+01 5.031650415781600572e+01
4.693715594332417851e+01 4.426828839780073110e+01
4.693715594332417851e+01 4.902948509460633630e+01
4.693715594332417851e+01 3.985057877892626976e+01
4.693715594332417851e+01 4.717216037099841230e+01
4.693715594332417851e+01 4.753290966481655033e+01
4.693715594332417851e+01 4.460731845037326337e+01
4.693715594332417851e+01 4.188245789040949063e+01
4.693715594332417851e+01 4.337913235695748426e+01
4.693715594332417851e+01 4.145865656657762344e+01
4.693715594332417851e+01 4.300650977432843547e+01
4.693715594332417851e+01 3.895352511180112742e+01
4.693715594332417851e+01 4.168282758203675087e+01
4.693715594332417851e+01 4.406184959608465590e+01
4.693715594332417851e+01 4.962147286149017589e+01
4.693715594332417851e+01 4.888864795247658179e+01
4.693715594332417851e+01 4.916927405221164804e+01
4.693715594332417851e+01 4.417569133354263045e+01
4.693715594332417851e+01 4.372459995360560470e+01
4.693715594332417851e+01 4.538179395750503886e+01
4.693715594332417851e+01 5.017143751483457947e+01
4.693715594332417851e+01 4.432109050570055331e+01
4.693715594332417851e+01 5.629005371433177629e+01
4.693715594332417851e+01 5.198845537285880880e+01
4.693715594332417851e+01 5.155107029066427060e+01
4.693715594332417851e+01 4.261810782359469130e+01
4.693715594332417851e+01 4.778497915816969055e+01
4.693715594332417851e+01 4.621112105255587466e+01
4.693715594332417851e+01 4.963605964265212123e+01
4.693715594332417851e+01 4.705606522769400613e+01
4.693715594332417851e+01 4.203325755616486958e+01
4.693715594332417851e+01 4.873537338000103603e+01
4.693715594332417851e+01 4.372121325577410289e+01
4.693715594332417851e+01 4.353834500825201559e+01
4.693715594332417851e+01 4.492032920985980837e+01
4.693715594332417851e+01 4.566987445650422472e+01
4.693715594332417851e+01 4.492392697707905569e+01
4.693715594332417851e+01 4.678192368500172904e+01
4.693715594332417851e+01 5.273975750135246443e+01
4.693715594332417851e+01 4.905184649109396133e+01
4.693715594332417851e+01 4.734857025717020207e+01
4.693715594332417851e+01 4.989151922723408461e+01
4.693715594332417851e+01 4.311898045648362654e+01
4.693715594332417851e+01 4.528353653993530514e+01
4.693715594332417851e+01 4.291227224651925098e+01
4.693715594332417851e+01 4.618716033606789750e+01
4.693715594332417851e+01 5.271871517997368528e+01
4.693715594332417851e+01 4.334851347753020434e+01
4.693715594332417851e+01 3.932992129487564625e+01
4.693715594332417851e+01 4.845312561769691939e+01
4.693715594332417851e+01 5.487347333455397091e+01
4.693715594332417851e+01 4.254682769593338065e+01
4.693715594332417851e+01 5.589383496184198208e+01
4.693715594332417851e+01 4.582251171522224098e+01
4.693715594332417851e+01 4.544754871264019869e+01
4.693715594332417851e+01 4.687179367216577219e+01
4.693715594332417851e+01 4.350833863419587288e+01
4.693715594332417851e+01 4.746949464254663553e+01
4.693715594332417851e+01 4.414352893064396000e+01
4.693715594332417851e+01 4.823455227907662390e+01
4.693715594332417851e+01 4.633977880932542348e+01
4.693715594332417851e+01 4.939385600234950857e+01
4.693715594332417851e+01 4.289251217694780394e+01
4.693715594332417851e+01 4.720072253836954701e+01
4.693715594332417851e+01 4.354626253719194295e+01
4.693715594332417851e+01 4.432021035787461472e+01
4.693715594332417851e+01 4.204570459816294914e+01
4.693715594332417851e+01 4.690877013888226799e+01
4.693715594332417851e+01 4.143545317599532041e+01
4.693715594332417851e+01 4.783878676279355346e+01
4.693715594332417851e+01 4.871401350289933418e+01
4.693715594332417851e+01 4.517730411545426961e+01
4.693715594332417851e+01 4.773989319404962117e+01
4.693715594332417851e+01 4.859756286762396371e+01
4.693715594332417851e+01 4.352672401773516242e+01
4.693715594332417851e+01 4.360482871628389034e+01
4.693715594332417851e+01 4.851342109849753825e+01
4.693715594332417851e+01 4.727496134886713008e+01
4.693715594332417851e+01 4.550913329970514098e+01
4.693715594332417851e+01 4.358717973358941578e+01
4.693715594332417851e+01 4.157389213410709061e+01
4.693715594332417851e+01 4.048490281613248243e+01
4.693715594332417851e+01 5.232282949321766807e+01
4.693715594332417851e+01 4.416751306525408438e+01
4.693715594332417851e+01 5.116036709089965484e+01
4.693715594332417851e+01 4.966539812422112021e+01
4.693715594332417851e+01 4.646044038989266056e+01
4.693715594332417851e+01 4.431210733315730721e+01
4.693715594332417851e+01 4.853607936650207932e+01
4.693715594332417851e+01 4.681303043437939237e+01
4.693715594332417851e+01 5.006799168606278272e+01
4.693715594332417851e+01 4.366185826471404141e+01
4.693715594332417851e+01 4.642879814085989665e+01
4.693715594332417851e+01 4.238223281655748309e+01
4.693715594332417851e+01 4.021004396643002110e+01
4.693715594332417851e+01 4.624424406374292573e+01
4.693715594332417851e+01 4.353268597605774914e+01
4.693715594332417851e+01 4.737039026268414688e+01
4.693715594332417851e+01 4.919110130396840219e+01
4.693715594332417851e+01 4.405500382734812348e+01
4.693715594332417851e+01 5.093079683838404748e+01
4.693715594332417851e+01 4.670154679876235804e+01
4.693715594332417851e+01 5.284767031531249160e+01
4.693715594332417851e+01 4.691372181974035271e+01
4.693715594332417851e+01 4.392172503467492817e+01
4.693715594332417851e+01 4.827087641011861763e+01
4.693715594332417851e+01 4.398301990683466300e+01
4.693715594332417851e+01 4.919932037063844632e+01
4.693715594332417851e+01 4.322089101370077913e+01
4.693715594332417851e+01 4.675484348640135579e+01
4.693715594332417851e+01 4.956992554715615995e+01
4.693715594332417851e+01 4.189973893641944613e+01
4.693715594332417851e+01 5.041271969743314685e+01
4.693715594332417851e+01 4.878878292921609017e+01
4.693715594332417851e+01 4.332175596429651421e+01
4.693715594332417851e+01 4.609671843099540212e+01
4.693715594332417851e+01 4.090756368991102931e+01
4.693715594332417851e+01 4.536454342536143969e+01
4.693715594332417851e+01 4.997481457152177597e+01
4.693715594332417851e+01 4.830209658245148319e+01
4.693715594332417851e+01 4.514360444265768990e+01
4.693715594332417851e+01 4.550045037400905557e+01
4.693715594332417851e+01 4.393200771012162420e+01
4.693715594332417851e+01 4.351151705654501001e+01
4.693715594332417851e+01 4.781314226816740387e+01
4.693715594332417851e+01 4.155960768567589980e+01
4.693715594332417851e+01 4.493743739331311104e+01
4.693715594332417851e+01 4.630213171147720885e+01
4.693715594332417851e+01 4.770022466991007803e+01
4.693715594332417851e+01 4.277826734881998760e+01
4.693715594332417851e+01 4.499522385020891591e+01
4.693715594332417851e+01 4.184519472111492888e+01
4.693715594332417851e+01 4.729248417970313056e+01
4.693715594332417851e+01 4.291104869303877933e+01
4.693715594332417851e+01 4.695915427238099227e+01
4.693715594332417851e+01 4.556700024703451390e+01
4.693715594332417851e+01 4.637360537929388471e+01
4.693715594332417851e+01 4.904491988188123486e+01
4.693715594332417851e+01 5.079211403783406809e+01
4.693715594332417851e+01 4.390998438934415304e+01
4.693715594332417851e+01 4.986176201928168439e+01
4.693715594332417851e+01 4.593260452462217813e+01
4.693715594332417851e+01 4.528591571996507525e+01
4.693715594332417851e+01 4.884890761053463137e+01
4.693715594332417851e+01 4.198797496262712770e+01
4.693715594332417851e+01 4.452437964132972326e+01
4.693715594332417851e+01 4.847483807247748189e+01
4.693715594332417851e+01 5.072928180283901867e+01
4.693715594332417851e+01 5.009641921711772028e+01
4.693715594332417851e+01 4.826925939861894221e+01
4.693715594332417851e+01 4.468162051038385840e+01
4.693715594332417851e+01 4.595116584269717919e+01
4.693715594332417851e+01 4.911631219033937157e+01
4.693715594332417851e+01 4.277253357614794282e+01
4.693715594332417851e+01 5.095628712415660999e+01
4.693715594332417851e+01 4.172401525192311311e+01
4.693715594332417851e+01 4.741481080202164122e+01
4.693715594332417851e+01 4.010814649955659661e+01
4.693715594332417851e+01 4.746427727653031781e+01
4.693715594332417851e+01 4.393767019313529687e+01
4.693715594332417851e+01 4.535459282004043757e+01
4.693715594332417851e+01 4.459552818212443981e+01
4.693715594332417851e+01 4.484341094744021206e+01
4.693715594332417851e+01 4.553552275368559776e+01
4.693715594332417851e+01 4.103430002719571235e+01
4.693715594332417851e+01 4.671817980205550214e+01
4.693715594332417851e+01 5.165174490560705323e+01
4.693715594332417851e+01 4.713983909971237551e+01
4.693715594332417851e+01 4.275858534376660458e+01
4.693715594332417851e+01 4.432239104943653984e+01
4.693715594332417851e+01 4.622605201243487727e+01
4.693715594332417851e+01 4.406641720767873949e+01
4.693715594332417851e+01 4.348478864554157752e+01
4.693715594332417851e+01 4.556095390894823538e+01
4.693715594332417851e+01 4.585492776699098982e+01
4.693715594332417851e+01 4.688747467474490094e+01
4.693715594332417851e+01 4.649162623947745487e+01
4.693715594332417851e+01 5.158919708794822867e+01
4.693715594332417851e+01 4.707617371339969026e+01
4.693715594332417851e+01 4.832576508171808882e+01
4.693715594332417851e+01 4.851418066925840122e+01
4.693715594332417851e+01 4.790832161094698449e+01
4.693715594332417851e+01 4.510721957789299097e+01
4.693715594332417851e+01 5.189771741109756675e+01
4.693715594332417851e+01 4.945456283365851391e+01
4.693715594332417851e+01 4.477196832345413213e+01
4.693715594332417851e+01 4.394931635777476231e+01
4.693715594332417851e+01 4.405133235702911776e+01
4.693715594332417851e+01 4.760892705781800771e+01
4.693715594332417851e+01 5.035036491404693493e+01
4.693715594332417851e+01 4.755962563714781055e+01
4.693715594332417851e+01 4.709584270631606273e+01
4.693715594332417851e+01 4.756271136645231223e+01
4.693715594332417851e+01 5.403560315228556021e+01
4.693715594332417851e+01 4.552379278784108863e+01
4.693715594332417851e+01 4.239579433527939756e+01
4.693715594332417851e+01 4.526759935701279147e+01
4.693715594332417851e+01 4.313439489289328321e+01
4.693715594332417851e+01 5.061492701011696482e+01
4.693715594332417851e+01 4.610812681023299575e+01
4.693715594332417851e+01 4.613641932903451703e+01
4.693715594332417851e+01 4.334186174267973257e+01
4.693715594332417851e+01 4.242316361011543790e+01
4.693715594332417851e+01 5.212887196405332446e+01
4.693715594332417851e+01 4.218056430311111171e+01
4.693715594332417851e+01 4.581122059790159540e+01
4.693715594332417851e+01 4.355735118627986679e+01
4.693715594332417851e+01 5.203077099027212427e+01
4.693715594332417851e+01 4.799925969612562682e+01
4.693715594332417851e+01 4.777349656921175125e+01
4.693715594332417851e+01 4.593462434986806642e+01
4.693715594332417851e+01 4.495070090045970801e+01
4.693715594332417851e+01 4.402748554686373694e+01
4.693715594332417851e+01 4.011638645428656957e+01
4.693715594332417851e+01 4.752759067978639962e+01
4.693715594332417851e+01 4.732075840487127749e+01
4.693715594332417851e+01 4.531352708418688735e+01
4.693715594332417851e+01 3.753596368649262871e+01
4.693715594332417851e+01 4.945836247761722149e+01
4.693715594332417851e+01 4.421577525149584886e+01
4.693715594332417851e+01 4.475174553089263441e+01
4.693715594332417851e+01 4.447455137105080070e+01
4.693715594332417851e+01 5.313121354053149048e+01
4.693715594332417851e+01 4.651003661361659169e+01
4.693715594332417851e+01 4.973773889046751151e+01
4.693715594332417851e+01 4.473064007208378712e+01
4.693715594332417851e+01 5.007916338843139670e+01
4.693715594332417851e+01 4.849300327281680012e+01
4.693715594332417851e+01 4.358074625963121917e+01
4.693715594332417851e+01 4.678577784880427970e+01
4.693715594332417851e+01 4.493572651147360375e+01
4.693715594332417851e+01 4.803292679270683152e+01
4.693715594332417851e+01 5.262702229465249815e+01
4.693715594332417851e+01 4.436048951208849189e+01
4.693715594332417851e+01 4.974814703324145881e+01
4.693715594332417851e+01 5.003480735331261542e+01
4.693715594332417851e+01 4.359340926933901983e+01
4.693715594332417851e+01 5.149893601609596772e+01
4.693715594332417851e+01 5.142588164083146296e+01
4.693715594332417851e+01 4.497312815292883670e+01
4.693715594332417851e+01 4.867406301631910992e+01
4.693715594332417851e+01 4.602584554950095708e+01
4.693715594332417851e+01 4.756061818656733919e+01
4.693715594332417851e+01 4.792489284181976927e+01
4.693715594332417851e+01 4.229732370256891016e+01
4.693715594332417851e+01 4.556731719361958710e+01
4.693715594332417851e+01 4.797072536458270520e+01
4.693715594332417851e+01 4.162387723621943536e+01
4.693715594332417851e+01 4.396211943100063735e+01
4.693715594332417851e+01 4.412845193290610268e+01
4.693715594332417851e+01 4.945606727372931744e+01
4.693715594332417851e+01 4.810611746123738186e+01
4.693715594332417851e+01 4.412719289786759447e+01
4.693715594332417851e+01 4.704719785038179225e+01
4.693715594332417851e+01 4.952916744272557281e+01
4.693715594332417851e+01 4.455061638628815501e+01
4.693715594332417851e+01 4.488643969714053128e+01
4.693715594332417851e+01 4.904058162561191381e+01
4.693715594332417851e+01 4.771406636748122310e+01
4.693715594332417851e+01 4.567009122060400017e+01
4.693715594332417851e+01 4.541408732315685626e+01
4.693715594332417851e+01 4.403621295517282164e+01
4.693715594332417851e+01 4.005483849333813851e+01
4.693715594332417851e+01 4.665955054851519890e+01
4.693715594332417851e+01 4.652733042159805166e+01
4.693715594332417851e+01 4.419764188699032559e+01
4.693715594332417851e+01 5.279893725701657559e+01
4.693715594332417851e+01 4.499669090389808446e+01
4.693715594332417851e+01 4.859955089682189566e+01
4.693715594332417851e+01 4.041537945321032765e+01
4.693715594332417851e+01 4.730544077173291839e+01
4.693715594332417851e+01 4.165539756891377010e+01
4.693715594332417851e+01 4.541938834839073280e+01
4.693715594332417851e+01 4.589447358778517838e+01
4.693715594332417851e+01 4.722133178011132770e+01
4.693715594332417851e+01 4.549352075621947478e+01
4.693715594332417851e+01 4.694873735068394183e+01
4.693715594332417851e+01 4.360216069050758136e+01
4.693715594332417851e+01 4.029364805767098545e+01
4.693715594332417851e+01 4.837536603040376093e+01
4.693715594332417851e+01 4.629327574669095213e+01
4.693715594332417851e+01 4.206489461720008194e+01
4.693715594332417851e+01 4.609731631108095939e+01
4.693715594332417851e+01 4.419719353297301012e+01
4.693715594332417851e+01 4.615954029607550524e+01
4.693715594332417851e+01 4.135165495283152381e+01
4.693715594332417851e+01 4.291315198285309407e+01
4.693715594332417851e+01 4.397793433013947606e+01
4.693715594332417851e+01 5.144780974792084294e+01
4.693715594332417851e+01 4.682635493731010712e+01
4.693715594332417851e+01 5.261963336045916861e+01
4.693715594332417851e+01 5.017920983407156399e+01
4.693715594332417851e+01 4.473552764270987581e+01
4.693715594332417851e+01 5.139040595878746132e+01
4.693715594332417851e+01 4.966053950613626000e+01
4.693715594332417851e+01 4.799165447669840034e+01
4.693715594332417851e+01 4.013373682734177095e+01
4.693715594332417851e+01 4.708666071575142809e+01
4.693715594332417851e+01 4.511411105945876443e+01
4.693715594332417851e+01 4.409923926302475650e+01
4.693715594332417851e+01 4.648365464790551727e+01
4.693715594332417851e+01 4.400642539826883848e+01
4.693715594332417851e+01 4.469067594729160220e+01
4.693715594332417851e+01 4.607521252606842666e+01
4.693715594332417851e+01 4.512407148356366804e+01
4.693715594332417851e+01 4.790287969509932253e+01
4.693715594332417851e+01 4.861047499033713137e+01
4.693715594332417851e+01 5.018672959963493696e+01
4.693715594332417851e+01 4.271091487751135674e+01
4.693715594332417851e+01 4.035185394701424144e+01
4.693715594332417851e+01 4.706187455494450944e+01
4.693715594332417851e+01 4.488398574516622830e+01
4.693715594332417851e+01 4.391019797051832541e+01
4.693715594332417851e+01 5.035048627188364634e+01
4.693715594332417851e+01 4.487091831789471286e+01
4.693715594332417851e+01 4.456920381267417497e+01
4.693715594332417851e+01 4.196505744203840038e+01
4.693715594332417851e+01 4.587559178135933280e+01
4.693715594332417851e+01 4.956266540640347529e+01
4.693715594332417851e+01 4.349426817662158129e+01
4.693715594332417851e+01 4.794514477961884324e+01
4.693715594332417851e+01 4.428986713138532139e+01
4.693715594332417851e+01 4.652112270855496945e+01
4.693715594332417851e+01 4.574981026118615546e+01
4.693715594332417851e+01 4.666889494004416861e+01
4.693715594332417851e+01 5.070167744967773160e+01
4.693715594332417851e+01 5.012997906413036731e+01
4.693715594332417851e+01 4.141767801751346667e+01
4.693715594332417851e+01 4.483586029116197125e+01
4.693715594332417851e+01 4.457544257176943603e+01
4.693715594332417851e+01 4.236672162132862240e+01
4.693715594332417851e+01 4.475678268334775822e+01
4.693715594332417851e+01 4.931861838914693408e+01
4.693715594332417851e+01 4.638842306802936122e+01
4.693715594332417851e+01 4.984412903419131879e+01
4.693715594332417851e+01 4.377911474670869296e+01
4.693715594332417851e+01 4.903525232887571406e+01
4.693715594332417851e+01 4.753205529031141907e+01
4.693715594332417851e+01 5.451572585236083057e+01
4.693715594332417851e+01 4.509965254132744406e+01
4.693715594332417851e+01 4.547902042637858955e+01
4.693715594332417851e+01 4.879386501571757151e+01
4.693715594332417851e+01 4.712159528569267763e+01
4.693715594332417851e+01 4.600184164015994526e+01
4.693715594332417851e+01 4.191520491216634525e+01
4.693715594332417851e+01 4.371685332091739440e+01
4.693715594332417851e+01 4.460837548362734850e+01
4.693715594332417851e+01 4.472287732270864069e+01
4.693715594332417851e+01 4.135834199804206435e+01
4.693715594332417851e+01 4.450877554942358216e+01
4.693715594332417851e+01 4.298384324920392885e+01
4.693715594332417851e+01 4.666599836564667925e+01
4.693715594332417851e+01 4.396286254346472333e+01
