4.693715594332417851e+01 4.414542975194803631e+01
4.693715594332417851e+01 5.105479614185941273e+01
4.693715594332417851e+01 4.565521945998608544e+01
4.693715594332417851e+01 5.082146134457442344e+01
4.693715594332417851e+01 5.115561082943318638e+01
4.693715594332417851e+01 4.809817292939925437e+01
4.693715594332417851e+01 4.326145420183289758e+01
4.693715594332417851e+01 4.538352323368255981e+01
4.693715594332417851e+01 4.460125152900036483e+01
4.693715594332417851e+01 4.606867196344321513e+01
4.693715594332417851e+01 5.139841932644087308e+01
4.693715594332417851e+01 4.754488863462521664e+01
4.693715594332417851e+01 4.594859491940462703e+01
4.693715594332417851e+01 4.980688396114834404e+01
4.693715594332417851e+01 4.518507541173188713e+01
4.693715594332417851e+01 4.525536093841031970e+01
4.693715594332417851e+01 4.205919958274688497e+01
4.693715594332417851e+01 5.038567283271451913e+01
4.693715594332417851e+01 4.871920821261323908e+01
4.693715594332417851e+01 4.376692215531075192e+01
4.693715594332417851e+01 4.755459050475089100e+01
4.693715594332417851e+01 4.189314679830200561e+01
4.693715594332417851e+01 4.593985084837802191e+01
4.693715594332417851e+01 4.371659472390422252e+01
4.693715594332417851e+01 4.117369907305501187e+01
4.693715594332417851e+01 4.405147586594910081e+01
4.693715594332417851e+01 4.713954512089411963e+01
4.693715594332417851e+01 4.585497236578737557e+01
4.693715594332417851e+01 4.705962770561221475e+01
4.693715594332417851e+01 4.799213363430038726e+01
4.693715594332417851e+01 4.271711677504118398e+01
4.693715594332417851e+01 4.503273507527130448e+01
4.693715594332417851e+01 4.618559437840841753e+01
4.693715594332417851e+01 4.721671382560030850e+01
4.693715594332417851e+01 5.023483481073182588e+01
4.693715594332417851e+01 5.166790550913304259e+01
4.693715594332417851e+01 4.888279643983916856e+01
4.693715594332417851e+01 4.768580404680872675e+01
4.693715594332417851e+01 4.734665567333317426e+01
4.693715594332417851e+01 4.081341594631806657e+01
4.693715594332417851e+01 4.505134470427658044e+01
4.693715594332417851e+01 4.672640470512070010e+01
4.693715594332417851e+01 4.325978724885910509e+01
4.693715594332417851e+01 4.600158824357660592e+01
4.693715594332417851e+01 4.753992344210554677e+01
4.693715594332417851e+01 4.744032080940809948e+01
4.693715594332417851e+01 4.424753649743277606e+01
4.693715594332417851e+01 5.076403161787617790e+01
4.693715594332417851e+01 4.650007567643721273e+01
4.693715594332417851e+01 4.825035324642988854e+01
4.693715594332417851e+01 4.794132878408377252e+01
4.693715594332417851e+01 4.466098300962217138e+01
4.693715594332417851e+01 4.628340035540453101e+01
4.693715594332417851e+01 4.274786952709622767e+01
4.693715594332417851e+01 4.238715957339762497e+01
4.693715594332417851e+01 4.993520684337086379e+01
4.693715594332417851e+01 4.400693548006157130e+01
4.693715594332417851e+01 4.734566927218149601e+01
4.693715594332417851e+01 5.055845232056708483e+01
4.693715594332417851e+01 4.206962819651038643e+01
4.693715594332417851e+01 4.440802475327662080e+01
4.693715594332417851e+01 4.103453404994828446e+01
4.693715594332417851e+01 4.541153248885439098e+01
4.693715594332417851e+01 4.786796456549791401e+01
4.693715594332417851e+01 4.843974140732402844e+01
4.693715594332417851e+01 4.375417514823111276e+01
4.693715594332417851e+01 4.481541989530964543e+01
4.693715594332417851e+01 4.955211026705431010e+01
4.693715594332417851e+01 4.771869864654676974e+01
4.693715594332417851e+01 4.743366717957215428e+01
4.693715594332417851e+01 4.455045527913881642e+01
4.693715594332417851e+01 5.423686261827236876e+01
4.693715594332417851e+01 4.648438692900180058e+01
4.693715594332417851e+01 4.811449677711800632e+01
4.693715594332417851e+01 4.772924376058014673e+01
4.693715594332417851e+01 4.621247103810613055e+01
4.693715594332417851e+01 4.453918778302587356e+01
4.693715594332417851e+01 4.615734045189783785e+01
4.693715594332417851e+01 5.439908671942578167e+01
4.693715594332417851e+01 4.305523592405296540e+01
4.693715594332417851e+01 5.210045728275832033e+01
4.693715594332417851e+01 4.098904442610287191e+01
4.693715594332417851e+01 4.949579295379602684e+01
4.693715594332417851e+01 4.526898008147519192e+01
4.693715594332417851e+01 4.541841687953910878e+01
4.693715594332417851e+01 4.907851324737992371e+01
4.693715594332417851e+01 4.636521936573073788e+01
4.693715594332417851e+01 4.804560552940487383e+01
4.693715594332417851e+01 4.852874612965110401e+01
4.693715594332417851e+01 4.116609285916883465e+01
4.693715594332417851e+01 4.716676577581198160e+01
4.693715594332417851e+01 4.505696669243897645e+01
4.693715594332417851e+01 4.530447951016048336e+01
4.693715594332417851e+01 5.119747681765397118e+01
4.693715594332417851e+01 5.317881942873047052e+01
4.693715594332417851e+01 5.384440093619500090e+01
4.693715594332417851e+01 4.639926816318074287e+01
4.693715594332417851e+01 4.563132429225756681e+01
4.693715594332417851e+01 4.638009704939099720e+01
4.693715594332417851e+01 4.794068667778554982e+01
4.693715594332417851e+01 4.571507327559361045e+01
4.693715594332417851e+01 4.592955540382332202e+01
4.693715594332417851e+01 4.077172937232456462e+01
4.693715594332417851e+01 4.626221869110199947e+01
4.693715594332417851e+01 4.308177942423482421e+01
4.693715594332417851e+01 4.897053471735071639e+01
4.693715594332417851e+01 5.245857992019330851e+01
4.693715594332417851e+01 4.324715549351846988e+01
4.693715594332417851e+01 4.608687399327959611e+01
4.693715594332417851e+01 5.049763301819300665e+01
4.693715594332417851e+01 4.467734884804234241e+01
4.693715594332417851e+01 5.063858752008557218e+01
4.693715594332417851e+01 4.866522612034193429e+01
4.693715594332417851e+01 4.733107465236574996e+01
4.693715594332417851e+01 5.061525691901819357e+01
4.693715594332417851e+01 4.712491486707892818e+01
4.693715594332417851e+01 4.396222575765956009e+01
4.693715594332417851e+01 4.206936440207681471e+01
4.693715594332417851e+01 4.431196122982665742e+01
4.693715594332417851e+01 4.686966872191139544e+01
4.693715594332417851e+01 4.736772427277634989e+01
4.693715594332417851e+01 4.707507109818563862e+01
4.693715594332417851e+01 4.458584236868514949e+01
4.693715594332417851e+01 4.436841820550613846e+01
4.693715594332417851e+01 4.235056505673265548e+01
4.693715594332417851e+01 4.634930629602831686e+01
4.693715594332417851e+01 4.765530085726533116e+01
4.693715594332417851e+01 4.758754915331067536e+01
4.693715594332417851e+01 4.840577393484828406e+01
4.693715594332417851e+01 4.653925247953193178e+01
4.693715594332417851e+01 4.822083119027549003e+01
4.693715594332417851e+01 5.025852314880987137e+01
4.693715594332417851e+01 4.784918364439803184e+01
4.693715594332417851e+01 4.454068550844239383e+01
4.693715594332417851e+01 4.062707950005298585e+01
4.693715594332417851e+01 4.948536780282353931e+01
4.693715594332417851e+01 4.404092596856427377e+01
4.693715594332417851e+01 4.738555062658214467e+01
4.693715594332417851e+01 4.734775343157402006e+01
4.693715594332417851e+01 5.085415403024762071e+01
4.693715594332417851e+01 4.460099442641742229e+01
4.693715594332417851e+01 4.622617843702053619e+01
4.693715594332417851e+01 4.781702146321885039e+01
4.693715594332417851e+01 4.867228358910650599e+01
4.693715594332417851e+01 4.433541585719582656e+01
4.693715594332417851e+01 4.730243941155703169e+01
4.693715594332417851e+01 4.548789821192523419e+01
4.693715594332417851e+01 4.676627576289962462e+01
4.693715594332417851e+01 4.958739917252755447e+01
4.693715594332417851e+01 4.893223365501173561e+01
4.693715594332417851e+01 4.763513063226078259e+01
4.693715594332417851e+01 4.563827714316222739e+01
4.693715594332417851e+01 4.878561783428073539e+01
4.693715594332417851e+01 4.752603128800001286e+01
4.693715594332417851e+01 5.082781051897303115e+01
4.693715594332417851e+01 4.095981881866894270e+01
4.693715594332417851e+01 4.634088826917564319e+01
4.693715594332417851e+01 4.869426479302723720e+01
4.693715594332417851e+01 4.351039839876315796e+01
4.693715594332417851e+01 4.465033993607178076e+01
4.693715594332417851e+01 4.340425743614161291e+01
4.693715594332417851e+01 4.440309455014876505e+01
4.693715594332417851e+01 4.394608086834397653e+01
4.693715594332417851e+01 4.486382871006278350e+01
4.693715594332417851e+01 4.848638256953820758e+01
4.693715594332417851e+01 4.615908193767240419e+01
4.693715594332417851e+01 4.645356282112688007e+01
4.693715594332417851e+01 4.524037941452332490e+01
4.693715594332417851e+01 4.693455950430284673e+01
4.693715594332417851e+01 4.391496946555481173e+01
4.693715594332417851e+01 4.363712606582142683e+01
4.693715594332417851e+01 5.183584772339132485e+01
4.693715594332417851e+01 4.809356383763844889e+01
4.693715594332417851e+01 4.688986319135133840e+01
4.693715594332417851e+01 4.173446183381980745e+01
4.693715594332417851e+01 4.284896747536495809e+01
4.693715594332417851e+01 4.629088438491226754e+01
4.693715594332417851e+01 4.863379023878135854e+01
4.693715594332417851e+01 4.588531804268669134e+01
4.693715594332417851e+01 4.837673478116804660e+01
4.693715594332417851e+01 4.760791133966518629e+01
4.693715594332417851e+01 5.172955664829386535e+01
4.693715594332417851e+01 4.499296606625106421e+01
4.693715594332417851e+01 4.847696727648810366e+01
4.693715594332417851e+01 4.166351455676309712e+01
4.693715594332417851e+01 4.958458358149547962e+01
4.693715594332417851e+01 5.164409157316206489e+01
4.693715594332417851e+01 4.188994188056023660e+01
4.693715594332417851e+01 4.420575255961352923e+01
4.693715594332417851e+01 4.210210959466287761e+01
4.693715594332417851e+01 4.483122284699319238e+01
4.693715594332417851e+01 4.639288835346471274e+01
4.693715594332417851e+01 4.488578074920658878e+01
4.693715594332417851e+01 4.303360714051235902e+01
4.693715594332417851e+01 4.069280885084125998e+01
4.693715594332417851e+01 4.737869631181040120e+01
4.693715594332417851e+01 4.463006270669407627e+01
4.693715594332417851e+01 4.180523158528738037e+01
4.693715594332417851e+01 4.615977847586947291e+01
4.693715594332417851e+01 4.797447096562352442e+01
4.693715594332417851e+01 4.463313676197445545e+01
4.693715594332417851e+01 4.846584316871428655e+01
4.693715594332417851e+01 4.092530584019782225e+01
4.693715594332417851e+01 4.820413601874224696e+01
4.693715594332417851e+01 5.081200747966006759e+01
4.693715594332417851e+01 4.590508065692988282e+01
4.693715594332417851e+01 4.906141805153201574e+01
4.693715594332417851e+01 4.217620082596596376e+01
4.693715594332417851e+01 4.554801773592657810e+01
4.693715594332417851e+01 4.449945747352006720e+01
4.693715594332417851e+01 4.905485312029211542e+01
4.693715594332417851e+01 4.921672116389014207e+01
4.693715594332417851e+01 4.625704436167259814e+01
4.693715594332417851e+01 4.507499355659874141e+01
4.693715594332417851e+01 4.128830429986663830e+01
4.693715594332417851e+01 4.590711130027352738e+01
4.693715594332417851e+01 4.550339535937950330e+01
4.693715594332417851e+01 5.001434390710257105e+01
4.693715594332417851e+01 4.585898940125058232e+01
4.693715594332417851e+01 4.991964220417557385e+01
4.693715594332417851e+01 4.219405204298517020e+01
4.693715594332417851e+01 4.544810202717449243e+01
4.693715594332417851e+01 4.812087914272905920e+01
4.693715594332417851e+01 4.188257995640353215e+01
4.693715594332417851e+01 5.191799107779570477e+01
4.693715594332417851e+01 4.968835027560010076e+01
4.693715594332417851e+01 5.209488606814620937e+01
4.693715594332417851e+01 4.613777670109112705e+01
4.693715594332417851e+01 4.567490592653874870e+01
4.693715594332417851e+01 5.118108134991388170e+01
4.693715594332417851e+01 4.840699687874553803e+01
4.693715594332417851e+01 4.493531104189736425e+01
4.693715594332417851e+01 4.664444401744821533e+01
4.693715594332417851e+01 4.412503059023515561e+01
4.693715594332417851e+01 4.915697953469652504e+01
4.693715594332417851e+01 4.922377836542885632e+01
4.693715594332417851e+01 4.515584524387517007e+01
4.693715594332417851e+01 4.604745224206283183e+01
4.693715594332417851e+01 4.612177438731831813e+01
4.693715594332417851e+01 4.283922345135845688e+01
4.693715594332417851e+01 4.822352860099158534e+01
4.693715594332417851e+01 4.913176020541348521e+01
4.693715594332417851e+01 4.852994655906821464e+01
4.693715594332417851e+01 4.639840595244438504e+01
4.693715594332417851e+01 4.661497864433000871e+01
4.693715594332417851e+01 4.451771939253809052e+01
4.693715594332417851e+01 4.265479090659889749e+01
4.693715594332417851e+01 4.616273252458319121e+01
4.693715594332417851e+01 4.840617003722091738e+01
4.693715594332417851e+01 4.523984315520000621e+01
4.693715594332417851e+01 4.808976960459056471e+01
4.693715594332417851e+01 4.431417486383355708e+01
4.693715594332417851e+01 4.080301220938337536e+01
4.693715594332417851e+01 4.325120819231384672e+01
4.693715594332417851e+01 4.314667834908786404e+01
4.693715594332417851e+01 4.763045921800980409e+01
4.693715594332417851e+01 5.163025558572352480e+01
4.693715594332417851e+01 4.243091826559928137e+01
4.693715594332417851e+01 4.538556139842041404e+01
4.693715594332417851e+01 4.641873475018297768e+01
4.693715594332417851e+01 4.600413017912416080e+01
4.693715594332417851e+01 4.622602592912735986e+01
4.693715594332417851e+01 4.411979290475909465e+01
4.693715594332417851e+01 4.343016311610383440e+01
4.693715594332417851e+01 4.687636617241857806e+01
4.693715594332417851e+01 4.456577235394327374e+01
4.693715594332417851e+01 4.417000175963975295e+01
4.693715594332417851e+01 4.315328564682370427e+01
4.693715594332417851e+01 4.466011642069444321e+01
4.693715594332417851e+01 5.145718725436844210e+01
4.693715594332417851e+01 4.567013205049766356e+01
4.693715594332417851e+01 4.136518148803309458e+01
4.693715594332417851e+01 4.496287988684898806e+01
4.693715594332417851e+01 4.366192803008717505e+01
4.693715594332417851e+01 4.724307712605487097e+01
4.693715594332417851e+01 4.354924727032883425e+01
4.693715594332417851e+01 4.870579135601675347e+01
4.693715594332417851e+01 4.836296720157480422e+01
4.693715594332417851e+01 4.721878794671178525e+01
4.693715594332417851e+01 4.417642232680617553e+01
4.693715594332417851e+01 4.622991094369952236e+01
4.693715594332417851e+01 4.778348529755835017e+01
4.693715594332417851e+01 4.658142540008186927e+01
4.693715594332417851e+01 4.928340052055995812e+01
4.693715594332417851e+01 3.336904776906460057e+01
4.693715594332417851e+01 4.690802445499399909e+01
4.693715594332417851e+01 5.035195701640544996e+01
4.693715594332417851e+01 4.885054401180128281e+01
4.693715594332417851e+01 4.557014722205484247e+01
4.693715594332417851e+01 4.655269362466930261e+01
4.693715594332417851e+01 4.672528396051525590e+01
4.693715594332417851e+01 4.517768396970178202e+01
4.693715594332417851e+01 4.721053630793817746e+01
4.693715594332417851e+01 4.709162690122450101e+01
4.693715594332417851e+01 4.130960713834961240e+01
4.693715594332417851e+01 4.578266442419190696e+01
4.693715594332417851e+01 4.151543653178585203e+01
4.693715594332417851e+01 4.612948506574694818e+01
4.693715594332417851e+01 4.698930985544053840e+01
4.693715594332417851e+01 4.586567475788432802e+01
4.693715594332417851e+01 4.334596495690017548e+01
4.693715594332417851e+01 5.044647693444012759e+01
4.693715594332417851e+01 4.165712051006850913e+01
4.693715594332417851e+01 4.599749651885211676e+01
4.693715594332417851e+01 4.292324846384275361e+01
4.693715594332417851e+01 4.726042290328624773e+01
4.693715594332417851e+01 4.204326803848704941e+01
4.693715594332417851e+01 4.624300578269483708e+01
4.693715594332417851e+01 4.445426824735047688e+01
4.693715594332417851e+01 4.410714087203972866e+01
4.693715594332417851e+01 4.203017176459272264e+01
4.693715594332417851e+01 4.608095273798268465e+01
4.693715594332417851e+01 5.173237303851993829e+01
4.693715594332417851e+01 4.952404319111061426e+01
4.693715594332417851e+01 4.691357868711683210e+01
4.693715594332417851e+01 5.334733577398001358e+01
4.693715594332417851e+01 4.740176467591179232e+01
4.693715594332417851e+01 4.578738562725819605e+01
4.693715594332417851e+01 4.728156917773702617e+01
4.693715594332417851e+01 4.529400445628994731e+01
4.693715594332417851e+01 4.576063584923895888e+01
4.693715594332417851e+01 4.555271782948798176e+01
4.693715594332417851e+01 5.230551041844154270e+01
4.693715594332417851e+01 4.930388070065125561e+01
4.693715594332417851e+01 5.157630177050174325e+01
4.693715594332417851e+01 4.747273394242406397e+01
4.693715594332417851e+01 5.333901904687196804e+01
4.693715594332417851e+01 4.971839540578633887e+01
4.693715594332417851e+01 4.616728370767124545e+01
4.693715594332417851e+01 4.795202224104809119e+01
4.693715594332417851e+01 4.813989547304475991e+01
4.693715594332417851e+01 4.599982867409836729e+01
4.693715594332417851e+01 4.628843396621714845e+01
4.693715594332417851e+01 5.046371701777349728e+01
4.693715594332417851e+01 4.463506013240584025e+01
4.693715594332417851e+01 4.133567997830802199e+01
4.693715594332417851e+01 4.663015789022590241e+01
4.693715594332417851e+01 4.348508062617963787e+01
4.693715594332417851e+01 4.562338387110387572e+01
4.693715594332417851e+01 4.410726443077195569e+01
4.693715594332417851e+01 4.445853330069604681e+01
4.693715594332417851e+01 4.224719776487105349e+01
4.693715594332417851e+01 5.604664154961232470e+01
4.693715594332417851e+01 4.551053586612456314e+01
4.693715594332417851e+01 4.367346389470304757e+01
4.693715594332417851e+01 4.319940951621077119e+01
4.693715594332417851e+01 4.074179980363228992e+01
4.693715594332417851e+01 4.246263366868677736e+01
4.693715594332417851e+01 4.414169937253001308e+01
4.693715594332417851e+01 4.835848153736331767e+01
4.693715594332417851e+01 4.197583532542707729e+01
4.693715594332417851e+01 4.670284984712029797e+01
4.693715594332417851e+01 4.424142558288268390e+01
4.693715594332417851e+01 4.643286124911744395e+01
4.693715594332417851e+01 5.208793210449187683e+01
4.693715594332417851e+01 4.053544850239233455e+01
4.693715594332417851e+01 5.121377149193411071e+01
4.693715594332417851e+01 4.788958324958284152e+01
4.693715594332417851e+01 4.850928835499908587e+01
4.693715594332417851e+01 4.400600287535740307e+01
4.693715594332417851e+01 4.596425887437274582e+01
4.693715594332417851e+01 4.503276458464771537e+01
4.693715594332417851e+01 4.524481159692549426e+01
4.693715594332417851e+01 4.678500963371013199e+01
4.693715594332417851e+01 5.152460875462992362e+01
4.693715594332417851e+01 5.001966905822442300e+01
4.693715594332417851e+01 5.642012691108460842e+01
4.693715594332417851e+01 5.252841297378288488e+01
4.693715594332417851e+01 4.687722542242868684e+01
4.693715594332417851e+01 4.227610492835047040e+01
4.693715594332417851e+01 4.406000306837328395e+01
4.693715594332417851e+01 4.401498235052129360e+01
4.693715594332417851e+01 4.434253715945207119e+01
4.693715594332417851e+01 4.183123167591941183e+01
4.693715594332417851e+01 5.057934761900584419e+01
4.693715594332417851e+01 4.731073369030882958e+01
4.693715594332417851e+01 5.041341156781970056e+01
4.693715594332417851e+01 4.072643137646113587e+01
4.693715594332417851e+01 4.755939592312453357e+01
4.693715594332417851e+01 4.142593997271215045e+01
4.693715594332417851e+01 5.266288554236190578e+01
4.693715594332417851e+01 4.986922797564091070e+01
4.693715594332417851e+01 5.002797881058038598e+01
4.693715594332417851e+01 4.411194543621737552e+01
4.693715594332417851e+01 4.704034087082320070e+01
4.693715594332417851e+01 4.747650176294069269e+01
4.693715594332417851e+01 4.775602597833381679e+01
4.693715594332417851e+01 4.944098507100630968e+01
4.693715594332417851e+01 4.662038044589479568e+01
4.693715594332417851e+01 4.676739903314113889e+01
4.693715594332417851e+01 4.328585499628582767e+01
4.693715594332417851e+01 5.276386924375270837e+01
4.693715594332417851e+01 5.310965107073542413e+01
4.693715594332417851e+01 4.025639193448785846e+01
4.693715594332417851e+01 4.236732608278356338e+01
4.693715594332417851e+01 4.674375517678066672e+01
4.693715594332417851e+01 4.536649252207340055e+01
4.693715594332417851e+01 4.386978908584545422e+01
4.693715594332417851e+01 4.355560032690283379e+01
4.693715594332417851e+01 5.466101812759332290e+01
4.693715594332417851e+01 4.921216406228254669e+01
4.693715594332417851e+01 4.554661552479823428e+01
4.693715594332417851e+01 4.313121191599073967e+01
4.693715594332417851e+01 4.747642601996398071e+01
4.693715594332417851e+01 4.256853646831641669e+01
4.693715594332417851e+01 4.853911264796340674e+01
4.693715594332417851e+01 5.013006954737927856e+01
4.693715594332417851e+01 4.473372915936448635e+01
4.693715594332417851e+01 4.275882296570813423e+01
4.693715594332417851e+01 4.974821714140910700e+01
4.693715594332417851e+01 4.429846200196509898e+01
4.693715594332417851e+01 5.105443562826726378e+01
4.693715594332417851e+01 4.255587273287410710e+01
4.693715594332417851e+01 4.370635789819763772e+01
4.693715594332417851e+01 3.693852133321624365e+01
4.693715594332417851e+01 4.455008766843202039e+01
4.693715594332417851e+01 4.157199827652827651e+01
4.693715594332417851e+01 4.221316589034404387e+01
4.693715594332417851e+01 4.264014829333420664e+01
4.693715594332417851e+01 4.374418158729960737e+01
4.693715594332417851e+01 4.411008260081922572e+01
4.693715594332417851e+01 4.470006200761607573e+01
4.693715594332417851e+01 4.481401422526605671e+01
4.693715594332417851e+01 4.419785983117193950e+01
4.693715594332417851e+01 4.977100962447558885e+01
4.693715594332417851e+01 4.932922804931094873e+01
4.693715594332417851e+01 4.332077257719574703e+01
4.693715594332417851e+01 4.390963175791968354e+01
4.693715594332417851e+01 3.824336010894774773e+01
4.693715594332417851e+01 4.812986781017872318e+01
4.693715594332417851e+01 5.361938456401593811e+01
4.693715594332417851e+01 4.704665613759794951e+01
4.693715594332417851e+01 4.835039826134018881e+01
4.693715594332417851e+01 5.123418922331291725e+01
4.693715594332417851e+01 4.365271090300942802e+01
4.693715594332417851e+01 4.571743242016692221e+01
4.693715594332417851e+01 4.717463586887459570e+01
4.693715594332417851e+01 4.507604497062844473e+01
4.693715594332417851e+01 4.647958303657627965e+01
4.693715594332417851e+01 5.091122581095361710e+01
4.693715594332417851e+01 4.602276802906852993e+01
4.693715594332417851e+01 4.854316490480687207e+01
4.693715594332417851e+01 4.742472804555551136e+01
4.693715594332417851e+01 4.799161066692627742e+01
4.693715594332417851e+01 4.523956230419606328e+01
4.693715594332417851e+01 4.829692533544429267e+01
4.693715594332417851e+01 4.604789754396699664e+01
4.693715594332417851e+01 4.461171517419255395e+01
4.693715594332417851e+01 4.893478129535772325e+01
4.693715594332417851e+01 4.501680886960691907e+01
4.693715594332417851e+01 4.343200686812500066e+01
4.693715594332417851e+01 4.897160385775895008e+01
4.693715594332417851e+01 3.918220338011702353e+01
4.693715594332417851e+01 4.338230399610088028e+01
4.693715594332417851e+01 4.491233982956160986e+01
4.693715594332417851e+01 4.543242609181893243e+01
4.693715594332417851e+01 4.528475906567938125e+01
4.693715594332417851e+01 4.530937360478637999e+01
4.693715594332417851e+01 4.021013548968773677e+01
4.693715594332417851e+01 4.608325373004414871e+01
4.693715594332417851e+01 4.169984517748256536e+01
4.693715594332417851e+01 4.636763523695935874e+01
4.693715594332417851e+01 4.539357852940783999e+01
4.693715594332417851e+01 4.487629441840528699e+01
4.693715594332417851e+01 4.846782197959663563e+01
4.693715594332417851e+01 4.563426329652150315e+01
4.693715594332417851e+01 4.723562651471856100e+01
4.693715594332417851e+01 4.537535206915771369e+01
4.693715594332417851e+01 4.447100822662905983e+01
4.693715594332417851e+01 4.317443455825503662e+01
4.693715594332417851e+01 4.656892824323713143e+01
4.693715594332417851e+01 4.777404861994656216e+01
4.693715594332417851e+01 4.777883936935709386e+01
4.693715594332417851e+01 5.019707318037406196e+01
4.693715594332417851e+01 4.666014612779527226e+01
4.693715594332417851e+01 4.346961231737462583e+01
4.693715594332417851e+01 4.574393384691585851e+01
4.693715594332417851e+01 4.475904144681057062e+01
4.693715594332417851e+01 4.048547311300652041e+01
4.693715594332417851e+01 3.997461436762151976e+01
4.693715594332417851e+01 4.190926873172027456e+01
4.693715594332417851e+01 4.350054974123302287e+01
4.693715594332417851e+01 4.403096265860789771e+01
4.693715594332417851e+01 4.171781926578911737e+01
4.693715594332417851e+01 4.600693127806204075e+01
4.693715594332417851e+01 5.164164217423765990e+01
4.693715594332417851e+01 5.136172733188255535e+01
4.693715594332417851e+01 4.793863180384408906e+01
4.693715594332417851e+01 4.665428214004447227e+01
4.693715594332417851e+01 4.540527782044026139e+01
4.693715594332417851e+01 4.583033190029338755e+01
4.693715594332417851e+01 4.741102218376159527e+01
4.693715594332417851e+01 4.154283884689230177e+01
4.693715594332417851e+01 4.938893126554404489e+01
4.693715594332417851e+01 4.528415521568054203e+01
4.693715594332417851e+01 4.895375895934553512e+01
4.693715594332417851e+01 4.458923744423504587e+01
4.693715594332417851e+01 3.796744616176520992e+01
4.693715594332417851e+01 4.731820923888667352e+01
4.693715594332417851e+01 4.498158075822044566e+01
4.693715594332417851e+01 4.552347390677745409e+01
4.693715594332417851e+01 4.072412738991162939e+01
4.693715594332417851e+01 5.056811826460556603e+01
4.693715594332417851e+01 4.885239655846436335e+01
4.693715594332417851e+01 4.858314758116893017e+01
4.693715594332417851e+01 4.338302445054713985e+01
4.693715594332417851e+01 4.525259554987035671e+01
4.693715594332417851e+01 4.169340402252438338e+01
4.693715594332417851e+01 4.237278396253110202e+01
4.693715594332417851e+01 4.376833903150787108e+01
4.693715594332417851e+01 4.325118584212833639e+01
4.693715594332417851e+01 4.537296254973417575e+01
4.693715594332417851e+01 4.846315976105466916e+01
4.693715594332417851e+01 4.827780487348743321e+01
4.693715594332417851e+01 4.350625008290636231e+01
4.693715594332417851e+01 4.878413777866060030e+01
4.693715594332417851e+01 4.949999249131212053e+01
4.693715594332417851e+01 4.689697028594771666e+01
4.693715594332417851e+01 4.447538502231714119e+01
4.693715594332417851e+01 5.010349664935338154e+01
4.693715594332417851e+01 4.709900262600837806e+01
4.693715594332417851e+01 4.363999813025367303e+01
4.693715594332417851e+01 4.968983677061650894e+01
4.693715594332417851e+01 4.343432606094673787e+01
4.693715594332417851e+01 4.776736265996133568e+01
4.693715594332417851e+01 4.564260201440131937e+01
4.693715594332417851e+01 4.746278225062747680e+01
4.693715594332417851e+01 4.534578760423549681e+01
4.693715594332417851e+01 4.848862807761054938e+01
4.693715594332417851e+01 4.677475474617486384e+01
4.693715594332417851e+01 4.699909571802182739e+01
4.693715594332417851e+01 4.480154023517290796e+01
4.693715594332417851e+01 4.364527554948402610e+01
4.693715594332417851e+01 4.961516262608132166e+01
4.693715594332417851e+01 4.649695080807111225e+01
4.693715594332417851e+01 5.040512213929619634e+01
4.693715594332417851e+01 4.572554505231082800e+01
4.693715594332417851e+01 4.718374564142503402e+01
4.693715594332417851e+01 4.812655256643555646e+01
4.693715594332417851e+01 4.691544363035142595e+01
4.693715594332417851e+01 5.145095919864942147e+01
4.693715594332417851e+01 4.197862179151559303e+01
4.693715594332417851e+01 4.402253441683949120e+01
4.693715594332417851e+01 4.829470895258822338e+01
4.693715594332417851e+01 4.296746713242671234e+01
4.693715594332417851e+01 4.914511682228689438e+01
4.693715594332417851e+01 4.543437638481861285e+01
4.693715594332417851e+01 4.337544626796934466e+01
4.693715594332417851e+01 4.639011768259030077e+01
4.693715594332417851e+01 4.766199400406991060e+01
4.693715594332417851e+01 4.623099530569589177e+01
4.693715594332417851e+01 4.610062474858526826e+01
4.693715594332417851e+01 4.486006218520694233e+01
4.693715594332417851e+01 4.836824739167760612e+01
4.693715594332417851e+01 4.328246612222032041e+01
4.693715594332417851e+01 4.163698546989910909e+01
4.693715594332417851e+01 4.460253378650588019e+01
4.693715594332417851e+01 4.018384895619334429e+01
4.693715594332417851e+01 4.893883429627633319e+01
4.693715594332417851e+01 4.975301163912087077e+01
4.693715594332417851e+01 4.833306524033265106e+01
4.693715594332417851e+01 4.801874276355631110e+01
4.693715594332417851e+01 4.813617172140710210e+01
4.693715594332417851e+01 4.451322325493515564e+01
4.693715594332417851e+01 4.611128285567093599e+01
4.693715594332417851e+01 4.593089645560950629e+01
4.693715594332417851e+01 4.383203662238785370e+01
4.693715594332417851e+01 4.612326993610190584e+01
4.693715594332417851e+01 4.475189565229818811e+01
4.693715594332417851e+01 4.553904020273463260e+01
4.693715594332417851e+01 3.898329672696296910e+01
4.693715594332417851e+01 4.771930493989461297e+01
4.693715594332417851e+01 4.702373557499090140e+01
4.693715594332417851e+01 4.982114296740363812e+01
4.693715594332417851e+01 5.153949394606366496e+01
4.693715594332417851e+01 4.437013271891438393e+01
4.693715594332417851e+01 4.720967637773365055e+01
4.693715594332417851e+01 5.104701412043645803e+01
4.693715594332417851e+01 4.998098086319567557e+01
4.693715594332417851e+01 4.533992236252203867e+01
4.693715594332417851e+01 4.244769615603127022e+01
4.693715594332417851e+01 4.277121994787464843e+01
4.693715594332417851e+01 4.609000815975181098e+01
4.693715594332417851e+01 4.775794109936769161e+01
4.693715594332417851e+01 4.584129001616835808e+01
4.693715594332417851e+01 4.974234328766292634e+01
4.693715594332417851e+01 4.758166588472980152e+01
4.693715594332417851e+01 4.077806811303138090e+01
4.693715594332417851e+01 4.011978582409182081e+01
4.693715594332417851e+01 4.472820908287797437e+01
4.693715594332417851e+01 3.761699561611452225e+01
4.693715594332417851e+01 4.540579340818073462e+01
4.693715594332417851e+01 4.677052012950917970e+01
4.693715594332417851e+01 4.661301346453802807e+01
4.693715594332417851e+01 4.285833132008092861e+01
4.693715594332417851e+01 5.387160967086197161e+01
4.693715594332417851e+01 4.907591071929967086e+01
4.693715594332417851e+01 4.834221710369194369e+01
4.693715594332417851e+01 5.202242815869895765e+01
4.693715594332417851e+01 4.832672133390079949e+01
4.693715594332417851e+01 4.562510714320503524e+01
4.693715594332417851e+01 4.213241077206279073e+01
4.693715594332417851e+01 4.515818023386352564e+01
4.693715594332417851e+01 4.501402277543368768e+01
4.693715594332417851e+01 4.936139456908779977e+01
4.693715594332417851e+01 4.882505167394104717e+01
4.693715594332417851e+01 5.192326254035462796e+01
4.693715594332417851e+01 4.327446416251869010e+01
4.693715594332417851e+01 4.700144716036786718e+01
4.693715594332417851e+01 4.457517071091024974e+01
4.693715594332417851e+01 5.495546917098719319e+01
4.693715594332417851e+01 4.705616002445916024e+01
4.693715594332417851e+01 4.426845814458170025e+01
4.693715594332417851e+01 4.156901350986534283e+01
4.693715594332417851e+01 4.505689550355732820e+01
4.693715594332417851e+01 4.555914857576988908e+01
4.693715594332417851e+01 4.163515220024792285e+01
4.693715594332417851e+01 4.637858781113506268e+01
4.693715594332417851e+01 4.547376648012142653e+01
4.693715594332417851e+01 4.478321284461990359e+01
4.693715594332417851e+01 4.686306589765985109e+01
4.693715594332417851e+01 4.870345954557813428e+01
4.693715594332417851e+01 4.731046793322195043e+01
4.693715594332417851e+01 5.051182481177917083e+01
4.693715594332417851e+01 4.526944687475882034e+01
4.693715594332417851e+01 4.905963051529379015e+01
4.693715594332417851e+01 4.966239254075021847e+01
4.693715594332417851e+01 4.408284821783798435e+01
4.693715594332417851e+01 4.862281983661677032e+01
4.693715594332417851e+01 4.744027131008849096e+01
4.693715594332417851e+01 4.101531421960082469e+01
4.693715594332417851e+01 4.848682500322263422e+01
4.693715594332417851e+01 4.668494883885898616e+01
4.693715594332417851e+01 4.565018150476823422e+01
4.693715594332417851e+01 4.336290528698791036e+01
4.693715594332417851e+01 4.892428706540558636e+01
4.693715594332417851e+01 4.728903031136566426e+01
4.693715594332417851e+01 4.505022216576116989e+01
4.693715594332417851e+01 4.556541681740863936e+01
4.693715594332417851e+01 4.772731930386623134e+01
4.693715594332417851e+01 4.814106085016850045e+01
4.693715594332417851e+01 5.011449216255726213e+01
4.693715594332417851e+01 4.946555738732827479e+01
4.693715594332417851e+01 4.157228409417648152e+01
4.693715594332417851e+01 4.413410706395220728e+01
4.693715594332417851e+01 5.489229375898339924e+01
4.693715594332417851e+01 4.160904160044191258e+01
4.693715594332417851e+01 4.985684649430257309e+01
4.693715594332417851e+01 4.972571157488452798e+01
4.693715594332417851e+01 4.887546537717960859e+01
4.693715594332417851e+01 4.136406165585058403e+01
4.693715594332417851e+01 4.446935992633245149e+01
4.693715594332417851e+01 4.336031811358405719e+01
4.693715594332417851e+01 4.788225160784734413e+01
4.693715594332417851e+01 5.073948961843569805e+01
4.693715594332417851e+01 4.595000587060368247e+01
4.693715594332417851e+01 4.900869249136598427e+01
4.693715594332417851e+01 4.750615674968378244e+01
4.693715594332417851e+01 5.119876795927180524e+01
4.693715594332417851e+01 4.531516363633945588e+01
4.693715594332417851e+01 4.942691811514810496e+01
4.693715594332417851e+01 4.054145389764007490e+01
4.693715594332417851e+01 4.531113386015714184e+01
4.693715594332417851e+01 3.700759607229192483e+01
4.693715594332417851e+01 4.295762107593996149e+01
4.693715594332417851e+01 4.972076476347729823e+01
4.693715594332417851e+01 4.658867467488462921e+01
4.693715594332417851e+01 4.662007980314358946e+01
4.693715594332417851e+01 4.492364908509886590e+01
4.693715594332417851e+01 4.100055885797280553e+01
4.693715594332417851e+01 4.466999913652307441e+01
4.693715594332417851e+01 4.676206930303846576e+01
4.693715594332417851e+01 4.969470517190647740e+01
4.693715594332417851e+01 4.502929093778337233e+01
4.693715594332417851e+01 4.826319748063037451e+01
4.693715594332417851e+01 4.686251211618331780e+01
4.693715594332417851e+01 4.160671356954429712e+01
4.693715594332417851e+01 4.300880639538114281e+01
4.693715594332417851e+01 4.375875022312810358e+01
4.693715594332417851e+01 4.110708768734350826e+01
4.693715594332417851e+01 4.499965913832532038e+01
4.693715594332417851e+01 4.968622034060896908e+01
4.693715594332417851e+01 4.547927826830983378e+01
4.693715594332417851e+01 4.361583458370667898e+01
4.693715594332417851e+01 4.527618095447342483e+01
4.693715594332417851e+01 4.460557139374973445e+01
4.693715594332417851e+01 4.267418320069253213e+01
4.693715594332417851e+01 5.060644877483815662e+01
4.693715594332417851e+01 4.961107878222365741e+01
4.693715594332417851e+01 5.065283826419971547e+01
4.693715594332417851e+01 4.456610256001539483e+01
4.693715594332417851e+01 4.277434135846831254e+01
4.693715594332417851e+01 4.475564492837253283e+01
4.693715594332417851e+01 4.226843525730793516e+01
4.693715594332417851e+01 4.409181477802244586e+01
4.693715594332417851e+01 4.061217023186917174e+01
4.693715594332417851e+01 4.451434600786450346e+01
4.693715594332417851e+01 4.604623258541366226e+01
4.693715594332417851e+01 5.478055600710616346e+01
4.693715594332417851e+01 4.692554352373889515e+01
4.693715594332417851e+01 4.749743520854683965e+01
4.693715594332417851e+01 4.294611969672707374e+01
4.693715594332417851e+01 4.653782093821152444e+01
4.693715594332417851e+01 4.820632511538847353e+01
4.693715594332417851e+01 4.224201578702445659e+01
4.693715594332417851e+01 4.703739981504556056e+01
4.693715594332417851e+01 3.904807782585822906e+01
4.693715594332417851e+01 4.374597652952780891e+01
4.693715594332417851e+01 4.790606591687285487e+01
4.693715594332417851e+01 4.609545415353852604e+01
4.693715594332417851e+01 4.644686025156281772e+01
4.693715594332417851e+01 4.927197858949298137e+01
4.693715594332417851e+01 4.894260158552508244e+01
4.693715594332417851e+01 4.211385172309054070e+01
4.693715594332417851e+01 4.727472471548256294e+01
4.693715594332417851e+01 4.156922833333637612e+01
4.693715594332417851e+01 4.583789806674780465e+01
4.693715594332417851e+01 4.692242180837823895e+01
4.693715594332417851e+01 4.689882725937577135e+01
4.693715594332417851e+01 4.954649644198688208e+01
4.693715594332417851e+01 4.491163562211738025e+01
4.693715594332417851e+01 4.289692221018255225e+01
4.693715594332417851e+01 4.684333036878341971e+01
4.693715594332417851e+01 4.078774697434570129e+01
4.693715594332417851e+01 4.541046794389506402e+01
4.693715594332417851e+01 4.873260331532657119e+01
4.693715594332417851e+01 4.837816778111894678e+01
4.693715594332417851e+01 4.428011054344486297e+01
4.693715594332417851e+01 4.766701717876356525e+01
4.693715594332417851e+01 4.300511913176472945e+01
4.693715594332417851e+01 4.227877453244702366e+01
4.693715594332417851e+01 4.588867356527531172e+01
4.693715594332417851e+01 3.756269253196463609e+01
4.693715594332417851e+01 4.683256546490401462e+01
4.693715594332417851e+01 4.720470925864484002e+01
4.693715594332417851e+01 4.587841365084674550e+01
4.693715594332417851e+01 4.707079776359517354e+01
4.693715594332417851e+01 5.336705834926021907e+01
4.693715594332417851e+01 5.067614836468609951e+01
4.693715594332417851e+01 4.921689128837027027e+01
4.693715594332417851e+01 3.981046585061406518e+01
4.693715594332417851e+01 4.564335810787691372e+01
4.693715594332417851e+01 4.742096869127137637e+01
4.693715594332417851e+01 4.652938329737844469e+01
4.693715594332417851e+01 4.496657344574738602e+01
4.693715594332417851e+01 4.331610485716023362e+01
4.693715594332417851e+01 4.849389899407247384e+01
4.693715594332417851e+01 4.787805808619140180e+01
4.693715594332417851e+01 4.672281632606036084e+01
4.693715594332417851e+01 4.730314081250452318e+01
4.693715594332417851e+01 4.081511076095222990e+01
4.693715594332417851e+01 4.060899261237477020e+01
4.693715594332417851e+01 4.737211224454829761e+01
4.693715594332417851e+01 4.568504619003142153e+01
4.693715594332417851e+01 5.061866405455232609e+01
4.693715594332417851e+01 4.435550982894913119e+01
4.693715594332417851e+01 4.553045971017862570e+01
4.693715594332417851e+01 4.476423996745316458e+01
4.693715594332417851e+01 4.561174365124624330e+01
4.693715594332417851e+01 4.439850328673617952e+01
4.693715594332417851e+01 5.064582603067060518e+01
4.693715594332417851e+01 4.744733985042881130e+01
4.693715594332417851e+01 4.756460993528826009e+01
4.693715594332417851e+01 4.764102426272484081e+01
4.693715594332417851e+01 4.085153821683758935e+01
4.693715594332417851e+01 4.538736195272077367e+01
4.693715594332417851e+01 4.199692844599867669e+01
4.693715594332417851e+01 4.526657389882184646e+01
4.693715594332417851e+01 4.345009180141693150e+01
4.693715594332417851e+01 4.484799632002955860e+01
4.693715594332417851e+01 4.752513063892256895e+01
4.693715594332417851e+01 4.671269443096088025e+01
4.693715594332417851e+01 4.300020262890637923e+01
4.693715594332417851e+01 4.996430795416366522e+01
4.693715594332417851e+01 5.015129658438953442e+01
4.693715594332417851e+01 4.686183232296061618e+01
4.693715594332417851e+01 4.839359239546683256e+01
4.693715594332417851e+01 4.532970053161484003e+01
4.693715594332417851e+01 4.707900219930363761e+01
4.693715594332417851e+01 4.272608817571212825e+01
4.693715594332417851e+01 4.912407952747283701e+01
4.693715594332417851e+01 4.454244515368019108e+01
4.693715594332417851e+01 4.633227445825016133e+01
4.693715594332417851e+01 4.759236570760670304e+01
4.693715594332417851e+01 5.101348067884114101e+01
4.693715594332417851e+01 4.854580043095441511e+01
4.693715594332417851e+01 4.923624301052979035e+01
4.693715594332417851e+01 4.560586759103552623e+01
4.693715594332417851e+01 4.650083818734068331e+01
4.693715594332417851e+01 3.927527325904359401e+01
4.693715594332417851e+01 4.617323870109586181e+01
4.693715594332417851e+01 4.470531843525355242e+01
4.693715594332417851e+01 4.929366111694349684e+01
4.693715594332417851e+01 4.885139715213232137e+01
4.693715594332417851e+01 4.128725614720136861e+01
4.693715594332417851e+01 4.705347113308199880e+01
4.693715594332417851e+01 4.571747012987309233e+01
4.693715594332417851e+01 4.192248794073059770e+01
4.693715594332417851e+01 5.023395910819813537e+01
4.693715594332417851e+01 4.179616569376775459e+01
4.693715594332417851e+01 4.158495871664681687e+01
4.693715594332417851e+01 4.770613360063406816e+01
4.693715594332417851e+01 4.625587995002775443e+01
4.693715594332417851e+01 4.758703462621245706e+01
4.693715594332417851e+01 4.924843653402569998e+01
4.693715594332417851e+01 5.082659289133269453e+01
4.693715594332417851e+01 4.534345586977976694e+01
4.693715594332417851e+01 4.755444693314225191e+01
4.693715594332417851e+01 4.650997706773593876e+01
4.693715594332417851e+01 4.773721822433903128e+01
4.693715594332417851e+01 4.622377915153491301e+01
4.693715594332417851e+01 5.171288095367462745e+01
4.693715594332417851e+01 4.375698429593045802e+01
4.693715594332417851e+01 4.507405542150694089e+01
4.693715594332417851e+01 4.788492440225231661e+01
4.693715594332417851e+01 4.441870109139931344e+01
4.693715594332417851e+01 3.654334610634860780e+01
4.693715594332417851e+01 4.837890596125954801e+01
4.693715594332417851e+01 4.891934975989732237e+01
4.693715594332417851e+01 4.661347692162933498e+01
4.693715594332417851e+01 5.011720621054285374e+01
4.693715594332417851e+01 4.279401586774884692e+01
4.693715594332417851e+01 4.794412944419944722e+01
4.693715594332417851e+01 4.235804270615069811e+01
4.693715594332417851e+01 3.986182864856250774e+01
4.693715594332417851e+01 4.710274956577463001e+01
4.693715594332417851e+01 4.616550109413903868e+01
4.693715594332417851e+01 4.451318831317120583e+01
4.693715594332417851e+01 4.669569654151276694e+01
4.693715594332417851e+01 5.243032004122790113e+01
4.693715594332417851e+01 4.773081265312274013e+01
4.693715594332417851e+01 4.258076949277975132e+01
4.693715594332417851e+01 4.880639965529250901e+01
4.693715594332417851e+01 4.362921784303949835e+01
4.693715594332417851e+01 4.441751239959226183e+01
4.693715594332417851e+01 4.498738372570321786e+01
4.693715594332417851e+01 4.567785994940545180e+01
4.693715594332417851e+01 4.735503958672236990e+01
4.693715594332417851e+01 5.372962962145366816e+01
4.693715594332417851e+01 4.293146161000664307e+01
4.693715594332417851e+01 5.113237150579130486e+01
4.693715594332417851e+01 4.898349424770842830e+01
4.693715594332417851e+01 4.504109245509174286e+01
4.693715594332417851e+01 3.985104089047465692e+01
4.693715594332417851e+01 5.006185441235314215e+01
4.693715594332417851e+01 4.809578059345646750e+01
4.693715594332417851e+01 4.924861610432363079e+01
4.693715594332417851e+01 4.832730956879154149e+01
4.693715594332417851e+01 4.758890606229691400e+01
4.693715594332417851e+01 4.140491724988254418e+01
4.693715594332417851e+01 4.602073961052348494e+01
4.693715594332417851e+01 5.018704461163109443e+01
4.693715594332417851e+01 4.635588189554558625e+01
4.693715594332417851e+01 5.045252192205010999e+01
4.693715594332417851e+01 5.156453581341322945e+01
4.693715594332417851e+01 5.142538502066224737e+01
4.693715594332417851e+01 4.870732638109103618e+01
4.693715594332417851e+01 3.793351733721163299e+01
4.693715594332417851e+01 4.397295341416460701e+01
4.693715594332417851e+01 4.643349389227454083e+01
4.693715594332417851e+01 4.898560456952775155e+01
4.693715594332417851e+01 3.965806961535458441e+01
4.693715594332417851e+01 4.706506789568850735e+01
4.693715594332417851e+01 5.327064393519357566e+01
4.693715594332417851e+01 4.566044695918284191e+01
4.693715594332417851e+01 4.529182558750397902e+01
4.693715594332417851e+01 4.589830969086898449e+01
4.693715594332417851e+01 4.443966958463553141e+01
4.693715594332417851e+01 4.652440056208359209e+01
4.693715594332417851e+01 4.949123975588661040e+01
4.693715594332417851e+01 4.484937724166611872e+01
4.693715594332417851e+01 4.244061580561552205e+01
4.693715594332417851e+01 4.343861136321231697e+01
4.693715594332417851e+01 4.531182585068200552e+01
4.693715594332417851e+01 4.592804570938951514e+01
4.693715594332417851e+01 4.569218769273746972e+01
4.693715594332417851e+01 4.493311470918654749e+01
4.693715594332417851e+01 4.969622004551534644e+01
4.693715594332417851e+01 4.633374656659430002e+01
4.693715594332417851e+01 4.666200057695599668e+01
4.693715594332417851e+01 5.346308356050496968e+01
4.693715594332417851e+01 5.188355223418661666e+01
4.693715594332417851e+01 4.977920291182262957e+01
4.693715594332417851e+01 4.988602964953769003e+01
4.693715594332417851e+01 4.348999369220149447e+01
4.693715594332417851e+01 4.523240158232007957e+01
4.693715594332417851e+01 4.934869866756282164e+01
4.693715594332417851e+01 4.607694403595097299e+01
4.693715594332417851e+01 4.473484637806172515e+01
4.693715594332417851e+01 4.705548933390354449e+01
4.693715594332417851e+01 4.409211182242152915e+01
4.693715594332417851e+01 4.916143397051368424e+01
4.693715594332417851e+01 4.766386088466540372e+01
4.693715594332417851e+01 4.213498551078862420e+01
4.693715594332417851e+01 4.493351960442113580e+01
4.693715594332417851e+01 4.909472298533366086e+01
4.693715594332417851e+01 4.324338916454379955e+01
4.693715594332417851e+01 4.562631022421913940e+01
4.693715594332417851e+01 4.490760274454491707e+01
4.693715594332417851e+01 4.448972558589346704e+01
4.693715594332417851e+01 4.078706434315846963e+01
4.693715594332417851e+01 4.624827335018305519e+01
4.693715594332417851e+01 4.282594420561672877e+01
4.693715594332417851e+01 4.086370788919037267e+01
4.693715594332417851e+01 4.710360839937929001e+01
4.693715594332417851e+01 4.896474742559082927e+01
4.693715594332417851e+01 4.636944603950162502e+01
4.693715594332417851e+01 5.238357798550021016e+01
4.693715594332417851e+01 4.609267111138938589e+01
4.693715594332417851e+01 4.305889369810743261e+01
4.693715594332417851e+01 4.817764683133664505e+01
4.693715594332417851e+01 4.975326588085869162e+01
4.693715594332417851e+01 4.571549639643513530e+01
4.693715594332417851e+01 4.068378386691276916e+01
4.693715594332417851e+01 4.468772623459047821e+01
4.693715594332417851e+01 4.800368124109967027e+01
4.693715594332417851e+01 4.816811930308902845e+01
4.693715594332417851e+01 4.507672625948211476e+01
4.693715594332417851e+01 4.384616811966594696e+01
4.693715594332417851e+01 4.712085492007150833e+01
4.693715594332417851e+01 4.833374170201650344e+01
4.693715594332417851e+01 4.354303400484155162e+01
4.693715594332417851e+01 4.427820531768418988e+01
4.693715594332417851e+01 4.739772996271789651e+01
4.693715594332417851e+01 4.371215280571197326e+01
4.693715594332417851e+01 4.288560831274661211e+01
4.693715594332417851e+01 4.602095409767482437e+01
4.693715594332417851e+01 4.907881000140917394e+01
4.693715594332417851e+01 4.876868093192781117e+01
4.693715594332417851e+01 4.657695690198209348e+01
4.693715594332417851e+01 4.928887450572736384e+01
4.693715594332417851e+01 4.617217645752684518e+01
4.693715594332417851e+01 4.350461932448732227e+01
4.693715594332417851e+01 4.686554276076476810e+01
4.693715594332417851e+01 4.167192949958712944e+01
4.693715594332417851e+01 4.836086609062913055e+01
4.693715594332417851e+01 4.347722534826493046e+01
4.693715594332417851e+01 5.285050864539064719e+01
4.693715594332417851e+01 4.609363929813613225e+01
4.693715594332417851e+01 4.683465824757344365e+01
4.693715594332417851e+01 4.646599312552952199e+01
4.693715594332417851e+01 4.235395955482202623e+01
4.693715594332417851e+01 4.686005937405255395e+01
4.693715594332417851e+01 4.368009560150204607e+01
4.693715594332417851e+01 4.269966006167351225e+01
4.693715594332417851e+01 4.751316769770173210e+01
4.693715594332417851e+01 4.550073778363313437e+01
4.693715594332417851e+01 4.922049753873059785e+01
4.693715594332417851e+01 4.434589248123043603e+01
4.693715594332417851e+01 4.519513934171841640e+01
4.693715594332417851e+01 4.392736777881268040e+01
4.693715594332417851e+01 4.537114225556209846e+01
4.693715594332417851e+01 4.734742844811157170e+01
4.693715594332417851e+01 4.329008605254468733e+01
4.693715594332417851e+01 4.115924819109870469e+01
4.693715594332417851e+01 4.516829724901941745e+01
4.693715594332417851e+01 5.310053037173810253e+01
4.693715594332417851e+01 4.202840884670133903e+01
4.693715594332417851e+01 4.698393402629186966e+01
4.693715594332417851e+01 4.253774802235054864e+01
4.693715594332417851e+01 4.911222283521243526e+01
4.693715594332417851e+01 5.174495860584178786e+01
4.693715594332417851e+01 5.687208566721171366e+01
4.693715594332417851e+01 4.543709062534684762e+01
4.693715594332417851e+01 4.123345585875183161e+01
4.693715594332417851e+01 5.551763272801331794e+01
4.693715594332417851e+01 4.687559698528117025e+01
4.693715594332417851e+01 4.172324739885004163e+01
4.693715594332417851e+01 5.247281539880224699e+01
4.693715594332417851e+01 4.981742012544047071e+01
4.693715594332417851e+01 5.002375385323790624e+01
4.693715594332417851e+01 4.488062561891575797e+01
4.693715594332417851e+01 4.450993163002147668e+01
4.693715594332417851e+01 4.479150546382198428e+01
4.693715594332417851e+01 4.951881748324448296e+01
4.693715594332417851e+01 4.694997475119209440e+01
4.693715594332417851e+01 4.054476917005960246e+01
4.693715594332417851e+01 4.821670177890976561e+01
4.693715594332417851e+01 4.594834363937605559e+01
4.693715594332417851e+01 4.413079999188865088e+01
4.693715594332417851e+01 4.481534777455595986e+01
4.693715594332417851e+01 4.567526752980165838e+01
4.693715594332417851e+01 4.423414464426111437e+01
4.693715594332417851e+01 5.411472551180621338e+01
4.693715594332417851e+01 3.980813772389504379e+01
4.693715594332417851e+01 5.083144271879066878e+01
4.693715594332417851e+01 4.740660501612016020e+01
4.693715594332417851e+01 4.105325233825148246e+01
4.693715594332417851e+01 4.541210077251849953e+01
4.693715594332417851e+01 4.421787941573493441e+01
4.693715594332417851e+01 4.873624482027563687e+01
4.693715594332417851e+01 4.274870761001027830e+01
4.693715594332417851e+01 4.659378060895357265e+01
4.693715594332417851e+01 4.416797872512921685e+01
4.693715594332417851e+01 5.373000398478708917e+01
4.693715594332417851e+01 4.717809204302380977e+01
4.693715594332417851e+01 4.690194123171958296e+01
4.693715594332417851e+01 4.314563389872285626e+01
4.693715594332417851e+01 4.497451398440522041e+01
4.693715594332417851e+01 5.166633353469635637e+01
