4.693715594332417851e+01 4.491291376067057683e+01
4.693715594332417851e+01 4.925658794157552478e+01
4.693715594332417851e+01 4.655644968305793441e+01
4.693715594332417851e+01 4.457456285989389499e+01
4.693715594332417851e+01 4.818330192857791872e+01
4.693715594332417851e+01 4.869111485717010623e+01
4.693715594332417851e+01 4.255512283681765950e+01
4.693715594332417851e+01 4.931982243914536213e+01
4.693715594332417851e+01 4.263599293305048832e+01
4.693715594332417851e+01 4.836865612173809126e+01
4.693715594332417851e+01 4.560267132625623532e+01
4.693715594332417851e+01 4.404231063526293610e+01
4.693715594332417851e+01 5.420833617472347754e+01
4.693715594332417851e+01 4.579336054678360313e+01
4.693715594332417851e+01 4.771511404435187131e+01
4.693715594332417851e+01 4.833427674525687223e+01
4.693715594332417851e+01 4.654397879402773697e+01
4.693715594332417851e+01 4.097620317032325943e+01
4.693715594332417851e+01 4.697658087218116663e+01
4.693715594332417851e+01 4.447624084079568973e+01
4.693715594332417851e+01 4.589546078581103927e+01
4.693715594332417851e+01 4.873624900864829357e+01
4.693715594332417851e+01 4.137105551481348442e+01
4.693715594332417851e+01 4.192867239300011306e+01
4.693715594332417851e+01 3.926728237409848532e+01
4.693715594332417851e+01 4.574065530980532657e+01
4.693715594332417851e+01 5.030889289037507695e+01
4.693715594332417851e+01 4.397934151381667789e+01
4.693715594332417851e+01 4.861758754441414254e+01
4.693715594332417851e+01 4.804855488034065303e+01
4.693715594332417851e+01 4.213174498886545649e+01
4.693715594332417851e+01 5.033458372863232455e+01
4.693715594332417851e+01 4.701222323099180755e+01
4.693715594332417851e+01 4.230597729984932442e+01
4.693715594332417851e+01 4.612904641523908111e+01
4.693715594332417851e+01 4.609764912976093854e+01
4.693715594332417851e+01 4.993952170714025129e+01
4.693715594332417851e+01 5.399422655204558197e+01
4.693715594332417851e+01 5.134638369723091245e+01
4.693715594332417851e+01 4.423596616670834436e+01
4.693715594332417851e+01 4.673993927987733343e+01
4.693715594332417851e+01 4.910940957872051627e+01
4.693715594332417851e+01 4.318756344145153747e+01
4.693715594332417851e+01 5.203277174161166840e+01
4.693715594332417851e+01 4.507570750881096444e+01
4.693715594332417851e+01 4.760673894322104616e+01
4.693715594332417851e+01 4.460277703975656749e+01
4.693715594332417851e+01 4.103374645484464622e+01
4.693715594332417851e+01 4.164037632252308185e+01
4.693715594332417851e+01 4.285674536232235710e+01
4.693715594332417851e+01 4.252047390289267526e+01
4.693715594332417851e+01 4.686925064807056884e+01
4.693715594332417851e+01 4.659537196298691697e+01
4.693715594332417851e+01 4.669556061451792317e+01
4.693715594332417851e+01 4.112654536485341339e+01
4.693715594332417851e+01 4.436368041904965054e+01
4.693715594332417851e+01 4.776487595590842972e+01
4.693715594332417851e+01 4.588394477130160709e+01
4.693715594332417851e+01 4.905860220033290631e+01
4.693715594332417851e+01 4.386353616739307881e+01
4.693715594332417851e+01 4.582019078129339817e+01
4.693715594332417851e+01 5.043703394755640090e+01
4.693715594332417851e+01 4.346623686664213437e+01
4.693715594332417851e+01 5.058527799921370161e+01
4.693715594332417851e+01 4.786198357406521353e+01
4.693715594332417851e+01 4.243432308087746918e+01
4.693715594332417851e+01 4.778354827882787959e+01
4.693715594332417851e+01 4.438529385683637685e+01
4.693715594332417851e+01 4.578151357408643207e+01
4.693715594332417851e+01 4.891476990904659772e+01
4.693715594332417851e+01 4.687474387140363774e+01
4.693715594332417851e+01 5.151061825843427044e+01
4.693715594332417851e+01 4.938939413595925743e+01
4.693715594332417851e+01 4.868460269878286795e+01
4.693715594332417851e+01 4.365013920218813581e+01
4.693715594332417851e+01 4.663401702265247906e+01
4.693715594332417851e+01 4.724861214023206912e+01
4.693715594332417851e+01 5.349855948303799380e+01
4.693715594332417851e+01 4.539387426259558822e+01
4.693715594332417851e+01 4.636803697372942423e+01
4.693715594332417851e+01 4.936220189591730900e+01
4.693715594332417851e+01 4.261381538995755136e+01
4.693715594332417851e+01 4.618164045647966987e+01
4.693715594332417851e+01 5.153805839127749522e+01
4.693715594332417851e+01 4.462607398701052830e+01
4.693715594332417851e+01 4.331799455966064016e+01
4.693715594332417851e+01 4.766126734117055719e+01
4.693715594332417851e+01 4.585346024011695221e+01
4.693715594332417851e+01 4.805257538221481184e+01
4.693715594332417851e+01 5.007655181893515106e+01
4.693715594332417851e+01 4.450623190395113937e+01
4.693715594332417851e+01 4.419422233524588961e+01
4.693715594332417851e+01 4.856733546176548089e+01
4.693715594332417851e+01 4.128646467678770193e+01
4.693715594332417851e+01 5.095193122111825801e+01
4.693715594332417851e+01 5.285731808534732323e+01
4.693715594332417851e+01 4.498136114431748922e+01
4.693715594332417851e+01 4.865003603694099610e+01
4.693715594332417851e+01 4.048243236475500595e+01
4.693715594332417851e+01 4.695412798104909768e+01
4.693715594332417851e+01 4.980263856847409443e+01
4.693715594332417851e+01 4.576319069965454389e+01
4.693715594332417851e+01 4.187502073650265544e+01
4.693715594332417851e+01 4.575448751171816042e+01
4.693715594332417851e+01 4.632867632751511877e+01
4.693715594332417851e+01 4.531682275181082531e+01
4.693715594332417851e+01 4.626084222765626919e+01
4.693715594332417851e+01 4.702293401547461826e+01
4.693715594332417851e+01 4.525445455111102433e+01
4.693715594332417851e+01 5.098630439206107212e+01
4.693715594332417851e+01 4.339697421566629743e+01
4.693715594332417851e+01 5.031851204770416786e+01
4.693715594332417851e+01 4.183224412560807082e+01
4.693715594332417851e+01 4.116076493949529436e+01
4.693715594332417851e+01 4.475425419838056484e+01
4.693715594332417851e+01 4.193607483243426515e+01
4.693715594332417851e+01 4.131685993742758001e+01
4.693715594332417851e+01 4.972121329984074123e+01
4.693715594332417851e+01 4.358540061061702886e+01
4.693715594332417851e+01 4.537820718162892319e+01
4.693715594332417851e+01 4.428870817105099889e+01
4.693715594332417851e+01 4.385147567417983083e+01
4.693715594332417851e+01 4.707543868856641467e+01
4.693715594332417851e+01 4.344382766983030564e+01
4.693715594332417851e+01 3.821301027032740905e+01
4.693715594332417851e+01 4.316794373056808354e+01
4.693715594332417851e+01 4.585500240245522008e+01
4.693715594332417851e+01 4.162782014149882315e+01
4.693715594332417851e+01 4.477997408581812522e+01
4.693715594332417851e+01 4.047585102741658858e+01
4.693715594332417851e+01 4.476514231151410428e+01
4.693715594332417851e+01 4.526059386599222734e+01
4.693715594332417851e+01 4.787605449856345530e+01
4.693715594332417851e+01 5.130617902932472418e+01
4.693715594332417851e+01 4.518802776660955800e+01
4.693715594332417851e+01 4.535228693275627876e+01
4.693715594332417851e+01 4.462059391613818349e+01
4.693715594332417851e+01 4.540804438408597576e+01
4.693715594332417851e+01 4.431128802448998272e+01
4.693715594332417851e+01 4.851051432254098472e+01
4.693715594332417851e+01 4.813280298073786412e+01
4.693715594332417851e+01 4.640833702086447943e+01
4.693715594332417851e+01 4.513545892059772768e+01
4.693715594332417851e+01 4.906567517441742865e+01
4.693715594332417851e+01 4.431422401526737076e+01
4.693715594332417851e+01 4.697809704288393817e+01
4.693715594332417851e+01 4.869104061600444311e+01
4.693715594332417851e+01 4.720831407178490480e+01
4.693715594332417851e+01 3.740054309570045632e+01
4.693715594332417851e+01 4.564830292449541815e+01
4.693715594332417851e+01 4.690712029551465179e+01
4.693715594332417851e+01 4.749476168903318296e+01
4.693715594332417851e+01 4.796513143334767193e+01
4.693715594332417851e+01 4.220943967961014209e+01
4.693715594332417851e+01 4.742188226395788320e+01
4.693715594332417851e+01 4.326177898824176538e+01
4.693715594332417851e+01 4.582282505783204840e+01
4.693715594332417851e+01 4.367770522024002133e+01
4.693715594332417851e+01 4.509143297252816751e+01
4.693715594332417851e+01 4.012182885915906638e+01
4.693715594332417851e+01 5.806119986672780442e+01
4.693715594332417851e+01 4.543935642952033049e+01
4.693715594332417851e+01 4.876645688618282293e+01
4.693715594332417851e+01 4.666384428991193545e+01
4.693715594332417851e+01 4.556115498937473518e+01
4.693715594332417851e+01 4.232397164147349145e+01
4.693715594332417851e+01 4.520751539570336064e+01
4.693715594332417851e+01 4.733774098344493808e+01
4.693715594332417851e+01 4.089768175392848093e+01
4.693715594332417851e+01 4.172864155598394120e+01
4.693715594332417851e+01 4.702124694322405674e+01
4.693715594332417851e+01 4.277782552235346714e+01
4.693715594332417851e+01 4.941231195934597054e+01
4.693715594332417851e+01 4.516724944674275122e+01
4.693715594332417851e+01 4.914630883846920995e+01
4.693715594332417851e+01 4.304268611303005088e+01
4.693715594332417851e+01 4.920562096026975496e+01
4.693715594332417851e+01 4.478265967973846529e+01
4.693715594332417851e+01 5.199125604794234334e+01
4.693715594332417851e+01 4.661232297229298638e+01
4.693715594332417851e+01 4.339881726829729303e+01
4.693715594332417851e+01 4.569242211208660365e+01
4.693715594332417851e+01 5.006521658606877168e+01
4.693715594332417851e+01 4.586305194075993086e+01
4.693715594332417851e+01 4.729373667801256431e+01
4.693715594332417851e+01 4.620366790378959365e+01
4.693715594332417851e+01 4.368216815043894030e+01
4.693715594332417851e+01 4.663612425777557036e+01
4.693715594332417851e+01 4.444301069080823652e+01
4.693715594332417851e+01 4.747338698124477219e+01
4.693715594332417851e+01 4.020371724781812617e+01
4.693715594332417851e+01 4.862108055846217525e+01
4.693715594332417851e+01 4.457079116822566789e+01
4.693715594332417851e+01 4.744966027994809110e+01
4.693715594332417851e+01 4.466910607076567175e+01
4.693715594332417851e+01 4.568898613648197227e+01
4.693715594332417851e+01 3.976671519622567530e+01
4.693715594332417851e+01 4.499798885679256699e+01
4.693715594332417851e+01 4.848246650414444048e+01
4.693715594332417851e+01 4.314487298293878581e+01
4.693715594332417851e+01 4.704566832449295788e+01
4.693715594332417851e+01 4.265996279313865358e+01
4.693715594332417851e+01 4.890599968325840052e+01
4.693715594332417851e+01 4.802243724114800472e+01
4.693715594332417851e+01 4.898460384616608110e+01
4.693715594332417851e+01 4.206261679503123219e+01
4.693715594332417851e+01 4.493838840895161724e+01
4.693715594332417851e+01 4.320759984317446367e+01
4.693715594332417851e+01 4.524862576628169109e+01
4.693715594332417851e+01 4.534964471480131465e+01
4.693715594332417851e+01 5.481979950885731512e+01
4.693715594332417851e+01 4.954276119340700291e+01
4.693715594332417851e+01 4.775451180290392728e+01
4.693715594332417851e+01 3.901551205888624452e+01
4.693715594332417851e+01 4.776105292939805480e+01
4.693715594332417851e+01 4.882746120590125116e+01
4.693715594332417851e+01 4.428306473692572354e+01
4.693715594332417851e+01 4.539593178343376678e+01
4.693715594332417851e+01 4.473355206287628505e+01
4.693715594332417851e+01 4.372076562450683213e+01
4.693715594332417851e+01 4.800388274106246911e+01
4.693715594332417851e+01 4.456862765609368893e+01
4.693715594332417851e+01 4.600509910172166173e+01
4.693715594332417851e+01 4.964430280782499949e+01
4.693715594332417851e+01 4.458732592446786214e+01
4.693715594332417851e+01 4.925705002782538600e+01
4.693715594332417851e+01 4.719799429939801882e+01
4.693715594332417851e+01 5.271688403502015063e+01
4.693715594332417851e+01 4.388729180523684192e+01
4.693715594332417851e+01 4.359560219465146247e+01
4.693715594332417851e+01 4.707289281020544536e+01
4.693715594332417851e+01 4.913116921383530666e+01
4.693715594332417851e+01 4.531908381579744827e+01
4.693715594332417851e+01 4.441792297365856257e+01
4.693715594332417851e+01 4.211208135133761488e+01
4.693715594332417851e+01 4.219572090558514077e+01
4.693715594332417851e+01 4.880015657692715081e+01
4.693715594332417851e+01 4.270247230617085421e+01
4.693715594332417851e+01 4.536235919345531187e+01
4.693715594332417851e+01 4.884543519551973390e+01
4.693715594332417851e+01 5.093791846109487409e+01
4.693715594332417851e+01 4.554639936915064879e+01
4.693715594332417851e+01 4.532126854908087665e+01
4.693715594332417851e+01 4.204404398425510436e+01
4.693715594332417851e+01 4.394114211744581411e+01
4.693715594332417851e+01 4.611002020261338430e+01
4.693715594332417851e+01 4.503397984799458698e+01
4.693715594332417851e+01 4.745408132403723300e+01
4.693715594332417851e+01 5.476490184426932473e+01
4.693715594332417851e+01 4.858066305636616988e+01
4.693715594332417851e+01 4.768531039341843325e+01
4.693715594332417851e+01 4.254705899944817560e+01
4.693715594332417851e+01 4.701823509115026667e+01
4.693715594332417851e+01 4.632887869734179276e+01
4.693715594332417851e+01 4.583884022085226917e+01
4.693715594332417851e+01 4.399495532944604292e+01
4.693715594332417851e+01 4.262711257603418602e+01
4.693715594332417851e+01 4.541235539024047085e+01
4.693715594332417851e+01 4.711699635430979072e+01
4.693715594332417851e+01 4.989367320666279682e+01
4.693715594332417851e+01 4.464776559968656500e+01
4.693715594332417851e+01 4.740563160064102277e+01
4.693715594332417851e+01 4.519621433659182230e+01
4.693715594332417851e+01 5.322326379381713224e+01
4.693715594332417851e+01 4.644363568935821718e+01
4.693715594332417851e+01 4.340418928514313990e+01
4.693715594332417851e+01 4.917851034634083618e+01
4.693715594332417851e+01 4.959597971424676643e+01
4.693715594332417851e+01 4.946643002541705414e+01
4.693715594332417851e+01 4.453263553128266494e+01
4.693715594332417851e+01 4.110662112171299754e+01
4.693715594332417851e+01 3.985144029808186161e+01
4.693715594332417851e+01 4.820348159798482612e+01
4.693715594332417851e+01 3.996345741761793846e+01
4.693715594332417851e+01 4.784536157100544784e+01
4.693715594332417851e+01 4.648724352817453109e+01
4.693715594332417851e+01 5.086877090031015314e+01
4.693715594332417851e+01 4.681064147091865379e+01
4.693715594332417851e+01 4.713865638475882491e+01
4.693715594332417851e+01 4.599721958288769486e+01
4.693715594332417851e+01 4.531389639364277144e+01
4.693715594332417851e+01 4.174196129095172125e+01
4.693715594332417851e+01 4.186013146918941885e+01
4.693715594332417851e+01 4.703259701245480073e+01
4.693715594332417851e+01 4.381372844145853662e+01
4.693715594332417851e+01 4.548880539190732719e+01
4.693715594332417851e+01 4.813040639125805598e+01
4.693715594332417851e+01 4.715844795376516885e+01
4.693715594332417851e+01 4.241650970300819523e+01
4.693715594332417851e+01 4.312784528979833709e+01
4.693715594332417851e+01 4.830690194917091418e+01
4.693715594332417851e+01 4.405184529769015001e+01
4.693715594332417851e+01 4.708420039090618303e+01
4.693715594332417851e+01 4.428106376774117336e+01
4.693715594332417851e+01 4.341769257941189153e+01
4.693715594332417851e+01 4.256209597558283519e+01
4.693715594332417851e+01 4.712283055958206290e+01
4.693715594332417851e+01 4.697597946840767236e+01
4.693715594332417851e+01 4.686790024274079514e+01
4.693715594332417851e+01 4.974016718257922065e+01
4.693715594332417851e+01 4.676010705013337088e+01
4.693715594332417851e+01 4.738865152278525272e+01
4.693715594332417851e+01 4.121460480818439720e+01
4.693715594332417851e+01 4.508165925349686631e+01
4.693715594332417851e+01 4.596927436305423242e+01
4.693715594332417851e+01 4.747891516621682229e+01
4.693715594332417851e+01 4.202667977178943204e+01
4.693715594332417851e+01 4.703610888206890195e+01
4.693715594332417851e+01 4.517894763330159691e+01
4.693715594332417851e+01 4.955321623917544827e+01
4.693715594332417851e+01 4.670488889141091704e+01
4.693715594332417851e+01 4.423460572921815981e+01
4.693715594332417851e+01 4.632909056470728615e+01
4.693715594332417851e+01 4.785749131613395946e+01
4.693715594332417851e+01 4.664632232276503743e+01
4.693715594332417851e+01 4.612454157778800834e+01
4.693715594332417851e+01 4.562330512151032735e+01
4.693715594332417851e+01 4.418831613677340187e+01
4.693715594332417851e+01 4.198004333268796273e+01
4.693715594332417851e+01 4.609924174932871210e+01
4.693715594332417851e+01 4.588012972131919298e+01
4.693715594332417851e+01 4.550806332456850356e+01
4.693715594332417851e+01 5.303321772794537026e+01
4.693715594332417851e+01 5.390772731816168317e+01
4.693715594332417851e+01 4.844259079009695768e+01
4.693715594332417851e+01 4.273766304384557912e+01
4.693715594332417851e+01 4.683013476406913611e+01
4.693715594332417851e+01 4.634936258182027302e+01
4.693715594332417851e+01 4.354227381636216876e+01
4.693715594332417851e+01 5.166124830606161566e+01
4.693715594332417851e+01 4.515550026351626656e+01
4.693715594332417851e+01 4.427402869880683056e+01
4.693715594332417851e+01 4.364781253397268301e+01
4.693715594332417851e+01 4.693340237071812737e+01
4.693715594332417851e+01 5.326893286083412704e+01
4.693715594332417851e+01 4.354017242217619810e+01
4.693715594332417851e+01 4.359009136720716526e+01
4.693715594332417851e+01 4.633290338253718943e+01
4.693715594332417851e+01 5.256767419698467592e+01
4.693715594332417851e+01 4.580385078685831957e+01
4.693715594332417851e+01 4.377090312277741191e+01
4.693715594332417851e+01 4.820714730692111516e+01
4.693715594332417851e+01 4.837721089990550638e+01
4.693715594332417851e+01 4.435550825133534403e+01
4.693715594332417851e+01 4.775991139336200320e+01
4.693715594332417851e+01 4.811270505931904751e+01
4.693715594332417851e+01 4.083898891015329724e+01
4.693715594332417851e+01 5.143854275921283659e+01
4.693715594332417851e+01 4.103231649953537641e+01
4.693715594332417851e+01 4.443143200122016623e+01
4.693715594332417851e+01 4.120965179878741225e+01
4.693715594332417851e+01 4.664591755349577795e+01
4.693715594332417851e+01 4.624878194885562976e+01
4.693715594332417851e+01 4.398963934705528800e+01
4.693715594332417851e+01 4.526957225356852632e+01
4.693715594332417851e+01 4.907397897435445344e+01
4.693715594332417851e+01 4.743559505415284150e+01
4.693715594332417851e+01 4.949948867776812733e+01
4.693715594332417851e+01 4.201854095239603737e+01
4.693715594332417851e+01 4.121737900610497718e+01
4.693715594332417851e+01 4.422871506823463505e+01
4.693715594332417851e+01 4.616056772792819629e+01
4.693715594332417851e+01 4.548879186971485211e+01
4.693715594332417851e+01 5.203039326342315007e+01
4.693715594332417851e+01 4.270148124943832357e+01
4.693715594332417851e+01 4.519760460160426874e+01
4.693715594332417851e+01 4.375379695540008385e+01
4.693715594332417851e+01 4.771303814942140775e+01
4.693715594332417851e+01 4.956896535962957273e+01
4.693715594332417851e+01 4.433475423043901031e+01
4.693715594332417851e+01 4.119794004674525922e+01
4.693715594332417851e+01 4.538425035079445280e+01
4.693715594332417851e+01 4.812241219432208794e+01
4.693715594332417851e+01 5.205151065156763934e+01
4.693715594332417851e+01 4.580217663621952795e+01
4.693715594332417851e+01 4.641030661069247287e+01
4.693715594332417851e+01 4.994315393949660375e+01
4.693715594332417851e+01 4.517719675309408700e+01
4.693715594332417851e+01 4.619342171250278284e+01
4.693715594332417851e+01 3.937292289188496852e+01
4.693715594332417851e+01 4.793250605285182075e+01
4.693715594332417851e+01 4.018821049351432606e+01
4.693715594332417851e+01 5.189984721041160753e+01
4.693715594332417851e+01 4.455605137285959927e+01
4.693715594332417851e+01 4.707770726937796724e+01
4.693715594332417851e+01 4.753283327609278786e+01
4.693715594332417851e+01 5.132626043115060099e+01
4.693715594332417851e+01 4.561802028991786528e+01
4.693715594332417851e+01 5.898655884947495309e+01
4.693715594332417851e+01 4.434503549092880093e+01
4.693715594332417851e+01 4.276695595334818023e+01
4.693715594332417851e+01 5.257399170612060146e+01
4.693715594332417851e+01 4.738828827759473938e+01
4.693715594332417851e+01 5.116274882868941631e+01
4.693715594332417851e+01 4.752561033132766966e+01
4.693715594332417851e+01 4.549380868812536960e+01
4.693715594332417851e+01 3.892790420417391317e+01
4.693715594332417851e+01 4.530817260647663147e+01
4.693715594332417851e+01 4.334162410398665344e+01
4.693715594332417851e+01 4.974711409442035404e+01
4.693715594332417851e+01 4.483271535000049113e+01
4.693715594332417851e+01 4.720269100459584877e+01
4.693715594332417851e+01 5.030539716277831275e+01
4.693715594332417851e+01 4.309239755958926565e+01
4.693715594332417851e+01 4.717878716536564099e+01
4.693715594332417851e+01 4.571386445299916090e+01
4.693715594332417851e+01 5.339797106697217544e+01
4.693715594332417851e+01 5.034607253546428041e+01
4.693715594332417851e+01 4.522249524907031315e+01
4.693715594332417851e+01 4.698112152686915266e+01
4.693715594332417851e+01 4.319949785314882007e+01
4.693715594332417851e+01 5.174097301848847508e+01
4.693715594332417851e+01 4.591283416008858609e+01
4.693715594332417851e+01 4.247913894702634252e+01
4.693715594332417851e+01 4.726517417650220665e+01
4.693715594332417851e+01 4.770435112103015030e+01
4.693715594332417851e+01 4.653150898168112093e+01
4.693715594332417851e+01 4.841004504186479096e+01
4.693715594332417851e+01 4.638376081020697939e+01
4.693715594332417851e+01 4.620628348618372172e+01
4.693715594332417851e+01 4.703577265871648194e+01
4.693715594332417851e+01 5.043965222230649204e+01
4.693715594332417851e+01 4.646739708498571986e+01
4.693715594332417851e+01 4.715827575637275260e+01
4.693715594332417851e+01 4.918833283851860472e+01
4.693715594332417851e+01 5.089244418983984275e+01
4.693715594332417851e+01 4.776771562590915465e+01
4.693715594332417851e+01 4.362461472369743376e+01
4.693715594332417851e+01 4.748571754897622554e+01
4.693715594332417851e+01 5.258430095213989119e+01
4.693715594332417851e+01 5.181449760383104319e+01
4.693715594332417851e+01 5.047707673809905771e+01
4.693715594332417851e+01 4.057717973683633517e+01
4.693715594332417851e+01 4.732530024037527738e+01
4.693715594332417851e+01 4.922517173538368951e+01
4.693715594332417851e+01 4.886179084980115306e+01
4.693715594332417851e+01 4.386568920859635767e+01
4.693715594332417851e+01 5.025246248817077799e+01
4.693715594332417851e+01 4.953441040970495379e+01
4.693715594332417851e+01 4.928413648514919032e+01
4.693715594332417851e+01 4.559642073212121005e+01
4.693715594332417851e+01 4.805164183325933891e+01
4.693715594332417851e+01 4.705349607306799697e+01
4.693715594332417851e+01 5.077523259691581359e+01
4.693715594332417851e+01 4.325729807283920536e+01
4.693715594332417851e+01 4.659240886309493845e+01
4.693715594332417851e+01 4.889379294429721767e+01
4.693715594332417851e+01 5.055670201630533711e+01
4.693715594332417851e+01 5.140216621844875533e+01
4.693715594332417851e+01 4.511314930601923834e+01
4.693715594332417851e+01 4.887300475225212892e+01
4.693715594332417851e+01 4.478438695889949628e+01
4.693715594332417851e+01 5.148646698215714679e+01
4.693715594332417851e+01 4.373017460649872845e+01
4.693715594332417851e+01 4.899270900229372927e+01
4.693715594332417851e+01 4.993474049276173332e+01
4.693715594332417851e+01 4.687855386375856881e+01
4.693715594332417851e+01 4.269874410181237323e+01
4.693715594332417851e+01 4.989003412689529426e+01
4.693715594332417851e+01 4.534141974265137520e+01
4.693715594332417851e+01 5.258721023218769375e+01
4.693715594332417851e+01 4.860316947715272562e+01
4.693715594332417851e+01 4.843600733566557892e+01
4.693715594332417851e+01 4.286290380125139876e+01
4.693715594332417851e+01 4.387944349915835573e+01
4.693715594332417851e+01 4.602769183232052796e+01
4.693715594332417851e+01 4.668388706085694650e+01
4.693715594332417851e+01 4.316301694147325207e+01
4.693715594332417851e+01 5.037977757893110464e+01
4.693715594332417851e+01 4.645074973758283932e+01
4.693715594332417851e+01 4.705045402517853148e+01
4.693715594332417851e+01 5.342307274192373256e+01
4.693715594332417851e+01 4.272645128466411535e+01
4.693715594332417851e+01 3.955611281929591883e+01
4.693715594332417851e+01 4.558110319667564170e+01
4.693715594332417851e+01 4.417332726730015224e+01
4.693715594332417851e+01 4.929840785887499521e+01
4.693715594332417851e+01 4.394171596594794948e+01
4.693715594332417851e+01 5.059444880934883315e+01
4.693715594332417851e+01 4.505835961000812517e+01
4.693715594332417851e+01 4.698254680610948952e+01
4.693715594332417851e+01 4.816316028250925285e+01
4.693715594332417851e+01 4.053872165787939963e+01
4.693715594332417851e+01 4.656403062010306115e+01
4.693715594332417851e+01 4.867542945033611801e+01
4.693715594332417851e+01 4.094929940070170460e+01
4.693715594332417851e+01 4.116778943137086344e+01
4.693715594332417851e+01 4.725336195317878207e+01
4.693715594332417851e+01 4.773788013842092681e+01
4.693715594332417851e+01 4.483618285282572202e+01
4.693715594332417851e+01 3.812176086185763779e+01
4.693715594332417851e+01 4.481095035793173764e+01
4.693715594332417851e+01 4.715390388141836553e+01
4.693715594332417851e+01 4.582247224196025570e+01
4.693715594332417851e+01 4.479917018779320870e+01
4.693715594332417851e+01 4.597866735202028821e+01
4.693715594332417851e+01 4.668232437585172079e+01
4.693715594332417851e+01 4.873721255064760527e+01
4.693715594332417851e+01 4.581415130155310322e+01
4.693715594332417851e+01 4.402449828427106837e+01
4.693715594332417851e+01 4.965634337608196347e+01
4.693715594332417851e+01 4.920837396340477454e+01
4.693715594332417851e+01 3.957085385292569413e+01
4.693715594332417851e+01 5.249865555783910764e+01
4.693715594332417851e+01 3.972372314181423292e+01
4.693715594332417851e+01 4.222695860371476329e+01
4.693715594332417851e+01 4.598816176744517037e+01
4.693715594332417851e+01 4.724736122832256768e+01
4.693715594332417851e+01 4.487143780290126216e+01
4.693715594332417851e+01 4.442823127395812577e+01
4.693715594332417851e+01 5.168043365451904947e+01
4.693715594332417851e+01 4.467103613093296133e+01
4.693715594332417851e+01 4.308433407934955284e+01
4.693715594332417851e+01 4.682331335020614205e+01
4.693715594332417851e+01 4.816575171794931265e+01
4.693715594332417851e+01 4.618248919365736072e+01
4.693715594332417851e+01 4.533751535315072800e+01
4.693715594332417851e+01 4.476333615723585524e+01
4.693715594332417851e+01 4.687500605410815524e+01
4.693715594332417851e+01 4.383389782117396294e+01
4.693715594332417851e+01 4.393800525417496061e+01
4.693715594332417851e+01 4.843587086387572782e+01
4.693715594332417851e+01 4.376826071001117668e+01
4.693715594332417851e+01 4.324623222744479989e+01
4.693715594332417851e+01 4.179579331759749294e+01
4.693715594332417851e+01 4.426700979314327355e+01
4.693715594332417851e+01 4.971817532024904551e+01
4.693715594332417851e+01 4.277127078370845936e+01
4.693715594332417851e+01 4.496686668373394014e+01
4.693715594332417851e+01 4.669004504103889985e+01
4.693715594332417851e+01 4.801503710653183532e+01
4.693715594332417851e+01 4.180192386756718292e+01
4.693715594332417851e+01 4.652022223139957191e+01
4.693715594332417851e+01 4.686514415389274291e+01
4.693715594332417851e+01 4.076972081909848100e+01
4.693715594332417851e+01 5.294931676533241216e+01
4.693715594332417851e+01 4.706884734867266218e+01
4.693715594332417851e+01 4.916883394784915140e+01
4.693715594332417851e+01 4.580737884513191460e+01
4.693715594332417851e+01 4.598501966748238345e+01
4.693715594332417851e+01 4.399681147358741384e+01
4.693715594332417851e+01 4.056350543527040742e+01
4.693715594332417851e+01 4.635503152448146835e+01
4.693715594332417851e+01 4.845702469151612490e+01
4.693715594332417851e+01 4.164122867735581224e+01
4.693715594332417851e+01 4.651333186448515988e+01
4.693715594332417851e+01 4.203089148032094613e+01
4.693715594332417851e+01 4.354467460639889964e+01
4.693715594332417851e+01 4.806804525777063475e+01
4.693715594332417851e+01 4.370318872053024961e+01
4.693715594332417851e+01 4.677480502819027208e+01
4.693715594332417851e+01 4.903597626810103094e+01
4.693715594332417851e+01 4.732641955915387655e+01
4.693715594332417851e+01 4.548342819731515618e+01
4.693715594332417851e+01 4.820720185999518037e+01
4.693715594332417851e+01 4.454393458896100100e+01
4.693715594332417851e+01 4.923009221241807154e+01
4.693715594332417851e+01 4.558179046845011584e+01
4.693715594332417851e+01 4.695657462400389193e+01
4.693715594332417851e+01 4.042077537253021546e+01
4.693715594332417851e+01 4.386793378493663198e+01
4.693715594332417851e+01 4.530839294760880875e+01
4.693715594332417851e+01 4.897911231230051499e+01
4.693715594332417851e+01 4.389914323247634087e+01
4.693715594332417851e+01 4.325513556933596249e+01
4.693715594332417851e+01 4.988575572863214802e+01
4.693715594332417851e+01 5.054308584083113942e+01
4.693715594332417851e+01 4.105395045439166779e+01
4.693715594332417851e+01 4.836011370169867263e+01
4.693715594332417851e+01 5.195821066925881837e+01
4.693715594332417851e+01 4.726553464847609831e+01
4.693715594332417851e+01 4.366933234321680146e+01
4.693715594332417851e+01 4.350768624388120998e+01
4.693715594332417851e+01 4.474736698365364163e+01
4.693715594332417851e+01 4.653420969854553135e+01
4.693715594332417851e+01 5.335894168661453563e+01
4.693715594332417851e+01 4.468234100979072565e+01
4.693715594332417851e+01 5.082894815219148654e+01
4.693715594332417851e+01 4.288956719126006334e+01
4.693715594332417851e+01 5.145206728009551256e+01
4.693715594332417851e+01 5.263681963651283269e+01
4.693715594332417851e+01 4.468271522647660987e+01
4.693715594332417851e+01 4.684831178515853622e+01
4.693715594332417851e+01 4.760421946904859425e+01
4.693715594332417851e+01 4.665605980470144942e+01
4.693715594332417851e+01 4.051399594046581143e+01
4.693715594332417851e+01 4.540666385888334133e+01
4.693715594332417851e+01 4.372016032106036931e+01
4.693715594332417851e+01 4.813234996161263979e+01
4.693715594332417851e+01 5.285834763953098303e+01
4.693715594332417851e+01 4.226629068221997443e+01
4.693715594332417851e+01 4.535213099343778254e+01
4.693715594332417851e+01 4.531174644204761393e+01
4.693715594332417851e+01 4.448632885029476824e+01
4.693715594332417851e+01 4.107145393344745798e+01
4.693715594332417851e+01 4.293096591207293500e+01
4.693715594332417851e+01 4.594850170018360558e+01
4.693715594332417851e+01 4.229830593584309639e+01
4.693715594332417851e+01 5.164635125847028974e+01
4.693715594332417851e+01 4.609859888289729923e+01
4.693715594332417851e+01 4.817562948619325880e+01
4.693715594332417851e+01 4.395540519035793636e+01
4.693715594332417851e+01 4.476675678364134825e+01
4.693715594332417851e+01 4.855865810262977789e+01
4.693715594332417851e+01 4.511630551224944696e+01
4.693715594332417851e+01 5.339351308075816149e+01
4.693715594332417851e+01 4.990918365729829986e+01
4.693715594332417851e+01 4.910447516791058575e+01
4.693715594332417851e+01 4.927371206569917206e+01
4.693715594332417851e+01 4.760358003775878899e+01
4.693715594332417851e+01 4.541705469894427694e+01
4.693715594332417851e+01 4.187554439754327262e+01
4.693715594332417851e+01 4.550255798816827735e+01
4.693715594332417851e+01 4.170306334676347149e+01
4.693715594332417851e+01 4.792660594405360541e+01
4.693715594332417851e+01 4.630882392504991429e+01
4.693715594332417851e+01 5.103426781232489162e+01
4.693715594332417851e+01 4.698025921850709352e+01
4.693715594332417851e+01 4.658529787260746247e+01
4.693715594332417851e+01 4.562140440637278971e+01
4.693715594332417851e+01 4.881157283271578962e+01
4.693715594332417851e+01 4.242041600832209269e+01
4.693715594332417851e+01 4.852448282408505520e+01
4.693715594332417851e+01 4.763644352591059317e+01
4.693715594332417851e+01 5.262545637542481813e+01
4.693715594332417851e+01 4.700558571969936139e+01
4.693715594332417851e+01 4.657633717194545397e+01
4.693715594332417851e+01 4.764137473312809590e+01
4.693715594332417851e+01 4.937121941428560490e+01
4.693715594332417851e+01 5.191676047037095287e+01
4.693715594332417851e+01 4.140026761900467989e+01
4.693715594332417851e+01 4.429193495199088915e+01
4.693715594332417851e+01 4.412797239422580020e+01
4.693715594332417851e+01 4.294455985074527860e+01
4.693715594332417851e+01 4.716690491829376697e+01
4.693715594332417851e+01 4.943912695178854477e+01
4.693715594332417851e+01 4.779637117924136902e+01
4.693715594332417851e+01 4.823666869972377924e+01
4.693715594332417851e+01 4.715861624133030006e+01
4.693715594332417851e+01 4.453988480780694204e+01
4.693715594332417851e+01 4.700314074988604318e+01
4.693715594332417851e+01 4.893227923631248188e+01
4.693715594332417851e+01 4.702354019382070760e+01
4.693715594332417851e+01 4.820872603188054484e+01
4.693715594332417851e+01 4.640991943515236073e+01
4.693715594332417851e+01 4.508938483267360198e+01
4.693715594332417851e+01 4.896074590556455064e+01
4.693715594332417851e+01 4.448640100395412844e+01
4.693715594332417851e+01 4.719278484158614617e+01
4.693715594332417851e+01 4.422013639647709482e+01
4.693715594332417851e+01 4.004464649622475036e+01
4.693715594332417851e+01 4.282729676227977933e+01
4.693715594332417851e+01 4.967092567880201415e+01
4.693715594332417851e+01 3.963721946617157244e+01
4.693715594332417851e+01 4.287643659917242189e+01
4.693715594332417851e+01 4.695315891363509309e+01
4.693715594332417851e+01 4.325651647789735676e+01
4.693715594332417851e+01 4.226053209508230424e+01
4.693715594332417851e+01 4.911036994688626578e+01
4.693715594332417851e+01 4.408728067468251055e+01
4.693715594332417851e+01 4.590340258551328390e+01
4.693715594332417851e+01 4.666527137807601378e+01
4.693715594332417851e+01 4.499417491510776301e+01
4.693715594332417851e+01 4.366580910847343233e+01
4.693715594332417851e+01 4.623398342917879233e+01
4.693715594332417851e+01 4.509273203850416678e+01
4.693715594332417851e+01 4.905920588953017614e+01
4.693715594332417851e+01 4.599715351133266950e+01
4.693715594332417851e+01 4.817923637254794045e+01
4.693715594332417851e+01 4.487589303406803509e+01
4.693715594332417851e+01 4.828623667250165852e+01
4.693715594332417851e+01 4.303333541063913970e+01
4.693715594332417851e+01 4.840093403020038920e+01
4.693715594332417851e+01 4.111222631913209113e+01
4.693715594332417851e+01 4.529833730220008192e+01
4.693715594332417851e+01 4.395416866898526820e+01
4.693715594332417851e+01 5.457226956133102647e+01
4.693715594332417851e+01 4.370276263857169141e+01
4.693715594332417851e+01 4.767096692744635789e+01
4.693715594332417851e+01 4.965021473560222631e+01
4.693715594332417851e+01 4.467225009572868544e+01
4.693715594332417851e+01 4.648027699021314163e+01
4.693715594332417851e+01 4.244457534184427772e+01
4.693715594332417851e+01 4.900043887540604004e+01
4.693715594332417851e+01 4.255457416224641776e+01
4.693715594332417851e+01 5.331551742194761800e+01
4.693715594332417851e+01 5.031661207477387876e+01
4.693715594332417851e+01 4.524404528523392344e+01
4.693715594332417851e+01 4.734940896443450953e+01
4.693715594332417851e+01 4.972245568312809638e+01
4.693715594332417851e+01 4.683429950708181622e+01
4.693715594332417851e+01 4.462907799159655298e+01
4.693715594332417851e+01 4.829352433921443577e+01
4.693715594332417851e+01 4.464240309979415855e+01
4.693715594332417851e+01 4.531579782311293059e+01
4.693715594332417851e+01 4.809148116080444169e+01
4.693715594332417851e+01 3.960712219604803153e+01
4.693715594332417851e+01 4.229749192093795074e+01
4.693715594332417851e+01 4.437788884789283372e+01
4.693715594332417851e+01 4.216671931163042331e+01
4.693715594332417851e+01 4.563818209117786751e+01
4.693715594332417851e+01 3.718942903184424864e+01
4.693715594332417851e+01 4.178946231721447901e+01
4.693715594332417851e+01 4.228608282195265389e+01
4.693715594332417851e+01 5.142740906953771685e+01
4.693715594332417851e+01 4.829796920826483131e+01
4.693715594332417851e+01 4.568925444017566662e+01
4.693715594332417851e+01 5.022605068605781753e+01
4.693715594332417851e+01 5.053069639182356809e+01
4.693715594332417851e+01 4.410707788081884928e+01
4.693715594332417851e+01 4.449808130446985643e+01
4.693715594332417851e+01 4.872149807661887877e+01
4.693715594332417851e+01 4.635760751708569671e+01
4.693715594332417851e+01 4.548131133241438562e+01
4.693715594332417851e+01 4.429202699400567411e+01
4.693715594332417851e+01 4.478553619227967886e+01
4.693715594332417851e+01 4.827844093073334619e+01
4.693715594332417851e+01 4.546077441095095395e+01
4.693715594332417851e+01 4.717736819621372035e+01
4.693715594332417851e+01 4.506459808007578260e+01
4.693715594332417851e+01 5.246227647920831316e+01
4.693715594332417851e+01 4.250515786011626318e+01
4.693715594332417851e+01 4.585750949089621287e+01
4.693715594332417851e+01 5.023996765070818071e+01
4.693715594332417851e+01 4.543287773248001571e+01
4.693715594332417851e+01 5.088755854469866335e+01
4.693715594332417851e+01 4.708122610439066591e+01
4.693715594332417851e+01 4.610296393125192793e+01
4.693715594332417851e+01 4.781544834621411866e+01
4.693715594332417851e+01 4.711743046510624566e+01
4.693715594332417851e+01 4.607832812329097294e+01
4.693715594332417851e+01 5.132858984334986019e+01
4.693715594332417851e+01 4.335414744056794234e+01
4.693715594332417851e+01 4.515542346030132137e+01
4.693715594332417851e+01 4.282071050581220106e+01
4.693715594332417851e+01 4.350281078334783302e+01
4.693715594332417851e+01 4.392126230108637941e+01
4.693715594332417851e+01 4.369743498427174444e+01
4.693715594332417851e+01 4.857999684756064340e+01
4.693715594332417851e+01 4.895187495363375518e+01
4.693715594332417851e+01 4.725799840300042121e+01
4.693715594332417851e+01 5.019457315323343494e+01
4.693715594332417851e+01 5.173362971178654846e+01
4.693715594332417851e+01 4.605749391915331614e+01
4.693715594332417851e+01 4.848855578795173926e+01
4.693715594332417851e+01 4.232352755364988184e+01
4.693715594332417851e+01 4.346585973382649826e+01
4.693715594332417851e+01 4.892737457260002998e+01
4.693715594332417851e+01 4.160273660284164521e+01
4.693715594332417851e+01 4.268312334544974362e+01
4.693715594332417851e+01 4.404380082922941142e+01
4.693715594332417851e+01 4.718008628848067332e+01
4.693715594332417851e+01 5.145013499903593157e+01
4.693715594332417851e+01 4.597626104900011512e+01
4.693715594332417851e+01 4.839457511636029352e+01
4.693715594332417851e+01 4.229685913644369322e+01
4.693715594332417851e+01 5.312403205870812428e+01
4.693715594332417851e+01 4.826774961612591852e+01
4.693715594332417851e+01 4.505605183398991187e+01
4.693715594332417851e+01 4.568344705803116312e+01
4.693715594332417851e+01 4.804273900715845969e+01
4.693715594332417851e+01 4.371274762450889284e+01
4.693715594332417851e+01 4.703328243866929625e+01
4.693715594332417851e+01 4.309116306215604197e+01
4.693715594332417851e+01 4.545666162113010245e+01
4.693715594332417851e+01 4.386783064245378227e+01
4.693715594332417851e+01 4.405665108472530989e+01
4.693715594332417851e+01 4.433486242437759728e+01
4.693715594332417851e+01 4.507163445471822172e+01
4.693715594332417851e+01 4.305386924109939883e+01
4.693715594332417851e+01 4.322133447961033426e+01
4.693715594332417851e+01 4.145301177656585878e+01
4.693715594332417851e+01 4.637419668839557829e+01
4.693715594332417851e+01 4.744705056804998122e+01
4.693715594332417851e+01 5.303069832174907106e+01
4.693715594332417851e+01 4.836231480414848249e+01
4.693715594332417851e+01 4.736651944982628493e+01
4.693715594332417851e+01 4.846601006113100141e+01
4.693715594332417851e+01 4.424936198006179922e+01
4.693715594332417851e+01 4.578002564880156910e+01
4.693715594332417851e+01 4.438336653635761309e+01
4.693715594332417851e+01 4.226336575851338040e+01
4.693715594332417851e+01 4.112692758681204452e+01
4.693715594332417851e+01 4.720056491165163948e+01
4.693715594332417851e+01 5.389506411253493212e+01
4.693715594332417851e+01 5.090013993353849742e+01
4.693715594332417851e+01 5.318494482266251566e+01
4.693715594332417851e+01 4.685324009789486155e+01
4.693715594332417851e+01 4.600990619276260674e+01
4.693715594332417851e+01 4.260984521295877414e+01
4.693715594332417851e+01 4.531966883788972922e+01
4.693715594332417851e+01 4.732084984531724103e+01
4.693715594332417851e+01 4.458142074154663703e+01
4.693715594332417851e+01 4.498946525698477217e+01
4.693715594332417851e+01 4.847852481863674257e+01
4.693715594332417851e+01 4.763090669087683438e+01
4.693715594332417851e+01 5.464826073241648174e+01
4.693715594332417851e+01 4.485403880579293912e+01
4.693715594332417851e+01 4.554044909754077253e+01
4.693715594332417851e+01 4.190798210984518590e+01
4.693715594332417851e+01 4.280445656616159766e+01
4.693715594332417851e+01 4.657200965546930860e+01
4.693715594332417851e+01 4.689348414287316302e+01
4.693715594332417851e+01 4.396300660086692602e+01
4.693715594332417851e+01 3.927670613766349561e+01
4.693715594332417851e+01 5.186225653932017110e+01
4.693715594332417851e+01 5.289128537649354911e+01
4.693715594332417851e+01 4.519163619677153321e+01
4.693715594332417851e+01 4.294501714679559257e+01
4.693715594332417851e+01 4.354542123042979540e+01
4.693715594332417851e+01 4.894629000475003267e+01
4.693715594332417851e+01 4.325549202751616207e+01
4.693715594332417851e+01 5.255350367399847755e+01
4.693715594332417851e+01 4.591528839088568503e+01
4.693715594332417851e+01 5.109473325775551444e+01
4.693715594332417851e+01 4.764540699777790422e+01
4.693715594332417851e+01 4.421325594616233445e+01
4.693715594332417851e+01 4.323847869371613228e+01
4.693715594332417851e+01 4.616624188816587093e+01
4.693715594332417851e+01 4.789912319288724518e+01
4.693715594332417851e+01 4.784514347219113262e+01
4.693715594332417851e+01 4.465372678602916778e+01
4.693715594332417851e+01 4.210144616488774005e+01
4.693715594332417851e+01 4.466691061711955513e+01
4.693715594332417851e+01 4.524640523495416033e+01
4.693715594332417851e+01 4.195731982594576692e+01
4.693715594332417851e+01 4.545769869575173772e+01
4.693715594332417851e+01 4.425668821429802335e+01
4.693715594332417851e+01 4.400397971511213058e+01
4.693715594332417851e+01 4.379443208506058482e+01
4.693715594332417851e+01 4.536961809069251927e+01
4.693715594332417851e+01 4.521150731475302820e+01
4.693715594332417851e+01 5.019525554103751119e+01
4.693715594332417851e+01 4.673953624984032018e+01
4.693715594332417851e+01 4.520395283020996402e+01
4.693715594332417851e+01 4.926245058673032418e+01
4.693715594332417851e+01 5.187686211142597870e+01
4.693715594332417851e+01 5.140060915853302248e+01
4.693715594332417851e+01 4.604691712109232071e+01
4.693715594332417851e+01 4.572043505595844692e+01
4.693715594332417851e+01 4.435696251137895274e+01
4.693715594332417851e+01 4.422822092950190154e+01
4.693715594332417851e+01 4.403793557048462048e+01
4.693715594332417851e+01 4.168486313287625933e+01
4.693715594332417851e+01 5.231600407172881972e+01
4.693715594332417851e+01 4.521693073067979185e+01
4.693715594332417851e+01 4.276003429899584063e+01
4.693715594332417851e+01 4.916790367910837034e+01
4.693715594332417851e+01 4.413611896023999748e+01
4.693715594332417851e+01 4.256149389060781374e+01
4.693715594332417851e+01 4.144024471541327159e+01
4.693715594332417851e+01 4.272513258709491879e+01
4.693715594332417851e+01 4.878638267511363580e+01
4.693715594332417851e+01 4.374506615274614774e+01
4.693715594332417851e+01 4.354440857119733721e+01
4.693715594332417851e+01 4.031476008580499837e+01
4.693715594332417851e+01 4.599688718732591752e+01
4.693715594332417851e+01 4.851301800594333713e+01
4.693715594332417851e+01 4.876086720776449113e+01
4.693715594332417851e+01 4.553843486752455760e+01
4.693715594332417851e+01 4.411935171306924985e+01
4.693715594332417851e+01 4.965940239358562991e+01
4.693715594332417851e+01 4.746384890881627427e+01
4.693715594332417851e+01 4.664336958043853798e+01
4.693715594332417851e+01 4.468412245844625375e+01
4.693715594332417851e+01 3.984339183925332861e+01
4.693715594332417851e+01 4.666372153547430912e+01
4.693715594332417851e+01 4.419880704683595951e+01
4.693715594332417851e+01 4.919585750885467235e+01
4.693715594332417851e+01 4.422486076256279830e+01
4.693715594332417851e+01 4.971968190107875074e+01
4.693715594332417851e+01 4.355426995480249985e+01
4.693715594332417851e+01 4.627538275626608311e+01
4.693715594332417851e+01 4.400627146951762825e+01
4.693715594332417851e+01 4.346596570328137688e+01
4.693715594332417851e+01 4.249195026380262163e+01
4.693715594332417851e+01 4.663550976044282237e+01
4.693715594332417851e+01 4.492841125000365565e+01
4.693715594332417851e+01 5.004848271372588187e+01
4.693715594332417851e+01 4.595860464930694889e+01
4.693715594332417851e+01 4.626222430270269115e+01
4.693715594332417851e+01 4.043822697687542700e+01
4.693715594332417851e+01 5.066089924819769408e+01
4.693715594332417851e+01 4.462748307941645720e+01
4.693715594332417851e+01 4.722675927069019508e+01
4.693715594332417851e+01 3.985679467765081796e+01
4.693715594332417851e+01 4.813835587232519941e+01
4.693715594332417851e+01 4.947120696797747996e+01
4.693715594332417851e+01 4.151685095493964894e+01
4.693715594332417851e+01 4.276848897297868746e+01
4.693715594332417851e+01 4.306594733106629036e+01
4.693715594332417851e+01 4.788381783176168938e+01
4.693715594332417851e+01 4.330855877158668221e+01
4.693715594332417851e+01 4.961172549267701015e+01
4.693715594332417851e+01 5.121551000197045056e+01
4.693715594332417851e+01 4.595341937697974544e+01
4.693715594332417851e+01 4.406092687684825648e+01
4.693715594332417851e+01 4.919638981549962153e+01
4.693715594332417851e+01 4.756434063421404801e+01
4.693715594332417851e+01 4.435273255049489194e+01
4.693715594332417851e+01 4.791347797862460567e+01
4.693715594332417851e+01 5.207902667386030515e+01
4.693715594332417851e+01 5.440130255292450556e+01
4.693715594332417851e+01 4.979631464326549661e+01
4.693715594332417851e+01 4.404444026814883273e+01
4.693715594332417851e+01 3.948987675711288858e+01
4.693715594332417851e+01 4.365593966446142105e+01
4.693715594332417851e+01 4.694437113444092802e+01
4.693715594332417851e+01 5.059905024663108719e+01
4.693715594332417851e+01 4.583810764527869708e+01
4.693715594332417851e+01 4.746982670129631998e+01
4.693715594332417851e+01 4.789189354883239247e+01
4.693715594332417851e+01 4.986596625187051757e+01
4.693715594332417851e+01 4.603728213099441291e+01
4.693715594332417851e+01 4.797417607530088901e+01
4.693715594332417851e+01 4.771646185626705972e+01
4.693715594332417851e+01 4.281561658625197708e+01
4.693715594332417851e+01 4.768444929127579002e+01
4.693715594332417851e+01 5.206246597597458958e+01
4.693715594332417851e+01 4.542506363426481641e+01
4.693715594332417851e+01 3.909874933099285244e+01
4.693715594332417851e+01 4.737657022594927270e+01
4.693715594332417851e+01 4.535894233024649935e+01
4.693715594332417851e+01 4.787966352752476951e+01
4.693715594332417851e+01 4.459667672853896647e+01
4.693715594332417851e+01 5.122664061038806693e+01
4.693715594332417851e+01 4.468494023689112993e+01
4.693715594332417851e+01 4.551799034377242492e+01
4.693715594332417851e+01 5.226994834263742717e+01
4.693715594332417851e+01 5.049923421918925470e+01
4.693715594332417851e+01 4.922178769096512241e+01
4.693715594332417851e+01 3.812256290792562652e+01
4.693715594332417851e+01 4.855841735577423179e+01
4.693715594332417851e+01 5.143725506761879274e+01
4.693715594332417851e+01 4.737723435290928364e+01
4.693715594332417851e+01 4.626937634005167865e+01
4.693715594332417851e+01 5.272558288053008368e+01
4.693715594332417851e+01 4.151858439468729500e+01
4.693715594332417851e+01 4.527751933935901008e+01
4.693715594332417851e+01 4.995029263384778062e+01
4.693715594332417851e+01 4.455156009527121341e+01
4.693715594332417851e+01 4.681396052122953222e+01
4.693715594332417851e+01 4.265411161983240618e+01
4.693715594332417851e+01 4.582055648170979367e+01
4.693715594332417851e+01 4.611919043341806912e+01
4.693715594332417851e+01 4.731384569334695556e+01
4.693715594332417851e+01 4.924378668299161177e+01
4.693715594332417851e+01 4.332785653191446329e+01
4.693715594332417851e+01 4.574153389099591038e+01
4.693715594332417851e+01 4.193550441533338358e+01
4.693715594332417851e+01 4.754748995813562118e+01
4.693715594332417851e+01 4.498309708486420533e+01
4.693715594332417851e+01 4.475299650353499459e+01
4.693715594332417851e+01 5.300146031963092952e+01
4.693715594332417851e+01 5.221247594895334743e+01
4.693715594332417851e+01 4.790039390691996601e+01
4.693715594332417851e+01 4.711566373690189380e+01
4.693715594332417851e+01 4.488684541478269097e+01
4.693715594332417851e+01 4.310087654221815967e+01
4.693715594332417851e+01 4.540797774657421826e+01
4.693715594332417851e+01 4.483321340309259284e+01
4.693715594332417851e+01 5.141808794854976128e+01
4.693715594332417851e+01 4.461680598142056908e+01
4.693715594332417851e+01 4.983877686565806897e+01
4.693715594332417851e+01 4.972744095554008936e+01
4.693715594332417851e+01 3.937299006317203975e+01
4.693715594332417851e+01 4.099926366011532508e+01
4.693715594332417851e+01 4.961827198619830881e+01
4.693715594332417851e+01 4.656505072062867612e+01
4.693715594332417851e+01 4.683488096794648214e+01
4.693715594332417851e+01 4.553427220292728350e+01
4.693715594332417851e+01 4.088781176640127057e+01
4.693715594332417851e+01 4.995418185585618431e+01
4.693715594332417851e+01 4.723207410995001965e+01
4.693715594332417851e+01 4.881241556031798723e+01
4.693715594332417851e+01 4.747330054228611118e+01
4.693715594332417851e+01 4.995534728092037824e+01
4.693715594332417851e+01 4.811988534659297301e+01
4.693715594332417851e+01 4.657714833881328076e+01
4.693715594332417851e+01 4.879536772406166278e+01
4.693715594332417851e+01 5.532336879185217526e+01
4.693715594332417851e+01 4.584697234386277387e+01
4.693715594332417851e+01 4.954779378302124826e+01
4.693715594332417851e+01 4.987842598432787611e+01
4.693715594332417851e+01 4.656336772494064036e+01
4.693715594332417851e+01 4.266047936455138512e+01
4.693715594332417851e+01 4.494538077297137590e+01
4.693715594332417851e+01 4.876810485745932766e+01
4.693715594332417851e+01 4.181456920171709868e+01
4.693715594332417851e+01 4.795518541878308838e+01
4.693715594332417851e+01 4.914359237128635982e+01
4.693715594332417851e+01 4.315053369950805973e+01
4.693715594332417851e+01 4.239157733678347739e+01
4.693715594332417851e+01 4.718998178074811989e+01
4.693715594332417851e+01 4.750711965347559840e+01
4.693715594332417851e+01 4.127844199639161360e+01
4.693715594332417851e+01 4.385877581859141117e+01
4.693715594332417851e+01 4.867780996145161510e+01
4.693715594332417851e+01 4.012783054413508665e+01
4.693715594332417851e+01 4.599906145818289360e+01
