4.693715594332417851e+01 4.707168404593820554e+01
4.693715594332417851e+01 4.769420369923495429e+01
4.693715594332417851e+01 5.182319758562420020e+01
4.693715594332417851e+01 4.760618412986196546e+01
4.693715594332417851e+01 4.555454141796484890e+01
4.693715594332417851e+01 4.769595954063002807e+01
4.693715594332417851e+01 4.661773218448358591e+01
4.693715594332417851e+01 4.042265177582451940e+01
4.693715594332417851e+01 4.943806323225619082e+01
4.693715594332417851e+01 4.617909226035312287e+01
4.693715594332417851e+01 4.839925650667311174e+01
4.693715594332417851e+01 4.564017561171466753e+01
4.693715594332417851e+01 4.554945875508123976e+01
4.693715594332417851e+01 4.584642703181656032e+01
4.693715594332417851e+01 4.268914930010102893e+01
4.693715594332417851e+01 4.246145890456403293e+01
4.693715594332417851e+01 4.985259074041809413e+01
4.693715594332417851e+01 4.473526566239385005e+01
4.693715594332417851e+01 4.686921050329158334e+01
4.693715594332417851e+01 4.799344731804652753e+01
4.693715594332417851e+01 4.162693775489557879e+01
4.693715594332417851e+01 5.295062307144520020e+01
4.693715594332417851e+01 4.150728021787072919e+01
4.693715594332417851e+01 4.756309249514465165e+01
4.693715594332417851e+01 4.387065647534552681e+01
4.693715594332417851e+01 4.091577171151732983e+01
4.693715594332417851e+01 4.580578617980140166e+01
4.693715594332417851e+01 4.547790201705961977e+01
4.693715594332417851e+01 4.202965561537013173e+01
4.693715594332417851e+01 5.068498932616745378e+01
4.693715594332417851e+01 5.168194211437309349e+01
4.693715594332417851e+01 4.635315458596959104e+01
4.693715594332417851e+01 4.617915009518799252e+01
4.693715594332417851e+01 4.317680287777081105e+01
4.693715594332417851e+01 4.970564048919014510e+01
4.693715594332417851e+01 4.651339842751372089e+01
4.693715594332417851e+01 4.685200671029558350e+01
4.693715594332417851e+01 4.352104596827480520e+01
4.693715594332417851e+01 4.677943742214804246e+01
4.693715594332417851e+01 4.493972629566069088e+01
4.693715594332417851e+01 4.469046550580153365e+01
4.693715594332417851e+01 4.252339663963097394e+01
4.693715594332417851e+01 4.604622941029032290e+01
4.693715594332417851e+01 4.247350752588501166e+01
4.693715594332417851e+01 4.556489716193962636e+01
4.693715594332417851e+01 5.315932609751527593e+01
4.693715594332417851e+01 4.317970428539241823e+01
4.693715594332417851e+01 5.024081603973625931e+01
4.693715594332417851e+01 4.375589010355829345e+01
4.693715594332417851e+01 4.485419241624229159e+01
4.693715594332417851e+01 4.764211487973993542e+01
4.693715594332417851e+01 4.943090987074267417e+01
4.693715594332417851e+01 4.155520502031886565e+01
4.693715594332417851e+01 4.418296662379129458e+01
4.693715594332417851e+01 4.849280493440279827e+01
4.693715594332417851e+01 5.033308204894619564e+01
4.693715594332417851e+01 3.979187300306824682e+01
4.693715594332417851e+01 4.778354417633337903e+01
4.693715594332417851e+01 4.174968017391468322e+01
4.693715594332417851e+01 4.907263187422881145e+01
4.693715594332417851e+01 4.739934613590523327e+01
4.693715594332417851e+01 5.172097225558061950e+01
4.693715594332417851e+01 4.823800792987475461e+01
4.693715594332417851e+01 4.758211878925103377e+01
4.693715594332417851e+01 4.511588617440944660e+01
4.693715594332417851e+01 4.513028424635658098e+01
4.693715594332417851e+01 4.710773750411511429e+01
4.693715594332417851e+01 4.617584434260346882e+01
4.693715594332417851e+01 4.118228219730371364e+01
4.693715594332417851e+01 5.008368368252945402e+01
4.693715594332417851e+01 4.321749246821347867e+01
4.693715594332417851e+01 4.850543034269828269e+01
4.693715594332417851e+01 4.264112765603431399e+01
4.693715594332417851e+01 4.826384956304428897e+01
4.693715594332417851e+01 4.613430560054536045e+01
4.693715594332417851e+01 4.634795574302463450e+01
4.693715594332417851e+01 4.506869162866439638e+01
4.693715594332417851e+01 4.621524969597827948e+01
4.693715594332417851e+01 4.407621313807950969e+01
4.693715594332417851e+01 4.501288763621937505e+01
4.693715594332417851e+01 4.628468809174762555e+01
4.693715594332417851e+01 4.828736485584727944e+01
4.693715594332417851e+01 4.831667665079755380e+01
4.693715594332417851e+01 4.668735936935647857e+01
4.693715594332417851e+01 4.442041328150389745e+01
4.693715594332417851e+01 4.805904605339569713e+01
4.693715594332417851e+01 4.795121075671876554e+01
4.693715594332417851e+01 4.463477422401604855e+01
4.693715594332417851e+01 5.451877953102805918e+01
4.693715594332417851e+01 4.676492837056322571e+01
4.693715594332417851e+01 5.054775917415052788e+01
4.693715594332417851e+01 4.533351681909616104e+01
4.693715594332417851e+01 4.335178386542933993e+01
4.693715594332417851e+01 4.435005783986507311e+01
4.693715594332417851e+01 4.430737800200093801e+01
4.693715594332417851e+01 4.277040388483408151e+01
4.693715594332417851e+01 4.521815812571486504e+01
4.693715594332417851e+01 4.735748722353027773e+01
4.693715594332417851e+01 4.080346637269471444e+01
4.693715594332417851e+01 4.676022462151561143e+01
4.693715594332417851e+01 4.486499552915618239e+01
4.693715594332417851e+01 4.583337751383992043e+01
4.693715594332417851e+01 4.836020463073393216e+01
4.693715594332417851e+01 4.812579978244654200e+01
4.693715594332417851e+01 4.972475184237889323e+01
4.693715594332417851e+01 4.195386465300404666e+01
4.693715594332417851e+01 4.315487976049220009e+01
4.693715594332417851e+01 4.956429906732839186e+01
4.693715594332417851e+01 4.695535881196372685e+01
4.693715594332417851e+01 4.426648377743866547e+01
4.693715594332417851e+01 4.572314262974921917e+01
4.693715594332417851e+01 4.947449351840511156e+01
4.693715594332417851e+01 4.907735504204245558e+01
4.693715594332417851e+01 4.335727044691719101e+01
4.693715594332417851e+01 4.700804956690399905e+01
4.693715594332417851e+01 4.819779922860197985e+01
4.693715594332417851e+01 4.831965645952725907e+01
4.693715594332417851e+01 4.740044346079865534e+01
4.693715594332417851e+01 4.348019697070850498e+01
4.693715594332417851e+01 5.695760354999346475e+01
4.693715594332417851e+01 4.296872256815841240e+01
4.693715594332417851e+01 4.453648584021595269e+01
4.693715594332417851e+01 4.541234936255410304e+01
4.693715594332417851e+01 4.478248273763183818e+01
4.693715594332417851e+01 5.011188430404348537e+01
4.693715594332417851e+01 4.629293459304305003e+01
4.693715594332417851e+01 4.617219273032957716e+01
4.693715594332417851e+01 4.826840591149922943e+01
4.693715594332417851e+01 4.514836926913294235e+01
4.693715594332417851e+01 4.717168816684721833e+01
4.693715594332417851e+01 4.540188113203475240e+01
4.693715594332417851e+01 4.644934992611941027e+01
4.693715594332417851e+01 4.548702004095286355e+01
4.693715594332417851e+01 4.697117411114953711e+01
4.693715594332417851e+01 4.982547715929388943e+01
4.693715594332417851e+01 4.771647321345628967e+01
4.693715594332417851e+01 5.226561580188577949e+01
4.693715594332417851e+01 4.989607181153681381e+01
4.693715594332417851e+01 4.830832165181203663e+01
4.693715594332417851e+01 4.252518342408971819e+01
4.693715594332417851e+01 4.831620148301641393e+01
4.693715594332417851e+01 4.244447591596009062e+01
4.693715594332417851e+01 4.730529385547344390e+01
4.693715594332417851e+01 4.543134589395123157e+01
4.693715594332417851e+01 4.634831253602470014e+01
4.693715594332417851e+01 4.507533015196018766e+01
4.693715594332417851e+01 4.227943767563531452e+01
4.693715594332417851e+01 5.056193625742534437e+01
4.693715594332417851e+01 5.748747357996308693e+01
4.693715594332417851e+01 4.879367798270589418e+01
4.693715594332417851e+01 4.772978837526725471e+01
4.693715594332417851e+01 4.424917904911278299e+01
4.693715594332417851e+01 4.669762677449343613e+01
4.693715594332417851e+01 4.264940268693138137e+01
4.693715594332417851e+01 4.417778730642984186e+01
4.693715594332417851e+01 5.260221018414239325e+01
4.693715594332417851e+01 4.373068280688187315e+01
4.693715594332417851e+01 4.639539040635327183e+01
4.693715594332417851e+01 5.393883468635279144e+01
4.693715594332417851e+01 4.716649909008400954e+01
4.693715594332417851e+01 5.410366344098314073e+01
4.693715594332417851e+01 5.435538002260283008e+01
4.693715594332417851e+01 4.807775116382307345e+01
4.693715594332417851e+01 4.300548194925411849e+01
4.693715594332417851e+01 4.234849278893558733e+01
4.693715594332417851e+01 4.399910329465252801e+01
4.693715594332417851e+01 4.116127124496263434e+01
4.693715594332417851e+01 4.417272311002550111e+01
4.693715594332417851e+01 4.163354272078625229e+01
4.693715594332417851e+01 4.108059557846087273e+01
4.693715594332417851e+01 4.387798840170502501e+01
4.693715594332417851e+01 4.256498018327700805e+01
4.693715594332417851e+01 4.725379495100439442e+01
4.693715594332417851e+01 5.001200968161649740e+01
4.693715594332417851e+01 4.314685930318931639e+01
4.693715594332417851e+01 4.065125017275746444e+01
4.693715594332417851e+01 4.579645455473539783e+01
4.693715594332417851e+01 4.784361264147727866e+01
4.693715594332417851e+01 4.567505385164552933e+01
4.693715594332417851e+01 4.535806006268816759e+01
4.693715594332417851e+01 4.589933148027778742e+01
4.693715594332417851e+01 4.630589988729659723e+01
4.693715594332417851e+01 4.567466590002500482e+01
4.693715594332417851e+01 4.463687943993785723e+01
4.693715594332417851e+01 4.401135849932204991e+01
4.693715594332417851e+01 4.687596078777094277e+01
4.693715594332417851e+01 4.382994252018698944e+01
4.693715594332417851e+01 4.513887082195113010e+01
4.693715594332417851e+01 4.387053497105284805e+01
4.693715594332417851e+01 4.755192946503728990e+01
4.693715594332417851e+01 4.819763725382139796e+01
4.693715594332417851e+01 4.505692455832370769e+01
4.693715594332417851e+01 4.912571690699842719e+01
4.693715594332417851e+01 4.958858905504646941e+01
4.693715594332417851e+01 4.667495221666609950e+01
4.693715594332417851e+01 4.884567243292868710e+01
4.693715594332417851e+01 4.592252417862577829e+01
4.693715594332417851e+01 4.475965332349865378e+01
4.693715594332417851e+01 4.554966484486747191e+01
4.693715594332417851e+01 4.168326910869657098e+01
4.693715594332417851e+01 4.716126410195044372e+01
4.693715594332417851e+01 4.172742808208484888e+01
4.693715594332417851e+01 4.536156360350285155e+01
4.693715594332417851e+01 4.199333861062936535e+01
4.693715594332417851e+01 4.402705704483396687e+01
4.693715594332417851e+01 4.665157617068994966e+01
4.693715594332417851e+01 4.204610460946149431e+01
4.693715594332417851e+01 5.214266897422582048e+01
4.693715594332417851e+01 4.583901624110031747e+01
4.693715594332417851e+01 5.010114912580070978e+01
4.693715594332417851e+01 4.528913206669817981e+01
4.693715594332417851e+01 4.193308243415574310e+01
4.693715594332417851e+01 4.585588174359264002e+01
4.693715594332417851e+01 4.237924013333697815e+01
4.693715594332417851e+01 4.623296167727424688e+01
4.693715594332417851e+01 4.928010725224014266e+01
4.693715594332417851e+01 4.141406155475910111e+01
4.693715594332417851e+01 4.773512217802927182e+01
4.693715594332417851e+01 4.642908740072577700e+01
4.693715594332417851e+01 4.321665656296803348e+01
4.693715594332417851e+01 5.072063620788411953e+01
4.693715594332417851e+01 4.870086548915043068e+01
4.693715594332417851e+01 4.682951354493765450e+01
4.693715594332417851e+01 4.001716471704166622e+01
4.693715594332417851e+01 4.610142993442057957e+01
4.693715594332417851e+01 4.905780843416388848e+01
4.693715594332417851e+01 4.617358332932415266e+01
4.693715594332417851e+01 4.355900229541047253e+01
4.693715594332417851e+01 5.115484500116821209e+01
4.693715594332417851e+01 4.019685021934648717e+01
4.693715594332417851e+01 4.781819348044740536e+01
4.693715594332417851e+01 5.471249565037606999e+01
4.693715594332417851e+01 4.566407347957593998e+01
4.693715594332417851e+01 4.213894456540077726e+01
4.693715594332417851e+01 4.044806242151282305e+01
4.693715594332417851e+01 5.424158169453853162e+01
4.693715594332417851e+01 4.093596845953134533e+01
4.693715594332417851e+01 4.560335712422978816e+01
4.693715594332417851e+01 4.804171108705180870e+01
4.693715594332417851e+01 3.973618037865798414e+01
4.693715594332417851e+01 5.091724234124119164e+01
4.693715594332417851e+01 4.711191874415636249e+01
4.693715594332417851e+01 4.722323045588363755e+01
4.693715594332417851e+01 4.352446248437961884e+01
4.693715594332417851e+01 4.314952640335091161e+01
4.693715594332417851e+01 3.903412074557038380e+01
4.693715594332417851e+01 4.265957788079131063e+01
4.693715594332417851e+01 4.194080350741804608e+01
4.693715594332417851e+01 4.142907347538579899e+01
4.693715594332417851e+01 4.432288640282760639e+01
4.693715594332417851e+01 4.502006262667936198e+01
4.693715594332417851e+01 4.826835784789486894e+01
4.693715594332417851e+01 4.187622812572275421e+01
4.693715594332417851e+01 4.798940819427765092e+01
4.693715594332417851e+01 5.011258909889790658e+01
4.693715594332417851e+01 4.732662704477187532e+01
4.693715594332417851e+01 4.745710476185308124e+01
4.693715594332417851e+01 5.328461032528908703e+01
4.693715594332417851e+01 4.760907460977851002e+01
4.693715594332417851e+01 4.490739621851849250e+01
4.693715594332417851e+01 4.277198206003878767e+01
4.693715594332417851e+01 4.024871090568687038e+01
4.693715594332417851e+01 4.486380082950447701e+01
4.693715594332417851e+01 4.873898885213411347e+01
4.693715594332417851e+01 4.351647323521103772e+01
4.693715594332417851e+01 4.309608931596314108e+01
4.693715594332417851e+01 4.724576091045203441e+01
4.693715594332417851e+01 4.699432602527347314e+01
4.693715594332417851e+01 4.840299620827332916e+01
4.693715594332417851e+01 4.560157628036015609e+01
4.693715594332417851e+01 4.856320329366550936e+01
4.693715594332417851e+01 3.784462526699519458e+01
4.693715594332417851e+01 5.319642129274821230e+01
4.693715594332417851e+01 4.884320126763863357e+01
4.693715594332417851e+01 4.671276934702071770e+01
4.693715594332417851e+01 4.223019856934823224e+01
4.693715594332417851e+01 4.604793633541267894e+01
4.693715594332417851e+01 4.614793116337627055e+01
4.693715594332417851e+01 4.651529011116749501e+01
4.693715594332417851e+01 4.799138764437356031e+01
4.693715594332417851e+01 5.199785129821790974e+01
4.693715594332417851e+01 4.065079518901569600e+01
4.693715594332417851e+01 4.816634891930071660e+01
4.693715594332417851e+01 4.735921986354168212e+01
4.693715594332417851e+01 4.405557184479859245e+01
4.693715594332417851e+01 4.926212856485443581e+01
4.693715594332417851e+01 5.071095425492850239e+01
4.693715594332417851e+01 4.691841186034011457e+01
4.693715594332417851e+01 4.653838313285339012e+01
4.693715594332417851e+01 4.694776783480187277e+01
4.693715594332417851e+01 4.762360489082242054e+01
4.693715594332417851e+01 4.118556479528415792e+01
4.693715594332417851e+01 4.183393762364970314e+01
4.693715594332417851e+01 4.462815487587317875e+01
4.693715594332417851e+01 4.362706997501855710e+01
4.693715594332417851e+01 5.278864821261400664e+01
4.693715594332417851e+01 4.684010080799254183e+01
4.693715594332417851e+01 4.871934650337042427e+01
4.693715594332417851e+01 4.995066307727171306e+01
4.693715594332417851e+01 4.678023709748603665e+01
4.693715594332417851e+01 4.602491329688182020e+01
4.693715594332417851e+01 4.864067212952189578e+01
4.693715594332417851e+01 4.017765932208082802e+01
4.693715594332417851e+01 4.833560599104860245e+01
4.693715594332417851e+01 4.793959078589293910e+01
4.693715594332417851e+01 5.416397290430391820e+01
4.693715594332417851e+01 4.075844045893074963e+01
4.693715594332417851e+01 4.409004837117308284e+01
4.693715594332417851e+01 4.653461759056399671e+01
4.693715594332417851e+01 4.858401689555493874e+01
4.693715594332417851e+01 4.885406591923744202e+01
4.693715594332417851e+01 5.032092231094043200e+01
4.693715594332417851e+01 4.936137839495470558e+01
4.693715594332417851e+01 4.412457253207437446e+01
4.693715594332417851e+01 4.139304443810301848e+01
4.693715594332417851e+01 4.749512339191905852e+01
4.693715594332417851e+01 4.680545586013259651e+01
4.693715594332417851e+01 4.352620848684463084e+01
4.693715594332417851e+01 4.643816605931906594e+01
4.693715594332417851e+01 4.618569797590435400e+01
4.693715594332417851e+01 4.404468632451953169e+01
4.693715594332417851e+01 4.809030663514823800e+01
4.693715594332417851e+01 4.358371136974506044e+01
4.693715594332417851e+01 5.072691978261556045e+01
4.693715594332417851e+01 4.118610455568467188e+01
4.693715594332417851e+01 4.739720165726090784e+01
4.693715594332417851e+01 4.707326635702916207e+01
4.693715594332417851e+01 4.799349901743421043e+01
4.693715594332417851e+01 4.348489225912062039e+01
4.693715594332417851e+01 4.170616628440581053e+01
4.693715594332417851e+01 4.357415861811858804e+01
4.693715594332417851e+01 5.080768893544508558e+01
4.693715594332417851e+01 4.546121111516585245e+01
4.693715594332417851e+01 4.650726536892010898e+01
4.693715594332417851e+01 4.393249316388650527e+01
4.693715594332417851e+01 4.646500601226408378e+01
4.693715594332417851e+01 4.486609596428537827e+01
4.693715594332417851e+01 4.675378524173388683e+01
4.693715594332417851e+01 4.891856912252225698e+01
4.693715594332417851e+01 4.697072564954119400e+01
4.693715594332417851e+01 4.324134785716313445e+01
4.693715594332417851e+01 4.764223359239027644e+01
4.693715594332417851e+01 4.513053942890433490e+01
4.693715594332417851e+01 4.445445443723281187e+01
4.693715594332417851e+01 4.870009452338371148e+01
4.693715594332417851e+01 4.835465943276568623e+01
4.693715594332417851e+01 5.074686684074443122e+01
4.693715594332417851e+01 4.879025392366513358e+01
4.693715594332417851e+01 5.117346627982379914e+01
4.693715594332417851e+01 4.422819255953983486e+01
4.693715594332417851e+01 4.157153151637606925e+01
4.693715594332417851e+01 5.352759847523299186e+01
4.693715594332417851e+01 4.301750018743645398e+01
4.693715594332417851e+01 4.302290003518945838e+01
4.693715594332417851e+01 4.511190887760373158e+01
4.693715594332417851e+01 4.422653270577588103e+01
4.693715594332417851e+01 5.186918899075348577e+01
4.693715594332417851e+01 4.675451773878014450e+01
4.693715594332417851e+01 5.156792102135426603e+01
4.693715594332417851e+01 4.781247655281431719e+01
4.693715594332417851e+01 4.497146183345789439e+01
4.693715594332417851e+01 4.112696368311883077e+01
4.693715594332417851e+01 4.121523636453886041e+01
4.693715594332417851e+01 4.985380628248817203e+01
4.693715594332417851e+01 4.947542436926224951e+01
4.693715594332417851e+01 4.373831617867997323e+01
4.693715594332417851e+01 4.461819571969061826e+01
4.693715594332417851e+01 4.840881924380131096e+01
4.693715594332417851e+01 4.726053468951855763e+01
4.693715594332417851e+01 4.215723482959734270e+01
4.693715594332417851e+01 4.556166504664853534e+01
4.693715594332417851e+01 4.453287350126046107e+01
4.693715594332417851e+01 4.825559587820625040e+01
4.693715594332417851e+01 4.950793537088030405e+01
4.693715594332417851e+01 4.778160643271862540e+01
4.693715594332417851e+01 4.757979058387460469e+01
4.693715594332417851e+01 5.374569824604342472e+01
4.693715594332417851e+01 5.228457594672541120e+01
4.693715594332417851e+01 4.491264189586986788e+01
4.693715594332417851e+01 4.785802457366399665e+01
4.693715594332417851e+01 4.718528643325079486e+01
4.693715594332417851e+01 4.906073820201712010e+01
4.693715594332417851e+01 4.696765211249545047e+01
4.693715594332417851e+01 5.078259274861685668e+01
4.693715594332417851e+01 4.768625981477264020e+01
4.693715594332417851e+01 5.087059888629743654e+01
4.693715594332417851e+01 4.451637314651984667e+01
4.693715594332417851e+01 4.405193185356645813e+01
4.693715594332417851e+01 5.147299524601589127e+01
4.693715594332417851e+01 4.489973785459881128e+01
4.693715594332417851e+01 4.455936385359791529e+01
4.693715594332417851e+01 4.240093432674644447e+01
4.693715594332417851e+01 4.991169333119926677e+01
4.693715594332417851e+01 4.614841133573935394e+01
4.693715594332417851e+01 4.146957760716708208e+01
4.693715594332417851e+01 4.923988426146271280e+01
4.693715594332417851e+01 4.550422269105463613e+01
4.693715594332417851e+01 4.849008885040186101e+01
4.693715594332417851e+01 4.666405909673328978e+01
4.693715594332417851e+01 4.175335583413554730e+01
4.693715594332417851e+01 4.124990034335311861e+01
4.693715594332417851e+01 5.350254914130413653e+01
4.693715594332417851e+01 4.230701087577182307e+01
4.693715594332417851e+01 4.838076646744527665e+01
4.693715594332417851e+01 4.140694632063910063e+01
4.693715594332417851e+01 4.577220812056870614e+01
4.693715594332417851e+01 4.587385859944118494e+01
4.693715594332417851e+01 4.527790093881691291e+01
4.693715594332417851e+01 4.758115906438665377e+01
4.693715594332417851e+01 5.147918479895371036e+01
4.693715594332417851e+01 4.636748205292495584e+01
4.693715594332417851e+01 4.496044575600650006e+01
4.693715594332417851e+01 4.997460911833292130e+01
4.693715594332417851e+01 5.041916071083110751e+01
4.693715594332417851e+01 4.504269211028950792e+01
4.693715594332417851e+01 4.377225707344130257e+01
4.693715594332417851e+01 4.907462136541484909e+01
4.693715594332417851e+01 4.862513783300977366e+01
4.693715594332417851e+01 4.175894595133956244e+01
4.693715594332417851e+01 4.324943755756439145e+01
4.693715594332417851e+01 4.856057606552914763e+01
4.693715594332417851e+01 4.187532906891070184e+01
4.693715594332417851e+01 4.828430469459084406e+01
4.693715594332417851e+01 4.975824746395874598e+01
4.693715594332417851e+01 4.889101138035078975e+01
4.693715594332417851e+01 4.349104442129959835e+01
4.693715594332417851e+01 4.526029304782391449e+01
4.693715594332417851e+01 4.268384712370596645e+01
4.693715594332417851e+01 4.893855303732047446e+01
4.693715594332417851e+01 4.776495725420585359e+01
4.693715594332417851e+01 5.048555964870158874e+01
4.693715594332417851e+01 5.001088493801763946e+01
4.693715594332417851e+01 4.724244362675841558e+01
4.693715594332417851e+01 4.609420856073531780e+01
4.693715594332417851e+01 4.333505431690113596e+01
4.693715594332417851e+01 4.805127809998041499e+01
4.693715594332417851e+01 4.449658313770290619e+01
4.693715594332417851e+01 5.138950021562396131e+01
4.693715594332417851e+01 4.864812307341123443e+01
4.693715594332417851e+01 4.061521672489238455e+01
4.693715594332417851e+01 4.346045276424266746e+01
4.693715594332417851e+01 4.679228881181232680e+01
4.693715594332417851e+01 4.530816017106580063e+01
4.693715594332417851e+01 4.476895844430011095e+01
4.693715594332417851e+01 4.939824055997016927e+01
4.693715594332417851e+01 4.370504154129383068e+01
4.693715594332417851e+01 4.959300884681615429e+01
4.693715594332417851e+01 4.783663508737489423e+01
4.693715594332417851e+01 4.247207922581164041e+01
4.693715594332417851e+01 5.045932744752273891e+01
4.693715594332417851e+01 4.897002886355331697e+01
4.693715594332417851e+01 4.782479523269669386e+01
4.693715594332417851e+01 4.832188124708708443e+01
4.693715594332417851e+01 4.436190834344086653e+01
4.693715594332417851e+01 5.028762986365991594e+01
4.693715594332417851e+01 4.724666170677503629e+01
4.693715594332417851e+01 4.694784716477857955e+01
4.693715594332417851e+01 4.606583457503276691e+01
4.693715594332417851e+01 4.575249136485581403e+01
4.693715594332417851e+01 4.621688983066181322e+01
4.693715594332417851e+01 4.374845195597654168e+01
4.693715594332417851e+01 4.832602324690313367e+01
4.693715594332417851e+01 4.532854085577150727e+01
4.693715594332417851e+01 4.987120958989397224e+01
4.693715594332417851e+01 4.715041589709001357e+01
4.693715594332417851e+01 4.428647141658598940e+01
4.693715594332417851e+01 4.797175373586627956e+01
4.693715594332417851e+01 4.497806956445849380e+01
4.693715594332417851e+01 4.335045472112741294e+01
4.693715594332417851e+01 5.221147469951932862e+01
4.693715594332417851e+01 5.233817831772591944e+01
4.693715594332417851e+01 4.670762188927937331e+01
4.693715594332417851e+01 4.286257134147135162e+01
4.693715594332417851e+01 4.481735471307160168e+01
4.693715594332417851e+01 4.775636672497547863e+01
4.693715594332417851e+01 4.985006468248347034e+01
4.693715594332417851e+01 4.682389462949915782e+01
4.693715594332417851e+01 5.125736113464704147e+01
4.693715594332417851e+01 4.609037585739947218e+01
4.693715594332417851e+01 4.390815446271104605e+01
4.693715594332417851e+01 4.747845914240452458e+01
4.693715594332417851e+01 4.777033385835898116e+01
4.693715594332417851e+01 4.894067590907761200e+01
4.693715594332417851e+01 4.373295665790794828e+01
4.693715594332417851e+01 4.312974506789590379e+01
4.693715594332417851e+01 4.619531233879230570e+01
4.693715594332417851e+01 4.379299191007099523e+01
4.693715594332417851e+01 4.691350446168796395e+01
4.693715594332417851e+01 4.646927524294500955e+01
4.693715594332417851e+01 4.412403799165118556e+01
4.693715594332417851e+01 4.217847452477663950e+01
4.693715594332417851e+01 5.536152442383814787e+01
4.693715594332417851e+01 4.776313081150176743e+01
4.693715594332417851e+01 4.199149392267516845e+01
4.693715594332417851e+01 5.183772347790662849e+01
4.693715594332417851e+01 4.812636044504715471e+01
4.693715594332417851e+01 4.636092973658609395e+01
4.693715594332417851e+01 4.707528240796424512e+01
4.693715594332417851e+01 4.628218178677061445e+01
4.693715594332417851e+01 4.662766140179070362e+01
4.693715594332417851e+01 4.962927903133513752e+01
4.693715594332417851e+01 4.420999837388862375e+01
4.693715594332417851e+01 5.239508936726036126e+01
4.693715594332417851e+01 4.771584866450155715e+01
4.693715594332417851e+01 4.331832085955439737e+01
4.693715594332417851e+01 4.684455123233112062e+01
4.693715594332417851e+01 4.793916649502852323e+01
4.693715594332417851e+01 4.768779791226420173e+01
4.693715594332417851e+01 4.662466170251047259e+01
4.693715594332417851e+01 5.122435555123141171e+01
4.693715594332417851e+01 4.018628383859367403e+01
4.693715594332417851e+01 4.878802695985007176e+01
4.693715594332417851e+01 4.428180783756033634e+01
4.693715594332417851e+01 4.131050279178441542e+01
4.693715594332417851e+01 4.605262209709776755e+01
4.693715594332417851e+01 5.352949035118808041e+01
4.693715594332417851e+01 4.633599328427342812e+01
4.693715594332417851e+01 5.181955551102618784e+01
4.693715594332417851e+01 4.060767289273717040e+01
4.693715594332417851e+01 4.370604692574291050e+01
4.693715594332417851e+01 4.792839376998660583e+01
4.693715594332417851e+01 4.559370374309535379e+01
4.693715594332417851e+01 4.159107975776507260e+01
4.693715594332417851e+01 4.431914299978698324e+01
4.693715594332417851e+01 4.869242592668236114e+01
4.693715594332417851e+01 4.459976412600162377e+01
4.693715594332417851e+01 4.595188658532401149e+01
4.693715594332417851e+01 4.397656581236945073e+01
4.693715594332417851e+01 4.983864228177669276e+01
4.693715594332417851e+01 4.820595262066472486e+01
4.693715594332417851e+01 4.690961029222390977e+01
4.693715594332417851e+01 4.762273149224591151e+01
4.693715594332417851e+01 4.225267194107548363e+01
4.693715594332417851e+01 4.398081518560822190e+01
4.693715594332417851e+01 5.007088591828924962e+01
4.693715594332417851e+01 4.652760506431148002e+01
4.693715594332417851e+01 4.811254255121139778e+01
4.693715594332417851e+01 4.072665139364189457e+01
4.693715594332417851e+01 4.467659241978331153e+01
4.693715594332417851e+01 4.194638125444290466e+01
4.693715594332417851e+01 4.726996101274920647e+01
4.693715594332417851e+01 4.465769288306765361e+01
4.693715594332417851e+01 4.587144489138002257e+01
4.693715594332417851e+01 4.502779743983070659e+01
4.693715594332417851e+01 4.836152263194166068e+01
4.693715594332417851e+01 4.748843926546698668e+01
4.693715594332417851e+01 4.308853469599893771e+01
4.693715594332417851e+01 4.472378535537241362e+01
4.693715594332417851e+01 5.015676753743663596e+01
4.693715594332417851e+01 4.412756300025630196e+01
4.693715594332417851e+01 5.090488814650283445e+01
4.693715594332417851e+01 4.037068337402372720e+01
4.693715594332417851e+01 4.328967133668815137e+01
4.693715594332417851e+01 4.490880398749374791e+01
4.693715594332417851e+01 4.794768026475854583e+01
4.693715594332417851e+01 4.592490593284949085e+01
4.693715594332417851e+01 4.803298031200507268e+01
4.693715594332417851e+01 4.538724935027057938e+01
4.693715594332417851e+01 4.507920280822059311e+01
4.693715594332417851e+01 4.503856304105853070e+01
4.693715594332417851e+01 4.852843907482871799e+01
4.693715594332417851e+01 4.284227111889821060e+01
4.693715594332417851e+01 4.930232162032010024e+01
4.693715594332417851e+01 4.614164596488039649e+01
4.693715594332417851e+01 4.535067038284950058e+01
4.693715594332417851e+01 4.472501700219343235e+01
4.693715594332417851e+01 4.585638641165965623e+01
4.693715594332417851e+01 4.639768070885646267e+01
4.693715594332417851e+01 4.138085664687775989e+01
4.693715594332417851e+01 4.639550894728068897e+01
4.693715594332417851e+01 4.557116581674910094e+01
4.693715594332417851e+01 4.716457282178001975e+01
4.693715594332417851e+01 4.763501088029215680e+01
4.693715594332417851e+01 4.900379797374895929e+01
4.693715594332417851e+01 4.532044031119782801e+01
4.693715594332417851e+01 4.114494932624569401e+01
4.693715594332417851e+01 3.962737029068068750e+01
4.693715594332417851e+01 5.569094101047658540e+01
4.693715594332417851e+01 4.450123509289860380e+01
4.693715594332417851e+01 4.461814073264338276e+01
4.693715594332417851e+01 4.973902275448529764e+01
4.693715594332417851e+01 4.676065737277514955e+01
4.693715594332417851e+01 4.599451428980248835e+01
4.693715594332417851e+01 4.544060421305166386e+01
4.693715594332417851e+01 5.066627286145619991e+01
4.693715594332417851e+01 4.593680488155688835e+01
4.693715594332417851e+01 4.853157425326580210e+01
4.693715594332417851e+01 4.653727450548615963e+01
4.693715594332417851e+01 4.871464898843163382e+01
4.693715594332417851e+01 4.099984162589706926e+01
4.693715594332417851e+01 4.735169234004801098e+01
4.693715594332417851e+01 5.010927223378561024e+01
4.693715594332417851e+01 4.302010579760437992e+01
4.693715594332417851e+01 4.555370240647706481e+01
4.693715594332417851e+01 5.168617912250795143e+01
4.693715594332417851e+01 4.748063985709244861e+01
4.693715594332417851e+01 4.870312229242682633e+01
4.693715594332417851e+01 4.699974854660952417e+01
4.693715594332417851e+01 4.115304895275513530e+01
4.693715594332417851e+01 4.849375175118211700e+01
4.693715594332417851e+01 4.386292592641262900e+01
4.693715594332417851e+01 4.641697986995934855e+01
4.693715594332417851e+01 4.749575423617497449e+01
4.693715594332417851e+01 5.655976516483181626e+01
4.693715594332417851e+01 4.593781459830000813e+01
4.693715594332417851e+01 4.310037333589592379e+01
4.693715594332417851e+01 4.450489763423249201e+01
4.693715594332417851e+01 5.016788117722930451e+01
4.693715594332417851e+01 4.178603480069003950e+01
4.693715594332417851e+01 4.565105026700901902e+01
4.693715594332417851e+01 4.537103903760856838e+01
4.693715594332417851e+01 4.942671562947340647e+01
4.693715594332417851e+01 3.881435542281127482e+01
4.693715594332417851e+01 4.792403749723018080e+01
4.693715594332417851e+01 4.455368802269623529e+01
4.693715594332417851e+01 4.542976954394757172e+01
4.693715594332417851e+01 4.682663951346616216e+01
4.693715594332417851e+01 4.088060373965365102e+01
4.693715594332417851e+01 3.864719564923412065e+01
4.693715594332417851e+01 4.455788179488250478e+01
4.693715594332417851e+01 4.482781735114855337e+01
4.693715594332417851e+01 5.002954079241483498e+01
4.693715594332417851e+01 5.238682630981557509e+01
4.693715594332417851e+01 4.073553528930265344e+01
4.693715594332417851e+01 5.108690964599875173e+01
4.693715594332417851e+01 5.115364852937180018e+01
4.693715594332417851e+01 4.720515163694683025e+01
4.693715594332417851e+01 4.057047994010781622e+01
4.693715594332417851e+01 4.657734102641404661e+01
4.693715594332417851e+01 4.054203902341048860e+01
4.693715594332417851e+01 4.872729949880454825e+01
4.693715594332417851e+01 5.081218536614151304e+01
4.693715594332417851e+01 4.969766329405823768e+01
4.693715594332417851e+01 4.859805624567986371e+01
4.693715594332417851e+01 5.024743050731542837e+01
4.693715594332417851e+01 4.959892653051225864e+01
4.693715594332417851e+01 4.449911003622057848e+01
4.693715594332417851e+01 4.625531891794559414e+01
4.693715594332417851e+01 4.448832505602467791e+01
4.693715594332417851e+01 4.400015748131995963e+01
4.693715594332417851e+01 4.924694031336260736e+01
4.693715594332417851e+01 3.849236992738428853e+01
4.693715594332417851e+01 4.534178276962738607e+01
4.693715594332417851e+01 4.767398915160595863e+01
4.693715594332417851e+01 4.246278223716947053e+01
4.693715594332417851e+01 4.065211656529921669e+01
4.693715594332417851e+01 5.313128669892692812e+01
4.693715594332417851e+01 4.712088036499626753e+01
4.693715594332417851e+01 4.569890050559693151e+01
4.693715594332417851e+01 4.836747319525920119e+01
4.693715594332417851e+01 5.438911180646103105e+01
4.693715594332417851e+01 5.328309713388280500e+01
4.693715594332417851e+01 4.693495080403920383e+01
4.693715594332417851e+01 5.014071698631066454e+01
4.693715594332417851e+01 4.812392024880875852e+01
4.693715594332417851e+01 4.288791681647358445e+01
4.693715594332417851e+01 4.645150193007049211e+01
4.693715594332417851e+01 4.553837197745210119e+01
4.693715594332417851e+01 4.817005593094973648e+01
4.693715594332417851e+01 4.865611953820081226e+01
4.693715594332417851e+01 4.760193894124818570e+01
4.693715594332417851e+01 4.371195279245473841e+01
4.693715594332417851e+01 4.644665110127666452e+01
4.693715594332417851e+01 4.708496167565290591e+01
4.693715594332417851e+01 4.563137333840946752e+01
4.693715594332417851e+01 4.159317517695961897e+01
4.693715594332417851e+01 5.223042850848128182e+01
4.693715594332417851e+01 4.733743445855182586e+01
4.693715594332417851e+01 4.457956165637715884e+01
4.693715594332417851e+01 4.571529865211119414e+01
4.693715594332417851e+01 4.534360455422324776e+01
4.693715594332417851e+01 4.282767697201099821e+01
4.693715594332417851e+01 4.375553019853435899e+01
4.693715594332417851e+01 4.014873919910928635e+01
4.693715594332417851e+01 4.679178751294582383e+01
4.693715594332417851e+01 4.724733687892585721e+01
4.693715594332417851e+01 4.694933643685103419e+01
4.693715594332417851e+01 4.427545561833290577e+01
4.693715594332417851e+01 4.566726264350101872e+01
4.693715594332417851e+01 4.607641528705299550e+01
4.693715594332417851e+01 4.714569536716578568e+01
4.693715594332417851e+01 4.499056370398469795e+01
4.693715594332417851e+01 4.195972403407973417e+01
4.693715594332417851e+01 4.088323276305939658e+01
4.693715594332417851e+01 4.705078132737186536e+01
4.693715594332417851e+01 4.634329509961172278e+01
4.693715594332417851e+01 4.487073145172934119e+01
4.693715594332417851e+01 4.349447034645957189e+01
4.693715594332417851e+01 5.152052682153144758e+01
4.693715594332417851e+01 4.473213540720497150e+01
4.693715594332417851e+01 4.636434056057228048e+01
4.693715594332417851e+01 4.666301541240012796e+01
4.693715594332417851e+01 4.494223394648091130e+01
4.693715594332417851e+01 4.447792104910818978e+01
4.693715594332417851e+01 4.335901399315544325e+01
4.693715594332417851e+01 4.683508225022256966e+01
4.693715594332417851e+01 4.537183932433045186e+01
4.693715594332417851e+01 4.954434211448009506e+01
4.693715594332417851e+01 4.391236020123693606e+01
4.693715594332417851e+01 4.732995605526215144e+01
4.693715594332417851e+01 4.381262491721807351e+01
4.693715594332417851e+01 4.410552991081164720e+01
4.693715594332417851e+01 4.541867449098904075e+01
4.693715594332417851e+01 4.741157288020212945e+01
4.693715594332417851e+01 5.125934795082645223e+01
4.693715594332417851e+01 4.590072299468007344e+01
4.693715594332417851e+01 4.131040842395233170e+01
4.693715594332417851e+01 4.141334929043302537e+01
4.693715594332417851e+01 4.220836300499802007e+01
4.693715594332417851e+01 5.191783351204750829e+01
4.693715594332417851e+01 4.672959437457799226e+01
4.693715594332417851e+01 4.565203210001612177e+01
4.693715594332417851e+01 4.083417896307102524e+01
4.693715594332417851e+01 4.392258645225547298e+01
4.693715594332417851e+01 4.595345702902261564e+01
4.693715594332417851e+01 4.469932194807537229e+01
4.693715594332417851e+01 4.612475602803416308e+01
4.693715594332417851e+01 4.334760123792994335e+01
4.693715594332417851e+01 4.448914242407557396e+01
4.693715594332417851e+01 4.301176289758324600e+01
4.693715594332417851e+01 4.751284909418189528e+01
4.693715594332417851e+01 4.238036101878402917e+01
4.693715594332417851e+01 4.687292855159291349e+01
4.693715594332417851e+01 4.433317516885980325e+01
4.693715594332417851e+01 5.250853998041832682e+01
4.693715594332417851e+01 4.766622695630940143e+01
4.693715594332417851e+01 3.974785487340877665e+01
4.693715594332417851e+01 4.939388607064082493e+01
4.693715594332417851e+01 4.041848974503868419e+01
4.693715594332417851e+01 4.303472760846808853e+01
4.693715594332417851e+01 4.239583723565237960e+01
4.693715594332417851e+01 5.114869811685992573e+01
4.693715594332417851e+01 4.399924896588004231e+01
4.693715594332417851e+01 4.658558941028127265e+01
4.693715594332417851e+01 5.011232064976798739e+01
4.693715594332417851e+01 3.853471403461933420e+01
4.693715594332417851e+01 4.696298885714996629e+01
4.693715594332417851e+01 5.437438717280180356e+01
4.693715594332417851e+01 4.514359034741390531e+01
4.693715594332417851e+01 4.490906479014561370e+01
4.693715594332417851e+01 4.248940876640997999e+01
4.693715594332417851e+01 4.893160634179646706e+01
4.693715594332417851e+01 4.931510507609257132e+01
4.693715594332417851e+01 4.907827268561453593e+01
4.693715594332417851e+01 4.640894272917245900e+01
4.693715594332417851e+01 4.766847748110149752e+01
4.693715594332417851e+01 4.046538794817740836e+01
4.693715594332417851e+01 4.631797897124683772e+01
4.693715594332417851e+01 4.917554528081851828e+01
4.693715594332417851e+01 4.444651776618880490e+01
4.693715594332417851e+01 4.613339860769166023e+01
4.693715594332417851e+01 4.240304326173831839e+01
4.693715594332417851e+01 4.857466508124917226e+01
4.693715594332417851e+01 4.816303496068898227e+01
4.693715594332417851e+01 4.839552465876144538e+01
4.693715594332417851e+01 4.442617016846253364e+01
4.693715594332417851e+01 5.013722706513300409e+01
4.693715594332417851e+01 5.322544508900015359e+01
4.693715594332417851e+01 4.643440109788806325e+01
4.693715594332417851e+01 4.304738249029411890e+01
4.693715594332417851e+01 4.142088865337100145e+01
4.693715594332417851e+01 4.486922318435310331e+01
4.693715594332417851e+01 4.726753206388495698e+01
4.693715594332417851e+01 4.912057222623610642e+01
4.693715594332417851e+01 4.905375446669617645e+01
4.693715594332417851e+01 4.883148290808921388e+01
4.693715594332417851e+01 3.937348149789696805e+01
4.693715594332417851e+01 4.768888549335385107e+01
4.693715594332417851e+01 4.926117588275207737e+01
4.693715594332417851e+01 4.486592621798336467e+01
4.693715594332417851e+01 5.100993992977678460e+01
4.693715594332417851e+01 4.883801222835378297e+01
4.693715594332417851e+01 4.795519896630258216e+01
4.693715594332417851e+01 5.172175713766256422e+01
4.693715594332417851e+01 5.116777785626840114e+01
4.693715594332417851e+01 4.994880274809041509e+01
4.693715594332417851e+01 4.157892825009195548e+01
4.693715594332417851e+01 3.955110921539260005e+01
4.693715594332417851e+01 4.857719384574866694e+01
4.693715594332417851e+01 4.349502227018668066e+01
4.693715594332417851e+01 4.894979037248419473e+01
4.693715594332417851e+01 5.097746223648123021e+01
4.693715594332417851e+01 4.773258731207175742e+01
4.693715594332417851e+01 4.923558221379906996e+01
4.693715594332417851e+01 4.864311281382751417e+01
4.693715594332417851e+01 4.702719473977353459e+01
4.693715594332417851e+01 4.207784676709224669e+01
4.693715594332417851e+01 4.674384295477074147e+01
4.693715594332417851e+01 5.010870651548654564e+01
4.693715594332417851e+01 5.021764475335863409e+01
4.693715594332417851e+01 4.294426223981031399e+01
4.693715594332417851e+01 4.607607522152356694e+01
4.693715594332417851e+01 4.498979261322224943e+01
4.693715594332417851e+01 4.486693499337316382e+01
4.693715594332417851e+01 3.985043168579532846e+01
4.693715594332417851e+01 4.564489688711415738e+01
4.693715594332417851e+01 4.541956536605017192e+01
4.693715594332417851e+01 4.900691138271760394e+01
4.693715594332417851e+01 4.948473710776473666e+01
4.693715594332417851e+01 4.470230207076095752e+01
4.693715594332417851e+01 4.563839304582360512e+01
4.693715594332417851e+01 5.204268329156358419e+01
4.693715594332417851e+01 4.954568530248894120e+01
4.693715594332417851e+01 4.618277331002781239e+01
4.693715594332417851e+01 4.677907915994271093e+01
4.693715594332417851e+01 4.157885832302456919e+01
4.693715594332417851e+01 4.727619890570412053e+01
4.693715594332417851e+01 5.075836687767260003e+01
4.693715594332417851e+01 4.265609141706953977e+01
4.693715594332417851e+01 4.762930499296553677e+01
4.693715594332417851e+01 4.621962177156977702e+01
4.693715594332417851e+01 4.343838711188735857e+01
4.693715594332417851e+01 4.453968813290452999e+01
4.693715594332417851e+01 4.709029705167436930e+01
4.693715594332417851e+01 4.951806152968852359e+01
4.693715594332417851e+01 4.778377625330919187e+01
4.693715594332417851e+01 4.148829465935616412e+01
4.693715594332417851e+01 4.323709868811400980e+01
4.693715594332417851e+01 4.916059799871550950e+01
4.693715594332417851e+01 4.201198839108883476e+01
4.693715594332417851e+01 5.212250524255683359e+01
4.693715594332417851e+01 4.436672911928462071e+01
4.693715594332417851e+01 4.278851210224951274e+01
4.693715594332417851e+01 4.405432852002732602e+01
4.693715594332417851e+01 4.328547933302808559e+01
4.693715594332417851e+01 4.171354996999388476e+01
4.693715594332417851e+01 4.577278794930091266e+01
4.693715594332417851e+01 4.996421420113910017e+01
4.693715594332417851e+01 4.692094165224725089e+01
4.693715594332417851e+01 4.501287978117230182e+01
4.693715594332417851e+01 4.488892875480762967e+01
4.693715594332417851e+01 5.003463832479062745e+01
4.693715594332417851e+01 4.898528549746824012e+01
4.693715594332417851e+01 4.743723896250396876e+01
4.693715594332417851e+01 4.668256573965925327e+01
4.693715594332417851e+01 4.541162234965799627e+01
4.693715594332417851e+01 4.478647174218060911e+01
4.693715594332417851e+01 4.544053931166691029e+01
4.693715594332417851e+01 4.661825432833184379e+01
4.693715594332417851e+01 5.058422811561439403e+01
4.693715594332417851e+01 4.154031584813466793e+01
4.693715594332417851e+01 4.425629585477771144e+01
4.693715594332417851e+01 4.337901068493290779e+01
4.693715594332417851e+01 5.052752576732193290e+01
4.693715594332417851e+01 4.321867602968432465e+01
4.693715594332417851e+01 4.338705351770631324e+01
4.693715594332417851e+01 4.743790599308503175e+01
4.693715594332417851e+01 4.683032167501584553e+01
4.693715594332417851e+01 4.581318352580117192e+01
4.693715594332417851e+01 4.306603568821566341e+01
4.693715594332417851e+01 4.936785837913663499e+01
4.693715594332417851e+01 4.751205590216648744e+01
4.693715594332417851e+01 4.244221295439433561e+01
4.693715594332417851e+01 4.710806514171505199e+01
4.693715594332417851e+01 4.182702900822194181e+01
4.693715594332417851e+01 4.456546449833441415e+01
4.693715594332417851e+01 5.257143504195523320e+01
4.693715594332417851e+01 4.862862063984120198e+01
4.693715594332417851e+01 4.579334757207521989e+01
4.693715594332417851e+01 5.108720280160277127e+01
4.693715594332417851e+01 4.530732935844013554e+01
4.693715594332417851e+01 4.924195783330986842e+01
4.693715594332417851e+01 4.497268117979898250e+01
4.693715594332417851e+01 4.719611654931082256e+01
4.693715594332417851e+01 4.517523665887341622e+01
4.693715594332417851e+01 4.796466842688402465e+01
4.693715594332417851e+01 4.589720411599402894e+01
4.693715594332417851e+01 4.208884787482543288e+01
4.693715594332417851e+01 4.391062234554696175e+01
4.693715594332417851e+01 4.411758038289680428e+01
4.693715594332417851e+01 4.627171092244147843e+01
4.693715594332417851e+01 4.382827404013782768e+01
4.693715594332417851e+01 4.604114081663665559e+01
4.693715594332417851e+01 4.351697757487036000e+01
4.693715594332417851e+01 5.305727635155668764e+01
4.693715594332417851e+01 4.947773379785635939e+01
4.693715594332417851e+01 4.026117738318577466e+01
4.693715594332417851e+01 4.847765493620736521e+01
4.693715594332417851e+01 4.517125657719287091e+01
4.693715594332417851e+01 4.388789121036258933e+01
4.693715594332417851e+01 4.687767588391858453e+01
4.693715594332417851e+01 4.767645589194854949e+01
4.693715594332417851e+01 4.197348576962454558e+01
4.693715594332417851e+01 4.538649845913602121e+01
4.693715594332417851e+01 4.423308583153622209e+01
4.693715594332417851e+01 4.730791556087643812e+01
4.693715594332417851e+01 4.741818573990575914e+01
4.693715594332417851e+01 5.011735209554586845e+01
4.693715594332417851e+01 4.065683013138675506e+01
4.693715594332417851e+01 4.254386560695273545e+01
4.693715594332417851e+01 4.454822996185343698e+01
4.693715594332417851e+01 4.660872679883438963e+01
4.693715594332417851e+01 4.779985888606636024e+01
4.693715594332417851e+01 5.219235889030959896e+01
4.693715594332417851e+01 4.098345639187736822e+01
4.693715594332417851e+01 5.315137880435435136e+01
4.693715594332417851e+01 5.123531839436098778e+01
4.693715594332417851e+01 4.644544008141091496e+01
4.693715594332417851e+01 4.590622903790558240e+01
4.693715594332417851e+01 4.524477695156065238e+01
4.693715594332417851e+01 4.694459579059127208e+01
4.693715594332417851e+01 4.698329640105492899e+01
4.693715594332417851e+01 4.333485111671495105e+01
4.693715594332417851e+01 4.414913689782121509e+01
4.693715594332417851e+01 4.502352858426954896e+01
4.693715594332417851e+01 4.371176957850898503e+01
4.693715594332417851e+01 4.806116617701040639e+01
4.693715594332417851e+01 4.233242920226041406e+01
4.693715594332417851e+01 4.584043707725481909e+01
4.693715594332417851e+01 4.788065966294012554e+01
4.693715594332417851e+01 4.728473539936315007e+01
4.693715594332417851e+01 4.864840518700007266e+01
4.693715594332417851e+01 4.592890943691342898e+01
4.693715594332417851e+01 5.138268885533364738e+01
4.693715594332417851e+01 4.679672726092084645e+01
4.693715594332417851e+01 4.910724210164622860e+01
4.693715594332417851e+01 5.013947717895915446e+01
4.693715594332417851e+01 4.606673937646780104e+01
4.693715594332417851e+01 4.294639925733080332e+01
4.693715594332417851e+01 4.303761657725986822e+01
4.693715594332417851e+01 4.511210535343862205e+01
4.693715594332417851e+01 5.192116459222547320e+01
4.693715594332417851e+01 4.621940753940544511e+01
4.693715594332417851e+01 4.512173560095646252e+01
4.693715594332417851e+01 5.043274400624737552e+01
4.693715594332417851e+01 4.319512899680027118e+01
4.693715594332417851e+01 5.038718210915643425e+01
4.693715594332417851e+01 4.598664278785006587e+01
4.693715594332417851e+01 4.476491780247384611e+01
4.693715594332417851e+01 4.503505909640847449e+01
4.693715594332417851e+01 4.396555888588664374e+01
4.693715594332417851e+01 4.136545260726683182e+01
4.693715594332417851e+01 4.454994821538111438e+01
4.693715594332417851e+01 4.171770646001499472e+01
4.693715594332417851e+01 5.046453206373740841e+01
4.693715594332417851e+01 4.363679078557061075e+01
4.693715594332417851e+01 4.559683736383281882e+01
4.693715594332417851e+01 4.960383175141959811e+01
4.693715594332417851e+01 4.751724025771950721e+01
4.693715594332417851e+01 5.069914816075277031e+01
4.693715594332417851e+01 4.004233944933381650e+01
4.693715594332417851e+01 4.555265663568396661e+01
4.693715594332417851e+01 4.621232654268875706e+01
4.693715594332417851e+01 4.253087868598729671e+01
4.693715594332417851e+01 4.646852699578586510e+01
4.693715594332417851e+01 4.404861554186351214e+01
4.693715594332417851e+01 4.474302422264426582e+01
4.693715594332417851e+01 4.253183197277422778e+01
4.693715594332417851e+01 4.496232923081725374e+01
4.693715594332417851e+01 5.102923434659361845e+01
4.693715594332417851e+01 4.715055581255003148e+01
4.693715594332417851e+01 4.162557931712886017e+01
4.693715594332417851e+01 6.048240036712878975e+01
4.693715594332417851e+01 4.501532904088112730e+01
4.693715594332417851e+01 4.966637485405890118e+01
4.693715594332417851e+01 5.056802057549881368e+01
4.693715594332417851e+01 4.283250312853382269e+01
4.693715594332417851e+01 4.536543829611191114e+01
4.693715594332417851e+01 4.184456565110068738e+01
4.693715594332417851e+01 4.296821097559803349e+01
4.693715594332417851e+01 4.671681690574821033e+01
4.693715594332417851e+01 5.149897230713875729e+01
4.693715594332417851e+01 4.650247186875641603e+01
4.693715594332417851e+01 4.497088277021509128e+01
4.693715594332417851e+01 4.892436744743110211e+01
4.693715594332417851e+01 4.807330899133483371e+01
4.693715594332417851e+01 4.187018141015521877e+01
4.693715594332417851e+01 4.639064256976469380e+01
4.693715594332417851e+01 4.086212430763882963e+01
4.693715594332417851e+01 4.567162520317305052e+01
4.693715594332417851e+01 4.369888324284187320e+01
4.693715594332417851e+01 4.871427569495451593e+01
4.693715594332417851e+01 4.380219500335839200e+01
4.693715594332417851e+01 5.089374189906183688e+01
4.693715594332417851e+01 4.983011696611725938e+01
4.693715594332417851e+01 5.263353329414447757e+01
4.693715594332417851e+01 4.387155716692033280e+01
4.693715594332417851e+01 4.908655023139230877e+01
4.693715594332417851e+01 4.719556748734467533e+01
4.693715594332417851e+01 4.655559126495557365e+01
4.693715594332417851e+01 4.732907222694613836e+01
4.693715594332417851e+01 5.062749015795315444e+01
4.693715594332417851e+01 4.428056024566190985e+01
4.693715594332417851e+01 5.015811960378868406e+01
4.693715594332417851e+01 4.473945666064921767e+01
4.693715594332417851e+01 4.924158735903696993e+01
4.693715594332417851e+01 4.551262400784718665e+01
4.693715594332417851e+01 4.707545619096753597e+01
4.693715594332417851e+01 4.963222824297147184e+01
4.693715594332417851e+01 3.851603026533989294e+01
4.693715594332417851e+01 4.593235807537445226e+01
4.693715594332417851e+01 4.685694376165531594e+01
4.693715594332417851e+01 3.999625291992350640e+01
4.693715594332417851e+01 4.730934623176842280e+01
4.693715594332417851e+01 4.476628704045260321e+01
4.693715594332417851e+01 4.427253835030550277e+01
4.693715594332417851e+01 4.914764853375651654e+01
4.693715594332417851e+01 5.299597316604522490e+01
4.693715594332417851e+01 4.216654530537211798e+01
4.693715594332417851e+01 4.771998519356512958e+01
