4.693715594332417851e+01 4.114975001339513483e+01
4.693715594332417851e+01 4.384727246557637415e+01
4.693715594332417851e+01 4.210637510638481729e+01
4.693715594332417851e+01 4.561024289796344533e+01
4.693715594332417851e+01 4.597680349844668513e+01
4.693715594332417851e+01 5.009025078226612493e+01
4.693715594332417851e+01 4.311570703207409139e+01
4.693715594332417851e+01 4.645943947221613968e+01
4.693715594332417851e+01 4.411875408426936929e+01
4.693715594332417851e+01 4.831279256872680605e+01
4.693715594332417851e+01 4.804732830534442201e+01
4.693715594332417851e+01 4.958124952763619575e+01
4.693715594332417851e+01 5.007097012272009806e+01
4.693715594332417851e+01 4.459166622723972750e+01
4.693715594332417851e+01 4.880182627623941727e+01
4.693715594332417851e+01 4.811278758774233921e+01
4.693715594332417851e+01 4.972793650246904917e+01
4.693715594332417851e+01 4.300527028960355125e+01
4.693715594332417851e+01 5.183597729238884000e+01
4.693715594332417851e+01 4.576764194400386287e+01
4.693715594332417851e+01 4.843039445169917911e+01
4.693715594332417851e+01 5.226293817040817657e+01
4.693715594332417851e+01 4.616361894075385663e+01
4.693715594332417851e+01 4.579534178311948267e+01
4.693715594332417851e+01 5.193244637461965141e+01
4.693715594332417851e+01 5.237443054488313265e+01
4.693715594332417851e+01 4.218706507055411237e+01
4.693715594332417851e+01 4.432426582601235054e+01
4.693715594332417851e+01 4.688799471368564298e+01
4.693715594332417851e+01 4.361150684816087875e+01
4.693715594332417851e+01 5.952201357556577221e+01
4.693715594332417851e+01 4.957906178760901383e+01
4.693715594332417851e+01 5.224616129612183357e+01
4.693715594332417851e+01 4.869228668806707105e+01
4.693715594332417851e+01 3.978052606005315539e+01
4.693715594332417851e+01 4.958006308410205065e+01
4.693715594332417851e+01 4.529271248394798732e+01
4.693715594332417851e+01 4.259918596733586327e+01
4.693715594332417851e+01 4.433495942066363682e+01
4.693715594332417851e+01 4.939105330747358380e+01
4.693715594332417851e+01 4.477764136253844640e+01
4.693715594332417851e+01 4.559714224955570927e+01
4.693715594332417851e+01 4.575183717820899432e+01
4.693715594332417851e+01 5.286678524702941218e+01
4.693715594332417851e+01 4.390045247886597224e+01
4.693715594332417851e+01 4.354354366910408913e+01
4.693715594332417851e+01 4.616301602915330449e+01
4.693715594332417851e+01 5.208932939654494731e+01
4.693715594332417851e+01 4.259402278407436171e+01
4.693715594332417851e+01 4.418315508969882899e+01
4.693715594332417851e+01 4.446735498138335885e+01
4.693715594332417851e+01 4.672565720604191597e+01
4.693715594332417851e+01 4.350120326000897109e+01
4.693715594332417851e+01 4.249374073658662354e+01
4.693715594332417851e+01 4.661063196004761267e+01
4.693715594332417851e+01 4.725466260468174085e+01
4.693715594332417851e+01 4.371175623569062196e+01
4.693715594332417851e+01 4.708856496376891698e+01
4.693715594332417851e+01 4.403983958456734626e+01
4.693715594332417851e+01 4.435112330762159161e+01
4.693715594332417851e+01 4.584147042376330461e+01
4.693715594332417851e+01 4.598114322864547887e+01
4.693715594332417851e+01 4.772474560111135133e+01
4.693715594332417851e+01 4.507754596244095069e+01
4.693715594332417851e+01 5.095824019946613248e+01
4.693715594332417851e+01 4.503872441931594750e+01
4.693715594332417851e+01 4.411902866338632379e+01
4.693715594332417851e+01 5.260425416402421206e+01
4.693715594332417851e+01 4.854508465766664926e+01
4.693715594332417851e+01 4.407551524930253350e+01
4.693715594332417851e+01 4.142833148438555213e+01
4.693715594332417851e+01 4.854433639511690046e+01
4.693715594332417851e+01 5.038799401906248931e+01
4.693715594332417851e+01 4.562121014260615226e+01
4.693715594332417851e+01 4.732695398627017624e+01
4.693715594332417851e+01 4.186478041228077984e+01
4.693715594332417851e+01 4.665963897085658374e+01
4.693715594332417851e+01 4.983274752484757641e+01
4.693715594332417851e+01 4.485777781127940500e+01
4.693715594332417851e+01 4.478545070599068367e+01
4.693715594332417851e+01 5.160940647119824831e+01
4.693715594332417851e+01 4.220180667425843524e+01
4.693715594332417851e+01 4.579369022037887049e+01
4.693715594332417851e+01 4.111555821344535389e+01
4.693715594332417851e+01 3.621119940110284574e+01
4.693715594332417851e+01 4.583691573529041108e+01
4.693715594332417851e+01 4.762903697301538841e+01
4.693715594332417851e+01 4.623484339951524191e+01
4.693715594332417851e+01 5.501632425886500499e+01
4.693715594332417851e+01 4.830413647894918228e+01
4.693715594332417851e+01 4.759770141124425180e+01
4.693715594332417851e+01 5.056140695117093742e+01
4.693715594332417851e+01 4.219212252206205704e+01
4.693715594332417851e+01 4.548984080716493139e+01
4.693715594332417851e+01 4.965770749169782050e+01
4.693715594332417851e+01 4.469058197088710926e+01
4.693715594332417851e+01 4.370783951148926150e+01
4.693715594332417851e+01 4.157637837248389445e+01
4.693715594332417851e+01 3.794262075476817131e+01
4.693715594332417851e+01 4.779770443199857510e+01
4.693715594332417851e+01 4.328310612020506198e+01
4.693715594332417851e+01 4.499693347072912530e+01
4.693715594332417851e+01 4.511115891574772974e+01
4.693715594332417851e+01 4.052797893006563612e+01
4.693715594332417851e+01 4.370942616777097811e+01
4.693715594332417851e+01 4.028086302522441997e+01
4.693715594332417851e+01 4.452456163153098601e+01
4.693715594332417851e+01 4.681340553064977428e+01
4.693715594332417851e+01 4.245451282414317973e+01
4.693715594332417851e+01 4.683012923901901559e+01
4.693715594332417851e+01 4.887974579589793933e+01
4.693715594332417851e+01 4.525676564457828022e+01
4.693715594332417851e+01 4.791784873868834183e+01
4.693715594332417851e+01 4.897428914690588186e+01
4.693715594332417851e+01 4.945836379788852355e+01
4.693715594332417851e+01 4.981450003901038315e+01
4.693715594332417851e+01 4.274622111886384346e+01
4.693715594332417851e+01 4.602696410362672452e+01
4.693715594332417851e+01 4.546294532611359784e+01
4.693715594332417851e+01 4.718534402136297956e+01
4.693715594332417851e+01 4.793426898172452866e+01
4.693715594332417851e+01 4.841828580587908704e+01
4.693715594332417851e+01 4.576712675352553106e+01
4.693715594332417851e+01 4.824275967053448966e+01
4.693715594332417851e+01 4.398865318739611752e+01
4.693715594332417851e+01 4.278182012211718899e+01
4.693715594332417851e+01 4.519502764886549784e+01
4.693715594332417851e+01 4.191280290907565842e+01
4.693715594332417851e+01 4.668720722546662927e+01
4.693715594332417851e+01 4.832153566170341463e+01
4.693715594332417851e+01 4.640437320330345727e+01
4.693715594332417851e+01 4.486092384439563574e+01
4.693715594332417851e+01 4.630325646502609516e+01
4.693715594332417851e+01 5.117744513398608319e+01
4.693715594332417851e+01 5.030537045476321367e+01
4.693715594332417851e+01 4.632689846354761443e+01
4.693715594332417851e+01 4.577762845182027718e+01
4.693715594332417851e+01 4.897496728635354657e+01
4.693715594332417851e+01 4.326970646906192997e+01
4.693715594332417851e+01 5.044907975639156206e+01
4.693715594332417851e+01 4.252531967259503887e+01
4.693715594332417851e+01 5.311947335936630310e+01
4.693715594332417851e+01 4.677485600465258386e+01
4.693715594332417851e+01 4.219894154234367534e+01
4.693715594332417851e+01 4.650328706551254498e+01
4.693715594332417851e+01 4.582055893396141499e+01
4.693715594332417851e+01 4.606036069043823744e+01
4.693715594332417851e+01 4.775016367505448756e+01
4.693715594332417851e+01 4.403735834590523268e+01
4.693715594332417851e+01 5.018453670373042996e+01
4.693715594332417851e+01 4.874796270691830102e+01
4.693715594332417851e+01 4.539348563465554776e+01
4.693715594332417851e+01 4.497695072105177871e+01
4.693715594332417851e+01 4.979916146408817212e+01
4.693715594332417851e+01 4.336995700314511737e+01
4.693715594332417851e+01 5.034969347928365835e+01
4.693715594332417851e+01 4.334966621653516228e+01
4.693715594332417851e+01 5.150663172739006512e+01
4.693715594332417851e+01 4.554511711892909887e+01
4.693715594332417851e+01 4.915541037468276642e+01
4.693715594332417851e+01 5.687846136677646314e+01
4.693715594332417851e+01 4.945296689066340434e+01
4.693715594332417851e+01 4.274989240884704600e+01
4.693715594332417851e+01 4.866527743984894272e+01
4.693715594332417851e+01 5.223065652648008239e+01
4.693715594332417851e+01 4.493653218321053799e+01
4.693715594332417851e+01 4.753841573192190140e+01
4.693715594332417851e+01 4.424512604584450770e+01
4.693715594332417851e+01 4.721764146779918292e+01
4.693715594332417851e+01 4.444436268801445777e+01
4.693715594332417851e+01 4.668170716003356802e+01
4.693715594332417851e+01 4.467786840881123567e+01
4.693715594332417851e+01 4.475292954688892877e+01
4.693715594332417851e+01 4.500451996393240961e+01
4.693715594332417851e+01 3.769169171738059987e+01
4.693715594332417851e+01 4.496211553234227409e+01
4.693715594332417851e+01 4.989022937554676673e+01
4.693715594332417851e+01 4.272091786057261942e+01
4.693715594332417851e+01 4.585788196835908792e+01
4.693715594332417851e+01 4.492080680769826984e+01
4.693715594332417851e+01 4.927284101122495485e+01
4.693715594332417851e+01 4.502160570660090855e+01
4.693715594332417851e+01 4.357707265481800363e+01
4.693715594332417851e+01 4.092013724680440845e+01
4.693715594332417851e+01 4.888630878952206871e+01
4.693715594332417851e+01 4.729054843320321311e+01
4.693715594332417851e+01 5.260328435997607954e+01
4.693715594332417851e+01 4.790578426378409915e+01
4.693715594332417851e+01 4.886863423476982859e+01
4.693715594332417851e+01 4.755641606979714453e+01
4.693715594332417851e+01 4.357424877011478515e+01
4.693715594332417851e+01 4.738189908923703797e+01
4.693715594332417851e+01 4.586135253430042269e+01
4.693715594332417851e+01 4.906800839676325410e+01
4.693715594332417851e+01 4.766135439971115773e+01
4.693715594332417851e+01 4.273524042945396673e+01
4.693715594332417851e+01 4.669030291874199179e+01
4.693715594332417851e+01 3.830180763026619672e+01
4.693715594332417851e+01 5.208638693946876685e+01
4.693715594332417851e+01 4.310157900612782100e+01
4.693715594332417851e+01 4.769357758974008732e+01
4.693715594332417851e+01 4.582578533431701828e+01
4.693715594332417851e+01 4.944118264724614420e+01
4.693715594332417851e+01 4.618060113984720516e+01
4.693715594332417851e+01 4.372606050683786094e+01
4.693715594332417851e+01 4.371956528945190001e+01
4.693715594332417851e+01 4.433436053654209275e+01
4.693715594332417851e+01 4.150918056554117896e+01
4.693715594332417851e+01 4.817702629736008646e+01
4.693715594332417851e+01 4.801034721058262278e+01
4.693715594332417851e+01 4.026986017375705984e+01
4.693715594332417851e+01 4.545139307225620939e+01
4.693715594332417851e+01 4.984890098252051871e+01
4.693715594332417851e+01 4.316139306216867766e+01
4.693715594332417851e+01 4.688605109484016253e+01
4.693715594332417851e+01 4.389018525637343515e+01
4.693715594332417851e+01 4.419292150941424069e+01
4.693715594332417851e+01 4.071077073108071431e+01
4.693715594332417851e+01 5.232118041196869740e+01
4.693715594332417851e+01 4.493916394131178293e+01
4.693715594332417851e+01 4.628234237848914745e+01
4.693715594332417851e+01 5.054117087587442114e+01
4.693715594332417851e+01 4.533651958460607290e+01
4.693715594332417851e+01 4.836592386566914570e+01
4.693715594332417851e+01 4.427575620370114962e+01
4.693715594332417851e+01 4.833600280700063934e+01
4.693715594332417851e+01 4.571611891832927199e+01
4.693715594332417851e+01 4.634488135034050060e+01
4.693715594332417851e+01 4.498153672633952027e+01
4.693715594332417851e+01 4.276149815227730500e+01
4.693715594332417851e+01 4.575259615410509184e+01
4.693715594332417851e+01 4.875376818233450393e+01
4.693715594332417851e+01 4.964782297912834963e+01
4.693715594332417851e+01 5.290956787756847035e+01
4.693715594332417851e+01 4.818177962787324020e+01
4.693715594332417851e+01 4.185180309161975742e+01
4.693715594332417851e+01 4.891824346031225446e+01
4.693715594332417851e+01 4.606085154662462600e+01
4.693715594332417851e+01 4.933093697637258401e+01
4.693715594332417851e+01 5.101886241554686308e+01
4.693715594332417851e+01 4.260850786268866841e+01
4.693715594332417851e+01 4.979495000627201762e+01
4.693715594332417851e+01 4.144819215189711059e+01
4.693715594332417851e+01 4.520950232630669774e+01
4.693715594332417851e+01 4.718973859790389724e+01
4.693715594332417851e+01 4.201011530101543201e+01
4.693715594332417851e+01 4.973390785118523638e+01
4.693715594332417851e+01 4.653897872035906147e+01
4.693715594332417851e+01 4.382538585501814055e+01
4.693715594332417851e+01 4.455423101810022501e+01
4.693715594332417851e+01 4.601859506374055542e+01
4.693715594332417851e+01 4.687251208468072150e+01
4.693715594332417851e+01 4.473591330907671448e+01
4.693715594332417851e+01 4.499098466282937636e+01
4.693715594332417851e+01 4.431687474484238720e+01
4.693715594332417851e+01 4.323752974938351201e+01
4.693715594332417851e+01 4.116035745053969208e+01
4.693715594332417851e+01 4.827586867231423895e+01
4.693715594332417851e+01 4.694386698216991505e+01
4.693715594332417851e+01 4.476447232364160556e+01
4.693715594332417851e+01 4.362365289114814004e+01
4.693715594332417851e+01 5.523318285415005846e+01
4.693715594332417851e+01 4.334887143655961950e+01
4.693715594332417851e+01 4.227814598599969997e+01
4.693715594332417851e+01 4.619304667174093737e+01
4.693715594332417851e+01 4.417771258348363972e+01
4.693715594332417851e+01 4.210831859368168040e+01
4.693715594332417851e+01 5.077583918850028510e+01
4.693715594332417851e+01 5.063541102222251311e+01
4.693715594332417851e+01 4.393163941000070594e+01
4.693715594332417851e+01 4.837182179337219878e+01
4.693715594332417851e+01 4.875238760825348550e+01
4.693715594332417851e+01 4.242252946257282531e+01
4.693715594332417851e+01 5.033090537167117162e+01
4.693715594332417851e+01 4.650390167685668530e+01
4.693715594332417851e+01 4.916818294599452344e+01
4.693715594332417851e+01 4.511147337790892919e+01
4.693715594332417851e+01 4.172391025383718954e+01
4.693715594332417851e+01 5.128207862458810951e+01
4.693715594332417851e+01 4.206889753349652494e+01
4.693715594332417851e+01 4.827270354356597437e+01
4.693715594332417851e+01 4.708168876528483793e+01
4.693715594332417851e+01 4.708604704986497325e+01
4.693715594332417851e+01 4.469161568872205947e+01
4.693715594332417851e+01 4.721064743432066990e+01
4.693715594332417851e+01 4.669287105555845585e+01
4.693715594332417851e+01 4.716279964085205734e+01
4.693715594332417851e+01 5.055319277500223762e+01
4.693715594332417851e+01 4.449782358269719396e+01
4.693715594332417851e+01 4.383764557610660972e+01
4.693715594332417851e+01 5.082815801015875934e+01
4.693715594332417851e+01 4.711166206565539483e+01
4.693715594332417851e+01 5.197780983021194601e+01
4.693715594332417851e+01 5.382843175920142897e+01
4.693715594332417851e+01 4.558915242878921248e+01
4.693715594332417851e+01 4.074072906767074898e+01
4.693715594332417851e+01 4.924045855216995449e+01
4.693715594332417851e+01 4.437403356636901464e+01
4.693715594332417851e+01 4.719073932258471160e+01
4.693715594332417851e+01 4.665076226985583929e+01
4.693715594332417851e+01 4.537479789759748172e+01
4.693715594332417851e+01 5.198804526067144849e+01
4.693715594332417851e+01 4.452497630773227399e+01
4.693715594332417851e+01 4.318297824330464607e+01
4.693715594332417851e+01 4.811659720384209749e+01
4.693715594332417851e+01 4.818434101122187485e+01
4.693715594332417851e+01 4.864063732212700586e+01
4.693715594332417851e+01 4.392124316318040655e+01
4.693715594332417851e+01 4.800428338501005499e+01
4.693715594332417851e+01 4.834698873213078230e+01
4.693715594332417851e+01 4.262482293348472240e+01
4.693715594332417851e+01 4.780313403489832069e+01
4.693715594332417851e+01 4.611019961061315797e+01
4.693715594332417851e+01 4.556689255082585532e+01
4.693715594332417851e+01 4.530175259846670599e+01
4.693715594332417851e+01 5.056752963657184097e+01
4.693715594332417851e+01 5.055976398220088441e+01
4.693715594332417851e+01 4.267178666124954134e+01
4.693715594332417851e+01 4.313054055809126908e+01
4.693715594332417851e+01 4.437597542658252081e+01
4.693715594332417851e+01 4.607485634571231259e+01
4.693715594332417851e+01 4.891009052163371251e+01
4.693715594332417851e+01 4.277080533775377091e+01
4.693715594332417851e+01 3.830335321718189334e+01
4.693715594332417851e+01 4.260464327609854962e+01
4.693715594332417851e+01 4.816844125499706308e+01
4.693715594332417851e+01 4.062140218503810729e+01
4.693715594332417851e+01 4.379625003242523462e+01
4.693715594332417851e+01 4.436441979357515208e+01
4.693715594332417851e+01 4.743301910537888233e+01
4.693715594332417851e+01 4.484740278813507075e+01
4.693715594332417851e+01 4.152177208801895603e+01
4.693715594332417851e+01 4.475535852737642273e+01
4.693715594332417851e+01 4.867102262541217783e+01
4.693715594332417851e+01 4.398080609483652381e+01
4.693715594332417851e+01 4.923927701103644949e+01
4.693715594332417851e+01 4.937976026994947176e+01
4.693715594332417851e+01 4.822675771092961838e+01
4.693715594332417851e+01 5.126991495956515621e+01
4.693715594332417851e+01 4.836724938019628439e+01
4.693715594332417851e+01 4.669567518843562226e+01
4.693715594332417851e+01 4.892709235422179859e+01
4.693715594332417851e+01 4.954752684512755678e+01
4.693715594332417851e+01 4.560166653815555549e+01
4.693715594332417851e+01 4.882122522469961723e+01
4.693715594332417851e+01 4.592164177508428224e+01
4.693715594332417851e+01 4.766306195619014829e+01
4.693715594332417851e+01 4.437646984596422328e+01
4.693715594332417851e+01 4.781344812394105759e+01
4.693715594332417851e+01 3.985865214280275381e+01
4.693715594332417851e+01 5.098461973178832807e+01
4.693715594332417851e+01 4.763594243599295908e+01
4.693715594332417851e+01 4.204555323313736892e+01
4.693715594332417851e+01 5.318628725546642499e+01
4.693715594332417851e+01 5.431658323698567870e+01
4.693715594332417851e+01 4.437238568562636942e+01
4.693715594332417851e+01 4.163025889316560324e+01
4.693715594332417851e+01 4.139168682020275014e+01
4.693715594332417851e+01 4.489770669988332230e+01
4.693715594332417851e+01 4.883510457125163384e+01
4.693715594332417851e+01 4.725294555583643330e+01
4.693715594332417851e+01 4.461388159397908026e+01
4.693715594332417851e+01 4.081944047038687984e+01
4.693715594332417851e+01 4.998351310373929834e+01
4.693715594332417851e+01 4.792910795662931633e+01
4.693715594332417851e+01 4.490602676460327558e+01
4.693715594332417851e+01 5.187565571409397336e+01
4.693715594332417851e+01 5.289279795287706065e+01
4.693715594332417851e+01 4.739335900254118172e+01
4.693715594332417851e+01 4.631367704494954296e+01
4.693715594332417851e+01 4.692741544082496574e+01
4.693715594332417851e+01 4.528065900876276828e+01
4.693715594332417851e+01 5.237017318659216869e+01
4.693715594332417851e+01 4.180534449490961180e+01
4.693715594332417851e+01 5.039167904763115047e+01
4.693715594332417851e+01 5.127715332389794156e+01
4.693715594332417851e+01 4.618015797020713364e+01
4.693715594332417851e+01 3.814591377540939732e+01
4.693715594332417851e+01 5.218529132266229453e+01
4.693715594332417851e+01 4.527701766694838170e+01
4.693715594332417851e+01 4.333368989214896061e+01
4.693715594332417851e+01 4.631900406464471587e+01
4.693715594332417851e+01 4.738421523428960569e+01
4.693715594332417851e+01 4.673899610099891788e+01
4.693715594332417851e+01 3.769538806183454227e+01
4.693715594332417851e+01 5.418566745176543975e+01
4.693715594332417851e+01 4.978662451797069366e+01
4.693715594332417851e+01 4.842866238775403787e+01
4.693715594332417851e+01 4.273349500103701359e+01
4.693715594332417851e+01 4.650951083867411739e+01
4.693715594332417851e+01 3.846442745087326642e+01
4.693715594332417851e+01 4.496177883345471571e+01
4.693715594332417851e+01 4.326354313011842123e+01
4.693715594332417851e+01 4.646652846577441665e+01
4.693715594332417851e+01 4.407958979812744360e+01
4.693715594332417851e+01 4.364423537024515554e+01
4.693715594332417851e+01 4.818990629157690364e+01
4.693715594332417851e+01 4.701367541825587182e+01
4.693715594332417851e+01 4.686845013517933012e+01
4.693715594332417851e+01 4.854279017746284808e+01
4.693715594332417851e+01 4.370391799488210438e+01
4.693715594332417851e+01 4.145023477858934768e+01
4.693715594332417851e+01 4.855896209038908751e+01
4.693715594332417851e+01 4.746652651367860187e+01
4.693715594332417851e+01 4.214711630658776897e+01
4.693715594332417851e+01 4.079676306224003923e+01
4.693715594332417851e+01 4.230613849057830578e+01
4.693715594332417851e+01 5.120761847214609475e+01
4.693715594332417851e+01 4.645443196118802831e+01
4.693715594332417851e+01 4.660238101399078658e+01
4.693715594332417851e+01 4.521761114788225200e+01
4.693715594332417851e+01 5.824703631204842225e+01
4.693715594332417851e+01 4.880497670648885844e+01
4.693715594332417851e+01 5.525582242969843350e+01
4.693715594332417851e+01 4.715607519463975450e+01
4.693715594332417851e+01 4.253426883874411857e+01
4.693715594332417851e+01 4.379059802556185588e+01
4.693715594332417851e+01 4.767600658455093310e+01
4.693715594332417851e+01 4.913204568329510380e+01
4.693715594332417851e+01 4.779518214322229852e+01
4.693715594332417851e+01 4.853543018273759913e+01
4.693715594332417851e+01 4.729369914997788982e+01
4.693715594332417851e+01 4.890078272160229744e+01
4.693715594332417851e+01 5.277928210697321276e+01
4.693715594332417851e+01 3.935387324363676242e+01
4.693715594332417851e+01 5.307890556498004742e+01
4.693715594332417851e+01 5.320246590462710401e+01
4.693715594332417851e+01 4.434862882494443426e+01
4.693715594332417851e+01 4.788206631302161043e+01
4.693715594332417851e+01 5.366944157119629466e+01
4.693715594332417851e+01 4.167433791886227823e+01
4.693715594332417851e+01 5.159318208960269914e+01
4.693715594332417851e+01 4.947941202603141164e+01
4.693715594332417851e+01 4.683442552844083906e+01
4.693715594332417851e+01 5.393953820248307096e+01
4.693715594332417851e+01 4.757990586987109083e+01
4.693715594332417851e+01 4.403451668988739698e+01
4.693715594332417851e+01 3.991997878834757785e+01
4.693715594332417851e+01 5.164254800899278308e+01
4.693715594332417851e+01 4.508735954317361205e+01
4.693715594332417851e+01 4.343613580787776129e+01
4.693715594332417851e+01 5.034650949031702538e+01
4.693715594332417851e+01 5.386534630484980823e+01
4.693715594332417851e+01 4.522187633052867994e+01
4.693715594332417851e+01 4.238380493301889373e+01
4.693715594332417851e+01 4.658867091645916503e+01
4.693715594332417851e+01 4.967916990299067947e+01
4.693715594332417851e+01 5.031624471354905381e+01
4.693715594332417851e+01 4.475965099903770295e+01
4.693715594332417851e+01 4.364414841846753745e+01
4.693715594332417851e+01 4.443852908690475090e+01
4.693715594332417851e+01 4.960828763643819173e+01
4.693715594332417851e+01 4.666318826531246344e+01
4.693715594332417851e+01 4.455010944394536665e+01
4.693715594332417851e+01 4.515276856207697875e+01
4.693715594332417851e+01 4.669433748936984330e+01
4.693715594332417851e+01 5.220615398574569355e+01
4.693715594332417851e+01 4.526175996075205177e+01
4.693715594332417851e+01 4.531002815233478032e+01
4.693715594332417851e+01 4.384286353230886846e+01
4.693715594332417851e+01 4.803253292305133471e+01
4.693715594332417851e+01 4.593500585896533295e+01
4.693715594332417851e+01 4.360670437532484556e+01
4.693715594332417851e+01 4.541723570292563039e+01
4.693715594332417851e+01 4.639149028454507828e+01
4.693715594332417851e+01 4.894546791393263874e+01
4.693715594332417851e+01 4.835431278426273138e+01
4.693715594332417851e+01 4.266032250919774071e+01
4.693715594332417851e+01 4.387906571148565149e+01
4.693715594332417851e+01 4.725297771770073751e+01
4.693715594332417851e+01 4.589707767106221326e+01
4.693715594332417851e+01 5.178141532232202593e+01
4.693715594332417851e+01 5.107485167872481213e+01
4.693715594332417851e+01 5.418689905130584350e+01
4.693715594332417851e+01 4.733246851581048986e+01
4.693715594332417851e+01 4.094818485356080373e+01
4.693715594332417851e+01 3.883338071733652441e+01
4.693715594332417851e+01 4.920205418705450029e+01
4.693715594332417851e+01 5.134151373816658293e+01
4.693715594332417851e+01 4.419720008828432611e+01
4.693715594332417851e+01 4.696909163229674533e+01
4.693715594332417851e+01 4.351036257983283662e+01
4.693715594332417851e+01 4.858190302127663074e+01
4.693715594332417851e+01 4.427566772164949782e+01
4.693715594332417851e+01 5.174302115841663863e+01
4.693715594332417851e+01 4.604865926689863187e+01
4.693715594332417851e+01 5.152972212641947891e+01
4.693715594332417851e+01 4.880764595448180643e+01
4.693715594332417851e+01 4.446890942834316007e+01
4.693715594332417851e+01 4.994973033377254268e+01
4.693715594332417851e+01 4.894767917557415871e+01
4.693715594332417851e+01 4.858073668634857967e+01
4.693715594332417851e+01 4.157871192098095037e+01
4.693715594332417851e+01 4.303148489419171341e+01
4.693715594332417851e+01 5.502283577747083143e+01
4.693715594332417851e+01 4.819975286100842737e+01
4.693715594332417851e+01 4.318436916613212873e+01
4.693715594332417851e+01 4.889860503884521137e+01
4.693715594332417851e+01 4.426505169353075786e+01
4.693715594332417851e+01 5.560349541549685881e+01
4.693715594332417851e+01 4.266935921663551312e+01
4.693715594332417851e+01 4.659215751244004622e+01
4.693715594332417851e+01 4.494383623675337702e+01
4.693715594332417851e+01 4.192167096903190782e+01
4.693715594332417851e+01 4.466772197575823355e+01
4.693715594332417851e+01 4.739789289426563101e+01
4.693715594332417851e+01 4.886288622900939771e+01
4.693715594332417851e+01 4.759296893162555619e+01
4.693715594332417851e+01 4.142700623646474156e+01
4.693715594332417851e+01 4.891236514101507282e+01
4.693715594332417851e+01 4.442432411296562833e+01
4.693715594332417851e+01 4.610418055753201827e+01
4.693715594332417851e+01 4.711925871160978119e+01
4.693715594332417851e+01 4.505217445005897048e+01
4.693715594332417851e+01 4.759154885199373552e+01
4.693715594332417851e+01 4.805520774025965380e+01
4.693715594332417851e+01 4.570910059094985201e+01
4.693715594332417851e+01 4.588604136822058166e+01
4.693715594332417851e+01 4.415628873281056599e+01
4.693715594332417851e+01 4.228068072738525274e+01
4.693715594332417851e+01 4.554180713042266859e+01
4.693715594332417851e+01 4.817807613970963132e+01
4.693715594332417851e+01 5.145089619546366322e+01
4.693715594332417851e+01 4.415786199962795422e+01
4.693715594332417851e+01 4.714260018012247855e+01
4.693715594332417851e+01 4.854148744338717592e+01
4.693715594332417851e+01 4.688709917541120831e+01
4.693715594332417851e+01 4.262511330998686532e+01
4.693715594332417851e+01 4.493312379188456163e+01
4.693715594332417851e+01 4.752821455336128764e+01
4.693715594332417851e+01 4.675759117407342558e+01
4.693715594332417851e+01 4.821835093221487512e+01
4.693715594332417851e+01 4.560587196432980761e+01
4.693715594332417851e+01 4.858928110156444546e+01
4.693715594332417851e+01 4.251251832979213674e+01
4.693715594332417851e+01 4.808317819480745214e+01
4.693715594332417851e+01 5.054601417309652334e+01
4.693715594332417851e+01 4.491806360159164768e+01
4.693715594332417851e+01 4.938678896831213194e+01
4.693715594332417851e+01 4.289322697321102140e+01
4.693715594332417851e+01 5.071109660301220856e+01
4.693715594332417851e+01 4.904167959273199529e+01
4.693715594332417851e+01 3.837743970752637779e+01
4.693715594332417851e+01 4.966490556497734588e+01
4.693715594332417851e+01 4.674944184779690914e+01
4.693715594332417851e+01 4.770411100902612134e+01
4.693715594332417851e+01 4.814536600688933277e+01
4.693715594332417851e+01 4.565003091000539115e+01
4.693715594332417851e+01 4.772087465984501620e+01
4.693715594332417851e+01 4.906198444475172948e+01
4.693715594332417851e+01 4.398043790472557646e+01
4.693715594332417851e+01 4.630433957854484106e+01
4.693715594332417851e+01 4.601350034448920923e+01
4.693715594332417851e+01 4.785704854926121499e+01
4.693715594332417851e+01 4.650267174275687410e+01
4.693715594332417851e+01 5.039994974218925705e+01
4.693715594332417851e+01 4.663594404926006831e+01
4.693715594332417851e+01 4.390781292112195899e+01
4.693715594332417851e+01 4.444033732729735675e+01
4.693715594332417851e+01 5.203270051308451372e+01
4.693715594332417851e+01 4.573220678629798641e+01
4.693715594332417851e+01 5.116141629420787496e+01
4.693715594332417851e+01 4.192182193849907890e+01
4.693715594332417851e+01 4.596527471279927113e+01
4.693715594332417851e+01 4.841767327906315899e+01
4.693715594332417851e+01 4.468719993635181709e+01
4.693715594332417851e+01 4.443740643710400207e+01
4.693715594332417851e+01 4.779244228828873275e+01
4.693715594332417851e+01 4.260694522909135173e+01
4.693715594332417851e+01 4.269921389912003207e+01
4.693715594332417851e+01 4.786795522996974483e+01
4.693715594332417851e+01 5.031935670070821942e+01
4.693715594332417851e+01 4.556723823214116464e+01
4.693715594332417851e+01 5.155125380671989177e+01
4.693715594332417851e+01 4.857620901714309980e+01
4.693715594332417851e+01 4.732260250540169011e+01
4.693715594332417851e+01 4.241211785141136659e+01
4.693715594332417851e+01 4.415809864029921528e+01
4.693715594332417851e+01 4.732063448744789014e+01
4.693715594332417851e+01 4.647326817663311260e+01
4.693715594332417851e+01 4.497813070454272122e+01
4.693715594332417851e+01 4.825353536616287187e+01
4.693715594332417851e+01 4.526567047497380258e+01
4.693715594332417851e+01 4.162485151803577565e+01
4.693715594332417851e+01 4.692921599363264562e+01
4.693715594332417851e+01 4.727236587539766077e+01
4.693715594332417851e+01 4.715276350980963116e+01
4.693715594332417851e+01 4.715675409050640354e+01
4.693715594332417851e+01 4.517019627687540151e+01
4.693715594332417851e+01 4.956814882057525296e+01
4.693715594332417851e+01 4.274918887439130089e+01
4.693715594332417851e+01 4.601541572937986757e+01
4.693715594332417851e+01 4.648832934016129315e+01
4.693715594332417851e+01 4.444311090745356552e+01
4.693715594332417851e+01 4.626063797430172286e+01
4.693715594332417851e+01 4.078753435643835701e+01
4.693715594332417851e+01 4.631724636676485574e+01
4.693715594332417851e+01 3.850818837904836300e+01
4.693715594332417851e+01 4.371392698689325584e+01
4.693715594332417851e+01 4.562836411970011596e+01
4.693715594332417851e+01 5.521397492949753882e+01
4.693715594332417851e+01 4.346285110050281730e+01
4.693715594332417851e+01 5.055441966277754773e+01
4.693715594332417851e+01 4.740997788137826774e+01
4.693715594332417851e+01 4.654411176274036421e+01
4.693715594332417851e+01 4.212242262502618217e+01
4.693715594332417851e+01 4.976152651830858531e+01
4.693715594332417851e+01 4.450530486340223035e+01
4.693715594332417851e+01 4.645979685687119343e+01
4.693715594332417851e+01 4.376308658580299493e+01
4.693715594332417851e+01 4.765023916749642297e+01
4.693715594332417851e+01 4.494584438615987665e+01
4.693715594332417851e+01 4.225324219721065333e+01
4.693715594332417851e+01 4.467295454972180124e+01
4.693715594332417851e+01 4.451906447196522265e+01
4.693715594332417851e+01 4.762446280093521267e+01
4.693715594332417851e+01 4.437165519894181642e+01
4.693715594332417851e+01 5.286313803423082192e+01
4.693715594332417851e+01 4.456269137200191466e+01
4.693715594332417851e+01 4.776433651654467383e+01
4.693715594332417851e+01 4.227878016447357368e+01
4.693715594332417851e+01 4.013565212967723994e+01
4.693715594332417851e+01 4.940317111969523722e+01
4.693715594332417851e+01 4.541017940803217812e+01
4.693715594332417851e+01 4.851944014123372995e+01
4.693715594332417851e+01 5.222871912517167914e+01
4.693715594332417851e+01 4.808243178525584938e+01
4.693715594332417851e+01 4.927831946355880177e+01
4.693715594332417851e+01 4.458677826222503882e+01
4.693715594332417851e+01 4.547551730945314574e+01
4.693715594332417851e+01 4.499644636200693526e+01
4.693715594332417851e+01 4.778713490369243289e+01
4.693715594332417851e+01 4.942369730982755271e+01
4.693715594332417851e+01 4.416229372446035484e+01
4.693715594332417851e+01 5.482744853533043283e+01
4.693715594332417851e+01 3.983977713197592863e+01
4.693715594332417851e+01 5.086226135736874454e+01
4.693715594332417851e+01 4.176560979144993979e+01
4.693715594332417851e+01 4.892089173874177277e+01
4.693715594332417851e+01 4.278345942655211331e+01
4.693715594332417851e+01 5.183876680911883739e+01
4.693715594332417851e+01 4.185474389107906035e+01
4.693715594332417851e+01 5.438636662020061863e+01
4.693715594332417851e+01 4.452886713321849754e+01
4.693715594332417851e+01 5.137029779457287759e+01
4.693715594332417851e+01 5.100355475705843133e+01
4.693715594332417851e+01 4.632238145768437221e+01
4.693715594332417851e+01 4.892887523406291450e+01
4.693715594332417851e+01 4.889396007117618126e+01
4.693715594332417851e+01 5.454378351427340732e+01
4.693715594332417851e+01 4.423761653811740757e+01
4.693715594332417851e+01 4.409897975168734519e+01
4.693715594332417851e+01 4.573825668150787038e+01
4.693715594332417851e+01 4.152428644804352587e+01
4.693715594332417851e+01 4.766181616946583688e+01
4.693715594332417851e+01 4.903256562014532705e+01
4.693715594332417851e+01 4.671221137720240080e+01
4.693715594332417851e+01 4.762726714460041677e+01
4.693715594332417851e+01 4.730396499681063460e+01
4.693715594332417851e+01 4.719764966330242828e+01
4.693715594332417851e+01 4.704916121200954393e+01
4.693715594332417851e+01 4.790754040413049353e+01
4.693715594332417851e+01 4.175541215764230429e+01
4.693715594332417851e+01 5.156865755466289869e+01
4.693715594332417851e+01 4.463023939836685372e+01
4.693715594332417851e+01 4.929058451872860758e+01
4.693715594332417851e+01 4.519270162383456579e+01
4.693715594332417851e+01 4.788495220992716384e+01
4.693715594332417851e+01 4.651288294913779708e+01
4.693715594332417851e+01 3.898179266032269652e+01
4.693715594332417851e+01 4.806940268128215621e+01
4.693715594332417851e+01 4.467812245718420172e+01
4.693715594332417851e+01 4.633500270840899304e+01
4.693715594332417851e+01 4.763685335881788774e+01
4.693715594332417851e+01 4.982096761638665328e+01
4.693715594332417851e+01 4.351339715270456310e+01
4.693715594332417851e+01 4.627601991431686201e+01
4.693715594332417851e+01 4.764224801676868992e+01
4.693715594332417851e+01 4.631313058463853594e+01
4.693715594332417851e+01 4.326622980868348378e+01
4.693715594332417851e+01 4.000783990294006998e+01
4.693715594332417851e+01 4.475383769083043717e+01
4.693715594332417851e+01 4.363951706260117192e+01
4.693715594332417851e+01 4.120379752267530193e+01
4.693715594332417851e+01 4.695379367990531705e+01
4.693715594332417851e+01 4.351288283367988186e+01
4.693715594332417851e+01 4.758216562241437231e+01
4.693715594332417851e+01 4.818844533877363290e+01
4.693715594332417851e+01 5.627480834780194385e+01
4.693715594332417851e+01 4.461642053882189174e+01
4.693715594332417851e+01 4.556908375533134858e+01
4.693715594332417851e+01 5.492394746242369763e+01
4.693715594332417851e+01 4.322855189275730226e+01
4.693715594332417851e+01 4.296800815933258377e+01
4.693715594332417851e+01 4.662408395098911740e+01
4.693715594332417851e+01 4.773741739527731198e+01
4.693715594332417851e+01 4.687353728143318676e+01
4.693715594332417851e+01 4.455587699316635053e+01
4.693715594332417851e+01 4.862494990858932198e+01
4.693715594332417851e+01 5.211039449512760058e+01
4.693715594332417851e+01 4.311259281772201035e+01
4.693715594332417851e+01 4.137705010717746035e+01
4.693715594332417851e+01 4.060767528042075014e+01
4.693715594332417851e+01 4.381460925877833290e+01
4.693715594332417851e+01 4.195675007364156528e+01
4.693715594332417851e+01 4.759309440856927864e+01
4.693715594332417851e+01 4.733370581970621771e+01
4.693715594332417851e+01 4.653409675037752180e+01
4.693715594332417851e+01 4.599084276985642816e+01
4.693715594332417851e+01 5.212142016553555379e+01
4.693715594332417851e+01 4.196694457855997484e+01
4.693715594332417851e+01 4.518246900095146401e+01
4.693715594332417851e+01 3.789721943144974148e+01
4.693715594332417851e+01 4.966847415961378687e+01
4.693715594332417851e+01 4.429017979961157181e+01
4.693715594332417851e+01 4.611259819353331579e+01
4.693715594332417851e+01 4.386265831539693494e+01
4.693715594332417851e+01 4.611717055987237046e+01
4.693715594332417851e+01 4.320085993589350437e+01
4.693715594332417851e+01 4.790099608333395054e+01
4.693715594332417851e+01 4.610416547072127003e+01
4.693715594332417851e+01 4.317590540513469932e+01
4.693715594332417851e+01 4.557966991142175317e+01
4.693715594332417851e+01 4.866308690075840104e+01
4.693715594332417851e+01 4.591374407429608340e+01
4.693715594332417851e+01 4.705518325531605228e+01
4.693715594332417851e+01 5.010404947183784685e+01
4.693715594332417851e+01 5.437105581157116774e+01
4.693715594332417851e+01 4.559536366725598810e+01
4.693715594332417851e+01 4.396942022200367717e+01
4.693715594332417851e+01 4.636155018508554093e+01
4.693715594332417851e+01 4.782008594617316533e+01
4.693715594332417851e+01 4.642992021639627609e+01
4.693715594332417851e+01 4.302071602220689073e+01
4.693715594332417851e+01 4.303793555774517898e+01
4.693715594332417851e+01 4.955279850600960145e+01
4.693715594332417851e+01 4.594955443732459344e+01
4.693715594332417851e+01 4.592723727655250343e+01
4.693715594332417851e+01 5.010942616340049938e+01
4.693715594332417851e+01 4.749602774360929658e+01
4.693715594332417851e+01 4.511964415676933982e+01
4.693715594332417851e+01 5.196894687630164356e+01
4.693715594332417851e+01 4.701108655527703917e+01
4.693715594332417851e+01 4.303413365364448850e+01
4.693715594332417851e+01 4.783925995275532728e+01
4.693715594332417851e+01 4.897183006573226294e+01
4.693715594332417851e+01 4.728140226887164488e+01
4.693715594332417851e+01 4.103593502978382901e+01
4.693715594332417851e+01 4.078524958039797355e+01
4.693715594332417851e+01 4.912436755580968395e+01
4.693715594332417851e+01 4.173205513497445196e+01
4.693715594332417851e+01 4.376379486633867799e+01
4.693715594332417851e+01 4.708845306245558504e+01
4.693715594332417851e+01 4.545066417561664451e+01
4.693715594332417851e+01 4.784856923109833815e+01
4.693715594332417851e+01 4.431626518260465275e+01
4.693715594332417851e+01 4.424667683638172377e+01
4.693715594332417851e+01 4.251773476648441630e+01
4.693715594332417851e+01 4.487532810756797375e+01
4.693715594332417851e+01 4.227574271482710344e+01
4.693715594332417851e+01 4.679717450348213248e+01
4.693715594332417851e+01 4.366232879154378566e+01
4.693715594332417851e+01 3.959936827883398536e+01
4.693715594332417851e+01 4.700453134845721337e+01
4.693715594332417851e+01 4.311290659236944833e+01
4.693715594332417851e+01 4.276317955421977501e+01
4.693715594332417851e+01 4.376670479365721178e+01
4.693715594332417851e+01 4.661996072503733757e+01
4.693715594332417851e+01 4.051481792457860109e+01
4.693715594332417851e+01 4.961004404341022678e+01
4.693715594332417851e+01 5.208081221404210481e+01
4.693715594332417851e+01 4.270833434275833440e+01
4.693715594332417851e+01 3.947230038886743131e+01
4.693715594332417851e+01 4.494984435456422744e+01
4.693715594332417851e+01 4.541539480011272190e+01
4.693715594332417851e+01 4.569182579237244823e+01
4.693715594332417851e+01 4.860849946403217814e+01
4.693715594332417851e+01 4.043637839497950637e+01
4.693715594332417851e+01 4.609139794493553666e+01
4.693715594332417851e+01 4.458534714682691913e+01
4.693715594332417851e+01 4.432593397635457677e+01
4.693715594332417851e+01 4.829771576449011405e+01
4.693715594332417851e+01 4.586561804000347564e+01
4.693715594332417851e+01 3.775831457962169679e+01
4.693715594332417851e+01 4.435482040950369509e+01
4.693715594332417851e+01 4.553457378854129445e+01
4.693715594332417851e+01 4.279488737079833527e+01
4.693715594332417851e+01 4.658347317941515797e+01
4.693715594332417851e+01 5.559111208862038467e+01
4.693715594332417851e+01 4.132119857983171585e+01
4.693715594332417851e+01 4.196540565567828907e+01
4.693715594332417851e+01 4.976105632536791745e+01
4.693715594332417851e+01 4.426943413090253898e+01
4.693715594332417851e+01 4.686508871936761977e+01
4.693715594332417851e+01 4.722473574291569776e+01
4.693715594332417851e+01 3.988693705407128220e+01
4.693715594332417851e+01 4.234346839815918884e+01
4.693715594332417851e+01 4.529208180343425028e+01
4.693715594332417851e+01 4.141266274173727169e+01
4.693715594332417851e+01 4.311335302151175597e+01
4.693715594332417851e+01 4.550266202080177180e+01
4.693715594332417851e+01 4.730735707849390081e+01
4.693715594332417851e+01 4.225308566786964093e+01
4.693715594332417851e+01 4.419051099946662475e+01
4.693715594332417851e+01 5.185108554766134148e+01
4.693715594332417851e+01 5.010496140386565855e+01
4.693715594332417851e+01 4.995246827685489421e+01
4.693715594332417851e+01 4.719123151667546523e+01
4.693715594332417851e+01 4.785169234096738933e+01
4.693715594332417851e+01 4.806415252430905127e+01
4.693715594332417851e+01 4.141083275555324406e+01
4.693715594332417851e+01 4.252272694019365673e+01
4.693715594332417851e+01 5.136720589641208079e+01
4.693715594332417851e+01 4.131913119814048230e+01
4.693715594332417851e+01 4.360336642412283936e+01
4.693715594332417851e+01 4.261931463172627588e+01
4.693715594332417851e+01 4.585970275080820358e+01
4.693715594332417851e+01 4.355262142726863317e+01
4.693715594332417851e+01 4.404336457446532904e+01
4.693715594332417851e+01 3.841216305495101579e+01
4.693715594332417851e+01 4.442655168291440759e+01
4.693715594332417851e+01 4.296925928570791342e+01
4.693715594332417851e+01 4.575064592657506779e+01
4.693715594332417851e+01 4.359177865832751309e+01
4.693715594332417851e+01 4.648387634493109033e+01
4.693715594332417851e+01 4.455983417791597390e+01
4.693715594332417851e+01 4.634969424586346776e+01
4.693715594332417851e+01 4.685195198191086519e+01
4.693715594332417851e+01 4.409700275304235362e+01
4.693715594332417851e+01 4.593936693426481099e+01
4.693715594332417851e+01 4.434233690722041388e+01
4.693715594332417851e+01 4.779497564815177668e+01
4.693715594332417851e+01 4.596764240209911634e+01
4.693715594332417851e+01 4.920392821301825848e+01
4.693715594332417851e+01 4.248947061814273241e+01
4.693715594332417851e+01 4.698992871030113605e+01
4.693715594332417851e+01 4.683323507543234854e+01
4.693715594332417851e+01 4.410852964500439555e+01
4.693715594332417851e+01 4.723274608460921797e+01
4.693715594332417851e+01 4.642577438755547092e+01
4.693715594332417851e+01 4.544787781305461749e+01
4.693715594332417851e+01 4.951910987529246455e+01
4.693715594332417851e+01 4.248040600716180393e+01
4.693715594332417851e+01 4.747250545445437808e+01
4.693715594332417851e+01 4.484471432991449547e+01
4.693715594332417851e+01 4.316185168600998878e+01
4.693715594332417851e+01 4.796540352080624103e+01
4.693715594332417851e+01 4.417474720285222389e+01
4.693715594332417851e+01 4.812748683394508475e+01
4.693715594332417851e+01 4.418223473598760620e+01
4.693715594332417851e+01 4.415679660395229433e+01
4.693715594332417851e+01 4.360125350551203383e+01
4.693715594332417851e+01 4.542351194380110968e+01
4.693715594332417851e+01 4.857282520019654726e+01
4.693715594332417851e+01 4.563364593033586658e+01
4.693715594332417851e+01 4.178314557729532908e+01
4.693715594332417851e+01 4.627138279707962454e+01
4.693715594332417851e+01 5.087240885318507821e+01
4.693715594332417851e+01 4.491942336317836038e+01
4.693715594332417851e+01 4.657371392286950140e+01
4.693715594332417851e+01 4.604753267829909902e+01
4.693715594332417851e+01 4.484871476217898589e+01
4.693715594332417851e+01 4.632448178439250341e+01
4.693715594332417851e+01 4.634810131335000705e+01
4.693715594332417851e+01 4.715744235555763453e+01
4.693715594332417851e+01 4.995963637282408598e+01
4.693715594332417851e+01 4.683940243837938056e+01
4.693715594332417851e+01 5.251633177272034203e+01
4.693715594332417851e+01 4.160622383662757784e+01
4.693715594332417851e+01 3.964444115769911292e+01
4.693715594332417851e+01 4.178274507118692327e+01
4.693715594332417851e+01 4.290349732486838263e+01
4.693715594332417851e+01 4.624325409567360623e+01
4.693715594332417851e+01 4.625398862886617479e+01
4.693715594332417851e+01 5.397855821010753630e+01
4.693715594332417851e+01 4.259171022097376635e+01
4.693715594332417851e+01 4.032411182322169907e+01
4.693715594332417851e+01 4.465981939294990610e+01
4.693715594332417851e+01 4.859778845923041501e+01
4.693715594332417851e+01 4.100283343548376536e+01
4.693715594332417851e+01 4.449140564488705962e+01
4.693715594332417851e+01 4.508427027573663537e+01
4.693715594332417851e+01 4.663314555016687279e+01
4.693715594332417851e+01 4.878003395319994695e+01
4.693715594332417851e+01 4.368824336375890738e+01
4.693715594332417851e+01 4.520802923529876693e+01
4.693715594332417851e+01 5.065875938474579954e+01
4.693715594332417851e+01 5.178749776779251590e+01
4.693715594332417851e+01 4.778584063128234760e+01
4.693715594332417851e+01 4.422045398627817292e+01
4.693715594332417851e+01 4.803990423784212993e+01
4.693715594332417851e+01 4.743427268034142230e+01
4.693715594332417851e+01 4.890971196917708852e+01
4.693715594332417851e+01 4.625850036755560524e+01
4.693715594332417851e+01 4.697276163766781565e+01
4.693715594332417851e+01 4.584683415830227915e+01
4.693715594332417851e+01 4.017846559296782516e+01
4.693715594332417851e+01 4.185127821331786890e+01
4.693715594332417851e+01 4.918543465518933289e+01
4.693715594332417851e+01 4.742962004780518726e+01
4.693715594332417851e+01 4.507459832365833563e+01
4.693715594332417851e+01 4.846287824613574458e+01
4.693715594332417851e+01 4.832475098391431345e+01
4.693715594332417851e+01 4.524041068538151222e+01
4.693715594332417851e+01 4.722780866775990916e+01
4.693715594332417851e+01 4.451400012446180909e+01
4.693715594332417851e+01 4.271042553602647729e+01
4.693715594332417851e+01 4.058701587143605849e+01
4.693715594332417851e+01 4.640413665219887207e+01
4.693715594332417851e+01 4.386148423715577849e+01
4.693715594332417851e+01 4.701153985056611617e+01
4.693715594332417851e+01 4.684783704280150829e+01
4.693715594332417851e+01 4.617687804047699274e+01
4.693715594332417851e+01 5.073119469185994745e+01
4.693715594332417851e+01 5.131181062089532929e+01
4.693715594332417851e+01 5.242576991186341218e+01
4.693715594332417851e+01 4.444557556674183729e+01
4.693715594332417851e+01 4.309595585774520998e+01
4.693715594332417851e+01 4.336180923415722077e+01
4.693715594332417851e+01 4.311806013029291762e+01
4.693715594332417851e+01 4.524331412281084397e+01
4.693715594332417851e+01 4.966910531309829935e+01
4.693715594332417851e+01 4.090668357877765260e+01
4.693715594332417851e+01 4.867056725843204390e+01
4.693715594332417851e+01 5.314588960626497283e+01
4.693715594332417851e+01 4.491570659050443481e+01
4.693715594332417851e+01 4.322839597871804784e+01
4.693715594332417851e+01 4.326867810307061291e+01
4.693715594332417851e+01 4.588607997687383744e+01
4.693715594332417851e+01 4.535322423615515675e+01
4.693715594332417851e+01 5.363287497736293830e+01
4.693715594332417851e+01 4.174221141377079647e+01
4.693715594332417851e+01 4.877632340176120351e+01
4.693715594332417851e+01 4.197751604537472048e+01
4.693715594332417851e+01 4.043916859871489322e+01
4.693715594332417851e+01 5.120406868956732893e+01
4.693715594332417851e+01 4.746019861941653062e+01
4.693715594332417851e+01 4.675186837222017999e+01
4.693715594332417851e+01 5.173671264347896681e+01
4.693715594332417851e+01 5.443445059549508613e+01
4.693715594332417851e+01 5.454358703178589707e+01
4.693715594332417851e+01 4.852358079514014833e+01
4.693715594332417851e+01 4.929018315705960873e+01
4.693715594332417851e+01 4.442039858034741684e+01
4.693715594332417851e+01 4.753365924875841841e+01
4.693715594332417851e+01 4.617954364161816727e+01
4.693715594332417851e+01 4.016938229223048751e+01
4.693715594332417851e+01 4.649152821532643998e+01
4.693715594332417851e+01 4.496982513070503984e+01
4.693715594332417851e+01 4.369600678623902468e+01
4.693715594332417851e+01 4.414888447585980202e+01
4.693715594332417851e+01 4.515140277175381556e+01
4.693715594332417851e+01 4.979058997465610048e+01
4.693715594332417851e+01 4.554334350694193034e+01
4.693715594332417851e+01 4.737050905089793673e+01
4.693715594332417851e+01 4.972202357036957920e+01
4.693715594332417851e+01 5.488293864875098649e+01
4.693715594332417851e+01 4.166500895839854479e+01
4.693715594332417851e+01 4.501541761712992695e+01
4.693715594332417851e+01 4.894582893660591338e+01
4.693715594332417851e+01 4.198901525364848197e+01
4.693715594332417851e+01 4.677669991629022661e+01
4.693715594332417851e+01 4.331591580412428044e+01
4.693715594332417851e+01 4.629898434295438392e+01
4.693715594332417851e+01 4.659430629044599925e+01
4.693715594332417851e+01 4.317462839477155256e+01
4.693715594332417851e+01 4.538032865190363196e+01
4.693715594332417851e+01 4.431686705160656459e+01
4.693715594332417851e+01 4.728836910704121976e+01
4.693715594332417851e+01 5.155239616372747946e+01
4.693715594332417851e+01 4.102481080685453918e+01
4.693715594332417851e+01 4.629634920675647436e+01
4.693715594332417851e+01 4.560243182673214335e+01
4.693715594332417851e+01 4.279057061981305310e+01
4.693715594332417851e+01 4.466181351169224456e+01
4.693715594332417851e+01 4.917497012618240859e+01
4.693715594332417851e+01 4.583114066498279016e+01
4.693715594332417851e+01 5.056387491179000193e+01
4.693715594332417851e+01 4.732559834625143935e+01
4.693715594332417851e+01 4.156800824640992431e+01
4.693715594332417851e+01 4.027426502369584682e+01
4.693715594332417851e+01 4.361745148779525749e+01
4.693715594332417851e+01 4.261427551124793212e+01
4.693715594332417851e+01 4.556846000414398645e+01
4.693715594332417851e+01 4.369220320203756103e+01
4.693715594332417851e+01 4.732012646582390403e+01
4.693715594332417851e+01 4.422216338637799282e+01
4.693715594332417851e+01 4.568945445432745345e+01
4.693715594332417851e+01 4.279303178207833014e+01
4.693715594332417851e+01 4.942791271483399385e+01
4.693715594332417851e+01 4.420683641286833421e+01
4.693715594332417851e+01 4.952585209205111028e+01
4.693715594332417851e+01 4.357786908363904388e+01
4.693715594332417851e+01 4.445217756255818387e+01
4.693715594332417851e+01 4.764700859122802967e+01
4.693715594332417851e+01 5.108965296449466820e+01
4.693715594332417851e+01 4.689053590865680832e+01
4.693715594332417851e+01 4.410103528983552934e+01
4.693715594332417851e+01 4.972473385777722399e+01
4.693715594332417851e+01 5.013044641240384891e+01
