4.693715594332417851e+01 4.633219511536064061e+01
4.693715594332417851e+01 4.521679634803268044e+01
4.693715594332417851e+01 4.059293541350022139e+01
4.693715594332417851e+01 5.209216312811192751e+01
4.693715594332417851e+01 4.154869819942077669e+01
4.693715594332417851e+01 4.957354005999734881e+01
4.693715594332417851e+01 4.923239623791834418e+01
4.693715594332417851e+01 5.277130161404688380e+01
4.693715594332417851e+01 4.979384380324673032e+01
4.693715594332417851e+01 4.572846663900033803e+01
4.693715594332417851e+01 4.527763600641996788e+01
4.693715594332417851e+01 4.349587502181270082e+01
4.693715594332417851e+01 4.363726206602296287e+01
4.693715594332417851e+01 5.066614633142341972e+01
4.693715594332417851e+01 5.131689202806722250e+01
4.693715594332417851e+01 4.618392145490277301e+01
4.693715594332417851e+01 4.944445736790282808e+01
4.693715594332417851e+01 4.907209386264633366e+01
4.693715594332417851e+01 4.264109714578479782e+01
4.693715594332417851e+01 4.171884290875784984e+01
4.693715594332417851e+01 4.783393492035458650e+01
4.693715594332417851e+01 4.768864026976463322e+01
4.693715594332417851e+01 4.928808683754142805e+01
4.693715594332417851e+01 4.799833802912961289e+01
4.693715594332417851e+01 5.007115348153151047e+01
4.693715594332417851e+01 4.748182354147695605e+01
4.693715594332417851e+01 4.885124053581245107e+01
4.693715594332417851e+01 4.401709213025987566e+01
4.693715594332417851e+01 4.574287174133946365e+01
4.693715594332417851e+01 4.628828991264975912e+01
4.693715594332417851e+01 4.697360854249613027e+01
4.693715594332417851e+01 4.589675035147712379e+01
4.693715594332417851e+01 4.904607768357097086e+01
4.693715594332417851e+01 4.287977947695696201e+01
4.693715594332417851e+01 4.290733275091403698e+01
4.693715594332417851e+01 4.445234907315946771e+01
4.693715594332417851e+01 5.248771343033286740e+01
4.693715594332417851e+01 4.254432296285810366e+01
4.693715594332417851e+01 4.682133009307960947e+01
4.693715594332417851e+01 4.675486690138221491e+01
4.693715594332417851e+01 4.533777063594342138e+01
4.693715594332417851e+01 5.253355114351717958e+01
4.693715594332417851e+01 4.836071454810215897e+01
4.693715594332417851e+01 4.567236148861989875e+01
4.693715594332417851e+01 4.298005087869832153e+01
4.693715594332417851e+01 4.138653065901177541e+01
4.693715594332417851e+01 4.339576773747484140e+01
4.693715594332417851e+01 5.525277193886351768e+01
4.693715594332417851e+01 4.606308624296717369e+01
4.693715594332417851e+01 4.594314835720769707e+01
4.693715594332417851e+01 4.752977069275312516e+01
4.693715594332417851e+01 4.536108121866107012e+01
4.693715594332417851e+01 4.912828803261422195e+01
4.693715594332417851e+01 4.419386283173718510e+01
4.693715594332417851e+01 4.413504621773260084e+01
4.693715594332417851e+01 4.865923650641456533e+01
4.693715594332417851e+01 4.407871412918831311e+01
4.693715594332417851e+01 4.174525738330691382e+01
4.693715594332417851e+01 4.930786101680718048e+01
4.693715594332417851e+01 4.541082448185494513e+01
4.693715594332417851e+01 4.210405924693791491e+01
4.693715594332417851e+01 4.061117642005324058e+01
4.693715594332417851e+01 4.833952620083791629e+01
4.693715594332417851e+01 4.745098738806898808e+01
4.693715594332417851e+01 4.846791762352474819e+01
4.693715594332417851e+01 3.947744652784238184e+01
4.693715594332417851e+01 4.250911994329327115e+01
4.693715594332417851e+01 4.218357671442203838e+01
4.693715594332417851e+01 4.696856105182781960e+01
4.693715594332417851e+01 4.124121285111051094e+01
4.693715594332417851e+01 4.648592607558184397e+01
4.693715594332417851e+01 4.309789710583483924e+01
4.693715594332417851e+01 4.606935303947711446e+01
4.693715594332417851e+01 4.723414820300557437e+01
4.693715594332417851e+01 4.392638136434993612e+01
4.693715594332417851e+01 4.370540439463641036e+01
4.693715594332417851e+01 4.699931056296192367e+01
4.693715594332417851e+01 4.442350118856612795e+01
4.693715594332417851e+01 4.805292848226169156e+01
4.693715594332417851e+01 4.845239570978905874e+01
4.693715594332417851e+01 4.908815048733325881e+01
4.693715594332417851e+01 4.671412710543957303e+01
4.693715594332417851e+01 4.865488849177917530e+01
4.693715594332417851e+01 4.683088263627512049e+01
4.693715594332417851e+01 4.880514983994207512e+01
4.693715594332417851e+01 4.279514845247781096e+01
4.693715594332417851e+01 4.868989908696839564e+01
4.693715594332417851e+01 4.481911233468832734e+01
4.693715594332417851e+01 4.555427304725648696e+01
4.693715594332417851e+01 4.686151659457998164e+01
4.693715594332417851e+01 4.656022759116765286e+01
4.693715594332417851e+01 5.289295818545365080e+01
4.693715594332417851e+01 4.030930348105493977e+01
4.693715594332417851e+01 5.106242120474898627e+01
4.693715594332417851e+01 4.237548682205687101e+01
4.693715594332417851e+01 4.619355360702803637e+01
4.693715594332417851e+01 4.629526395303845732e+01
4.693715594332417851e+01 3.810455042865106634e+01
4.693715594332417851e+01 4.518958554870608424e+01
4.693715594332417851e+01 4.454353062389698437e+01
4.693715594332417851e+01 4.918706355793509744e+01
4.693715594332417851e+01 4.713623830055723118e+01
4.693715594332417851e+01 4.284745798573498377e+01
4.693715594332417851e+01 4.340019581070354349e+01
4.693715594332417851e+01 4.474151741592203280e+01
4.693715594332417851e+01 4.460640518455078052e+01
4.693715594332417851e+01 4.336744817243992856e+01
4.693715594332417851e+01 4.454840380267341970e+01
4.693715594332417851e+01 4.364211280125465464e+01
4.693715594332417851e+01 4.258746125254020143e+01
4.693715594332417851e+01 4.342861282513347732e+01
4.693715594332417851e+01 4.940123354567207770e+01
4.693715594332417851e+01 5.170339381112572852e+01
4.693715594332417851e+01 4.717006269975532717e+01
4.693715594332417851e+01 4.449042663186595803e+01
4.693715594332417851e+01 4.871424694031613711e+01
4.693715594332417851e+01 5.159300812296585548e+01
4.693715594332417851e+01 5.056242041278825639e+01
4.693715594332417851e+01 4.818776833026173279e+01
4.693715594332417851e+01 4.975156477599568916e+01
4.693715594332417851e+01 5.018414816369946863e+01
4.693715594332417851e+01 4.965611577127577903e+01
4.693715594332417851e+01 4.807483125683601344e+01
4.693715594332417851e+01 4.689272617258040299e+01
4.693715594332417851e+01 4.364059888722939462e+01
4.693715594332417851e+01 4.617852767712960826e+01
4.693715594332417851e+01 4.476471433255672139e+01
4.693715594332417851e+01 4.874063286731063016e+01
4.693715594332417851e+01 4.460851982993380460e+01
4.693715594332417851e+01 5.026286008484223800e+01
4.693715594332417851e+01 5.006077480580590588e+01
4.693715594332417851e+01 5.091707255452338643e+01
4.693715594332417851e+01 4.535877775564414804e+01
4.693715594332417851e+01 4.652318861378216752e+01
4.693715594332417851e+01 4.647335473639041936e+01
4.693715594332417851e+01 5.243214401229873545e+01
4.693715594332417851e+01 4.650138953177048506e+01
4.693715594332417851e+01 4.587944271353892134e+01
4.693715594332417851e+01 4.611400886585129655e+01
4.693715594332417851e+01 4.361757488557319107e+01
4.693715594332417851e+01 3.945639045355699892e+01
4.693715594332417851e+01 4.755492614008065999e+01
4.693715594332417851e+01 4.770432802616814172e+01
4.693715594332417851e+01 4.474327625033145495e+01
4.693715594332417851e+01 4.146047552595295116e+01
4.693715594332417851e+01 4.565906263526297693e+01
4.693715594332417851e+01 4.092161656724172758e+01
4.693715594332417851e+01 4.175078981512858434e+01
4.693715594332417851e+01 4.633264957372248460e+01
4.693715594332417851e+01 4.890408747974796455e+01
4.693715594332417851e+01 5.112757124637411010e+01
4.693715594332417851e+01 5.148117994758077742e+01
4.693715594332417851e+01 4.805672145649434412e+01
4.693715594332417851e+01 4.949003979456696101e+01
4.693715594332417851e+01 4.513673022511198951e+01
4.693715594332417851e+01 4.475984310798706645e+01
4.693715594332417851e+01 4.527971407565358675e+01
4.693715594332417851e+01 4.384960921005004764e+01
4.693715594332417851e+01 4.253645109024143522e+01
4.693715594332417851e+01 4.529454321887197921e+01
4.693715594332417851e+01 4.086989788756409325e+01
4.693715594332417851e+01 4.261884375127057467e+01
4.693715594332417851e+01 4.281526447897789467e+01
4.693715594332417851e+01 4.377174317424986327e+01
4.693715594332417851e+01 4.613089310530691733e+01
4.693715594332417851e+01 4.831952640201692617e+01
4.693715594332417851e+01 4.325781091742332052e+01
4.693715594332417851e+01 4.713857368969141248e+01
4.693715594332417851e+01 4.853707098799012698e+01
4.693715594332417851e+01 4.835431468367563212e+01
4.693715594332417851e+01 4.607698357432929015e+01
4.693715594332417851e+01 4.968271853057299836e+01
4.693715594332417851e+01 5.657072473819280845e+01
4.693715594332417851e+01 4.155865888700245847e+01
4.693715594332417851e+01 4.219921857816072475e+01
4.693715594332417851e+01 4.827310380048563587e+01
4.693715594332417851e+01 4.509781359804468792e+01
4.693715594332417851e+01 5.010484421254454901e+01
4.693715594332417851e+01 4.514777285811393881e+01
4.693715594332417851e+01 5.339899075420414221e+01
4.693715594332417851e+01 4.524440212049383803e+01
4.693715594332417851e+01 4.643544773993106389e+01
4.693715594332417851e+01 4.809737913156070022e+01
4.693715594332417851e+01 4.569779686677723873e+01
4.693715594332417851e+01 4.178335925968706732e+01
4.693715594332417851e+01 4.463790158304917099e+01
4.693715594332417851e+01 4.562627223490517281e+01
4.693715594332417851e+01 4.514273659812150896e+01
4.693715594332417851e+01 4.656427572179972429e+01
4.693715594332417851e+01 4.392996283838488836e+01
4.693715594332417851e+01 4.370127365842454026e+01
4.693715594332417851e+01 4.961897741555795704e+01
4.693715594332417851e+01 4.510596965121139590e+01
4.693715594332417851e+01 4.989906743368538145e+01
4.693715594332417851e+01 4.716014717292028990e+01
4.693715594332417851e+01 4.980855970816350009e+01
4.693715594332417851e+01 4.529993604922850636e+01
4.693715594332417851e+01 4.501305969370924487e+01
4.693715594332417851e+01 4.861774406079366884e+01
4.693715594332417851e+01 4.600916981666951955e+01
4.693715594332417851e+01 4.414654325531166279e+01
4.693715594332417851e+01 5.066742016369634172e+01
4.693715594332417851e+01 5.114603887049377562e+01
4.693715594332417851e+01 4.694095851018535370e+01
4.693715594332417851e+01 4.635983722372868954e+01
4.693715594332417851e+01 4.305388578299686486e+01
4.693715594332417851e+01 4.861831311370106334e+01
4.693715594332417851e+01 4.966491172370108131e+01
4.693715594332417851e+01 4.325247799806658122e+01
4.693715594332417851e+01 4.861185469832754791e+01
4.693715594332417851e+01 5.328661488456909012e+01
4.693715594332417851e+01 4.866238917317067347e+01
4.693715594332417851e+01 4.564838712633157058e+01
4.693715594332417851e+01 4.648795597857629502e+01
4.693715594332417851e+01 4.238518871889446871e+01
4.693715594332417851e+01 4.015884550035917755e+01
4.693715594332417851e+01 4.561134002853822267e+01
4.693715594332417851e+01 4.602969561044035629e+01
4.693715594332417851e+01 4.525388131434976202e+01
4.693715594332417851e+01 5.059725624622356577e+01
4.693715594332417851e+01 4.445530136055415937e+01
4.693715594332417851e+01 4.425997777977657677e+01
4.693715594332417851e+01 4.232413252530808734e+01
4.693715594332417851e+01 4.329518886282191659e+01
4.693715594332417851e+01 4.290536930122378578e+01
4.693715594332417851e+01 4.375196716322815149e+01
4.693715594332417851e+01 4.431039481717532169e+01
4.693715594332417851e+01 4.441184169694025741e+01
4.693715594332417851e+01 4.779645294972183933e+01
4.693715594332417851e+01 4.503121860972841972e+01
4.693715594332417851e+01 4.591767960257570991e+01
4.693715594332417851e+01 4.655731184758773367e+01
4.693715594332417851e+01 4.734994991021027033e+01
4.693715594332417851e+01 4.859525621545638785e+01
4.693715594332417851e+01 4.655879654023626557e+01
4.693715594332417851e+01 4.861789438966698640e+01
4.693715594332417851e+01 4.773132349967402632e+01
4.693715594332417851e+01 4.433820733234142608e+01
4.693715594332417851e+01 4.595875066948735821e+01
4.693715594332417851e+01 4.288482678508307089e+01
4.693715594332417851e+01 4.036176443360042754e+01
4.693715594332417851e+01 5.001600930651831334e+01
4.693715594332417851e+01 4.172710075366916982e+01
4.693715594332417851e+01 4.349867516289890546e+01
4.693715594332417851e+01 5.119499068452667956e+01
4.693715594332417851e+01 4.864727040464283192e+01
4.693715594332417851e+01 4.270606236963796931e+01
4.693715594332417851e+01 4.972687199456333929e+01
4.693715594332417851e+01 4.461892556963239542e+01
4.693715594332417851e+01 4.227931582257087229e+01
4.693715594332417851e+01 4.494574979226169376e+01
4.693715594332417851e+01 4.849639779067056367e+01
4.693715594332417851e+01 3.989277523474791565e+01
4.693715594332417851e+01 4.704831252104267492e+01
4.693715594332417851e+01 4.065741787519501571e+01
4.693715594332417851e+01 4.823725410930953217e+01
4.693715594332417851e+01 4.912240375019146654e+01
4.693715594332417851e+01 4.623991963220667856e+01
4.693715594332417851e+01 4.418305473585030541e+01
4.693715594332417851e+01 4.298104328072922442e+01
4.693715594332417851e+01 5.014066818546262994e+01
4.693715594332417851e+01 4.759256980749232468e+01
4.693715594332417851e+01 5.169478718566331565e+01
4.693715594332417851e+01 4.745244907589123073e+01
4.693715594332417851e+01 4.584503033834954522e+01
4.693715594332417851e+01 4.651247828614433644e+01
4.693715594332417851e+01 4.770964201823841222e+01
4.693715594332417851e+01 5.025246640759134209e+01
4.693715594332417851e+01 4.945656350897885289e+01
4.693715594332417851e+01 5.177895639922959958e+01
4.693715594332417851e+01 4.336810804775578276e+01
4.693715594332417851e+01 4.936656816740753584e+01
4.693715594332417851e+01 5.194559037994034867e+01
4.693715594332417851e+01 5.187240464547583230e+01
4.693715594332417851e+01 4.848030975264548204e+01
4.693715594332417851e+01 5.816300346256836917e+01
4.693715594332417851e+01 4.301960001512156850e+01
4.693715594332417851e+01 4.526025647514383365e+01
4.693715594332417851e+01 5.360629783999445408e+01
4.693715594332417851e+01 5.259436670878646680e+01
4.693715594332417851e+01 4.483223707155004689e+01
4.693715594332417851e+01 4.900889024389508108e+01
4.693715594332417851e+01 4.864918835651446472e+01
4.693715594332417851e+01 4.895623514802869636e+01
4.693715594332417851e+01 4.325578691792922115e+01
4.693715594332417851e+01 5.940261033635768229e+01
4.693715594332417851e+01 4.415187970396922168e+01
4.693715594332417851e+01 4.573362727455208443e+01
4.693715594332417851e+01 4.495392788220260627e+01
4.693715594332417851e+01 4.978692606016103639e+01
4.693715594332417851e+01 4.785897945018017907e+01
4.693715594332417851e+01 4.495404800759337149e+01
4.693715594332417851e+01 4.602149106866304606e+01
4.693715594332417851e+01 4.568336560700574722e+01
4.693715594332417851e+01 4.858041664312913355e+01
4.693715594332417851e+01 4.628903893819338577e+01
4.693715594332417851e+01 4.659429779714137965e+01
4.693715594332417851e+01 4.476724557778657498e+01
4.693715594332417851e+01 4.586548351696499282e+01
4.693715594332417851e+01 5.126071012317908071e+01
4.693715594332417851e+01 4.819444880445856683e+01
4.693715594332417851e+01 5.066625246557197215e+01
4.693715594332417851e+01 4.411939377844415588e+01
4.693715594332417851e+01 4.297622348573550255e+01
4.693715594332417851e+01 4.372685068863762581e+01
4.693715594332417851e+01 4.214247107818889049e+01
4.693715594332417851e+01 4.477811798238499819e+01
4.693715594332417851e+01 4.306848684071432842e+01
4.693715594332417851e+01 5.017055166352083262e+01
4.693715594332417851e+01 4.421878579529627729e+01
4.693715594332417851e+01 4.363357332021604407e+01
4.693715594332417851e+01 4.732216046206041682e+01
4.693715594332417851e+01 4.782418537915861378e+01
4.693715594332417851e+01 4.849275142744939870e+01
4.693715594332417851e+01 4.685131494144404485e+01
4.693715594332417851e+01 5.070885097431946065e+01
4.693715594332417851e+01 4.678063739327442505e+01
4.693715594332417851e+01 4.251304934835431482e+01
4.693715594332417851e+01 4.144404542379908918e+01
4.693715594332417851e+01 4.338459043549972449e+01
4.693715594332417851e+01 4.812045271929093104e+01
4.693715594332417851e+01 4.643730785251522519e+01
4.693715594332417851e+01 4.510576880426153679e+01
4.693715594332417851e+01 4.523604709544939340e+01
4.693715594332417851e+01 4.924817934839563094e+01
4.693715594332417851e+01 4.139326075931154492e+01
4.693715594332417851e+01 4.294068023324371097e+01
4.693715594332417851e+01 4.320200509421272272e+01
4.693715594332417851e+01 5.335448474443397515e+01
4.693715594332417851e+01 4.636035015480925381e+01
4.693715594332417851e+01 4.574761985368714079e+01
4.693715594332417851e+01 4.676011542161131018e+01
4.693715594332417851e+01 4.229582407425554891e+01
4.693715594332417851e+01 4.456648972647354867e+01
4.693715594332417851e+01 4.882039556832426541e+01
4.693715594332417851e+01 5.265042903445595357e+01
4.693715594332417851e+01 4.211727048878510971e+01
4.693715594332417851e+01 4.646070525787450833e+01
4.693715594332417851e+01 4.510219650173871742e+01
4.693715594332417851e+01 4.935230380145186757e+01
4.693715594332417851e+01 4.852375151996210434e+01
4.693715594332417851e+01 4.862624180725697443e+01
4.693715594332417851e+01 4.554048121279388539e+01
4.693715594332417851e+01 4.937031730042581046e+01
4.693715594332417851e+01 4.734635390162002011e+01
4.693715594332417851e+01 4.394486485702851297e+01
4.693715594332417851e+01 4.291093793297948622e+01
4.693715594332417851e+01 4.688842581257942044e+01
4.693715594332417851e+01 4.144631030728878329e+01
4.693715594332417851e+01 4.031450937495616671e+01
4.693715594332417851e+01 4.658256662329944220e+01
4.693715594332417851e+01 4.648327060112892894e+01
4.693715594332417851e+01 4.483431601428273439e+01
4.693715594332417851e+01 4.463150997913606943e+01
4.693715594332417851e+01 4.461745628722689361e+01
4.693715594332417851e+01 5.224523738199454925e+01
4.693715594332417851e+01 4.418195970350192425e+01
4.693715594332417851e+01 5.446732074895313502e+01
4.693715594332417851e+01 4.235082525706843626e+01
4.693715594332417851e+01 4.641647864135511270e+01
4.693715594332417851e+01 4.780953905709080942e+01
4.693715594332417851e+01 4.667229972615083966e+01
4.693715594332417851e+01 4.671587468231319207e+01
4.693715594332417851e+01 3.993319367276107101e+01
4.693715594332417851e+01 4.439749575481222621e+01
4.693715594332417851e+01 4.705051631474164964e+01
4.693715594332417851e+01 4.630640594020741219e+01
4.693715594332417851e+01 3.940513762671290721e+01
4.693715594332417851e+01 4.959195113136591715e+01
4.693715594332417851e+01 4.762356467666067061e+01
4.693715594332417851e+01 4.304794785170886939e+01
4.693715594332417851e+01 4.194253691556025387e+01
4.693715594332417851e+01 4.434752359758673634e+01
4.693715594332417851e+01 4.283072677849020238e+01
4.693715594332417851e+01 4.676823660759030332e+01
4.693715594332417851e+01 4.452857467766859401e+01
4.693715594332417851e+01 4.019813652603710352e+01
4.693715594332417851e+01 4.892677630162027924e+01
4.693715594332417851e+01 4.930889323899728538e+01
4.693715594332417851e+01 4.903985646438145096e+01
4.693715594332417851e+01 4.615687346677627545e+01
4.693715594332417851e+01 4.496786712831743671e+01
4.693715594332417851e+01 4.409122051657180918e+01
4.693715594332417851e+01 3.872385655315846265e+01
4.693715594332417851e+01 4.786034600223558044e+01
4.693715594332417851e+01 4.736964351691413810e+01
4.693715594332417851e+01 4.479392398484552729e+01
4.693715594332417851e+01 4.616805330919495987e+01
4.693715594332417851e+01 4.547235609012857083e+01
4.693715594332417851e+01 4.866239406679588342e+01
4.693715594332417851e+01 4.968218596036699353e+01
4.693715594332417851e+01 4.563549153170391293e+01
4.693715594332417851e+01 4.970575835793943043e+01
4.693715594332417851e+01 4.331418913860996156e+01
4.693715594332417851e+01 4.860119391377799047e+01
4.693715594332417851e+01 4.461380333110475505e+01
4.693715594332417851e+01 4.547339305053549907e+01
4.693715594332417851e+01 4.588465285562409690e+01
4.693715594332417851e+01 4.826825584726103813e+01
4.693715594332417851e+01 4.630397064136928975e+01
4.693715594332417851e+01 5.153902231292763503e+01
4.693715594332417851e+01 4.058462836052895994e+01
4.693715594332417851e+01 3.980385288625133455e+01
4.693715594332417851e+01 5.211822246126730107e+01
4.693715594332417851e+01 4.080185391094955349e+01
4.693715594332417851e+01 4.103767031922538422e+01
4.693715594332417851e+01 4.560011134888829076e+01
4.693715594332417851e+01 4.843141597480740757e+01
4.693715594332417851e+01 4.756699252474212614e+01
4.693715594332417851e+01 4.803222067531004313e+01
4.693715594332417851e+01 4.918159449415797724e+01
4.693715594332417851e+01 4.332821227870044112e+01
4.693715594332417851e+01 4.576965482451508649e+01
4.693715594332417851e+01 5.031208865213405090e+01
4.693715594332417851e+01 4.917496181321820359e+01
4.693715594332417851e+01 4.752667536756740674e+01
4.693715594332417851e+01 4.815629560827612465e+01
4.693715594332417851e+01 4.465844343580133113e+01
4.693715594332417851e+01 4.732757484533537706e+01
4.693715594332417851e+01 4.649129844184695060e+01
4.693715594332417851e+01 4.575157933281100497e+01
4.693715594332417851e+01 4.521219535067942275e+01
4.693715594332417851e+01 4.847215577049838942e+01
4.693715594332417851e+01 4.623632045065327389e+01
4.693715594332417851e+01 4.604551877352460565e+01
4.693715594332417851e+01 4.954252377246044858e+01
4.693715594332417851e+01 5.230802195842741042e+01
4.693715594332417851e+01 4.953732851003366022e+01
4.693715594332417851e+01 4.344844375655590341e+01
4.693715594332417851e+01 5.087765738586955422e+01
4.693715594332417851e+01 5.075482837881573772e+01
4.693715594332417851e+01 4.603639158637910356e+01
4.693715594332417851e+01 4.576801100880025075e+01
4.693715594332417851e+01 4.889866768064557334e+01
4.693715594332417851e+01 4.550813850711774933e+01
4.693715594332417851e+01 4.519299009736550232e+01
4.693715594332417851e+01 4.124804736353782175e+01
4.693715594332417851e+01 5.246648933166338935e+01
4.693715594332417851e+01 5.229862890468469772e+01
4.693715594332417851e+01 4.002586854870256872e+01
4.693715594332417851e+01 4.157717339350400465e+01
4.693715594332417851e+01 4.895818189548593580e+01
4.693715594332417851e+01 4.508970580910465031e+01
4.693715594332417851e+01 4.203264059650894779e+01
4.693715594332417851e+01 5.817732695962981637e+01
4.693715594332417851e+01 4.516623001277233840e+01
4.693715594332417851e+01 4.552668342514939326e+01
4.693715594332417851e+01 4.651320662177771936e+01
4.693715594332417851e+01 4.640285505846522085e+01
4.693715594332417851e+01 4.649170198912992191e+01
4.693715594332417851e+01 4.135653218521613184e+01
4.693715594332417851e+01 4.995126413847857094e+01
4.693715594332417851e+01 4.764398961260436494e+01
4.693715594332417851e+01 4.204437841153827549e+01
4.693715594332417851e+01 4.637468535656982738e+01
4.693715594332417851e+01 4.744989167005333286e+01
4.693715594332417851e+01 4.535650046324381890e+01
4.693715594332417851e+01 4.651592235425465560e+01
4.693715594332417851e+01 4.967124379949243007e+01
4.693715594332417851e+01 4.886455496099875262e+01
4.693715594332417851e+01 4.437320129337765451e+01
4.693715594332417851e+01 4.724542683782896546e+01
4.693715594332417851e+01 4.635534706819593254e+01
4.693715594332417851e+01 5.201570759151982770e+01
4.693715594332417851e+01 4.920973770882595488e+01
4.693715594332417851e+01 4.963390943879712580e+01
4.693715594332417851e+01 4.612322767139322366e+01
4.693715594332417851e+01 4.889541228491522418e+01
4.693715594332417851e+01 4.404540796457524010e+01
4.693715594332417851e+01 4.507905461773302136e+01
4.693715594332417851e+01 4.672606574490214371e+01
4.693715594332417851e+01 4.797340209269071920e+01
4.693715594332417851e+01 4.883473808980435393e+01
4.693715594332417851e+01 4.117590171969717261e+01
4.693715594332417851e+01 5.103386046434196288e+01
4.693715594332417851e+01 4.651240879406665130e+01
4.693715594332417851e+01 4.761793040366778484e+01
4.693715594332417851e+01 4.300796439641480617e+01
4.693715594332417851e+01 4.528892405756418782e+01
4.693715594332417851e+01 4.329922382897456146e+01
4.693715594332417851e+01 4.141555690987041771e+01
4.693715594332417851e+01 4.818078161295141371e+01
4.693715594332417851e+01 4.043257405435315377e+01
4.693715594332417851e+01 4.408536903837971010e+01
4.693715594332417851e+01 4.503908113692881443e+01
4.693715594332417851e+01 4.607178366913002776e+01
4.693715594332417851e+01 5.050144779288840624e+01
4.693715594332417851e+01 4.215642492041644118e+01
4.693715594332417851e+01 4.933402608623816121e+01
4.693715594332417851e+01 4.790185166271573536e+01
4.693715594332417851e+01 4.451929708991630719e+01
4.693715594332417851e+01 4.979322971671253839e+01
4.693715594332417851e+01 4.324670741022175946e+01
4.693715594332417851e+01 4.301355374720066749e+01
4.693715594332417851e+01 4.817285293201304341e+01
4.693715594332417851e+01 4.320200352241612762e+01
4.693715594332417851e+01 4.699235227787443137e+01
4.693715594332417851e+01 5.048126255282219432e+01
4.693715594332417851e+01 4.808887009750123553e+01
4.693715594332417851e+01 4.402671511757679923e+01
4.693715594332417851e+01 5.128759221139802094e+01
4.693715594332417851e+01 4.659658316971813719e+01
4.693715594332417851e+01 4.341205157707582885e+01
4.693715594332417851e+01 4.260575045377581205e+01
4.693715594332417851e+01 4.470011318195074779e+01
4.693715594332417851e+01 4.634748307254486122e+01
4.693715594332417851e+01 4.649042408119280623e+01
4.693715594332417851e+01 4.350718068285631546e+01
4.693715594332417851e+01 4.231826281093708531e+01
4.693715594332417851e+01 5.128624448501947342e+01
4.693715594332417851e+01 4.076170142071300262e+01
4.693715594332417851e+01 5.589677732288144796e+01
4.693715594332417851e+01 4.324053201553972769e+01
4.693715594332417851e+01 5.211109503540220089e+01
4.693715594332417851e+01 4.355804337881193078e+01
4.693715594332417851e+01 4.609925347026984355e+01
4.693715594332417851e+01 4.464834367704929008e+01
4.693715594332417851e+01 4.208443617895290600e+01
4.693715594332417851e+01 5.123631826889658214e+01
4.693715594332417851e+01 4.570542591958390943e+01
4.693715594332417851e+01 5.595113830929182086e+01
4.693715594332417851e+01 4.277993916526397555e+01
4.693715594332417851e+01 4.760573479016821352e+01
4.693715594332417851e+01 4.840837760983925619e+01
4.693715594332417851e+01 4.626426357269164669e+01
4.693715594332417851e+01 4.463621257554186883e+01
4.693715594332417851e+01 4.563813593892176357e+01
4.693715594332417851e+01 4.762331940740410374e+01
4.693715594332417851e+01 4.362085921592737492e+01
4.693715594332417851e+01 4.104724490113439828e+01
4.693715594332417851e+01 4.567800988216441738e+01
4.693715594332417851e+01 3.863647482999939342e+01
4.693715594332417851e+01 4.449969165635362600e+01
4.693715594332417851e+01 4.759569184735271108e+01
4.693715594332417851e+01 4.557475420422879608e+01
4.693715594332417851e+01 4.350098458825534209e+01
4.693715594332417851e+01 5.100344777885737813e+01
4.693715594332417851e+01 4.663215629254949590e+01
4.693715594332417851e+01 4.921825235244278218e+01
4.693715594332417851e+01 4.233789318431578863e+01
4.693715594332417851e+01 4.342714478720788662e+01
4.693715594332417851e+01 4.896196655641476525e+01
4.693715594332417851e+01 4.723990713411679820e+01
4.693715594332417851e+01 5.504204043109184141e+01
4.693715594332417851e+01 4.488349383835083017e+01
4.693715594332417851e+01 4.537576485880774158e+01
4.693715594332417851e+01 3.953263686661045284e+01
4.693715594332417851e+01 4.430451269863870323e+01
4.693715594332417851e+01 4.973526305130663161e+01
4.693715594332417851e+01 4.882055729566576474e+01
4.693715594332417851e+01 4.513228820727971424e+01
4.693715594332417851e+01 4.330844143371064092e+01
4.693715594332417851e+01 4.468874435005267287e+01
4.693715594332417851e+01 4.369173025503424412e+01
4.693715594332417851e+01 4.607175723158231051e+01
4.693715594332417851e+01 4.886996124677180120e+01
4.693715594332417851e+01 4.145323644131850926e+01
4.693715594332417851e+01 4.636279552448943519e+01
4.693715594332417851e+01 5.022740589624492458e+01
4.693715594332417851e+01 4.601469457823983333e+01
4.693715594332417851e+01 4.905481241406209136e+01
4.693715594332417851e+01 4.316278826223337717e+01
4.693715594332417851e+01 5.072251230522088150e+01
4.693715594332417851e+01 4.081716063289487550e+01
4.693715594332417851e+01 4.192788915532337057e+01
4.693715594332417851e+01 4.670536626765971988e+01
4.693715594332417851e+01 4.200481182615047970e+01
4.693715594332417851e+01 4.535218928000826111e+01
4.693715594332417851e+01 4.363295987269579967e+01
4.693715594332417851e+01 4.700074615878622808e+01
4.693715594332417851e+01 4.396297630326510841e+01
4.693715594332417851e+01 4.083177192838060421e+01
4.693715594332417851e+01 4.982249090467458075e+01
4.693715594332417851e+01 4.944588379016013135e+01
4.693715594332417851e+01 4.678293412137337270e+01
4.693715594332417851e+01 4.542511137830729240e+01
4.693715594332417851e+01 4.867726554858693788e+01
4.693715594332417851e+01 4.122300993915706613e+01
4.693715594332417851e+01 4.285762211929871768e+01
4.693715594332417851e+01 4.599961619879126573e+01
4.693715594332417851e+01 4.633864769253838745e+01
4.693715594332417851e+01 4.677822340179459815e+01
4.693715594332417851e+01 3.821584613039635769e+01
4.693715594332417851e+01 4.798754844423034882e+01
4.693715594332417851e+01 4.643476578178114522e+01
4.693715594332417851e+01 4.264906697487328557e+01
4.693715594332417851e+01 4.592406225114317664e+01
4.693715594332417851e+01 4.135206049253319804e+01
4.693715594332417851e+01 4.902958097611491439e+01
4.693715594332417851e+01 4.777974745061147388e+01
4.693715594332417851e+01 4.750322137123950483e+01
4.693715594332417851e+01 4.696018983240497136e+01
4.693715594332417851e+01 4.454150147348611455e+01
4.693715594332417851e+01 4.073637080386939857e+01
4.693715594332417851e+01 4.256235453208517328e+01
4.693715594332417851e+01 4.174113409449483214e+01
4.693715594332417851e+01 4.726297013857687546e+01
4.693715594332417851e+01 4.178402288144349797e+01
4.693715594332417851e+01 4.496604166044571826e+01
4.693715594332417851e+01 4.903831198082026077e+01
4.693715594332417851e+01 4.046439301288697266e+01
4.693715594332417851e+01 4.422573434104603507e+01
4.693715594332417851e+01 4.601584531801242406e+01
4.693715594332417851e+01 4.915817935768224345e+01
4.693715594332417851e+01 4.989050561233588610e+01
4.693715594332417851e+01 4.633716799677642939e+01
4.693715594332417851e+01 4.258445524720760034e+01
4.693715594332417851e+01 4.430041111530591991e+01
4.693715594332417851e+01 5.362432787492929265e+01
4.693715594332417851e+01 4.716382741325545425e+01
4.693715594332417851e+01 4.681804779921617410e+01
4.693715594332417851e+01 4.858636534668820417e+01
4.693715594332417851e+01 4.527717711954512936e+01
4.693715594332417851e+01 4.673526551467348611e+01
4.693715594332417851e+01 4.398122261190016502e+01
4.693715594332417851e+01 4.820062730988849609e+01
4.693715594332417851e+01 4.361995088657082675e+01
4.693715594332417851e+01 4.631902463208577814e+01
4.693715594332417851e+01 4.943198669630256603e+01
4.693715594332417851e+01 4.649821367530883975e+01
4.693715594332417851e+01 4.754429616041738882e+01
4.693715594332417851e+01 4.137857208076897564e+01
4.693715594332417851e+01 4.610053952553683132e+01
4.693715594332417851e+01 4.436427092252436211e+01
4.693715594332417851e+01 4.837833078738752590e+01
4.693715594332417851e+01 4.397627099413725915e+01
4.693715594332417851e+01 4.810795248012567527e+01
4.693715594332417851e+01 4.814173327909004030e+01
4.693715594332417851e+01 4.940576397038634582e+01
4.693715594332417851e+01 4.269254265469430010e+01
4.693715594332417851e+01 4.245403747397546823e+01
4.693715594332417851e+01 4.805124416897776030e+01
4.693715594332417851e+01 3.891340790553505258e+01
4.693715594332417851e+01 4.033939369304907530e+01
4.693715594332417851e+01 3.782350339569615727e+01
4.693715594332417851e+01 4.437929001650392991e+01
4.693715594332417851e+01 4.895100717894685971e+01
4.693715594332417851e+01 4.231759027325075095e+01
4.693715594332417851e+01 4.965774983619630234e+01
4.693715594332417851e+01 4.610479961307198238e+01
4.693715594332417851e+01 4.884495424475453973e+01
4.693715594332417851e+01 4.333499106366178921e+01
4.693715594332417851e+01 4.552278489058369360e+01
4.693715594332417851e+01 4.627035801337286358e+01
4.693715594332417851e+01 4.455248464504324346e+01
4.693715594332417851e+01 4.569838448473273473e+01
4.693715594332417851e+01 4.520521463000930851e+01
4.693715594332417851e+01 4.608684400245483204e+01
4.693715594332417851e+01 4.708512555414348100e+01
4.693715594332417851e+01 4.383051591697000049e+01
4.693715594332417851e+01 4.657008960029694578e+01
4.693715594332417851e+01 4.824312519619927997e+01
4.693715594332417851e+01 4.624817765035914618e+01
4.693715594332417851e+01 4.464216258967535822e+01
4.693715594332417851e+01 4.786560763411365826e+01
4.693715594332417851e+01 4.500524204852908383e+01
4.693715594332417851e+01 4.621272724884195071e+01
4.693715594332417851e+01 4.501802360166563943e+01
4.693715594332417851e+01 4.451049550960668455e+01
4.693715594332417851e+01 5.030740521205067495e+01
4.693715594332417851e+01 4.189492444635563118e+01
4.693715594332417851e+01 4.325224179501779531e+01
4.693715594332417851e+01 4.352835333427642439e+01
4.693715594332417851e+01 4.910165614936767753e+01
4.693715594332417851e+01 4.221183235854356042e+01
4.693715594332417851e+01 4.493372813991668124e+01
4.693715594332417851e+01 4.571193219299438937e+01
4.693715594332417851e+01 4.739375530556355187e+01
4.693715594332417851e+01 3.841351300357380438e+01
4.693715594332417851e+01 4.581670737343724653e+01
4.693715594332417851e+01 4.761489983266709203e+01
4.693715594332417851e+01 4.930748763054208439e+01
4.693715594332417851e+01 5.194586890000432788e+01
4.693715594332417851e+01 4.656162305469369755e+01
4.693715594332417851e+01 4.464047233352306421e+01
4.693715594332417851e+01 4.573522045790736712e+01
4.693715594332417851e+01 5.123892898209289370e+01
4.693715594332417851e+01 4.839601613633543309e+01
4.693715594332417851e+01 4.885751773375064744e+01
4.693715594332417851e+01 4.177161218087677952e+01
4.693715594332417851e+01 4.842330332338114829e+01
4.693715594332417851e+01 4.171042241338665946e+01
4.693715594332417851e+01 4.732716621160444959e+01
4.693715594332417851e+01 4.766419431192983325e+01
4.693715594332417851e+01 4.803467927506780910e+01
4.693715594332417851e+01 4.714678700861718852e+01
4.693715594332417851e+01 4.320712043160426674e+01
4.693715594332417851e+01 4.543633009481991536e+01
4.693715594332417851e+01 4.823122494625377499e+01
4.693715594332417851e+01 4.758376637872625281e+01
4.693715594332417851e+01 4.622096742937793579e+01
4.693715594332417851e+01 5.481003976762868035e+01
4.693715594332417851e+01 4.614394145200168396e+01
4.693715594332417851e+01 4.123702924805613890e+01
4.693715594332417851e+01 4.078142959312829419e+01
4.693715594332417851e+01 4.953529297292465827e+01
4.693715594332417851e+01 4.658282688512488079e+01
4.693715594332417851e+01 4.982773398924594233e+01
4.693715594332417851e+01 4.177408717525009507e+01
4.693715594332417851e+01 5.187478507175512732e+01
4.693715594332417851e+01 4.531951821659561830e+01
4.693715594332417851e+01 4.669995922699441593e+01
4.693715594332417851e+01 5.017909062568637779e+01
4.693715594332417851e+01 4.565107090582031191e+01
4.693715594332417851e+01 4.803736362329181020e+01
4.693715594332417851e+01 4.526807700008757962e+01
4.693715594332417851e+01 4.229340487630598489e+01
4.693715594332417851e+01 4.551539796866958909e+01
4.693715594332417851e+01 4.451529085760176230e+01
4.693715594332417851e+01 4.516792419043349582e+01
4.693715594332417851e+01 4.410482808611659777e+01
4.693715594332417851e+01 4.920946355725339316e+01
4.693715594332417851e+01 5.352663529715832880e+01
4.693715594332417851e+01 4.474054385888133822e+01
4.693715594332417851e+01 5.076371722046208390e+01
4.693715594332417851e+01 4.598279456596456072e+01
4.693715594332417851e+01 4.133832830385912160e+01
4.693715594332417851e+01 4.187671421940274996e+01
4.693715594332417851e+01 4.810444689662632811e+01
4.693715594332417851e+01 4.587661527540839757e+01
4.693715594332417851e+01 4.555488593628277272e+01
4.693715594332417851e+01 4.543321949819991090e+01
4.693715594332417851e+01 4.462402817280843692e+01
4.693715594332417851e+01 4.704723873565980341e+01
4.693715594332417851e+01 4.719852496267036202e+01
4.693715594332417851e+01 4.354403411062687468e+01
4.693715594332417851e+01 4.396247021768370189e+01
4.693715594332417851e+01 4.566900442499564150e+01
4.693715594332417851e+01 4.637025827899206831e+01
4.693715594332417851e+01 4.570282924474874875e+01
4.693715594332417851e+01 4.232010709878119314e+01
4.693715594332417851e+01 4.661324083930103512e+01
4.693715594332417851e+01 4.507896374841798348e+01
4.693715594332417851e+01 4.682580765609643692e+01
4.693715594332417851e+01 4.943009116014550841e+01
4.693715594332417851e+01 4.598320569909956390e+01
4.693715594332417851e+01 4.245000495794201356e+01
4.693715594332417851e+01 3.865790254691660977e+01
4.693715594332417851e+01 4.942692951382855426e+01
4.693715594332417851e+01 4.154851871402476604e+01
4.693715594332417851e+01 4.492198591847697031e+01
4.693715594332417851e+01 4.741280412803459399e+01
4.693715594332417851e+01 4.357228121310031099e+01
4.693715594332417851e+01 4.370749532957412242e+01
4.693715594332417851e+01 4.667053583288799956e+01
4.693715594332417851e+01 4.647883816077281693e+01
4.693715594332417851e+01 4.673189663288385276e+01
4.693715594332417851e+01 4.395413482868843147e+01
4.693715594332417851e+01 4.526038402770456059e+01
4.693715594332417851e+01 4.727042411473046712e+01
4.693715594332417851e+01 4.576706773088687186e+01
4.693715594332417851e+01 4.483700094816258996e+01
4.693715594332417851e+01 4.637201977866442348e+01
4.693715594332417851e+01 4.973354490770237391e+01
4.693715594332417851e+01 4.591825112789879881e+01
4.693715594332417851e+01 5.347866812789870750e+01
4.693715594332417851e+01 4.585178809584448345e+01
4.693715594332417851e+01 4.462801689110411729e+01
4.693715594332417851e+01 4.694282054137308791e+01
4.693715594332417851e+01 4.555190606321832547e+01
4.693715594332417851e+01 5.251794396571960277e+01
4.693715594332417851e+01 4.358128154150546862e+01
4.693715594332417851e+01 4.738644645542249378e+01
4.693715594332417851e+01 4.375093512900976833e+01
4.693715594332417851e+01 4.198562713174020899e+01
4.693715594332417851e+01 4.465715088053087101e+01
4.693715594332417851e+01 5.091516942452930294e+01
4.693715594332417851e+01 5.317560651243955760e+01
4.693715594332417851e+01 4.594759468039698191e+01
4.693715594332417851e+01 4.562398763874740126e+01
4.693715594332417851e+01 4.570756451428445644e+01
4.693715594332417851e+01 4.562222919466071858e+01
4.693715594332417851e+01 4.569454704452939353e+01
4.693715594332417851e+01 4.862315923077849789e+01
4.693715594332417851e+01 3.906554971813435628e+01
4.693715594332417851e+01 4.289880555238974580e+01
4.693715594332417851e+01 4.529762062161074709e+01
4.693715594332417851e+01 4.480073037189134766e+01
4.693715594332417851e+01 4.391293045358799674e+01
4.693715594332417851e+01 4.513743380660232418e+01
4.693715594332417851e+01 4.456618841611695103e+01
4.693715594332417851e+01 4.552919606252936546e+01
4.693715594332417851e+01 4.189292593312113411e+01
4.693715594332417851e+01 4.383573353037004949e+01
4.693715594332417851e+01 4.730850269674885311e+01
4.693715594332417851e+01 4.434804820454845498e+01
4.693715594332417851e+01 4.211036228562174699e+01
4.693715594332417851e+01 4.142701507560415308e+01
4.693715594332417851e+01 5.233338203562106372e+01
4.693715594332417851e+01 4.772588485594496888e+01
4.693715594332417851e+01 4.693836154036434749e+01
4.693715594332417851e+01 4.765028548937921471e+01
4.693715594332417851e+01 4.421205995788201193e+01
4.693715594332417851e+01 3.967172489677352587e+01
4.693715594332417851e+01 4.881765688382910895e+01
4.693715594332417851e+01 4.795661160498773512e+01
4.693715594332417851e+01 4.912431416238550952e+01
4.693715594332417851e+01 3.927483754145265493e+01
4.693715594332417851e+01 4.889358735712448123e+01
4.693715594332417851e+01 4.750957514538228565e+01
4.693715594332417851e+01 4.151018921470833334e+01
4.693715594332417851e+01 4.794444679134597465e+01
4.693715594332417851e+01 3.979975283612751724e+01
4.693715594332417851e+01 4.936480293900835647e+01
4.693715594332417851e+01 4.137520042174102741e+01
4.693715594332417851e+01 4.890792004672590565e+01
4.693715594332417851e+01 4.861324225909061170e+01
4.693715594332417851e+01 4.678335656407379872e+01
4.693715594332417851e+01 5.124249708046755103e+01
4.693715594332417851e+01 4.905863252437668365e+01
4.693715594332417851e+01 4.611547206045573688e+01
4.693715594332417851e+01 5.352328452478990783e+01
4.693715594332417851e+01 4.746521530219114027e+01
4.693715594332417851e+01 4.780129467549168965e+01
4.693715594332417851e+01 4.814139067535080585e+01
4.693715594332417851e+01 4.828716615948192725e+01
4.693715594332417851e+01 4.325787254841844032e+01
4.693715594332417851e+01 4.465971791211195807e+01
4.693715594332417851e+01 4.861937175504711206e+01
4.693715594332417851e+01 4.825849864433429559e+01
4.693715594332417851e+01 4.077931499811099059e+01
4.693715594332417851e+01 4.573088825858126683e+01
4.693715594332417851e+01 4.457814043424898642e+01
4.693715594332417851e+01 4.634960932196607786e+01
4.693715594332417851e+01 4.885968076640947544e+01
4.693715594332417851e+01 4.669612265851192490e+01
4.693715594332417851e+01 4.394946621552782773e+01
4.693715594332417851e+01 4.067282994298852827e+01
4.693715594332417851e+01 4.277047795631548865e+01
4.693715594332417851e+01 3.821811414071019897e+01
4.693715594332417851e+01 4.922477806630464414e+01
4.693715594332417851e+01 4.599527276196103998e+01
4.693715594332417851e+01 3.731854307329439280e+01
4.693715594332417851e+01 5.433916918014946162e+01
4.693715594332417851e+01 4.551254758933799138e+01
4.693715594332417851e+01 3.992099570563169664e+01
4.693715594332417851e+01 4.829937741204065560e+01
4.693715594332417851e+01 4.827492781936616950e+01
4.693715594332417851e+01 4.882940365709565356e+01
4.693715594332417851e+01 4.673741536755240134e+01
4.693715594332417851e+01 4.395750223753987740e+01
4.693715594332417851e+01 4.530805990369455571e+01
4.693715594332417851e+01 4.754136903253908031e+01
4.693715594332417851e+01 4.730514088638988568e+01
4.693715594332417851e+01 4.682207757835928419e+01
4.693715594332417851e+01 4.610639769274205690e+01
4.693715594332417851e+01 4.800789176893747623e+01
4.693715594332417851e+01 4.632146996196597399e+01
4.693715594332417851e+01 4.171120746573292593e+01
4.693715594332417851e+01 5.000522179781935961e+01
4.693715594332417851e+01 4.320473439884657552e+01
4.693715594332417851e+01 4.615498354412581961e+01
4.693715594332417851e+01 5.005424317006381330e+01
4.693715594332417851e+01 5.007657331539261492e+01
4.693715594332417851e+01 5.073124876887497692e+01
4.693715594332417851e+01 4.468659548333535270e+01
4.693715594332417851e+01 4.261177434210028991e+01
4.693715594332417851e+01 4.262393565144049745e+01
4.693715594332417851e+01 4.211685632027981541e+01
4.693715594332417851e+01 4.419074049334954424e+01
4.693715594332417851e+01 4.862376888837427202e+01
4.693715594332417851e+01 4.475164170358929283e+01
4.693715594332417851e+01 4.312641045067571355e+01
4.693715594332417851e+01 4.318275786948499473e+01
4.693715594332417851e+01 4.674382211026643574e+01
4.693715594332417851e+01 4.875019058978450204e+01
4.693715594332417851e+01 4.404488072629025908e+01
4.693715594332417851e+01 4.530808405728102883e+01
4.693715594332417851e+01 4.740252040258797450e+01
4.693715594332417851e+01 5.460433526895344158e+01
4.693715594332417851e+01 4.008121133082590148e+01
4.693715594332417851e+01 4.902051864568413464e+01
4.693715594332417851e+01 4.921662320937056734e+01
4.693715594332417851e+01 4.661842416410313206e+01
4.693715594332417851e+01 4.672478709529044494e+01
4.693715594332417851e+01 4.287951602397081530e+01
4.693715594332417851e+01 4.784529501009371444e+01
4.693715594332417851e+01 5.609233434831383391e+01
4.693715594332417851e+01 4.566161375928068367e+01
4.693715594332417851e+01 4.350205463243856485e+01
4.693715594332417851e+01 4.510104224162918030e+01
4.693715594332417851e+01 4.556552861732833293e+01
4.693715594332417851e+01 4.487711102144841391e+01
4.693715594332417851e+01 4.179468914500789367e+01
4.693715594332417851e+01 4.878779549652340108e+01
4.693715594332417851e+01 4.793761496433967295e+01
4.693715594332417851e+01 4.407905894884401476e+01
4.693715594332417851e+01 4.666683452633353113e+01
4.693715594332417851e+01 4.758859694468132062e+01
4.693715594332417851e+01 4.511162449305492572e+01
4.693715594332417851e+01 4.276410395857165270e+01
4.693715594332417851e+01 4.767598810801760578e+01
4.693715594332417851e+01 4.772617295233091284e+01
4.693715594332417851e+01 4.314677116536682178e+01
4.693715594332417851e+01 4.827808941169643475e+01
4.693715594332417851e+01 4.165951291943690649e+01
4.693715594332417851e+01 4.265988413003134383e+01
4.693715594332417851e+01 4.314899076230527442e+01
4.693715594332417851e+01 4.574864226680339385e+01
4.693715594332417851e+01 4.921592805488266009e+01
4.693715594332417851e+01 4.332569765783041049e+01
4.693715594332417851e+01 4.675575383593529466e+01
4.693715594332417851e+01 5.096330623377129143e+01
4.693715594332417851e+01 4.498954164818105284e+01
4.693715594332417851e+01 4.629708209704909905e+01
4.693715594332417851e+01 4.444055470767275295e+01
4.693715594332417851e+01 4.659056228241978914e+01
4.693715594332417851e+01 4.605791994971930592e+01
4.693715594332417851e+01 4.321679783197506453e+01
4.693715594332417851e+01 4.542301169870105326e+01
4.693715594332417851e+01 4.189227153683437876e+01
4.693715594332417851e+01 4.879939738876407063e+01
4.693715594332417851e+01 4.508643793190531568e+01
4.693715594332417851e+01 4.714220565574584043e+01
4.693715594332417851e+01 4.626438355768462429e+01
4.693715594332417851e+01 4.614574101636738135e+01
4.693715594332417851e+01 4.573849192387136497e+01
4.693715594332417851e+01 4.802901362295067855e+01
4.693715594332417851e+01 4.310287354341240018e+01
4.693715594332417851e+01 4.284151263469094317e+01
4.693715594332417851e+01 4.704865866814189701e+01
4.693715594332417851e+01 5.032826986337119024e+01
4.693715594332417851e+01 4.150224609937691156e+01
4.693715594332417851e+01 4.065940475096703466e+01
4.693715594332417851e+01 4.466518373160581490e+01
4.693715594332417851e+01 4.241686684271231655e+01
4.693715594332417851e+01 4.454739320997428109e+01
4.693715594332417851e+01 4.402310034613571332e+01
4.693715594332417851e+01 4.577805626059192434e+01
4.693715594332417851e+01 4.652507873981121378e+01
4.693715594332417851e+01 4.475203060095486052e+01
4.693715594332417851e+01 4.957087459780822059e+01
4.693715594332417851e+01 5.009968800567586555e+01
4.693715594332417851e+01 4.602978192681770508e+01
4.693715594332417851e+01 4.783009415324809055e+01
4.693715594332417851e+01 4.776025211788710578e+01
4.693715594332417851e+01 4.327661983860096484e+01
4.693715594332417851e+01 4.762993364669429752e+01
4.693715594332417851e+01 5.112407863000080965e+01
4.693715594332417851e+01 4.717989945333512480e+01
4.693715594332417851e+01 4.892046607356401466e+01
4.693715594332417851e+01 4.427643885914434918e+01
4.693715594332417851e+01 5.418993076903520745e+01
4.693715594332417851e+01 4.525436951597446011e+01
4.693715594332417851e+01 4.467225551078431778e+01
4.693715594332417851e+01 4.184194744539347255e+01
4.693715594332417851e+01 4.562752538318372331e+01
4.693715594332417851e+01 5.270726508423364010e+01
4.693715594332417851e+01 3.946757846122551427e+01
4.693715594332417851e+01 5.007128775449416480e+01
4.693715594332417851e+01 5.226813052765692902e+01
4.693715594332417851e+01 4.747163929303839325e+01
4.693715594332417851e+01 5.013259556143884055e+01
4.693715594332417851e+01 4.926653096844619029e+01
4.693715594332417851e+01 4.387607720069286898e+01
4.693715594332417851e+01 4.860646372530266035e+01
4.693715594332417851e+01 4.654797028532392034e+01
4.693715594332417851e+01 4.777839825393155593e+01
4.693715594332417851e+01 4.297539481924600580e+01
4.693715594332417851e+01 4.991063644026559842e+01
4.693715594332417851e+01 4.181432575630684312e+01
4.693715594332417851e+01 4.621058085265382687e+01
4.693715594332417851e+01 5.005872133811859470e+01
4.693715594332417851e+01 4.629249609433350798e+01
4.693715594332417851e+01 4.609538301878789213e+01
4.693715594332417851e+01 4.624528208350458414e+01
4.693715594332417851e+01 4.498543293740289073e+01
4.693715594332417851e+01 4.780916929865964704e+01
4.693715594332417851e+01 4.714912064968007144e+01
4.693715594332417851e+01 4.933764955318384438e+01
4.693715594332417851e+01 5.240582432598472451e+01
4.693715594332417851e+01 4.930856395079016607e+01
4.693715594332417851e+01 4.735017029349370432e+01
4.693715594332417851e+01 4.442387668426019331e+01
4.693715594332417851e+01 4.577483710341540046e+01
4.693715594332417851e+01 4.538853965111290734e+01
4.693715594332417851e+01 4.412015703867226790e+01
4.693715594332417851e+01 4.723103355386601265e+01
4.693715594332417851e+01 4.598629433751448659e+01
4.693715594332417851e+01 4.696694246171697529e+01
4.693715594332417851e+01 4.549832068277794406e+01
4.693715594332417851e+01 4.904742481090309525e+01
4.693715594332417851e+01 4.877162120971777171e+01
4.693715594332417851e+01 5.094399171537479276e+01
4.693715594332417851e+01 4.956755430304467325e+01
4.693715594332417851e+01 4.267106883781629989e+01
4.693715594332417851e+01 4.762481138316636020e+01
4.693715594332417851e+01 4.422771450454981590e+01
4.693715594332417851e+01 4.203934527681674638e+01
4.693715594332417851e+01 4.923085193409249882e+01
4.693715594332417851e+01 5.034220079715456109e+01
4.693715594332417851e+01 4.464354157756985586e+01
4.693715594332417851e+01 4.716225612639774312e+01
4.693715594332417851e+01 4.431353603083993420e+01
4.693715594332417851e+01 4.417635037348359361e+01
4.693715594332417851e+01 4.698812416023469041e+01
4.693715594332417851e+01 3.854348086389060768e+01
4.693715594332417851e+01 3.635477144729415500e+01
4.693715594332417851e+01 4.823700438682561042e+01
4.693715594332417851e+01 4.595466267721068476e+01
