4.693715594332417851e+01 4.120728860762450552e+01
4.693715594332417851e+01 4.533500447731030647e+01
4.693715594332417851e+01 4.537591842228027872e+01
4.693715594332417851e+01 4.994848445532312553e+01
4.693715594332417851e+01 4.504280956445083461e+01
4.693715594332417851e+01 4.629828639709211302e+01
4.693715594332417851e+01 4.792477369840813139e+01
4.693715594332417851e+01 4.512628720034528129e+01
4.693715594332417851e+01 4.504097459620734156e+01
4.693715594332417851e+01 4.415064145885948932e+01
4.693715594332417851e+01 4.403554917063890883e+01
4.693715594332417851e+01 4.449086643276949360e+01
4.693715594332417851e+01 4.941317032253760999e+01
4.693715594332417851e+01 4.603146675059031878e+01
4.693715594332417851e+01 4.162597946127669957e+01
4.693715594332417851e+01 4.035211409666130322e+01
4.693715594332417851e+01 4.609718566276441720e+01
4.693715594332417851e+01 5.110547668410821842e+01
4.693715594332417851e+01 4.552016357759057286e+01
4.693715594332417851e+01 4.467964488359025665e+01
4.693715594332417851e+01 4.896457007913756598e+01
4.693715594332417851e+01 4.831642993787359330e+01
4.693715594332417851e+01 4.869216329891692396e+01
4.693715594332417851e+01 4.690782069696901857e+01
4.693715594332417851e+01 5.335400114570830965e+01
4.693715594332417851e+01 4.033390563829045306e+01
4.693715594332417851e+01 4.546226968471427909e+01
4.693715594332417851e+01 4.775854321353540399e+01
4.693715594332417851e+01 4.683273495983695511e+01
4.693715594332417851e+01 5.387890202841820297e+01
4.693715594332417851e+01 4.229471021739443160e+01
4.693715594332417851e+01 5.185947400449977351e+01
4.693715594332417851e+01 4.317861431312605447e+01
4.693715594332417851e+01 4.203530330046993413e+01
4.693715594332417851e+01 4.168120036467333733e+01
4.693715594332417851e+01 4.370033711748668281e+01
4.693715594332417851e+01 5.196989533399354855e+01
4.693715594332417851e+01 4.330640862613707043e+01
4.693715594332417851e+01 4.278304359590917016e+01
4.693715594332417851e+01 4.186059498917769162e+01
4.693715594332417851e+01 4.662899774148985443e+01
4.693715594332417851e+01 4.533653746891418734e+01
4.693715594332417851e+01 4.796591429513820515e+01
4.693715594332417851e+01 4.802734568751763078e+01
4.693715594332417851e+01 4.276895441157543587e+01
4.693715594332417851e+01 4.616554909283156150e+01
4.693715594332417851e+01 4.642516923693055730e+01
4.693715594332417851e+01 3.926331282748586204e+01
4.693715594332417851e+01 5.223133467071028946e+01
4.693715594332417851e+01 3.698733375021757297e+01
4.693715594332417851e+01 4.929219994203607058e+01
4.693715594332417851e+01 4.312167281116734330e+01
4.693715594332417851e+01 4.743909768726282294e+01
4.693715594332417851e+01 4.525960774321050195e+01
4.693715594332417851e+01 5.035639293968833385e+01
4.693715594332417851e+01 4.227096606439966564e+01
4.693715594332417851e+01 4.201597949369667617e+01
4.693715594332417851e+01 4.988375477271833347e+01
4.693715594332417851e+01 4.541867589054843535e+01
4.693715594332417851e+01 4.386257334427889276e+01
4.693715594332417851e+01 4.653411297140694813e+01
4.693715594332417851e+01 5.085999417573117398e+01
4.693715594332417851e+01 4.189759067286715322e+01
4.693715594332417851e+01 4.289676994223377449e+01
4.693715594332417851e+01 4.622618368246752851e+01
4.693715594332417851e+01 4.132630381664196761e+01
4.693715594332417851e+01 4.831123882808449110e+01
4.693715594332417851e+01 4.325306877663658867e+01
4.693715594332417851e+01 4.804353739119916611e+01
4.693715594332417851e+01 4.496196650165393294e+01
4.693715594332417851e+01 5.110806554116726375e+01
4.693715594332417851e+01 4.410615998381823744e+01
4.693715594332417851e+01 4.971220879654649849e+01
4.693715594332417851e+01 4.444148446657853668e+01
4.693715594332417851e+01 4.586839510292135458e+01
4.693715594332417851e+01 4.236781982224172083e+01
4.693715594332417851e+01 5.035047321811742194e+01
4.693715594332417851e+01 4.655347417176572833e+01
4.693715594332417851e+01 4.391165174466738819e+01
4.693715594332417851e+01 4.852563960358799022e+01
4.693715594332417851e+01 4.405593645177847861e+01
4.693715594332417851e+01 4.937075888933204482e+01
4.693715594332417851e+01 4.466868272517572080e+01
4.693715594332417851e+01 4.234965505769017824e+01
4.693715594332417851e+01 4.595808174537512514e+01
4.693715594332417851e+01 4.417387035839006160e+01
4.693715594332417851e+01 4.917734521744640119e+01
4.693715594332417851e+01 4.771192400330241412e+01
4.693715594332417851e+01 4.387754989176946196e+01
4.693715594332417851e+01 4.859928969514172792e+01
4.693715594332417851e+01 4.715682434537970380e+01
4.693715594332417851e+01 4.854137538222445158e+01
4.693715594332417851e+01 4.267733794892080823e+01
4.693715594332417851e+01 4.539894930630607917e+01
4.693715594332417851e+01 4.463337564573881622e+01
4.693715594332417851e+01 4.060729875915894382e+01
4.693715594332417851e+01 4.033716781897174997e+01
4.693715594332417851e+01 5.047248728860121503e+01
4.693715594332417851e+01 4.412876480831132397e+01
4.693715594332417851e+01 4.452504555136372488e+01
4.693715594332417851e+01 4.243072189198043276e+01
4.693715594332417851e+01 4.946702981778594221e+01
4.693715594332417851e+01 4.803930039236832528e+01
4.693715594332417851e+01 5.114861470564120083e+01
4.693715594332417851e+01 4.859212703198984684e+01
4.693715594332417851e+01 4.835339497942216980e+01
4.693715594332417851e+01 4.511982533563868714e+01
4.693715594332417851e+01 4.638008885011132776e+01
4.693715594332417851e+01 4.485643929872630054e+01
4.693715594332417851e+01 4.360592206795319470e+01
4.693715594332417851e+01 5.120158332458031936e+01
4.693715594332417851e+01 4.200643690901633676e+01
4.693715594332417851e+01 4.328731741053196913e+01
4.693715594332417851e+01 4.421198503701653948e+01
4.693715594332417851e+01 3.938791059644291437e+01
4.693715594332417851e+01 4.359829478068947139e+01
4.693715594332417851e+01 4.043192298591053913e+01
4.693715594332417851e+01 4.472897767022510607e+01
4.693715594332417851e+01 4.676674009931081599e+01
4.693715594332417851e+01 4.226958743061672408e+01
4.693715594332417851e+01 5.428243141127728677e+01
4.693715594332417851e+01 4.553436779178441185e+01
4.693715594332417851e+01 3.981824061838572959e+01
4.693715594332417851e+01 4.396913522446784839e+01
4.693715594332417851e+01 3.970757778722582287e+01
4.693715594332417851e+01 4.693865338566031653e+01
4.693715594332417851e+01 4.898540955920729090e+01
4.693715594332417851e+01 4.502215088262122578e+01
4.693715594332417851e+01 4.922284354181783783e+01
4.693715594332417851e+01 4.628379028519276517e+01
4.693715594332417851e+01 4.519677079968364808e+01
4.693715594332417851e+01 5.455629003060761306e+01
4.693715594332417851e+01 4.435815453882811710e+01
4.693715594332417851e+01 4.406336561901354543e+01
4.693715594332417851e+01 4.587470234334256247e+01
4.693715594332417851e+01 4.400466990756829233e+01
4.693715594332417851e+01 4.241891839473003500e+01
4.693715594332417851e+01 4.218937124003323191e+01
4.693715594332417851e+01 4.816719589754412567e+01
4.693715594332417851e+01 4.151640628684359768e+01
4.693715594332417851e+01 4.545155006131331277e+01
4.693715594332417851e+01 4.453993333847424196e+01
4.693715594332417851e+01 4.637453720270202950e+01
4.693715594332417851e+01 4.420362026765123176e+01
4.693715594332417851e+01 4.427747666854082809e+01
4.693715594332417851e+01 4.532377528148712287e+01
4.693715594332417851e+01 4.785244089115430910e+01
4.693715594332417851e+01 3.976220497400690590e+01
4.693715594332417851e+01 4.762059024402202567e+01
4.693715594332417851e+01 4.225042338887607229e+01
4.693715594332417851e+01 5.064995925521195375e+01
4.693715594332417851e+01 4.542567411160112556e+01
4.693715594332417851e+01 4.070873993780705291e+01
4.693715594332417851e+01 4.527136464597556653e+01
4.693715594332417851e+01 4.749672198061878703e+01
4.693715594332417851e+01 4.178343931957844859e+01
4.693715594332417851e+01 4.911961575943185210e+01
4.693715594332417851e+01 4.737860547739197159e+01
4.693715594332417851e+01 4.684298920910369901e+01
4.693715594332417851e+01 4.506159523573950310e+01
4.693715594332417851e+01 4.370355686469824974e+01
4.693715594332417851e+01 4.760724791638234166e+01
4.693715594332417851e+01 4.763440567834684458e+01
4.693715594332417851e+01 4.661870423570947253e+01
4.693715594332417851e+01 4.857733088349131378e+01
4.693715594332417851e+01 4.443653712337513184e+01
4.693715594332417851e+01 4.333766094384287726e+01
4.693715594332417851e+01 4.826918631376598512e+01
4.693715594332417851e+01 4.596425694995721756e+01
4.693715594332417851e+01 4.732265007611087526e+01
4.693715594332417851e+01 4.545847928077089506e+01
4.693715594332417851e+01 5.147090170007559351e+01
4.693715594332417851e+01 5.160397161081897366e+01
4.693715594332417851e+01 4.489130582173395112e+01
4.693715594332417851e+01 4.472633414467060220e+01
4.693715594332417851e+01 5.041616063129863790e+01
4.693715594332417851e+01 4.292920254314213935e+01
4.693715594332417851e+01 4.260145222806340115e+01
4.693715594332417851e+01 4.299309606542471585e+01
4.693715594332417851e+01 4.743450023687220352e+01
4.693715594332417851e+01 5.058274266757572235e+01
4.693715594332417851e+01 4.818979850946919186e+01
4.693715594332417851e+01 4.366103841450900092e+01
4.693715594332417851e+01 4.443857817123726761e+01
4.693715594332417851e+01 4.429190004387419322e+01
4.693715594332417851e+01 4.500197543331335481e+01
4.693715594332417851e+01 4.620690656175469258e+01
4.693715594332417851e+01 4.899650385822403820e+01
4.693715594332417851e+01 4.591999204609081886e+01
4.693715594332417851e+01 5.054061516194029480e+01
4.693715594332417851e+01 4.106326436675483649e+01
4.693715594332417851e+01 4.591733577997755589e+01
4.693715594332417851e+01 4.440212761084232795e+01
4.693715594332417851e+01 4.577315079756398575e+01
4.693715594332417851e+01 4.593330268911271475e+01
4.693715594332417851e+01 4.653235620651454241e+01
4.693715594332417851e+01 4.659418508486072596e+01
4.693715594332417851e+01 5.081851974251129178e+01
4.693715594332417851e+01 5.248195008715907761e+01
4.693715594332417851e+01 4.447887599818565008e+01
4.693715594332417851e+01 4.324643475430492146e+01
4.693715594332417851e+01 4.114743869674407506e+01
4.693715594332417851e+01 5.082629205356860069e+01
4.693715594332417851e+01 4.382899253510213100e+01
4.693715594332417851e+01 4.851364112900179748e+01
4.693715594332417851e+01 4.446948322082511140e+01
4.693715594332417851e+01 4.196811471352454248e+01
4.693715594332417851e+01 4.323627280321033339e+01
4.693715594332417851e+01 4.253953138026967906e+01
4.693715594332417851e+01 4.782750257267925065e+01
4.693715594332417851e+01 4.758473751374139482e+01
4.693715594332417851e+01 4.771044021581584360e+01
4.693715594332417851e+01 4.263771822836188363e+01
4.693715594332417851e+01 4.776758726572171554e+01
4.693715594332417851e+01 5.167355173914172184e+01
4.693715594332417851e+01 4.522423638999053708e+01
4.693715594332417851e+01 4.305626297218219634e+01
4.693715594332417851e+01 4.378293364694287959e+01
4.693715594332417851e+01 4.629601638974475719e+01
4.693715594332417851e+01 4.758544601172847877e+01
4.693715594332417851e+01 4.746515698837638553e+01
4.693715594332417851e+01 4.451941105069510485e+01
4.693715594332417851e+01 4.572528590911532120e+01
4.693715594332417851e+01 4.426882056953927957e+01
4.693715594332417851e+01 4.203377187880964527e+01
4.693715594332417851e+01 4.435046754028910954e+01
4.693715594332417851e+01 4.249365362911617439e+01
4.693715594332417851e+01 4.643602063026500559e+01
4.693715594332417851e+01 4.530632247190236228e+01
4.693715594332417851e+01 4.779266658216387498e+01
4.693715594332417851e+01 4.940233954938045002e+01
4.693715594332417851e+01 4.209379793241612333e+01
4.693715594332417851e+01 4.643053141656548632e+01
4.693715594332417851e+01 5.242221587067135857e+01
4.693715594332417851e+01 4.401935311432955444e+01
4.693715594332417851e+01 5.082383711105628521e+01
4.693715594332417851e+01 4.760336289265319465e+01
4.693715594332417851e+01 4.294342133701582753e+01
4.693715594332417851e+01 4.716940126922985144e+01
4.693715594332417851e+01 4.085641760893071250e+01
4.693715594332417851e+01 4.777532242924704065e+01
4.693715594332417851e+01 5.111341924322650954e+01
4.693715594332417851e+01 4.738364352742961216e+01
4.693715594332417851e+01 4.634571818705393298e+01
4.693715594332417851e+01 4.436826702643333675e+01
4.693715594332417851e+01 5.072690871998322137e+01
4.693715594332417851e+01 5.250836399460933990e+01
4.693715594332417851e+01 4.805349440902504909e+01
4.693715594332417851e+01 4.951211254884267277e+01
4.693715594332417851e+01 4.693183175479338587e+01
4.693715594332417851e+01 4.592188698565649929e+01
4.693715594332417851e+01 4.662489113697139231e+01
4.693715594332417851e+01 4.371742681948189357e+01
4.693715594332417851e+01 3.584343965264119447e+01
4.693715594332417851e+01 4.750971176688302933e+01
4.693715594332417851e+01 4.647334581315647029e+01
4.693715594332417851e+01 4.915024678035734951e+01
4.693715594332417851e+01 4.687768591019631970e+01
4.693715594332417851e+01 4.409614656641760178e+01
4.693715594332417851e+01 4.554875506243661931e+01
4.693715594332417851e+01 4.398581885438452588e+01
4.693715594332417851e+01 4.081228789552496039e+01
4.693715594332417851e+01 4.754629218412849667e+01
4.693715594332417851e+01 4.358172082763036315e+01
4.693715594332417851e+01 4.389992748935849676e+01
4.693715594332417851e+01 4.574408963203601530e+01
4.693715594332417851e+01 4.319039035637023005e+01
4.693715594332417851e+01 4.380730561747098051e+01
4.693715594332417851e+01 4.503806077060389867e+01
4.693715594332417851e+01 4.378385720405077564e+01
4.693715594332417851e+01 4.365719471397137852e+01
4.693715594332417851e+01 4.753753534464846098e+01
4.693715594332417851e+01 4.260161339268057645e+01
4.693715594332417851e+01 4.533011168865930784e+01
4.693715594332417851e+01 4.922793041177965279e+01
4.693715594332417851e+01 4.709025317594004889e+01
4.693715594332417851e+01 4.594797759315440544e+01
4.693715594332417851e+01 4.329096219183885808e+01
4.693715594332417851e+01 4.568119026866740029e+01
4.693715594332417851e+01 4.621147522543689234e+01
4.693715594332417851e+01 4.356841191612414832e+01
4.693715594332417851e+01 4.877224114527211185e+01
4.693715594332417851e+01 4.803509514893677590e+01
4.693715594332417851e+01 4.283679164384534488e+01
4.693715594332417851e+01 4.423027083160349804e+01
4.693715594332417851e+01 5.082566053426064201e+01
4.693715594332417851e+01 4.848134951686598981e+01
4.693715594332417851e+01 4.564980375749910024e+01
4.693715594332417851e+01 4.765667252007897758e+01
4.693715594332417851e+01 5.200899404967954354e+01
4.693715594332417851e+01 5.104183854253477648e+01
4.693715594332417851e+01 4.744384894241347439e+01
4.693715594332417851e+01 4.614764289517573559e+01
4.693715594332417851e+01 4.774359571582594697e+01
4.693715594332417851e+01 4.260856954019765652e+01
4.693715594332417851e+01 4.951473145113391183e+01
4.693715594332417851e+01 4.661422303248468069e+01
4.693715594332417851e+01 3.744511318113927700e+01
4.693715594332417851e+01 4.870725090466527263e+01
4.693715594332417851e+01 4.339387341966278910e+01
4.693715594332417851e+01 4.494072263243271692e+01
4.693715594332417851e+01 4.662401384900584134e+01
4.693715594332417851e+01 4.613033183929912440e+01
4.693715594332417851e+01 4.765736822488376134e+01
4.693715594332417851e+01 4.013967762952520957e+01
4.693715594332417851e+01 4.836054735878600752e+01
4.693715594332417851e+01 4.252703550254233278e+01
4.693715594332417851e+01 4.850410418653500955e+01
4.693715594332417851e+01 4.597559211012143976e+01
4.693715594332417851e+01 4.820583435411930395e+01
4.693715594332417851e+01 4.681694590434558023e+01
4.693715594332417851e+01 4.726905413348363538e+01
4.693715594332417851e+01 4.884814551596255683e+01
4.693715594332417851e+01 4.825442516918033675e+01
4.693715594332417851e+01 4.486122669835934573e+01
4.693715594332417851e+01 4.662320143053393195e+01
4.693715594332417851e+01 5.125098281496444486e+01
4.693715594332417851e+01 4.652908528476295658e+01
4.693715594332417851e+01 4.927898644949047480e+01
4.693715594332417851e+01 4.078170473243091010e+01
4.693715594332417851e+01 4.433596096532685493e+01
4.693715594332417851e+01 4.529788315482328187e+01
4.693715594332417851e+01 3.967064495954024750e+01
4.693715594332417851e+01 4.550813629008428762e+01
4.693715594332417851e+01 4.290362166555590306e+01
4.693715594332417851e+01 4.236117777324427180e+01
4.693715594332417851e+01 4.890774258254427309e+01
4.693715594332417851e+01 4.814139061682280385e+01
4.693715594332417851e+01 4.536816892131777479e+01
4.693715594332417851e+01 4.729396439823899811e+01
4.693715594332417851e+01 4.730538945286251362e+01
4.693715594332417851e+01 5.003530127148555096e+01
4.693715594332417851e+01 4.803239476649047646e+01
4.693715594332417851e+01 5.081989931886342760e+01
4.693715594332417851e+01 5.341845411759103257e+01
4.693715594332417851e+01 4.831470672856967497e+01
4.693715594332417851e+01 4.378594736446627422e+01
4.693715594332417851e+01 4.931635732027078234e+01
4.693715594332417851e+01 5.513367649319019392e+01
4.693715594332417851e+01 4.799569540895367936e+01
4.693715594332417851e+01 4.333164838351748216e+01
4.693715594332417851e+01 4.982509782050136948e+01
4.693715594332417851e+01 4.839600239268250448e+01
4.693715594332417851e+01 4.645378052572970518e+01
4.693715594332417851e+01 4.468932837889605025e+01
4.693715594332417851e+01 4.765184428511696524e+01
4.693715594332417851e+01 4.385599502765279567e+01
4.693715594332417851e+01 4.729725399706702405e+01
4.693715594332417851e+01 5.507205443679350765e+01
4.693715594332417851e+01 4.735715411625099591e+01
4.693715594332417851e+01 5.122875137341235074e+01
4.693715594332417851e+01 4.928081146143672697e+01
4.693715594332417851e+01 4.484425070264952495e+01
4.693715594332417851e+01 5.124086092957173832e+01
4.693715594332417851e+01 4.860774762599784538e+01
4.693715594332417851e+01 5.354599692887588702e+01
4.693715594332417851e+01 4.588320298152154209e+01
4.693715594332417851e+01 4.934744088740514201e+01
4.693715594332417851e+01 4.686477955926169159e+01
4.693715594332417851e+01 4.472331041101603688e+01
4.693715594332417851e+01 4.956778931087715279e+01
4.693715594332417851e+01 4.363964652793794130e+01
4.693715594332417851e+01 4.656423889155618667e+01
4.693715594332417851e+01 4.945622289301109475e+01
4.693715594332417851e+01 4.281251562754735573e+01
4.693715594332417851e+01 5.066458730569993918e+01
4.693715594332417851e+01 4.957941403537530078e+01
4.693715594332417851e+01 4.412105161438037015e+01
4.693715594332417851e+01 4.452542952036812807e+01
4.693715594332417851e+01 4.757401846261375766e+01
4.693715594332417851e+01 4.601170389116425952e+01
4.693715594332417851e+01 4.716642890268668964e+01
4.693715594332417851e+01 4.592692611788439194e+01
4.693715594332417851e+01 4.448759807465518179e+01
4.693715594332417851e+01 5.734871370913254651e+01
4.693715594332417851e+01 5.048903191787265854e+01
4.693715594332417851e+01 4.819579859298700342e+01
4.693715594332417851e+01 4.802602324586228377e+01
4.693715594332417851e+01 4.640303198109808136e+01
4.693715594332417851e+01 5.003757691533315466e+01
4.693715594332417851e+01 4.336935458500363438e+01
4.693715594332417851e+01 4.947860027135100580e+01
4.693715594332417851e+01 5.132606603833319525e+01
4.693715594332417851e+01 4.801219441299954127e+01
4.693715594332417851e+01 4.196984968165448748e+01
4.693715594332417851e+01 4.859313040760996927e+01
4.693715594332417851e+01 4.556350983502773744e+01
4.693715594332417851e+01 4.892731022195765433e+01
4.693715594332417851e+01 4.310043107587006261e+01
4.693715594332417851e+01 4.476933885669427582e+01
4.693715594332417851e+01 4.687477043114512298e+01
4.693715594332417851e+01 4.548514234918967958e+01
4.693715594332417851e+01 4.673306984593720159e+01
4.693715594332417851e+01 3.737172327138885208e+01
4.693715594332417851e+01 4.288294167263501322e+01
4.693715594332417851e+01 4.673687223335615926e+01
4.693715594332417851e+01 5.037972546669472251e+01
4.693715594332417851e+01 4.157136724015445139e+01
4.693715594332417851e+01 4.650772018352592596e+01
4.693715594332417851e+01 4.088147929221251076e+01
4.693715594332417851e+01 4.536250277241001072e+01
4.693715594332417851e+01 4.921402616765200122e+01
4.693715594332417851e+01 4.727422381573067867e+01
4.693715594332417851e+01 4.412073496779613890e+01
4.693715594332417851e+01 4.525135702593232878e+01
4.693715594332417851e+01 4.664212621800907499e+01
4.693715594332417851e+01 4.552163346595751392e+01
4.693715594332417851e+01 4.453147176087443881e+01
4.693715594332417851e+01 5.136569863856851725e+01
4.693715594332417851e+01 5.048171661566950519e+01
4.693715594332417851e+01 4.243449313912075382e+01
4.693715594332417851e+01 4.477128663365280659e+01
4.693715594332417851e+01 5.295914148363266349e+01
4.693715594332417851e+01 4.743537402835482908e+01
4.693715594332417851e+01 4.527961171056038125e+01
4.693715594332417851e+01 4.524607057183970937e+01
4.693715594332417851e+01 4.727953919131439875e+01
4.693715594332417851e+01 4.523122603317944623e+01
4.693715594332417851e+01 5.282205675069403128e+01
4.693715594332417851e+01 4.770900622104915101e+01
4.693715594332417851e+01 4.585172485822080546e+01
4.693715594332417851e+01 4.646154770839049064e+01
4.693715594332417851e+01 4.762238848648165401e+01
4.693715594332417851e+01 5.105489501183574674e+01
4.693715594332417851e+01 4.193141542293573565e+01
4.693715594332417851e+01 4.527797759672699840e+01
4.693715594332417851e+01 4.007979298227486709e+01
4.693715594332417851e+01 4.227331394168332679e+01
4.693715594332417851e+01 4.306675670556713698e+01
4.693715594332417851e+01 4.763760330666497111e+01
4.693715594332417851e+01 4.310964150946765727e+01
4.693715594332417851e+01 4.977075325097614211e+01
4.693715594332417851e+01 4.079675226734934768e+01
4.693715594332417851e+01 4.290417788960567691e+01
4.693715594332417851e+01 4.056720774636267635e+01
4.693715594332417851e+01 4.867892672592585512e+01
4.693715594332417851e+01 4.654354854736671854e+01
4.693715594332417851e+01 4.435176819579995566e+01
4.693715594332417851e+01 4.857581821588585314e+01
4.693715594332417851e+01 5.015928807575120629e+01
4.693715594332417851e+01 4.551853704506493159e+01
4.693715594332417851e+01 4.484622489261177236e+01
4.693715594332417851e+01 4.769332770237016916e+01
4.693715594332417851e+01 5.019853509383985823e+01
4.693715594332417851e+01 5.336658020955077575e+01
4.693715594332417851e+01 4.825513862424441669e+01
4.693715594332417851e+01 4.882738890343915727e+01
4.693715594332417851e+01 4.785967354284994713e+01
4.693715594332417851e+01 4.816808889488013534e+01
4.693715594332417851e+01 4.893455661875424312e+01
4.693715594332417851e+01 5.085464711195989196e+01
4.693715594332417851e+01 4.688449804980065494e+01
4.693715594332417851e+01 4.570963233205606002e+01
4.693715594332417851e+01 5.339068182290719733e+01
4.693715594332417851e+01 4.673158703976023531e+01
4.693715594332417851e+01 4.380711934101551464e+01
4.693715594332417851e+01 4.573553891292399953e+01
4.693715594332417851e+01 4.817619054998560557e+01
4.693715594332417851e+01 4.950386801267617898e+01
4.693715594332417851e+01 5.008830047341666614e+01
4.693715594332417851e+01 4.784176061456593487e+01
4.693715594332417851e+01 4.349387590230041667e+01
4.693715594332417851e+01 5.012285083554879606e+01
4.693715594332417851e+01 4.293638641057102490e+01
4.693715594332417851e+01 4.349526595127158402e+01
4.693715594332417851e+01 4.574253561672463775e+01
4.693715594332417851e+01 4.873554187957237360e+01
4.693715594332417851e+01 4.814815476253750148e+01
4.693715594332417851e+01 4.853814025969876411e+01
4.693715594332417851e+01 5.412190482179519080e+01
4.693715594332417851e+01 4.552325435890743677e+01
4.693715594332417851e+01 5.229771454193672753e+01
4.693715594332417851e+01 4.801288045804225391e+01
4.693715594332417851e+01 4.080114274360533244e+01
4.693715594332417851e+01 4.220975504281086899e+01
4.693715594332417851e+01 4.230025751279241319e+01
4.693715594332417851e+01 4.827106818914811015e+01
4.693715594332417851e+01 5.078081097103612507e+01
4.693715594332417851e+01 4.234653931706738206e+01
4.693715594332417851e+01 4.842223929229906076e+01
4.693715594332417851e+01 4.290757721588754237e+01
4.693715594332417851e+01 4.636883908422616685e+01
4.693715594332417851e+01 4.395556854355612586e+01
4.693715594332417851e+01 5.088854555101826094e+01
4.693715594332417851e+01 4.799676926307366642e+01
4.693715594332417851e+01 4.943913541954387370e+01
4.693715594332417851e+01 4.831567180949937068e+01
4.693715594332417851e+01 4.595580317753854160e+01
4.693715594332417851e+01 4.532071329892115585e+01
4.693715594332417851e+01 4.418277581713034152e+01
4.693715594332417851e+01 4.832866270243665241e+01
4.693715594332417851e+01 4.908695883026902607e+01
4.693715594332417851e+01 4.212353567685725864e+01
4.693715594332417851e+01 4.310761568660253573e+01
4.693715594332417851e+01 4.407143989357119551e+01
4.693715594332417851e+01 4.949412405733923492e+01
4.693715594332417851e+01 4.521947424117144010e+01
4.693715594332417851e+01 4.832121267414211019e+01
4.693715594332417851e+01 4.994586601469545428e+01
4.693715594332417851e+01 4.033993296930866990e+01
4.693715594332417851e+01 4.254457825676892213e+01
4.693715594332417851e+01 4.286188643528181785e+01
4.693715594332417851e+01 3.945228039792357322e+01
4.693715594332417851e+01 5.001460870555965954e+01
4.693715594332417851e+01 4.479243891855799120e+01
4.693715594332417851e+01 4.779812056469535264e+01
4.693715594332417851e+01 3.990022148565409310e+01
4.693715594332417851e+01 4.619855561391905496e+01
4.693715594332417851e+01 4.303559299887096046e+01
4.693715594332417851e+01 4.334568490660819862e+01
4.693715594332417851e+01 4.360989169043731550e+01
4.693715594332417851e+01 5.176260722821541549e+01
4.693715594332417851e+01 5.028482639172423774e+01
4.693715594332417851e+01 5.026609602820125389e+01
4.693715594332417851e+01 4.347569893458577184e+01
4.693715594332417851e+01 4.592708352984745801e+01
4.693715594332417851e+01 4.434367759352306848e+01
4.693715594332417851e+01 5.137920672977749348e+01
4.693715594332417851e+01 4.437325701566837211e+01
4.693715594332417851e+01 4.732437045091674577e+01
4.693715594332417851e+01 5.456137417849028282e+01
4.693715594332417851e+01 5.365237568268923951e+01
4.693715594332417851e+01 4.594133005916984303e+01
4.693715594332417851e+01 5.044729001903178300e+01
4.693715594332417851e+01 4.501661107002508544e+01
4.693715594332417851e+01 4.553842520193466470e+01
4.693715594332417851e+01 4.584804143385755282e+01
4.693715594332417851e+01 4.025152266252523958e+01
4.693715594332417851e+01 5.117170156466748665e+01
4.693715594332417851e+01 4.345531325175949178e+01
4.693715594332417851e+01 4.894107478743399753e+01
4.693715594332417851e+01 4.397239003910853938e+01
4.693715594332417851e+01 4.789154978896095116e+01
4.693715594332417851e+01 5.091815950828510040e+01
4.693715594332417851e+01 4.421328582167797094e+01
4.693715594332417851e+01 4.758004905007326357e+01
4.693715594332417851e+01 4.554079397844576960e+01
4.693715594332417851e+01 4.426979930115603423e+01
4.693715594332417851e+01 5.374651054825260843e+01
4.693715594332417851e+01 5.067482316294918121e+01
4.693715594332417851e+01 4.451734357332517078e+01
4.693715594332417851e+01 4.201721611684376967e+01
4.693715594332417851e+01 4.365544928917869782e+01
4.693715594332417851e+01 4.626133667528707605e+01
4.693715594332417851e+01 4.448205907475545473e+01
4.693715594332417851e+01 4.397490694289894009e+01
4.693715594332417851e+01 4.671099279018650208e+01
4.693715594332417851e+01 4.203183671410689470e+01
4.693715594332417851e+01 4.195506846196290951e+01
4.693715594332417851e+01 5.264579064677398890e+01
4.693715594332417851e+01 4.237694392286213230e+01
4.693715594332417851e+01 4.365886996645122053e+01
4.693715594332417851e+01 4.009169694701516562e+01
4.693715594332417851e+01 4.794930375696449687e+01
4.693715594332417851e+01 4.982077095898668517e+01
4.693715594332417851e+01 5.041520274401627688e+01
4.693715594332417851e+01 4.330930152387109189e+01
4.693715594332417851e+01 4.838113093676105336e+01
4.693715594332417851e+01 4.501384696999095780e+01
4.693715594332417851e+01 4.634603577316104150e+01
4.693715594332417851e+01 4.427983227737986027e+01
4.693715594332417851e+01 5.334954295409528413e+01
4.693715594332417851e+01 4.433608607059270668e+01
4.693715594332417851e+01 4.284316920264341633e+01
4.693715594332417851e+01 4.633563636638722727e+01
4.693715594332417851e+01 4.403145096957013749e+01
4.693715594332417851e+01 4.981737625106246270e+01
4.693715594332417851e+01 4.751878050609137460e+01
4.693715594332417851e+01 4.618582012695411976e+01
4.693715594332417851e+01 4.972051543643465976e+01
4.693715594332417851e+01 4.675261108359411111e+01
4.693715594332417851e+01 4.344006442151900416e+01
4.693715594332417851e+01 4.861845333889043275e+01
4.693715594332417851e+01 4.087949262783173054e+01
4.693715594332417851e+01 4.939952356288288371e+01
4.693715594332417851e+01 4.386724583705493075e+01
4.693715594332417851e+01 4.438177638865158769e+01
4.693715594332417851e+01 4.073381123759232736e+01
4.693715594332417851e+01 4.822129371135577003e+01
4.693715594332417851e+01 5.118434017392434754e+01
4.693715594332417851e+01 4.158735867650115381e+01
4.693715594332417851e+01 4.458839055203741708e+01
4.693715594332417851e+01 4.254465778986521940e+01
4.693715594332417851e+01 4.589705664406962171e+01
4.693715594332417851e+01 4.677823339717776463e+01
4.693715594332417851e+01 3.870771193968904100e+01
4.693715594332417851e+01 4.718425120589887456e+01
4.693715594332417851e+01 4.473838596806599810e+01
4.693715594332417851e+01 4.479237862842229134e+01
4.693715594332417851e+01 5.722985802914951847e+01
4.693715594332417851e+01 4.746662732627951442e+01
4.693715594332417851e+01 4.532133838623103372e+01
4.693715594332417851e+01 5.033696417798450540e+01
4.693715594332417851e+01 4.785845519107070345e+01
4.693715594332417851e+01 4.594853527661360459e+01
4.693715594332417851e+01 4.438302654755429444e+01
4.693715594332417851e+01 4.880898428254219112e+01
4.693715594332417851e+01 4.772933711774927446e+01
4.693715594332417851e+01 4.171542670755191295e+01
4.693715594332417851e+01 4.667400950904139023e+01
4.693715594332417851e+01 5.019985422216960558e+01
4.693715594332417851e+01 5.042560991461769504e+01
4.693715594332417851e+01 4.698305958640310820e+01
4.693715594332417851e+01 4.266114626367197360e+01
4.693715594332417851e+01 5.304785017478693021e+01
4.693715594332417851e+01 4.423238347455193065e+01
4.693715594332417851e+01 4.888615350619778610e+01
4.693715594332417851e+01 5.080952947333851455e+01
4.693715594332417851e+01 4.430401307568591562e+01
4.693715594332417851e+01 4.303564860288193472e+01
4.693715594332417851e+01 4.870619961487972205e+01
4.693715594332417851e+01 4.832931134619748548e+01
4.693715594332417851e+01 4.083591840946952090e+01
4.693715594332417851e+01 4.621929058630478693e+01
4.693715594332417851e+01 4.779364225370252939e+01
4.693715594332417851e+01 5.083131032584860520e+01
4.693715594332417851e+01 4.987291003060242645e+01
4.693715594332417851e+01 4.741402727489498403e+01
4.693715594332417851e+01 4.260816735069548855e+01
4.693715594332417851e+01 4.447700125150745976e+01
4.693715594332417851e+01 4.276983259573994900e+01
4.693715594332417851e+01 4.489978091782455749e+01
4.693715594332417851e+01 4.507935158961294064e+01
4.693715594332417851e+01 4.512348139729861174e+01
4.693715594332417851e+01 4.382595589008160886e+01
4.693715594332417851e+01 4.558307955220143981e+01
4.693715594332417851e+01 4.081643751391294472e+01
4.693715594332417851e+01 4.409039783699086712e+01
4.693715594332417851e+01 4.682431397700900533e+01
4.693715594332417851e+01 5.086406053453065823e+01
4.693715594332417851e+01 5.530972485297309049e+01
4.693715594332417851e+01 4.576033276532795213e+01
4.693715594332417851e+01 4.530165448891046509e+01
4.693715594332417851e+01 4.607469729253470803e+01
4.693715594332417851e+01 4.309210065048993243e+01
4.693715594332417851e+01 4.823330057064101339e+01
4.693715594332417851e+01 5.095782288219537293e+01
4.693715594332417851e+01 4.625099434496591755e+01
4.693715594332417851e+01 4.686811370602897142e+01
4.693715594332417851e+01 4.881191252851560591e+01
4.693715594332417851e+01 4.341731146377355088e+01
4.693715594332417851e+01 4.462315057716180888e+01
4.693715594332417851e+01 4.464868504032779128e+01
4.693715594332417851e+01 4.321844298974457388e+01
4.693715594332417851e+01 4.576223609175511342e+01
4.693715594332417851e+01 4.386738990332643340e+01
4.693715594332417851e+01 4.842293336407757209e+01
4.693715594332417851e+01 4.371590920898209021e+01
4.693715594332417851e+01 5.055311712033159210e+01
4.693715594332417851e+01 4.733624292298394920e+01
4.693715594332417851e+01 3.826226783153707345e+01
4.693715594332417851e+01 4.449984269750355281e+01
4.693715594332417851e+01 4.982572247349691708e+01
4.693715594332417851e+01 4.206350650767898713e+01
4.693715594332417851e+01 4.434244659748891593e+01
4.693715594332417851e+01 4.256688779248860754e+01
4.693715594332417851e+01 4.561339934794606421e+01
4.693715594332417851e+01 4.349563736733679065e+01
4.693715594332417851e+01 4.966197711669568093e+01
4.693715594332417851e+01 4.509521623754970676e+01
4.693715594332417851e+01 5.024584797371053924e+01
4.693715594332417851e+01 4.735060000305899308e+01
4.693715594332417851e+01 4.969517545786789015e+01
4.693715594332417851e+01 4.657502364458264310e+01
4.693715594332417851e+01 4.609207110451873035e+01
4.693715594332417851e+01 4.618185512349607791e+01
4.693715594332417851e+01 4.656059092986091485e+01
4.693715594332417851e+01 4.144624483138819215e+01
4.693715594332417851e+01 5.003257221916283726e+01
4.693715594332417851e+01 4.942164793099909303e+01
4.693715594332417851e+01 5.076096547345157717e+01
4.693715594332417851e+01 4.815401824095162908e+01
4.693715594332417851e+01 4.835959272141381149e+01
4.693715594332417851e+01 4.837956851785279611e+01
4.693715594332417851e+01 4.227423185591355548e+01
4.693715594332417851e+01 4.948870480121416904e+01
4.693715594332417851e+01 4.141250046388851302e+01
4.693715594332417851e+01 4.463859853519854681e+01
4.693715594332417851e+01 4.891489950735346071e+01
4.693715594332417851e+01 4.882807520331312645e+01
4.693715594332417851e+01 4.595060843249220284e+01
4.693715594332417851e+01 4.994767866014376523e+01
4.693715594332417851e+01 4.695408365713912957e+01
4.693715594332417851e+01 4.177786562982308993e+01
4.693715594332417851e+01 4.379892621733868197e+01
4.693715594332417851e+01 5.123206759103296548e+01
4.693715594332417851e+01 4.365425719379668124e+01
4.693715594332417851e+01 4.723110738098617389e+01
4.693715594332417851e+01 4.430637952635213139e+01
4.693715594332417851e+01 4.711241405316523867e+01
4.693715594332417851e+01 4.467996935433095018e+01
4.693715594332417851e+01 4.391643583843342213e+01
4.693715594332417851e+01 4.890458046220742006e+01
4.693715594332417851e+01 4.253368391730693077e+01
4.693715594332417851e+01 5.209248257506286706e+01
4.693715594332417851e+01 4.849962986518692531e+01
4.693715594332417851e+01 4.429995139712761443e+01
4.693715594332417851e+01 5.149043750427819077e+01
4.693715594332417851e+01 4.361514574877357120e+01
4.693715594332417851e+01 4.071853535913081146e+01
4.693715594332417851e+01 4.635409507199592838e+01
4.693715594332417851e+01 3.982212207731890175e+01
4.693715594332417851e+01 4.667612660595619190e+01
4.693715594332417851e+01 4.918914024013759700e+01
4.693715594332417851e+01 4.667884053084448936e+01
4.693715594332417851e+01 4.211064199268619745e+01
4.693715594332417851e+01 4.730059090379482001e+01
4.693715594332417851e+01 4.501208061886097056e+01
4.693715594332417851e+01 4.473486348204028928e+01
4.693715594332417851e+01 5.044504226507905287e+01
4.693715594332417851e+01 4.260080702865528934e+01
4.693715594332417851e+01 4.902553280988650641e+01
4.693715594332417851e+01 4.425333806822646920e+01
4.693715594332417851e+01 4.933967851561533280e+01
4.693715594332417851e+01 4.133124306337938947e+01
4.693715594332417851e+01 4.062947542426181258e+01
4.693715594332417851e+01 4.515196458041754823e+01
4.693715594332417851e+01 4.816503544498981881e+01
4.693715594332417851e+01 4.193015113230193691e+01
4.693715594332417851e+01 4.948672542380385408e+01
4.693715594332417851e+01 4.678088226083493595e+01
4.693715594332417851e+01 4.523589908428704121e+01
4.693715594332417851e+01 4.979351165524945344e+01
4.693715594332417851e+01 4.272573785140000524e+01
4.693715594332417851e+01 4.579575093194530666e+01
4.693715594332417851e+01 4.513278176604122649e+01
4.693715594332417851e+01 4.457969595402506258e+01
4.693715594332417851e+01 4.941860155235011831e+01
4.693715594332417851e+01 4.715630941649789065e+01
4.693715594332417851e+01 5.363521338911841951e+01
4.693715594332417851e+01 4.903956207685480706e+01
4.693715594332417851e+01 4.436622461903810688e+01
4.693715594332417851e+01 5.008661006875129118e+01
4.693715594332417851e+01 4.379361877834598005e+01
4.693715594332417851e+01 4.713178972730013783e+01
4.693715594332417851e+01 4.503838347286131949e+01
4.693715594332417851e+01 4.520730067387768969e+01
4.693715594332417851e+01 4.930798813022445870e+01
4.693715594332417851e+01 4.671867545520929355e+01
4.693715594332417851e+01 4.864159678073107784e+01
4.693715594332417851e+01 4.498329284121626870e+01
4.693715594332417851e+01 4.358383139905554771e+01
4.693715594332417851e+01 4.321466960984512440e+01
4.693715594332417851e+01 4.788424882788572035e+01
4.693715594332417851e+01 4.989542413992388248e+01
4.693715594332417851e+01 4.492437906358930633e+01
4.693715594332417851e+01 4.793033218637653192e+01
4.693715594332417851e+01 4.585688674439558099e+01
4.693715594332417851e+01 4.948038410850048763e+01
4.693715594332417851e+01 4.793326794443811423e+01
4.693715594332417851e+01 4.580640084705641613e+01
4.693715594332417851e+01 4.429735945094665794e+01
4.693715594332417851e+01 5.324053204659711724e+01
4.693715594332417851e+01 5.014206590964890609e+01
4.693715594332417851e+01 4.835742838769231611e+01
4.693715594332417851e+01 4.809588017283161321e+01
4.693715594332417851e+01 4.282015677097186312e+01
4.693715594332417851e+01 5.154741922933745712e+01
4.693715594332417851e+01 5.003312085241837082e+01
4.693715594332417851e+01 4.574455117108877999e+01
4.693715594332417851e+01 5.476955253018559944e+01
4.693715594332417851e+01 4.654721604589744999e+01
4.693715594332417851e+01 4.314166431197909191e+01
4.693715594332417851e+01 4.749034975899517974e+01
4.693715594332417851e+01 4.523379206953583065e+01
4.693715594332417851e+01 4.788418256236535342e+01
4.693715594332417851e+01 4.979269099353419392e+01
4.693715594332417851e+01 4.538836849401202755e+01
4.693715594332417851e+01 4.410353203657927423e+01
4.693715594332417851e+01 4.958099459808119036e+01
4.693715594332417851e+01 4.491952427365372813e+01
4.693715594332417851e+01 4.794916354013697202e+01
4.693715594332417851e+01 4.245022082715013312e+01
4.693715594332417851e+01 4.561436471567638051e+01
4.693715594332417851e+01 4.943290419683007286e+01
4.693715594332417851e+01 4.125120122586263705e+01
4.693715594332417851e+01 4.753401377231013925e+01
4.693715594332417851e+01 5.063899118773230157e+01
4.693715594332417851e+01 4.793637627999915196e+01
4.693715594332417851e+01 4.593673686428720515e+01
4.693715594332417851e+01 4.674863025375777426e+01
4.693715594332417851e+01 4.662942978918376014e+01
4.693715594332417851e+01 4.738136864022042261e+01
4.693715594332417851e+01 4.473484988851832611e+01
4.693715594332417851e+01 4.349316820798781436e+01
4.693715594332417851e+01 4.654040578692848840e+01
4.693715594332417851e+01 4.571722654658793772e+01
4.693715594332417851e+01 5.564630498649390944e+01
4.693715594332417851e+01 4.747743350231998249e+01
4.693715594332417851e+01 4.866655901290256026e+01
4.693715594332417851e+01 4.205219236565135077e+01
4.693715594332417851e+01 4.603199937832242483e+01
4.693715594332417851e+01 4.277925942966334105e+01
4.693715594332417851e+01 4.880548335231753043e+01
4.693715594332417851e+01 4.853831025847353686e+01
4.693715594332417851e+01 4.466565034506091081e+01
4.693715594332417851e+01 4.306697044546108089e+01
4.693715594332417851e+01 4.903836454092083841e+01
4.693715594332417851e+01 4.456987998795619887e+01
4.693715594332417851e+01 5.029525080209051424e+01
4.693715594332417851e+01 4.540269391798596388e+01
4.693715594332417851e+01 4.955286784194504435e+01
4.693715594332417851e+01 4.955590712447718715e+01
4.693715594332417851e+01 4.246778724962487672e+01
4.693715594332417851e+01 4.525572679409145138e+01
4.693715594332417851e+01 4.206342224631882942e+01
4.693715594332417851e+01 4.390979110684389752e+01
4.693715594332417851e+01 4.244247384988213412e+01
4.693715594332417851e+01 4.770197058426296621e+01
4.693715594332417851e+01 4.805529823000941292e+01
4.693715594332417851e+01 4.419161133960929533e+01
4.693715594332417851e+01 5.041776296987977446e+01
4.693715594332417851e+01 4.459272923309016790e+01
4.693715594332417851e+01 5.094149564929350049e+01
4.693715594332417851e+01 4.960509767941783821e+01
4.693715594332417851e+01 4.325241973041659804e+01
4.693715594332417851e+01 4.485254648250010234e+01
4.693715594332417851e+01 4.421982192770016695e+01
4.693715594332417851e+01 5.112096462719504331e+01
4.693715594332417851e+01 4.776768753302324200e+01
4.693715594332417851e+01 4.626462672192126746e+01
4.693715594332417851e+01 4.814309753054018870e+01
4.693715594332417851e+01 4.524494794294168543e+01
4.693715594332417851e+01 5.255055279562891712e+01
4.693715594332417851e+01 4.303503209673329621e+01
4.693715594332417851e+01 4.532096980554832300e+01
4.693715594332417851e+01 4.820712550281404418e+01
4.693715594332417851e+01 4.504244558675819832e+01
4.693715594332417851e+01 4.679753722798991333e+01
4.693715594332417851e+01 4.507790118492903275e+01
4.693715594332417851e+01 4.433125657357459914e+01
4.693715594332417851e+01 4.752494183713805853e+01
4.693715594332417851e+01 4.377714155603894852e+01
4.693715594332417851e+01 4.406255457536576614e+01
4.693715594332417851e+01 4.942769769336707242e+01
4.693715594332417851e+01 5.349501823832350311e+01
4.693715594332417851e+01 4.387043062343084898e+01
4.693715594332417851e+01 4.583643830166522548e+01
4.693715594332417851e+01 4.169312439862170550e+01
4.693715594332417851e+01 5.113468474279360265e+01
4.693715594332417851e+01 5.107636742648080030e+01
4.693715594332417851e+01 4.884027103975015649e+01
4.693715594332417851e+01 5.155550774421494253e+01
4.693715594332417851e+01 4.468277917590503279e+01
4.693715594332417851e+01 5.198563606891383415e+01
4.693715594332417851e+01 4.664877182636460873e+01
4.693715594332417851e+01 5.083935649177019656e+01
4.693715594332417851e+01 5.200848231308232528e+01
4.693715594332417851e+01 4.320957473366789969e+01
4.693715594332417851e+01 4.364857641251190756e+01
4.693715594332417851e+01 4.453343340977088616e+01
4.693715594332417851e+01 4.338338323309562838e+01
4.693715594332417851e+01 4.715844623191168949e+01
4.693715594332417851e+01 4.478867662457235355e+01
4.693715594332417851e+01 4.538321601124668092e+01
4.693715594332417851e+01 4.629948751651237160e+01
4.693715594332417851e+01 5.031320360658521196e+01
4.693715594332417851e+01 4.561492225805677947e+01
4.693715594332417851e+01 4.966429871133536977e+01
4.693715594332417851e+01 3.984414327441043469e+01
4.693715594332417851e+01 4.214288126187078376e+01
4.693715594332417851e+01 4.365506861328640298e+01
4.693715594332417851e+01 4.992533958832621721e+01
4.693715594332417851e+01 4.598741590102289223e+01
4.693715594332417851e+01 4.973722640460955091e+01
4.693715594332417851e+01 4.845232065667794785e+01
4.693715594332417851e+01 4.571057869279263741e+01
4.693715594332417851e+01 4.831135033005685386e+01
4.693715594332417851e+01 4.657713399788827502e+01
4.693715594332417851e+01 4.938279370251245837e+01
4.693715594332417851e+01 4.264825856450732999e+01
4.693715594332417851e+01 4.438778406581518965e+01
4.693715594332417851e+01 4.322197577681946967e+01
4.693715594332417851e+01 3.919667872353485194e+01
4.693715594332417851e+01 4.476330326719931918e+01
4.693715594332417851e+01 5.021941082902409192e+01
4.693715594332417851e+01 3.877539783745707780e+01
4.693715594332417851e+01 4.876679401967625438e+01
4.693715594332417851e+01 4.864706005066607730e+01
4.693715594332417851e+01 4.480922135417743135e+01
4.693715594332417851e+01 4.119380285325551938e+01
4.693715594332417851e+01 4.747828920857241286e+01
4.693715594332417851e+01 5.096810761594031902e+01
4.693715594332417851e+01 4.166513770200627675e+01
4.693715594332417851e+01 4.914828617898173491e+01
4.693715594332417851e+01 4.961010194376115834e+01
4.693715594332417851e+01 3.945294473493958520e+01
4.693715594332417851e+01 4.359063853158959745e+01
4.693715594332417851e+01 5.101404688929655151e+01
4.693715594332417851e+01 5.300767509442143677e+01
4.693715594332417851e+01 4.260089752573346544e+01
4.693715594332417851e+01 4.299680295797446661e+01
4.693715594332417851e+01 4.106601670145460758e+01
4.693715594332417851e+01 4.589477752385338505e+01
4.693715594332417851e+01 4.320333347762030485e+01
4.693715594332417851e+01 4.475639198033503163e+01
4.693715594332417851e+01 4.705759640619082518e+01
4.693715594332417851e+01 4.400676650153633318e+01
4.693715594332417851e+01 4.220339586402966603e+01
4.693715594332417851e+01 4.757900275662849054e+01
4.693715594332417851e+01 4.451173180451880285e+01
4.693715594332417851e+01 4.346964113861950807e+01
4.693715594332417851e+01 4.330320737999603153e+01
4.693715594332417851e+01 4.563145844061913436e+01
4.693715594332417851e+01 4.386942306587791052e+01
4.693715594332417851e+01 4.418274449983676533e+01
4.693715594332417851e+01 4.313611329667409677e+01
4.693715594332417851e+01 4.483421184572721785e+01
4.693715594332417851e+01 4.776617219951550197e+01
4.693715594332417851e+01 4.476933407135538090e+01
4.693715594332417851e+01 4.794051232326652467e+01
4.693715594332417851e+01 4.339453507667624166e+01
4.693715594332417851e+01 4.544286363623734104e+01
4.693715594332417851e+01 4.553125001598728971e+01
4.693715594332417851e+01 4.736252212943300322e+01
4.693715594332417851e+01 4.403890808546356794e+01
4.693715594332417851e+01 4.406082677190369168e+01
4.693715594332417851e+01 4.596976764802870719e+01
4.693715594332417851e+01 5.216185259032460664e+01
4.693715594332417851e+01 4.342043145169630947e+01
4.693715594332417851e+01 4.318598127837444167e+01
4.693715594332417851e+01 4.689203188575878301e+01
4.693715594332417851e+01 4.256975075539087783e+01
4.693715594332417851e+01 4.784503891785580265e+01
4.693715594332417851e+01 4.568806820209954367e+01
4.693715594332417851e+01 4.968345244109198688e+01
4.693715594332417851e+01 4.493741457708274112e+01
4.693715594332417851e+01 4.896172668874055489e+01
4.693715594332417851e+01 4.895593106371507020e+01
4.693715594332417851e+01 4.912525650662468024e+01
4.693715594332417851e+01 4.429696239122214507e+01
4.693715594332417851e+01 4.822621730582422828e+01
4.693715594332417851e+01 4.941961155033105513e+01
4.693715594332417851e+01 4.792229128127021909e+01
4.693715594332417851e+01 4.184445954320300842e+01
4.693715594332417851e+01 4.393057480786926305e+01
4.693715594332417851e+01 4.494991306893168570e+01
4.693715594332417851e+01 5.172995048047435063e+01
4.693715594332417851e+01 4.266724255085707540e+01
4.693715594332417851e+01 4.812266483727279365e+01
4.693715594332417851e+01 4.365305919939978452e+01
4.693715594332417851e+01 4.643164343114352022e+01
4.693715594332417851e+01 4.464082204229055861e+01
4.693715594332417851e+01 4.564641380440819773e+01
4.693715594332417851e+01 4.669543467406330706e+01
4.693715594332417851e+01 4.213082205052586460e+01
4.693715594332417851e+01 4.825306958250229172e+01
4.693715594332417851e+01 4.174957574825887008e+01
4.693715594332417851e+01 4.415452885535673033e+01
4.693715594332417851e+01 4.715431571601475724e+01
4.693715594332417851e+01 4.542171088896213860e+01
4.693715594332417851e+01 4.414597994670397441e+01
4.693715594332417851e+01 4.348633902452757383e+01
4.693715594332417851e+01 4.684218591700302170e+01
4.693715594332417851e+01 4.348461050590022126e+01
4.693715594332417851e+01 4.683059006797648749e+01
4.693715594332417851e+01 4.696382753298760093e+01
4.693715594332417851e+01 5.144059335156021717e+01
4.693715594332417851e+01 4.504648250098482976e+01
4.693715594332417851e+01 4.446566221865261781e+01
4.693715594332417851e+01 5.079108876202172951e+01
4.693715594332417851e+01 4.505629031836950560e+01
4.693715594332417851e+01 4.487678440332012997e+01
4.693715594332417851e+01 5.196036088316019885e+01
4.693715594332417851e+01 5.650135845572274462e+01
4.693715594332417851e+01 4.812811778856971046e+01
4.693715594332417851e+01 4.652237115204561491e+01
4.693715594332417851e+01 4.258286980293102886e+01
4.693715594332417851e+01 4.208956322941114081e+01
4.693715594332417851e+01 4.878109510372566149e+01
4.693715594332417851e+01 4.517803415835675906e+01
4.693715594332417851e+01 4.820256262476720366e+01
4.693715594332417851e+01 4.868281721427627673e+01
4.693715594332417851e+01 4.422498483690433346e+01
4.693715594332417851e+01 4.509323031068255005e+01
4.693715594332417851e+01 4.334670569411676411e+01
4.693715594332417851e+01 4.626037422064642612e+01
4.693715594332417851e+01 4.649144544746298635e+01
4.693715594332417851e+01 4.334927239178179548e+01
4.693715594332417851e+01 4.608491729458791042e+01
4.693715594332417851e+01 4.697534872720025589e+01
4.693715594332417851e+01 5.187183431842284875e+01
4.693715594332417851e+01 5.264698918189136378e+01
4.693715594332417851e+01 4.433473921567330933e+01
4.693715594332417851e+01 4.191242689594286475e+01
4.693715594332417851e+01 4.952141507461369940e+01
4.693715594332417851e+01 4.489222131682662820e+01
4.693715594332417851e+01 4.744491352321652045e+01
4.693715594332417851e+01 4.920418311863066663e+01
4.693715594332417851e+01 4.774599039924162724e+01
4.693715594332417851e+01 4.738863249816564860e+01
4.693715594332417851e+01 4.984244621453830604e+01
4.693715594332417851e+01 4.558090812386895863e+01
4.693715594332417851e+01 4.910598062687528653e+01
4.693715594332417851e+01 4.659956145324417776e+01
4.693715594332417851e+01 4.532838669970448109e+01
4.693715594332417851e+01 4.728534458486858938e+01
4.693715594332417851e+01 5.040939416662219230e+01
4.693715594332417851e+01 4.387879336662955865e+01
4.693715594332417851e+01 3.953319385743895253e+01
