4.693715594332417851e+01 5.108989151041577514e+01
4.693715594332417851e+01 4.295266899915198877e+01
4.693715594332417851e+01 4.422357768650084608e+01
4.693715594332417851e+01 4.064949698672128164e+01
4.693715594332417851e+01 4.469149210360173186e+01
4.693715594332417851e+01 4.582403371859194863e+01
4.693715594332417851e+01 5.084921726637206518e+01
4.693715594332417851e+01 4.651841237863499146e+01
4.693715594332417851e+01 3.893929217868136305e+01
4.693715594332417851e+01 4.711739146166492276e+01
4.693715594332417851e+01 4.745493532064898545e+01
4.693715594332417851e+01 4.685973526537632239e+01
4.693715594332417851e+01 4.378141584534937181e+01
4.693715594332417851e+01 4.597542059728901620e+01
4.693715594332417851e+01 4.870875497248322006e+01
4.693715594332417851e+01 3.789242180675599059e+01
4.693715594332417851e+01 5.239145038380200248e+01
4.693715594332417851e+01 4.447019417363400606e+01
4.693715594332417851e+01 4.782227446852193253e+01
4.693715594332417851e+01 4.165624647442751893e+01
4.693715594332417851e+01 4.036290716513314436e+01
4.693715594332417851e+01 4.248905712497965226e+01
4.693715594332417851e+01 4.535413169515621234e+01
4.693715594332417851e+01 4.706857851779709989e+01
4.693715594332417851e+01 4.447633381480433457e+01
4.693715594332417851e+01 4.781895536572356065e+01
4.693715594332417851e+01 4.380092765957753898e+01
4.693715594332417851e+01 4.298140292672758989e+01
4.693715594332417851e+01 4.659494808690801193e+01
4.693715594332417851e+01 4.374017807104040401e+01
4.693715594332417851e+01 4.054749803893319893e+01
4.693715594332417851e+01 4.620949795351727118e+01
4.693715594332417851e+01 4.398034830434810516e+01
4.693715594332417851e+01 4.656936757537386029e+01
4.693715594332417851e+01 5.418585714892493854e+01
4.693715594332417851e+01 3.914700124831667694e+01
4.693715594332417851e+01 4.713486030268388305e+01
4.693715594332417851e+01 5.277255965771998092e+01
4.693715594332417851e+01 4.879787455549132602e+01
4.693715594332417851e+01 4.595562534716425773e+01
4.693715594332417851e+01 4.566107654294910390e+01
4.693715594332417851e+01 4.448007765733606078e+01
4.693715594332417851e+01 4.646888990637153682e+01
4.693715594332417851e+01 5.060797601476301821e+01
4.693715594332417851e+01 4.587107319028527286e+01
4.693715594332417851e+01 5.118893871275597007e+01
4.693715594332417851e+01 4.404348770348611453e+01
4.693715594332417851e+01 4.040997569036660764e+01
4.693715594332417851e+01 4.901030240160131513e+01
4.693715594332417851e+01 4.119852572042966443e+01
4.693715594332417851e+01 4.459149704216626020e+01
4.693715594332417851e+01 4.048668042408317547e+01
4.693715594332417851e+01 4.784466001491961862e+01
4.693715594332417851e+01 4.749196095607386781e+01
4.693715594332417851e+01 4.997870393295027469e+01
4.693715594332417851e+01 4.633433876247858763e+01
4.693715594332417851e+01 4.974361248400924040e+01
4.693715594332417851e+01 4.620411047035207730e+01
4.693715594332417851e+01 4.399444662045979726e+01
4.693715594332417851e+01 4.587719611156336441e+01
4.693715594332417851e+01 4.909490979125668986e+01
4.693715594332417851e+01 4.786122591380130586e+01
4.693715594332417851e+01 4.218819888063799084e+01
4.693715594332417851e+01 5.090466875547793535e+01
4.693715594332417851e+01 5.031574167607317349e+01
4.693715594332417851e+01 4.573961435708599765e+01
4.693715594332417851e+01 5.162882289342992692e+01
4.693715594332417851e+01 4.506612478854166426e+01
4.693715594332417851e+01 4.351343596803295810e+01
4.693715594332417851e+01 4.544321114894810876e+01
4.693715594332417851e+01 4.298065759061030633e+01
4.693715594332417851e+01 4.673799380675397686e+01
4.693715594332417851e+01 5.139584403992917316e+01
4.693715594332417851e+01 4.264043050646099431e+01
4.693715594332417851e+01 4.615284620595991782e+01
4.693715594332417851e+01 4.673182770460367408e+01
4.693715594332417851e+01 4.766013427304144301e+01
4.693715594332417851e+01 5.214660308452823756e+01
4.693715594332417851e+01 4.662596012818075053e+01
4.693715594332417851e+01 5.038944017110647167e+01
4.693715594332417851e+01 4.527800204617251723e+01
4.693715594332417851e+01 4.310426542525764404e+01
4.693715594332417851e+01 4.778081279127096792e+01
4.693715594332417851e+01 4.208244950791473826e+01
4.693715594332417851e+01 4.570656793874270107e+01
4.693715594332417851e+01 4.709502502922843803e+01
4.693715594332417851e+01 5.214590266439036270e+01
4.693715594332417851e+01 4.749651080294908922e+01
4.693715594332417851e+01 4.943617998496559096e+01
4.693715594332417851e+01 4.490970145686515735e+01
4.693715594332417851e+01 4.725624886948777004e+01
4.693715594332417851e+01 3.983842900226894557e+01
4.693715594332417851e+01 4.417335763786758207e+01
4.693715594332417851e+01 4.462385134308728851e+01
4.693715594332417851e+01 4.054281607314493385e+01
4.693715594332417851e+01 4.359258205591989110e+01
4.693715594332417851e+01 4.778151391147034133e+01
4.693715594332417851e+01 4.519550257423315998e+01
4.693715594332417851e+01 5.191714488966984220e+01
4.693715594332417851e+01 4.287186765843048164e+01
4.693715594332417851e+01 4.021809409269008739e+01
4.693715594332417851e+01 4.473246152647106300e+01
4.693715594332417851e+01 5.009109332078380561e+01
4.693715594332417851e+01 4.939635106638562689e+01
4.693715594332417851e+01 4.290445828997548006e+01
4.693715594332417851e+01 4.340969917149692492e+01
4.693715594332417851e+01 4.469961482634543870e+01
4.693715594332417851e+01 5.035935517851724086e+01
4.693715594332417851e+01 4.796963475378319686e+01
4.693715594332417851e+01 4.492817866387861869e+01
4.693715594332417851e+01 4.309111936675557075e+01
4.693715594332417851e+01 4.380024646623672169e+01
4.693715594332417851e+01 4.385885560914748282e+01
4.693715594332417851e+01 3.930436461324331532e+01
4.693715594332417851e+01 4.953350802794527397e+01
4.693715594332417851e+01 4.357163502853183701e+01
4.693715594332417851e+01 4.364384283357621541e+01
4.693715594332417851e+01 4.452222655153740760e+01
4.693715594332417851e+01 4.472129185002556540e+01
4.693715594332417851e+01 4.011687813970722516e+01
4.693715594332417851e+01 4.667290136047022742e+01
4.693715594332417851e+01 4.399860920003171572e+01
4.693715594332417851e+01 4.511326124354357603e+01
4.693715594332417851e+01 4.619793995572585743e+01
4.693715594332417851e+01 4.453919929045616755e+01
4.693715594332417851e+01 4.477109061950823587e+01
4.693715594332417851e+01 4.963636961385570601e+01
4.693715594332417851e+01 4.669947950963201322e+01
4.693715594332417851e+01 4.072401926324850763e+01
4.693715594332417851e+01 4.765372564403040201e+01
4.693715594332417851e+01 4.764185883321270154e+01
4.693715594332417851e+01 4.520761643453994338e+01
4.693715594332417851e+01 4.196820903745206266e+01
4.693715594332417851e+01 4.418462735293263677e+01
4.693715594332417851e+01 3.983271461320206441e+01
4.693715594332417851e+01 5.018502597786679331e+01
4.693715594332417851e+01 4.391132589810537468e+01
4.693715594332417851e+01 4.934374340201490128e+01
4.693715594332417851e+01 4.507024517203751657e+01
4.693715594332417851e+01 4.194960106500478503e+01
4.693715594332417851e+01 4.305341164089318795e+01
4.693715594332417851e+01 4.871865057870275706e+01
4.693715594332417851e+01 4.663994635649940079e+01
4.693715594332417851e+01 4.283747019790610011e+01
4.693715594332417851e+01 4.418190291523337265e+01
4.693715594332417851e+01 5.095906012157212928e+01
4.693715594332417851e+01 4.375271331628952964e+01
4.693715594332417851e+01 4.920176079325688789e+01
4.693715594332417851e+01 4.323385402630458429e+01
4.693715594332417851e+01 4.727852317106437141e+01
4.693715594332417851e+01 4.883756166516315744e+01
4.693715594332417851e+01 4.542099739653848189e+01
4.693715594332417851e+01 4.089450928346853686e+01
4.693715594332417851e+01 4.673204587904329799e+01
4.693715594332417851e+01 5.108390181849530620e+01
4.693715594332417851e+01 4.799763039092217554e+01
4.693715594332417851e+01 4.425051357736529667e+01
4.693715594332417851e+01 4.355772789981329396e+01
4.693715594332417851e+01 4.655208911867764954e+01
4.693715594332417851e+01 4.862741049298898588e+01
4.693715594332417851e+01 4.719924837541388030e+01
4.693715594332417851e+01 5.028463079042294481e+01
4.693715594332417851e+01 4.966167979049912873e+01
4.693715594332417851e+01 4.717860117141582776e+01
4.693715594332417851e+01 4.288034019718209322e+01
4.693715594332417851e+01 5.262345506668167161e+01
4.693715594332417851e+01 4.442275576899572798e+01
4.693715594332417851e+01 4.465747154754553350e+01
4.693715594332417851e+01 4.585672984352003567e+01
4.693715594332417851e+01 4.429264660657423747e+01
4.693715594332417851e+01 4.352663642272361244e+01
4.693715594332417851e+01 5.127487979445768218e+01
4.693715594332417851e+01 4.376824842207627597e+01
4.693715594332417851e+01 4.444791311918768884e+01
4.693715594332417851e+01 4.692401767334365559e+01
4.693715594332417851e+01 4.549600649428776933e+01
4.693715594332417851e+01 4.435183507813989934e+01
4.693715594332417851e+01 4.888711796703744028e+01
4.693715594332417851e+01 4.643464669945848300e+01
4.693715594332417851e+01 4.557173061682344439e+01
4.693715594332417851e+01 4.688925940690359795e+01
4.693715594332417851e+01 4.748497883486238891e+01
4.693715594332417851e+01 4.653320129198897348e+01
4.693715594332417851e+01 4.857942987261569101e+01
4.693715594332417851e+01 5.109098939814788309e+01
4.693715594332417851e+01 5.132066734898802451e+01
4.693715594332417851e+01 4.154074009457946914e+01
4.693715594332417851e+01 4.053963839091898080e+01
4.693715594332417851e+01 5.074943445547541643e+01
4.693715594332417851e+01 4.492729604729203174e+01
4.693715594332417851e+01 5.514848670949304932e+01
4.693715594332417851e+01 4.707782600920742055e+01
4.693715594332417851e+01 4.700026031122212800e+01
4.693715594332417851e+01 4.462812221120906031e+01
4.693715594332417851e+01 4.020161644818536217e+01
4.693715594332417851e+01 4.380673970358180469e+01
4.693715594332417851e+01 4.136170930522101941e+01
4.693715594332417851e+01 4.971655532689203483e+01
4.693715594332417851e+01 4.727544307900132736e+01
4.693715594332417851e+01 4.192313183621998718e+01
4.693715594332417851e+01 4.546025558920307219e+01
4.693715594332417851e+01 4.608908638604378183e+01
4.693715594332417851e+01 3.781792936402922578e+01
4.693715594332417851e+01 4.435289263463919696e+01
4.693715594332417851e+01 4.513573880335036392e+01
4.693715594332417851e+01 4.491623389127830279e+01
4.693715594332417851e+01 5.034784994115768342e+01
4.693715594332417851e+01 4.738637035821155763e+01
4.693715594332417851e+01 5.061147429674798559e+01
4.693715594332417851e+01 4.151947510263300245e+01
4.693715594332417851e+01 4.836070553251580861e+01
4.693715594332417851e+01 4.579834187502245868e+01
4.693715594332417851e+01 5.121884633761519012e+01
4.693715594332417851e+01 4.528466787614559763e+01
4.693715594332417851e+01 4.432822537477198921e+01
4.693715594332417851e+01 4.503139810492860562e+01
4.693715594332417851e+01 4.843184533950682180e+01
4.693715594332417851e+01 3.928834634258171832e+01
4.693715594332417851e+01 5.121991839228331855e+01
4.693715594332417851e+01 4.421575863987780508e+01
4.693715594332417851e+01 4.579353809500979366e+01
4.693715594332417851e+01 4.290008541231161843e+01
4.693715594332417851e+01 4.854538702526909333e+01
4.693715594332417851e+01 4.698898117026554644e+01
4.693715594332417851e+01 4.814702782302445883e+01
4.693715594332417851e+01 4.707346904373360275e+01
4.693715594332417851e+01 4.787427880728173335e+01
4.693715594332417851e+01 5.105222672752945812e+01
4.693715594332417851e+01 4.477001923841639552e+01
4.693715594332417851e+01 4.515037618363211180e+01
4.693715594332417851e+01 4.625756752356515733e+01
4.693715594332417851e+01 5.172054048146684835e+01
4.693715594332417851e+01 4.186961852401778117e+01
4.693715594332417851e+01 3.878544380253626400e+01
4.693715594332417851e+01 4.800630773641329085e+01
4.693715594332417851e+01 4.555521818206253215e+01
4.693715594332417851e+01 4.430645917258161859e+01
4.693715594332417851e+01 3.935962897462176358e+01
4.693715594332417851e+01 4.332221003210199939e+01
4.693715594332417851e+01 4.419948462254781418e+01
4.693715594332417851e+01 4.437070867343544478e+01
4.693715594332417851e+01 4.859533069445672027e+01
4.693715594332417851e+01 4.540556797524742194e+01
4.693715594332417851e+01 4.722257454516547170e+01
4.693715594332417851e+01 4.683704355513697237e+01
4.693715594332417851e+01 4.412292149814734188e+01
4.693715594332417851e+01 4.332640742442583814e+01
4.693715594332417851e+01 4.371167631852450342e+01
4.693715594332417851e+01 4.652639140373781856e+01
4.693715594332417851e+01 4.665932382832128411e+01
4.693715594332417851e+01 4.643238070097135051e+01
4.693715594332417851e+01 4.589367465285904046e+01
4.693715594332417851e+01 4.902978220402350473e+01
4.693715594332417851e+01 4.323411641125219518e+01
4.693715594332417851e+01 4.537490205300413493e+01
4.693715594332417851e+01 4.450837055786383445e+01
4.693715594332417851e+01 4.088576636378075335e+01
4.693715594332417851e+01 4.875322832386991934e+01
4.693715594332417851e+01 4.902895599310851082e+01
4.693715594332417851e+01 5.164845596246674830e+01
4.693715594332417851e+01 4.531115334760478675e+01
4.693715594332417851e+01 4.478730056642164215e+01
4.693715594332417851e+01 4.588678999942071357e+01
4.693715594332417851e+01 4.381377667925585939e+01
4.693715594332417851e+01 4.444855911958148909e+01
4.693715594332417851e+01 4.547689627049228989e+01
4.693715594332417851e+01 4.973515864495934125e+01
4.693715594332417851e+01 4.982126495969006896e+01
4.693715594332417851e+01 4.305135058877409904e+01
4.693715594332417851e+01 4.209386678945030269e+01
4.693715594332417851e+01 4.313681176507391513e+01
4.693715594332417851e+01 4.935013614682316074e+01
4.693715594332417851e+01 4.543726552617610537e+01
4.693715594332417851e+01 4.702809309613137145e+01
4.693715594332417851e+01 4.666347127317320087e+01
4.693715594332417851e+01 4.309864483153978654e+01
4.693715594332417851e+01 5.074320163641228731e+01
4.693715594332417851e+01 4.742399380164280132e+01
4.693715594332417851e+01 4.374052137304092724e+01
4.693715594332417851e+01 4.894143001323182318e+01
4.693715594332417851e+01 4.236871875962427225e+01
4.693715594332417851e+01 4.735850118220048444e+01
4.693715594332417851e+01 4.311097000642754296e+01
4.693715594332417851e+01 4.600319702656943832e+01
4.693715594332417851e+01 4.625513779474069764e+01
4.693715594332417851e+01 4.763880917789929015e+01
4.693715594332417851e+01 4.643579672948621351e+01
4.693715594332417851e+01 4.446709356103754374e+01
4.693715594332417851e+01 4.613197237319445065e+01
4.693715594332417851e+01 4.810652556081936382e+01
4.693715594332417851e+01 4.488398216540686292e+01
4.693715594332417851e+01 5.185296428865183316e+01
4.693715594332417851e+01 4.608248740658313380e+01
4.693715594332417851e+01 4.470811114746150849e+01
4.693715594332417851e+01 4.744526724746549462e+01
4.693715594332417851e+01 5.016388923633671482e+01
4.693715594332417851e+01 4.231169585349343265e+01
4.693715594332417851e+01 4.338430981391592667e+01
4.693715594332417851e+01 4.406098776237999459e+01
4.693715594332417851e+01 4.260276172552885754e+01
4.693715594332417851e+01 4.487926418552417118e+01
4.693715594332417851e+01 4.734133903712177016e+01
4.693715594332417851e+01 4.873030081753719145e+01
4.693715594332417851e+01 4.555416734997855599e+01
4.693715594332417851e+01 4.611118378071316926e+01
4.693715594332417851e+01 4.896900053175981782e+01
4.693715594332417851e+01 5.121248296600450800e+01
4.693715594332417851e+01 4.783725875659098392e+01
4.693715594332417851e+01 4.563487152129498270e+01
4.693715594332417851e+01 4.668587198515633219e+01
4.693715594332417851e+01 4.700412876421837893e+01
4.693715594332417851e+01 5.001714871945603136e+01
4.693715594332417851e+01 4.090059644319610044e+01
4.693715594332417851e+01 4.604441908471718392e+01
4.693715594332417851e+01 4.427932999929952018e+01
4.693715594332417851e+01 4.220679988465246879e+01
4.693715594332417851e+01 5.130849440189980015e+01
4.693715594332417851e+01 4.635221856469890866e+01
4.693715594332417851e+01 4.888078155396867430e+01
4.693715594332417851e+01 4.658241193552085946e+01
4.693715594332417851e+01 4.964150832715387907e+01
4.693715594332417851e+01 4.164278711504180563e+01
4.693715594332417851e+01 4.706582038394540035e+01
4.693715594332417851e+01 4.213382121544629655e+01
4.693715594332417851e+01 4.461216871140314311e+01
4.693715594332417851e+01 4.526088240011481645e+01
4.693715594332417851e+01 4.757871584017239996e+01
4.693715594332417851e+01 4.913164645464776470e+01
4.693715594332417851e+01 4.485571966422750023e+01
4.693715594332417851e+01 4.545444464168391363e+01
4.693715594332417851e+01 4.641962905554049712e+01
4.693715594332417851e+01 4.249676483429270490e+01
4.693715594332417851e+01 4.528269883764155423e+01
4.693715594332417851e+01 4.382993100158756050e+01
4.693715594332417851e+01 5.120664062262203231e+01
4.693715594332417851e+01 4.566059319178284426e+01
4.693715594332417851e+01 4.668129817346225252e+01
4.693715594332417851e+01 4.958309446639870544e+01
4.693715594332417851e+01 4.614265298156379203e+01
4.693715594332417851e+01 4.562756579708545956e+01
4.693715594332417851e+01 4.767735829785022617e+01
4.693715594332417851e+01 4.278922021770980422e+01
4.693715594332417851e+01 4.247546431112508714e+01
4.693715594332417851e+01 4.212236254584263406e+01
4.693715594332417851e+01 4.463994940619286211e+01
4.693715594332417851e+01 4.792856663653186899e+01
4.693715594332417851e+01 5.088221691268267222e+01
4.693715594332417851e+01 4.876452904919506182e+01
4.693715594332417851e+01 4.186336345602547482e+01
4.693715594332417851e+01 4.215267275521858181e+01
4.693715594332417851e+01 5.263518329212791969e+01
4.693715594332417851e+01 4.642912636158652617e+01
4.693715594332417851e+01 4.430744168879348166e+01
4.693715594332417851e+01 4.319910569174094661e+01
4.693715594332417851e+01 5.053137984973233898e+01
4.693715594332417851e+01 4.347408313665965096e+01
4.693715594332417851e+01 4.135367924994208977e+01
4.693715594332417851e+01 4.640930843376241910e+01
4.693715594332417851e+01 4.837023017193581609e+01
4.693715594332417851e+01 4.651041579747830212e+01
4.693715594332417851e+01 4.850286223435411159e+01
4.693715594332417851e+01 4.464979161161959809e+01
4.693715594332417851e+01 3.998586317245149502e+01
4.693715594332417851e+01 4.739332400932115519e+01
4.693715594332417851e+01 4.502184300399240158e+01
4.693715594332417851e+01 5.530978609421587322e+01
4.693715594332417851e+01 4.624697940312753985e+01
4.693715594332417851e+01 4.528376478619352241e+01
4.693715594332417851e+01 4.482387282453936450e+01
4.693715594332417851e+01 4.642359063933900387e+01
4.693715594332417851e+01 4.828253078663129827e+01
4.693715594332417851e+01 5.042287902900937979e+01
4.693715594332417851e+01 4.734924634227468232e+01
4.693715594332417851e+01 4.353422577405156346e+01
4.693715594332417851e+01 4.207672821779438976e+01
4.693715594332417851e+01 4.519930017844451697e+01
4.693715594332417851e+01 4.884336436497932254e+01
4.693715594332417851e+01 4.574775015906980968e+01
4.693715594332417851e+01 4.427392530927385650e+01
4.693715594332417851e+01 4.549577869526203244e+01
4.693715594332417851e+01 4.346799502361706402e+01
4.693715594332417851e+01 5.063450089636620532e+01
4.693715594332417851e+01 4.279668929940997657e+01
4.693715594332417851e+01 4.116049951022735343e+01
4.693715594332417851e+01 4.524937129630243504e+01
4.693715594332417851e+01 4.808194516774122462e+01
4.693715594332417851e+01 4.285079855821474126e+01
4.693715594332417851e+01 4.655990287013953122e+01
4.693715594332417851e+01 4.867312106665355032e+01
4.693715594332417851e+01 4.621841800580442339e+01
4.693715594332417851e+01 4.728509220390869672e+01
4.693715594332417851e+01 4.316644816048044930e+01
4.693715594332417851e+01 5.727723416697504888e+01
4.693715594332417851e+01 5.243660683897292785e+01
4.693715594332417851e+01 5.190719331774411671e+01
4.693715594332417851e+01 4.436731434630286941e+01
4.693715594332417851e+01 4.414576026183376456e+01
4.693715594332417851e+01 4.582840807729877497e+01
4.693715594332417851e+01 4.866919700835558871e+01
4.693715594332417851e+01 4.720131045331913811e+01
4.693715594332417851e+01 5.265270315653106792e+01
4.693715594332417851e+01 4.736372865318335812e+01
4.693715594332417851e+01 4.467683179526187587e+01
4.693715594332417851e+01 4.131611187161648502e+01
4.693715594332417851e+01 4.941004761000850465e+01
4.693715594332417851e+01 4.426258260146657619e+01
4.693715594332417851e+01 4.311326536776729768e+01
4.693715594332417851e+01 4.518081655862187063e+01
4.693715594332417851e+01 4.388499673629010545e+01
4.693715594332417851e+01 4.495057761880656244e+01
4.693715594332417851e+01 4.158898323394571861e+01
4.693715594332417851e+01 4.722206400822583561e+01
4.693715594332417851e+01 4.693340528270034895e+01
4.693715594332417851e+01 5.426399440356841097e+01
4.693715594332417851e+01 4.323279513078804825e+01
4.693715594332417851e+01 5.231248466057297719e+01
4.693715594332417851e+01 4.337106946960548015e+01
4.693715594332417851e+01 4.472013857307954510e+01
4.693715594332417851e+01 5.284563337687308149e+01
4.693715594332417851e+01 4.306589074320727661e+01
4.693715594332417851e+01 4.699512729391975796e+01
4.693715594332417851e+01 4.770384280093645657e+01
4.693715594332417851e+01 4.778651703527251016e+01
4.693715594332417851e+01 4.426598721460994312e+01
4.693715594332417851e+01 4.735054649941292837e+01
4.693715594332417851e+01 5.399905794810582194e+01
4.693715594332417851e+01 5.066288979791134039e+01
4.693715594332417851e+01 4.531040991472166013e+01
4.693715594332417851e+01 4.504541380745016710e+01
4.693715594332417851e+01 4.479270312574226409e+01
4.693715594332417851e+01 4.530340018977716454e+01
4.693715594332417851e+01 4.637921621626587410e+01
4.693715594332417851e+01 4.573850384479460018e+01
4.693715594332417851e+01 4.698515903507701807e+01
4.693715594332417851e+01 4.613427606822911997e+01
4.693715594332417851e+01 4.526662810504113565e+01
4.693715594332417851e+01 4.527634381589174950e+01
4.693715594332417851e+01 4.332583787472069048e+01
4.693715594332417851e+01 4.924208802922539974e+01
4.693715594332417851e+01 4.958963952720334589e+01
4.693715594332417851e+01 4.756189132403689968e+01
4.693715594332417851e+01 4.872081479511800239e+01
4.693715594332417851e+01 4.977979571015565341e+01
4.693715594332417851e+01 4.390561944565675390e+01
4.693715594332417851e+01 4.902669292576604221e+01
4.693715594332417851e+01 4.717529714813182551e+01
4.693715594332417851e+01 4.592941186660728192e+01
4.693715594332417851e+01 4.488139493410418623e+01
4.693715594332417851e+01 4.494904507639270008e+01
4.693715594332417851e+01 4.781970807510762000e+01
4.693715594332417851e+01 4.407045079577588353e+01
4.693715594332417851e+01 4.413923176435155682e+01
4.693715594332417851e+01 4.450501816815796730e+01
4.693715594332417851e+01 5.100162411194009593e+01
4.693715594332417851e+01 4.810944542642235433e+01
4.693715594332417851e+01 4.110909647941448242e+01
4.693715594332417851e+01 4.426452812018761307e+01
4.693715594332417851e+01 4.705405504564475194e+01
4.693715594332417851e+01 4.555077239782942655e+01
4.693715594332417851e+01 4.791671906039509565e+01
4.693715594332417851e+01 4.798645359513928099e+01
4.693715594332417851e+01 4.398600193438444705e+01
4.693715594332417851e+01 4.779775187132683101e+01
4.693715594332417851e+01 4.559527560027303394e+01
4.693715594332417851e+01 4.563465445965708511e+01
4.693715594332417851e+01 4.521188385645349683e+01
4.693715594332417851e+01 4.860709048702951662e+01
4.693715594332417851e+01 4.464580262259642751e+01
4.693715594332417851e+01 4.502999186271726728e+01
4.693715594332417851e+01 5.217210934292694446e+01
4.693715594332417851e+01 4.380147212713149685e+01
4.693715594332417851e+01 4.682764919218059418e+01
4.693715594332417851e+01 4.374184133412567377e+01
4.693715594332417851e+01 4.760171343262519628e+01
4.693715594332417851e+01 4.624411779386541355e+01
4.693715594332417851e+01 4.194892260584377652e+01
4.693715594332417851e+01 5.240374807017455083e+01
4.693715594332417851e+01 4.706192061431301710e+01
4.693715594332417851e+01 4.684160388544842846e+01
4.693715594332417851e+01 4.151532855933280786e+01
4.693715594332417851e+01 4.382131456247246604e+01
4.693715594332417851e+01 4.349704396740673928e+01
4.693715594332417851e+01 4.333376770076453255e+01
4.693715594332417851e+01 4.397575198866530144e+01
4.693715594332417851e+01 4.699935919285653796e+01
4.693715594332417851e+01 4.291997213214834517e+01
4.693715594332417851e+01 4.558122384413280059e+01
4.693715594332417851e+01 4.600921408291380743e+01
4.693715594332417851e+01 4.340989817317588262e+01
4.693715594332417851e+01 4.427537667753138351e+01
4.693715594332417851e+01 4.837883354343597375e+01
4.693715594332417851e+01 5.128994060727597315e+01
4.693715594332417851e+01 4.737775633791501662e+01
4.693715594332417851e+01 4.093179976971033796e+01
4.693715594332417851e+01 4.361626904176051056e+01
4.693715594332417851e+01 4.293949351921463631e+01
4.693715594332417851e+01 4.527126363524764940e+01
4.693715594332417851e+01 5.109667281655679005e+01
4.693715594332417851e+01 4.957845389379555456e+01
4.693715594332417851e+01 4.480441441629201904e+01
4.693715594332417851e+01 4.394802685014815324e+01
4.693715594332417851e+01 4.846587099729491399e+01
4.693715594332417851e+01 4.623664508561842013e+01
4.693715594332417851e+01 4.541360746826404693e+01
4.693715594332417851e+01 4.717462621643316112e+01
4.693715594332417851e+01 5.303840130646288742e+01
4.693715594332417851e+01 4.380919956735394294e+01
4.693715594332417851e+01 4.685359962759882535e+01
4.693715594332417851e+01 5.145518708009889508e+01
4.693715594332417851e+01 4.413553335839424818e+01
4.693715594332417851e+01 5.209449610485015114e+01
4.693715594332417851e+01 4.585219859736133685e+01
4.693715594332417851e+01 4.618498111930330907e+01
4.693715594332417851e+01 4.487561621886846552e+01
4.693715594332417851e+01 4.746020755981367500e+01
4.693715594332417851e+01 4.391887302267472393e+01
4.693715594332417851e+01 4.393077698140271536e+01
4.693715594332417851e+01 4.404794789394438936e+01
4.693715594332417851e+01 4.859135481430894998e+01
4.693715594332417851e+01 4.485591581751511114e+01
4.693715594332417851e+01 4.792294541943503106e+01
4.693715594332417851e+01 4.807972368103633443e+01
4.693715594332417851e+01 5.025743347748954193e+01
4.693715594332417851e+01 4.849213946358992189e+01
4.693715594332417851e+01 5.112952394388744182e+01
4.693715594332417851e+01 4.667682668660135903e+01
4.693715594332417851e+01 5.236568373553170375e+01
4.693715594332417851e+01 4.467813518401545991e+01
4.693715594332417851e+01 4.719564724382368581e+01
4.693715594332417851e+01 4.423823475528990201e+01
4.693715594332417851e+01 4.535865358961737570e+01
4.693715594332417851e+01 4.624148877744850950e+01
4.693715594332417851e+01 4.827563207424348235e+01
4.693715594332417851e+01 4.884910723701393209e+01
4.693715594332417851e+01 4.609018014079298098e+01
4.693715594332417851e+01 4.737201327468011414e+01
4.693715594332417851e+01 4.742279344691203136e+01
4.693715594332417851e+01 4.339874884720948955e+01
4.693715594332417851e+01 4.329285222675206057e+01
4.693715594332417851e+01 4.840936750868173277e+01
4.693715594332417851e+01 4.647569295288927549e+01
4.693715594332417851e+01 5.013974335894261003e+01
4.693715594332417851e+01 4.661549022949731835e+01
4.693715594332417851e+01 4.547749579056933555e+01
4.693715594332417851e+01 4.485829226065674646e+01
4.693715594332417851e+01 4.663948131661753393e+01
4.693715594332417851e+01 4.704605036737378754e+01
4.693715594332417851e+01 5.042460840750305096e+01
4.693715594332417851e+01 4.193177110957873310e+01
4.693715594332417851e+01 4.223587561025606618e+01
4.693715594332417851e+01 4.022640298679535675e+01
4.693715594332417851e+01 4.140167419605605659e+01
4.693715594332417851e+01 4.829145848391282669e+01
4.693715594332417851e+01 4.588728318936673389e+01
4.693715594332417851e+01 4.577495910185251660e+01
4.693715594332417851e+01 4.982380194968119014e+01
4.693715594332417851e+01 4.470431809514984423e+01
4.693715594332417851e+01 4.858473504742295290e+01
4.693715594332417851e+01 4.437093996829720055e+01
4.693715594332417851e+01 4.916231363955406408e+01
4.693715594332417851e+01 4.566566211920330431e+01
4.693715594332417851e+01 4.516536484955187802e+01
4.693715594332417851e+01 4.461296533553557708e+01
4.693715594332417851e+01 4.856712951810307288e+01
4.693715594332417851e+01 4.422431773049303416e+01
4.693715594332417851e+01 4.524350834732583593e+01
4.693715594332417851e+01 4.117153326146937786e+01
4.693715594332417851e+01 4.450645310917084885e+01
4.693715594332417851e+01 4.504002032645433928e+01
4.693715594332417851e+01 4.196102098774573363e+01
4.693715594332417851e+01 4.525788268731986363e+01
4.693715594332417851e+01 4.606787715635476133e+01
4.693715594332417851e+01 4.591767987960395914e+01
4.693715594332417851e+01 4.199887117501791778e+01
4.693715594332417851e+01 4.643995915399818841e+01
4.693715594332417851e+01 4.492785494425343273e+01
4.693715594332417851e+01 4.522581319907769881e+01
4.693715594332417851e+01 4.256864229762010865e+01
4.693715594332417851e+01 5.011142781366640264e+01
4.693715594332417851e+01 4.459660287392028977e+01
4.693715594332417851e+01 4.311590537391074918e+01
4.693715594332417851e+01 5.524895651128245788e+01
4.693715594332417851e+01 4.992581357229404659e+01
4.693715594332417851e+01 4.942450918981551666e+01
4.693715594332417851e+01 4.874331435883640751e+01
4.693715594332417851e+01 4.373575097708053505e+01
4.693715594332417851e+01 4.581663369007488029e+01
4.693715594332417851e+01 5.038341891622960134e+01
4.693715594332417851e+01 4.444706298342219952e+01
4.693715594332417851e+01 4.860160842857123953e+01
4.693715594332417851e+01 5.076799842173608113e+01
4.693715594332417851e+01 4.286908208769290241e+01
4.693715594332417851e+01 4.803646382160280837e+01
4.693715594332417851e+01 5.260790144661841339e+01
4.693715594332417851e+01 4.790192236551340699e+01
4.693715594332417851e+01 4.367039617245866623e+01
4.693715594332417851e+01 4.635285620752894431e+01
4.693715594332417851e+01 4.957529778816594046e+01
4.693715594332417851e+01 4.778710560085038850e+01
4.693715594332417851e+01 4.581432793822776972e+01
4.693715594332417851e+01 4.572510448242273640e+01
4.693715594332417851e+01 4.771087524014942005e+01
4.693715594332417851e+01 4.978892571239857290e+01
4.693715594332417851e+01 4.623271615406851254e+01
4.693715594332417851e+01 4.728779766686430719e+01
4.693715594332417851e+01 4.234302432179888598e+01
4.693715594332417851e+01 4.595692556761184733e+01
4.693715594332417851e+01 4.589917813523474877e+01
4.693715594332417851e+01 4.525857494272626980e+01
4.693715594332417851e+01 4.587362201876665324e+01
4.693715594332417851e+01 5.044038265280322975e+01
4.693715594332417851e+01 4.239625786989969924e+01
4.693715594332417851e+01 4.782882987346592785e+01
4.693715594332417851e+01 4.360117666825500038e+01
4.693715594332417851e+01 5.008302225927653240e+01
4.693715594332417851e+01 4.837479706570097449e+01
4.693715594332417851e+01 5.073733206252845207e+01
4.693715594332417851e+01 4.395771513749912174e+01
4.693715594332417851e+01 4.642078443314964176e+01
4.693715594332417851e+01 4.684799037656643605e+01
4.693715594332417851e+01 4.596826505306820820e+01
4.693715594332417851e+01 4.419994862770197130e+01
4.693715594332417851e+01 4.990201884949187416e+01
4.693715594332417851e+01 4.287984159420620500e+01
4.693715594332417851e+01 3.674633626841700362e+01
4.693715594332417851e+01 4.667472535918043519e+01
4.693715594332417851e+01 4.585701930246958113e+01
4.693715594332417851e+01 4.505671204762948179e+01
4.693715594332417851e+01 4.939234886676026548e+01
4.693715594332417851e+01 4.466279020785465548e+01
4.693715594332417851e+01 4.433139556856934860e+01
4.693715594332417851e+01 4.773063931161007645e+01
4.693715594332417851e+01 4.439163301203453216e+01
4.693715594332417851e+01 5.107855492854893242e+01
4.693715594332417851e+01 5.075016492527930723e+01
4.693715594332417851e+01 5.191758177723096424e+01
4.693715594332417851e+01 5.566805328928825958e+01
4.693715594332417851e+01 4.387700652577268556e+01
4.693715594332417851e+01 4.584610938646707012e+01
4.693715594332417851e+01 4.543157601242008070e+01
4.693715594332417851e+01 4.158831252866190908e+01
4.693715594332417851e+01 4.516810514992413061e+01
4.693715594332417851e+01 3.895378209951067561e+01
4.693715594332417851e+01 4.598153744202687676e+01
4.693715594332417851e+01 4.455803532294743263e+01
4.693715594332417851e+01 4.251691799863429111e+01
4.693715594332417851e+01 4.725027513895479103e+01
4.693715594332417851e+01 4.628445952326354274e+01
4.693715594332417851e+01 4.350965209457078942e+01
4.693715594332417851e+01 4.672884426570144711e+01
4.693715594332417851e+01 4.457580628470738304e+01
4.693715594332417851e+01 5.479278452974541835e+01
4.693715594332417851e+01 4.510397280626256133e+01
4.693715594332417851e+01 4.724169174247613512e+01
4.693715594332417851e+01 4.544153216972921427e+01
4.693715594332417851e+01 4.145137208004650375e+01
4.693715594332417851e+01 5.043065096553891635e+01
4.693715594332417851e+01 5.341951166727406530e+01
4.693715594332417851e+01 4.497104311604293514e+01
4.693715594332417851e+01 4.429910645974911887e+01
4.693715594332417851e+01 4.252389006007874173e+01
4.693715594332417851e+01 4.145117899576403886e+01
4.693715594332417851e+01 4.857444114050927908e+01
4.693715594332417851e+01 3.920165986185605078e+01
4.693715594332417851e+01 4.572744844169221778e+01
4.693715594332417851e+01 4.739810570642971754e+01
4.693715594332417851e+01 4.146574503217379970e+01
4.693715594332417851e+01 5.042722976593268669e+01
4.693715594332417851e+01 4.434236377706840670e+01
4.693715594332417851e+01 4.752340564890194941e+01
4.693715594332417851e+01 5.195340458776922787e+01
4.693715594332417851e+01 4.536450568142798545e+01
4.693715594332417851e+01 4.356060575229531651e+01
4.693715594332417851e+01 4.554493145196562409e+01
4.693715594332417851e+01 4.235168372791529379e+01
4.693715594332417851e+01 4.777568943761033182e+01
4.693715594332417851e+01 4.658667263385562762e+01
4.693715594332417851e+01 4.766157307828796519e+01
4.693715594332417851e+01 4.034919561338062977e+01
4.693715594332417851e+01 5.209237125259845413e+01
4.693715594332417851e+01 4.379636534802942549e+01
4.693715594332417851e+01 4.796091882061365652e+01
4.693715594332417851e+01 4.613549788806140839e+01
4.693715594332417851e+01 4.275819980860286051e+01
4.693715594332417851e+01 5.097001116003543331e+01
4.693715594332417851e+01 4.648780153048924291e+01
4.693715594332417851e+01 3.503544519347213537e+01
4.693715594332417851e+01 4.519267810452078038e+01
4.693715594332417851e+01 4.884141022516834596e+01
4.693715594332417851e+01 5.010417644172349583e+01
4.693715594332417851e+01 4.675794045334670557e+01
4.693715594332417851e+01 5.007166624327493309e+01
4.693715594332417851e+01 4.655344073528611659e+01
4.693715594332417851e+01 4.624091076101349529e+01
4.693715594332417851e+01 4.678421161296624575e+01
4.693715594332417851e+01 4.299686778383042451e+01
4.693715594332417851e+01 4.405436029469469617e+01
4.693715594332417851e+01 5.345916349527507094e+01
4.693715594332417851e+01 4.818801490408367982e+01
4.693715594332417851e+01 4.337189266274973676e+01
4.693715594332417851e+01 4.835283819677677997e+01
4.693715594332417851e+01 4.194736237734992557e+01
4.693715594332417851e+01 4.490233189900322941e+01
4.693715594332417851e+01 5.053050319625485542e+01
4.693715594332417851e+01 4.691959980712424283e+01
4.693715594332417851e+01 4.918603137538799785e+01
4.693715594332417851e+01 4.566308536228967796e+01
4.693715594332417851e+01 4.670826418955962112e+01
4.693715594332417851e+01 4.917859111355946311e+01
4.693715594332417851e+01 4.394867264091971748e+01
4.693715594332417851e+01 4.597862399645379838e+01
4.693715594332417851e+01 4.408573695714012075e+01
4.693715594332417851e+01 4.629845056802941627e+01
4.693715594332417851e+01 4.126889207964019590e+01
4.693715594332417851e+01 4.697481043771905007e+01
4.693715594332417851e+01 5.062588798683515989e+01
4.693715594332417851e+01 4.417711519677718002e+01
4.693715594332417851e+01 4.718894448634574701e+01
4.693715594332417851e+01 4.175872047632888950e+01
4.693715594332417851e+01 4.323886402767005421e+01
4.693715594332417851e+01 4.720142889244592510e+01
4.693715594332417851e+01 4.118160914839744180e+01
4.693715594332417851e+01 4.556639696337288825e+01
4.693715594332417851e+01 4.430412003720610414e+01
4.693715594332417851e+01 4.316824937679983520e+01
4.693715594332417851e+01 4.946239525624415734e+01
4.693715594332417851e+01 4.783706428410859957e+01
4.693715594332417851e+01 4.632125076953280995e+01
4.693715594332417851e+01 4.820174520230902004e+01
4.693715594332417851e+01 5.063250230629568449e+01
4.693715594332417851e+01 5.020455888669499700e+01
4.693715594332417851e+01 4.810466091995871807e+01
4.693715594332417851e+01 4.833247486335530141e+01
4.693715594332417851e+01 5.222823513677478502e+01
4.693715594332417851e+01 4.702420999577146432e+01
4.693715594332417851e+01 4.455550628989207240e+01
4.693715594332417851e+01 4.838164546183669756e+01
4.693715594332417851e+01 4.386228692110828575e+01
4.693715594332417851e+01 4.236154609028748297e+01
4.693715594332417851e+01 4.765232348299633003e+01
4.693715594332417851e+01 4.381383584200230530e+01
4.693715594332417851e+01 5.136571280364979941e+01
4.693715594332417851e+01 4.877172036998648252e+01
4.693715594332417851e+01 4.532418380893510346e+01
4.693715594332417851e+01 4.401276888820592603e+01
4.693715594332417851e+01 4.847932295260716273e+01
4.693715594332417851e+01 4.137748165308545367e+01
4.693715594332417851e+01 4.534170352653578107e+01
4.693715594332417851e+01 4.681778168587247535e+01
4.693715594332417851e+01 4.708178705054930191e+01
4.693715594332417851e+01 4.586499836883881898e+01
4.693715594332417851e+01 4.424599672658013105e+01
4.693715594332417851e+01 4.456274544939537918e+01
4.693715594332417851e+01 3.905283114244753051e+01
4.693715594332417851e+01 4.530362065149522266e+01
4.693715594332417851e+01 4.068759047895529335e+01
4.693715594332417851e+01 4.597376959821178843e+01
4.693715594332417851e+01 4.415150923081745304e+01
4.693715594332417851e+01 4.962497547475521742e+01
4.693715594332417851e+01 4.418466116748299299e+01
4.693715594332417851e+01 4.774845564991777280e+01
4.693715594332417851e+01 4.706249225763503574e+01
4.693715594332417851e+01 4.354070650063392378e+01
4.693715594332417851e+01 4.709478468714372923e+01
4.693715594332417851e+01 4.523843253380714202e+01
4.693715594332417851e+01 4.242447334927278035e+01
4.693715594332417851e+01 5.249136233301912569e+01
4.693715594332417851e+01 4.389789880851344606e+01
4.693715594332417851e+01 4.610274572112430747e+01
4.693715594332417851e+01 4.930327076335531444e+01
4.693715594332417851e+01 4.646063287350767723e+01
4.693715594332417851e+01 4.680974747328184549e+01
4.693715594332417851e+01 4.648255132228538855e+01
4.693715594332417851e+01 4.477390948554367611e+01
4.693715594332417851e+01 5.453404134775499301e+01
4.693715594332417851e+01 4.611401175917800543e+01
4.693715594332417851e+01 4.238225769845781343e+01
4.693715594332417851e+01 4.973852195155149047e+01
4.693715594332417851e+01 4.566289125750008537e+01
4.693715594332417851e+01 4.808606731093038178e+01
4.693715594332417851e+01 5.266555333587194809e+01
4.693715594332417851e+01 4.196999758078341358e+01
4.693715594332417851e+01 4.524877872740739804e+01
4.693715594332417851e+01 4.320296898767944782e+01
4.693715594332417851e+01 4.990922032832371968e+01
4.693715594332417851e+01 4.235022727564240341e+01
4.693715594332417851e+01 4.025581493294083657e+01
4.693715594332417851e+01 4.516717240147046653e+01
4.693715594332417851e+01 4.699953080982834308e+01
4.693715594332417851e+01 4.472208365033392141e+01
4.693715594332417851e+01 4.686124323768230227e+01
4.693715594332417851e+01 4.948326422072990738e+01
4.693715594332417851e+01 4.422864403400703992e+01
4.693715594332417851e+01 4.586931509820152542e+01
4.693715594332417851e+01 4.709568781399995174e+01
4.693715594332417851e+01 4.740509126164698017e+01
4.693715594332417851e+01 4.857061088257509596e+01
4.693715594332417851e+01 5.321802853270276046e+01
4.693715594332417851e+01 3.883674321908637950e+01
4.693715594332417851e+01 4.183542319721897940e+01
4.693715594332417851e+01 4.928044365785899572e+01
4.693715594332417851e+01 4.523309701134672878e+01
4.693715594332417851e+01 4.287381994841187804e+01
4.693715594332417851e+01 4.808287452885363678e+01
4.693715594332417851e+01 4.551900694426345240e+01
4.693715594332417851e+01 4.675198878792484436e+01
4.693715594332417851e+01 4.361596933763623696e+01
4.693715594332417851e+01 4.419803091125653793e+01
4.693715594332417851e+01 5.069640084467639696e+01
4.693715594332417851e+01 5.062800627381362517e+01
4.693715594332417851e+01 5.147008845966618651e+01
4.693715594332417851e+01 4.261303767282380761e+01
4.693715594332417851e+01 4.186045661056976996e+01
4.693715594332417851e+01 5.066247268693698658e+01
4.693715594332417851e+01 4.273520989419297678e+01
4.693715594332417851e+01 4.904279905839509013e+01
4.693715594332417851e+01 5.079193029368237688e+01
4.693715594332417851e+01 4.423920192078682589e+01
4.693715594332417851e+01 5.211813840312474611e+01
4.693715594332417851e+01 5.084820516354777453e+01
4.693715594332417851e+01 4.573645017084837150e+01
4.693715594332417851e+01 4.736708013176013310e+01
4.693715594332417851e+01 4.407070402277499710e+01
4.693715594332417851e+01 3.931643368101379821e+01
4.693715594332417851e+01 4.580644755382331823e+01
4.693715594332417851e+01 4.775600241558874615e+01
4.693715594332417851e+01 4.469080258097905300e+01
4.693715594332417851e+01 4.794143086723811109e+01
4.693715594332417851e+01 4.164662687650560713e+01
4.693715594332417851e+01 4.830217765425549459e+01
4.693715594332417851e+01 4.453059247839834001e+01
4.693715594332417851e+01 4.393086674968115091e+01
4.693715594332417851e+01 4.357595500367630592e+01
4.693715594332417851e+01 4.556209820310250791e+01
4.693715594332417851e+01 4.978321150802183581e+01
4.693715594332417851e+01 4.802147504354272911e+01
4.693715594332417851e+01 4.649223305437392639e+01
4.693715594332417851e+01 4.579623606528561197e+01
4.693715594332417851e+01 4.552408884005055967e+01
4.693715594332417851e+01 4.068611909573496632e+01
4.693715594332417851e+01 4.798188020605982018e+01
4.693715594332417851e+01 4.120655847280119133e+01
4.693715594332417851e+01 4.897489793438333550e+01
4.693715594332417851e+01 4.512281343512830745e+01
4.693715594332417851e+01 5.099316404846240403e+01
4.693715594332417851e+01 4.764131431699816943e+01
4.693715594332417851e+01 4.793892610859233372e+01
4.693715594332417851e+01 4.187255069950821706e+01
4.693715594332417851e+01 4.504412130216007881e+01
4.693715594332417851e+01 4.961032731044682009e+01
4.693715594332417851e+01 4.313361404266491661e+01
4.693715594332417851e+01 4.875601046942874461e+01
4.693715594332417851e+01 4.702891690374080724e+01
4.693715594332417851e+01 4.592853196774810698e+01
4.693715594332417851e+01 4.984858603846277703e+01
4.693715594332417851e+01 4.398435044996224264e+01
4.693715594332417851e+01 4.631594627575744738e+01
4.693715594332417851e+01 4.566781472006409359e+01
4.693715594332417851e+01 4.281733302612322944e+01
4.693715594332417851e+01 5.112959089448826688e+01
4.693715594332417851e+01 4.835654840768054896e+01
4.693715594332417851e+01 4.246435086642181034e+01
4.693715594332417851e+01 4.814918826741187274e+01
4.693715594332417851e+01 5.265316912104454872e+01
4.693715594332417851e+01 4.369009122603231532e+01
4.693715594332417851e+01 4.413262698929948868e+01
4.693715594332417851e+01 4.006146369202284063e+01
4.693715594332417851e+01 4.930745683276106917e+01
4.693715594332417851e+01 4.420655257920491721e+01
4.693715594332417851e+01 4.889320836284632321e+01
4.693715594332417851e+01 4.212646324511689500e+01
4.693715594332417851e+01 4.244872392683867446e+01
4.693715594332417851e+01 5.245539696204495783e+01
4.693715594332417851e+01 4.854544050830666890e+01
4.693715594332417851e+01 4.347030484320600152e+01
4.693715594332417851e+01 3.631542768102764285e+01
4.693715594332417851e+01 5.006242631409929089e+01
4.693715594332417851e+01 4.961909051593750064e+01
4.693715594332417851e+01 4.698437685602105063e+01
4.693715594332417851e+01 4.604956998168020021e+01
4.693715594332417851e+01 4.404314832922506184e+01
4.693715594332417851e+01 4.336862780771346593e+01
4.693715594332417851e+01 4.290482375709905227e+01
4.693715594332417851e+01 4.294249789184036104e+01
4.693715594332417851e+01 4.627212204431043574e+01
4.693715594332417851e+01 4.258388977202257308e+01
4.693715594332417851e+01 4.618591277778138249e+01
4.693715594332417851e+01 4.642063570513946758e+01
4.693715594332417851e+01 4.672850597904083259e+01
4.693715594332417851e+01 4.886861272000203371e+01
4.693715594332417851e+01 4.889397263021089657e+01
4.693715594332417851e+01 4.881186719595116585e+01
4.693715594332417851e+01 4.625051185732935721e+01
4.693715594332417851e+01 4.486809550384448642e+01
4.693715594332417851e+01 4.273897933912061831e+01
4.693715594332417851e+01 4.842726033030673705e+01
4.693715594332417851e+01 4.902418843383128433e+01
4.693715594332417851e+01 4.501341380722087138e+01
4.693715594332417851e+01 5.059721079468217653e+01
4.693715594332417851e+01 4.502949833642452404e+01
4.693715594332417851e+01 4.825929587454024272e+01
4.693715594332417851e+01 4.964424518134820374e+01
4.693715594332417851e+01 4.644741859185772626e+01
4.693715594332417851e+01 4.199755839373983690e+01
4.693715594332417851e+01 5.168712289407334737e+01
4.693715594332417851e+01 4.403344854753529347e+01
4.693715594332417851e+01 4.866634952845600282e+01
4.693715594332417851e+01 4.771530807239692962e+01
4.693715594332417851e+01 5.263777162586114855e+01
4.693715594332417851e+01 4.401893535651684175e+01
4.693715594332417851e+01 4.379889522944179703e+01
4.693715594332417851e+01 4.657990294247905183e+01
4.693715594332417851e+01 4.720388795871264875e+01
4.693715594332417851e+01 4.668120862072733956e+01
4.693715594332417851e+01 4.161390830562464060e+01
4.693715594332417851e+01 4.767348362450535149e+01
4.693715594332417851e+01 5.295971837647977054e+01
4.693715594332417851e+01 4.812652527439993122e+01
4.693715594332417851e+01 4.426517456648755910e+01
4.693715594332417851e+01 4.729057044348058270e+01
4.693715594332417851e+01 4.306112091078450987e+01
4.693715594332417851e+01 4.973656929184102182e+01
4.693715594332417851e+01 4.817410154017061785e+01
4.693715594332417851e+01 4.611478524314470206e+01
4.693715594332417851e+01 4.625894262588502670e+01
4.693715594332417851e+01 4.550028891048833657e+01
4.693715594332417851e+01 4.475826174562099169e+01
4.693715594332417851e+01 4.656564817068748852e+01
4.693715594332417851e+01 4.500082716284990880e+01
4.693715594332417851e+01 4.737447546284258237e+01
4.693715594332417851e+01 4.373858814581954135e+01
4.693715594332417851e+01 4.562103146376816909e+01
4.693715594332417851e+01 4.407614306979753138e+01
4.693715594332417851e+01 4.461252143441666362e+01
4.693715594332417851e+01 4.747578851509750564e+01
4.693715594332417851e+01 5.199865854860385639e+01
4.693715594332417851e+01 4.255578302033044480e+01
4.693715594332417851e+01 4.883702321953064285e+01
4.693715594332417851e+01 4.802856768251855613e+01
4.693715594332417851e+01 4.720009947379994486e+01
4.693715594332417851e+01 4.827710231753844994e+01
4.693715594332417851e+01 4.570458407008317181e+01
4.693715594332417851e+01 5.110496499457997999e+01
4.693715594332417851e+01 4.556237294216597178e+01
4.693715594332417851e+01 4.705589035359792405e+01
4.693715594332417851e+01 4.505803626621239033e+01
4.693715594332417851e+01 4.520312696522699980e+01
4.693715594332417851e+01 4.977048016028179234e+01
4.693715594332417851e+01 4.195070540345034971e+01
4.693715594332417851e+01 4.944517420967284949e+01
4.693715594332417851e+01 4.715176636532866894e+01
4.693715594332417851e+01 4.528061824251978607e+01
4.693715594332417851e+01 4.508425614153229333e+01
4.693715594332417851e+01 4.686229789828893644e+01
4.693715594332417851e+01 4.533734193939731938e+01
4.693715594332417851e+01 4.842273584963034239e+01
4.693715594332417851e+01 4.432687052369300318e+01
4.693715594332417851e+01 4.519639594723233245e+01
4.693715594332417851e+01 5.114823201676883713e+01
4.693715594332417851e+01 4.664803830293245568e+01
4.693715594332417851e+01 4.301358200741086790e+01
4.693715594332417851e+01 4.728743197734586090e+01
4.693715594332417851e+01 4.686239847386713819e+01
4.693715594332417851e+01 4.673572930325191521e+01
4.693715594332417851e+01 4.781576473474235911e+01
4.693715594332417851e+01 4.285952335830513249e+01
4.693715594332417851e+01 4.752549355803303399e+01
4.693715594332417851e+01 5.084996020833105490e+01
4.693715594332417851e+01 4.411493883078446032e+01
4.693715594332417851e+01 4.463151534060088466e+01
4.693715594332417851e+01 4.510913617348911231e+01
4.693715594332417851e+01 4.502496032450019214e+01
4.693715594332417851e+01 4.736532841835588670e+01
4.693715594332417851e+01 4.342928685028812907e+01
4.693715594332417851e+01 4.350821549458202497e+01
4.693715594332417851e+01 4.433072539293855385e+01
4.693715594332417851e+01 4.371537791499988401e+01
4.693715594332417851e+01 4.726676655462218690e+01
4.693715594332417851e+01 5.290219687148817940e+01
4.693715594332417851e+01 4.758011870465084314e+01
4.693715594332417851e+01 4.505637557540336502e+01
4.693715594332417851e+01 4.629965317905153199e+01
4.693715594332417851e+01 4.475252788896268186e+01
4.693715594332417851e+01 4.407588095221862545e+01
4.693715594332417851e+01 4.479708514269646003e+01
4.693715594332417851e+01 4.261213673860808626e+01
4.693715594332417851e+01 4.322513812278539547e+01
4.693715594332417851e+01 4.540341550151790528e+01
4.693715594332417851e+01 4.085798658048030774e+01
4.693715594332417851e+01 4.652434447533602224e+01
4.693715594332417851e+01 4.542549999015866291e+01
4.693715594332417851e+01 4.175974938915793899e+01
4.693715594332417851e+01 4.451091941664851248e+01
4.693715594332417851e+01 4.854247756991563989e+01
4.693715594332417851e+01 4.711556253156760476e+01
4.693715594332417851e+01 4.527772656262428796e+01
4.693715594332417851e+01 5.094141148971245059e+01
4.693715594332417851e+01 5.001708240534512129e+01
4.693715594332417851e+01 4.601897687256660419e+01
4.693715594332417851e+01 4.049562383385841713e+01
