4.693715594332417851e+01 4.639620539653054720e+01
4.693715594332417851e+01 4.418149976599799800e+01
4.693715594332417851e+01 4.046027031567303567e+01
4.693715594332417851e+01 4.708726660933223940e+01
4.693715594332417851e+01 4.483448368567070474e+01
4.693715594332417851e+01 4.944242748300069223e+01
4.693715594332417851e+01 4.331555332639979383e+01
4.693715594332417851e+01 4.795936896909979907e+01
4.693715594332417851e+01 4.940043253847840532e+01
4.693715594332417851e+01 4.612480493177496754e+01
4.693715594332417851e+01 4.166369721628868916e+01
4.693715594332417851e+01 4.008941670319703832e+01
4.693715594332417851e+01 4.696309972537726196e+01
4.693715594332417851e+01 4.511529738978709503e+01
4.693715594332417851e+01 5.005567152774204942e+01
4.693715594332417851e+01 4.548792296073315100e+01
4.693715594332417851e+01 5.217688963839121641e+01
4.693715594332417851e+01 5.032034574036929087e+01
4.693715594332417851e+01 4.499228029569870557e+01
4.693715594332417851e+01 4.264521388481622921e+01
4.693715594332417851e+01 4.636302955573266615e+01
4.693715594332417851e+01 4.813181498440410877e+01
4.693715594332417851e+01 4.275922644453942922e+01
4.693715594332417851e+01 4.601909333456684692e+01
4.693715594332417851e+01 4.865242067075875099e+01
4.693715594332417851e+01 4.879175758121081685e+01
4.693715594332417851e+01 4.427283247564948709e+01
4.693715594332417851e+01 4.815015625956490197e+01
4.693715594332417851e+01 4.249372804827390837e+01
4.693715594332417851e+01 4.745746877539223618e+01
4.693715594332417851e+01 4.106110904065364764e+01
4.693715594332417851e+01 4.741063781928286147e+01
4.693715594332417851e+01 4.289150222250668776e+01
4.693715594332417851e+01 4.804351730410714794e+01
4.693715594332417851e+01 4.907378734087558314e+01
4.693715594332417851e+01 4.038148360103797785e+01
4.693715594332417851e+01 4.538815718511483510e+01
4.693715594332417851e+01 4.467307175149827003e+01
4.693715594332417851e+01 4.447094775503925490e+01
4.693715594332417851e+01 4.602836512296294558e+01
4.693715594332417851e+01 4.541524219074366897e+01
4.693715594332417851e+01 4.339600127944828500e+01
4.693715594332417851e+01 4.626450241429573396e+01
4.693715594332417851e+01 4.981659724894246466e+01
4.693715594332417851e+01 3.749957721275250577e+01
4.693715594332417851e+01 4.864391695833155893e+01
4.693715594332417851e+01 4.957219676563524047e+01
4.693715594332417851e+01 4.824978353019167088e+01
4.693715594332417851e+01 4.321843693997579550e+01
4.693715594332417851e+01 4.489553396168705746e+01
4.693715594332417851e+01 4.815497956337780039e+01
4.693715594332417851e+01 4.488370769950101646e+01
4.693715594332417851e+01 4.593796673333371672e+01
4.693715594332417851e+01 4.399987003708042010e+01
4.693715594332417851e+01 4.486574129077066431e+01
4.693715594332417851e+01 4.611566190898162887e+01
4.693715594332417851e+01 4.786731797000238942e+01
4.693715594332417851e+01 4.464826355959300486e+01
4.693715594332417851e+01 4.280357782770058606e+01
4.693715594332417851e+01 5.221076384298786621e+01
4.693715594332417851e+01 4.871882492101895679e+01
4.693715594332417851e+01 4.810832414703357074e+01
4.693715594332417851e+01 4.908845180501002403e+01
4.693715594332417851e+01 4.719719452893605194e+01
4.693715594332417851e+01 4.475801112799258874e+01
4.693715594332417851e+01 4.881486713864607907e+01
4.693715594332417851e+01 4.879499083528471459e+01
4.693715594332417851e+01 4.515292381979802627e+01
4.693715594332417851e+01 4.703881162688392692e+01
4.693715594332417851e+01 4.456067052441826348e+01
4.693715594332417851e+01 4.818604830721939436e+01
4.693715594332417851e+01 4.912154166973931524e+01
4.693715594332417851e+01 4.826772429853526347e+01
4.693715594332417851e+01 4.965324537339867561e+01
4.693715594332417851e+01 4.183796646939840258e+01
4.693715594332417851e+01 4.939512644537725095e+01
4.693715594332417851e+01 4.684841223646963471e+01
4.693715594332417851e+01 4.743742429491332757e+01
4.693715594332417851e+01 4.190668122827121778e+01
4.693715594332417851e+01 4.510683422754414806e+01
4.693715594332417851e+01 4.503161055930795698e+01
4.693715594332417851e+01 4.748473167889133606e+01
4.693715594332417851e+01 4.031696394399964589e+01
4.693715594332417851e+01 4.876029962154068897e+01
4.693715594332417851e+01 4.764256018713316365e+01
4.693715594332417851e+01 5.384072048338394723e+01
4.693715594332417851e+01 4.657953617821542025e+01
4.693715594332417851e+01 3.604182917362123817e+01
4.693715594332417851e+01 4.734040661808946027e+01
4.693715594332417851e+01 3.901661313740203951e+01
4.693715594332417851e+01 4.998448089389653859e+01
4.693715594332417851e+01 4.168449595880051817e+01
4.693715594332417851e+01 4.938046900782909177e+01
4.693715594332417851e+01 4.120975595088965093e+01
4.693715594332417851e+01 4.606722900291335776e+01
4.693715594332417851e+01 4.762901001856025118e+01
4.693715594332417851e+01 4.577558573324611046e+01
4.693715594332417851e+01 4.276343347914621518e+01
4.693715594332417851e+01 4.571070700745534765e+01
4.693715594332417851e+01 4.490725643672863754e+01
4.693715594332417851e+01 5.202691572076115989e+01
4.693715594332417851e+01 4.501081331552401821e+01
4.693715594332417851e+01 4.545832688752057038e+01
4.693715594332417851e+01 4.978292097585133291e+01
4.693715594332417851e+01 4.413426147061650795e+01
4.693715594332417851e+01 4.381072547890205016e+01
4.693715594332417851e+01 5.094071189407029721e+01
4.693715594332417851e+01 4.829147032517025906e+01
4.693715594332417851e+01 4.903972926209095817e+01
4.693715594332417851e+01 4.539014487135953146e+01
4.693715594332417851e+01 4.581617014200296722e+01
4.693715594332417851e+01 4.111392037200617722e+01
4.693715594332417851e+01 4.870935573421594000e+01
4.693715594332417851e+01 4.898869909521813071e+01
4.693715594332417851e+01 4.022641925741742597e+01
4.693715594332417851e+01 3.854972022368598772e+01
4.693715594332417851e+01 5.002225786433400145e+01
4.693715594332417851e+01 4.493715607007669632e+01
4.693715594332417851e+01 5.041826994366569181e+01
4.693715594332417851e+01 4.354507943396823322e+01
4.693715594332417851e+01 4.338435237970071512e+01
4.693715594332417851e+01 4.528540389783275799e+01
4.693715594332417851e+01 4.351210160590808584e+01
4.693715594332417851e+01 4.039471626694072626e+01
4.693715594332417851e+01 4.420335466523178525e+01
4.693715594332417851e+01 4.068452888979249593e+01
4.693715594332417851e+01 4.941923076299218565e+01
4.693715594332417851e+01 4.212772836855663883e+01
4.693715594332417851e+01 4.413169645700567401e+01
4.693715594332417851e+01 4.233544447277871114e+01
4.693715594332417851e+01 4.933822943152917162e+01
4.693715594332417851e+01 4.601837642353599023e+01
4.693715594332417851e+01 5.203767501842266086e+01
4.693715594332417851e+01 4.651506865513051281e+01
4.693715594332417851e+01 4.000009527607438997e+01
4.693715594332417851e+01 4.415580011612010480e+01
4.693715594332417851e+01 4.365959916659598861e+01
4.693715594332417851e+01 4.188330054751398990e+01
4.693715594332417851e+01 4.620836350155253314e+01
4.693715594332417851e+01 4.388837774588672858e+01
4.693715594332417851e+01 5.507379513136270077e+01
4.693715594332417851e+01 4.525879390898283106e+01
4.693715594332417851e+01 4.725204867272003639e+01
4.693715594332417851e+01 5.123567469720647694e+01
4.693715594332417851e+01 4.700556282329601032e+01
4.693715594332417851e+01 4.361004439713779135e+01
4.693715594332417851e+01 4.785996312319262103e+01
4.693715594332417851e+01 4.719280681761192398e+01
4.693715594332417851e+01 4.722562522925347395e+01
4.693715594332417851e+01 3.742117338454535513e+01
4.693715594332417851e+01 5.111902317720466726e+01
4.693715594332417851e+01 4.433798399507332988e+01
4.693715594332417851e+01 4.397102747632037278e+01
4.693715594332417851e+01 4.356454583992076124e+01
4.693715594332417851e+01 4.398419738864430428e+01
4.693715594332417851e+01 4.388149232585010395e+01
4.693715594332417851e+01 4.623525199033855415e+01
4.693715594332417851e+01 4.351591667858699708e+01
4.693715594332417851e+01 4.124395163367454131e+01
4.693715594332417851e+01 4.871354927071064367e+01
4.693715594332417851e+01 4.234242169258128996e+01
4.693715594332417851e+01 4.686328616948403436e+01
4.693715594332417851e+01 4.608475195942099845e+01
4.693715594332417851e+01 4.281201876793620187e+01
4.693715594332417851e+01 4.518574369266261215e+01
4.693715594332417851e+01 4.390326632490536696e+01
4.693715594332417851e+01 4.875815645990716973e+01
4.693715594332417851e+01 4.394142217237756398e+01
4.693715594332417851e+01 4.952315298885091011e+01
4.693715594332417851e+01 4.516534953751840931e+01
4.693715594332417851e+01 4.668208089286643769e+01
4.693715594332417851e+01 5.571777818428611795e+01
4.693715594332417851e+01 4.796607894789615045e+01
4.693715594332417851e+01 4.475445750630064623e+01
4.693715594332417851e+01 4.598382881333439798e+01
4.693715594332417851e+01 4.744880391453430235e+01
4.693715594332417851e+01 4.759752647150637728e+01
4.693715594332417851e+01 4.422167037934272571e+01
4.693715594332417851e+01 4.974219462700423833e+01
4.693715594332417851e+01 4.814396681413364831e+01
4.693715594332417851e+01 4.912363347942023495e+01
4.693715594332417851e+01 4.310846475399070954e+01
4.693715594332417851e+01 4.590484604034583072e+01
4.693715594332417851e+01 4.458797441330980860e+01
4.693715594332417851e+01 4.941598710796350957e+01
4.693715594332417851e+01 4.714982034512134845e+01
4.693715594332417851e+01 3.995111872619818882e+01
4.693715594332417851e+01 4.454230725149975711e+01
4.693715594332417851e+01 4.563080162096972003e+01
4.693715594332417851e+01 5.086381508755589209e+01
4.693715594332417851e+01 4.649936429861062237e+01
4.693715594332417851e+01 4.242521012202179520e+01
4.693715594332417851e+01 4.253333156319030195e+01
4.693715594332417851e+01 4.611645683021153985e+01
4.693715594332417851e+01 4.821387440889307641e+01
4.693715594332417851e+01 4.586149060253917753e+01
4.693715594332417851e+01 4.692210411888969190e+01
4.693715594332417851e+01 4.305058470838006457e+01
4.693715594332417851e+01 5.009960601418318049e+01
4.693715594332417851e+01 4.826086039941603190e+01
4.693715594332417851e+01 4.356861243823218643e+01
4.693715594332417851e+01 4.812923750316377891e+01
4.693715594332417851e+01 4.195848280125925811e+01
4.693715594332417851e+01 4.372191760554185436e+01
4.693715594332417851e+01 5.097617395211111813e+01
4.693715594332417851e+01 4.432910629802414348e+01
4.693715594332417851e+01 4.382696850226415108e+01
4.693715594332417851e+01 4.796517945769421942e+01
4.693715594332417851e+01 4.647496672022554520e+01
4.693715594332417851e+01 5.028334348026380241e+01
4.693715594332417851e+01 5.115991897712202530e+01
4.693715594332417851e+01 4.470435824049111062e+01
4.693715594332417851e+01 4.723582996229890085e+01
4.693715594332417851e+01 4.661487353370119990e+01
4.693715594332417851e+01 4.885780626432012497e+01
4.693715594332417851e+01 4.862825832348782029e+01
4.693715594332417851e+01 4.884097928736067473e+01
4.693715594332417851e+01 4.889868605464011608e+01
4.693715594332417851e+01 4.837445122629715399e+01
4.693715594332417851e+01 4.859373648554732483e+01
4.693715594332417851e+01 4.651556883208758109e+01
4.693715594332417851e+01 4.782945035517958843e+01
4.693715594332417851e+01 4.478610957586978003e+01
4.693715594332417851e+01 4.746961909009416303e+01
4.693715594332417851e+01 4.512715023102591516e+01
4.693715594332417851e+01 4.775492521790227585e+01
4.693715594332417851e+01 4.619439140730811033e+01
4.693715594332417851e+01 5.084157738159633766e+01
4.693715594332417851e+01 4.948152666333881200e+01
4.693715594332417851e+01 4.008056576440017693e+01
4.693715594332417851e+01 5.048041120059816933e+01
4.693715594332417851e+01 4.409977659970166286e+01
4.693715594332417851e+01 4.918544459488027343e+01
4.693715594332417851e+01 4.874307577270855063e+01
4.693715594332417851e+01 4.169163096010999681e+01
4.693715594332417851e+01 4.613731191724630776e+01
4.693715594332417851e+01 4.634139451116465125e+01
4.693715594332417851e+01 4.438892917018320361e+01
4.693715594332417851e+01 4.732928339481067326e+01
4.693715594332417851e+01 4.860421713185666448e+01
4.693715594332417851e+01 5.266253338599141642e+01
4.693715594332417851e+01 4.958297551595955355e+01
4.693715594332417851e+01 4.838235073604486303e+01
4.693715594332417851e+01 4.636567621352962476e+01
4.693715594332417851e+01 4.464939832945820797e+01
4.693715594332417851e+01 4.284980463700354392e+01
4.693715594332417851e+01 5.104691405905648338e+01
4.693715594332417851e+01 4.519477685745214757e+01
4.693715594332417851e+01 4.214345483403135972e+01
4.693715594332417851e+01 4.998423587668272461e+01
4.693715594332417851e+01 5.022453797387994001e+01
4.693715594332417851e+01 3.806439012082054063e+01
4.693715594332417851e+01 4.396791630699658526e+01
4.693715594332417851e+01 4.944942723041371124e+01
4.693715594332417851e+01 4.629734152567800010e+01
4.693715594332417851e+01 4.640729796902548543e+01
4.693715594332417851e+01 4.302695522022943919e+01
4.693715594332417851e+01 4.310162016707295862e+01
4.693715594332417851e+01 4.667675834951270275e+01
4.693715594332417851e+01 4.088152212391057105e+01
4.693715594332417851e+01 4.143699094230799318e+01
4.693715594332417851e+01 4.511419198423249810e+01
4.693715594332417851e+01 5.358266349537849038e+01
4.693715594332417851e+01 3.925815005754019182e+01
4.693715594332417851e+01 4.487076109688300107e+01
4.693715594332417851e+01 4.383471044437576580e+01
4.693715594332417851e+01 4.974118894864267304e+01
4.693715594332417851e+01 4.792977398256470423e+01
4.693715594332417851e+01 4.681770296437008483e+01
4.693715594332417851e+01 4.196741721707373785e+01
4.693715594332417851e+01 4.570784637797098071e+01
4.693715594332417851e+01 4.491753924854745605e+01
4.693715594332417851e+01 4.466384652109623943e+01
4.693715594332417851e+01 4.360638288674689989e+01
4.693715594332417851e+01 4.527452672548290735e+01
4.693715594332417851e+01 4.564694059837984241e+01
4.693715594332417851e+01 5.118211562328317399e+01
4.693715594332417851e+01 4.411083113861056404e+01
4.693715594332417851e+01 4.420544560194854000e+01
4.693715594332417851e+01 4.451500596099930362e+01
4.693715594332417851e+01 4.631226220350507106e+01
4.693715594332417851e+01 4.482806353261365473e+01
4.693715594332417851e+01 5.028996387256706413e+01
4.693715594332417851e+01 4.997969538773133991e+01
4.693715594332417851e+01 4.637453013850341677e+01
4.693715594332417851e+01 4.665793571239338888e+01
4.693715594332417851e+01 4.429276124046565855e+01
4.693715594332417851e+01 4.595024368937103532e+01
4.693715594332417851e+01 4.246943135836329475e+01
4.693715594332417851e+01 4.703212526764651358e+01
4.693715594332417851e+01 4.852831456312915037e+01
4.693715594332417851e+01 4.780977152546103781e+01
4.693715594332417851e+01 5.072023506923331837e+01
4.693715594332417851e+01 4.912059282028320695e+01
4.693715594332417851e+01 4.870222257311485237e+01
4.693715594332417851e+01 4.295502412189811281e+01
4.693715594332417851e+01 5.098439131507674915e+01
4.693715594332417851e+01 5.024731907277403309e+01
4.693715594332417851e+01 4.160217650368681319e+01
4.693715594332417851e+01 5.162430046289826890e+01
4.693715594332417851e+01 4.487596301684757094e+01
4.693715594332417851e+01 4.521179699898250703e+01
4.693715594332417851e+01 4.521988975796923427e+01
4.693715594332417851e+01 4.503909609158240102e+01
4.693715594332417851e+01 4.745188694529434770e+01
4.693715594332417851e+01 4.327533057765193547e+01
4.693715594332417851e+01 4.746854016783719743e+01
4.693715594332417851e+01 4.753054856251834792e+01
4.693715594332417851e+01 4.246439307608516600e+01
4.693715594332417851e+01 4.518000718999093834e+01
4.693715594332417851e+01 4.358626115474808671e+01
4.693715594332417851e+01 4.833432553850251168e+01
4.693715594332417851e+01 4.746793617081482353e+01
4.693715594332417851e+01 4.441538853420588850e+01
4.693715594332417851e+01 4.407320093921701698e+01
4.693715594332417851e+01 4.578576839692773603e+01
4.693715594332417851e+01 4.629874997086375998e+01
4.693715594332417851e+01 4.856438072378076498e+01
4.693715594332417851e+01 4.977368063153404165e+01
4.693715594332417851e+01 5.052267057520948867e+01
4.693715594332417851e+01 5.541595195272888219e+01
4.693715594332417851e+01 4.902254465710797149e+01
4.693715594332417851e+01 4.666140227554324582e+01
4.693715594332417851e+01 3.816632782058012197e+01
4.693715594332417851e+01 4.716453315467304463e+01
4.693715594332417851e+01 4.565770054997633309e+01
4.693715594332417851e+01 4.427761237532232741e+01
4.693715594332417851e+01 4.809964405235107421e+01
4.693715594332417851e+01 4.887598085250665036e+01
4.693715594332417851e+01 4.337318475711210652e+01
4.693715594332417851e+01 4.826740637822695845e+01
4.693715594332417851e+01 4.548508208906981309e+01
4.693715594332417851e+01 4.571600869408820245e+01
4.693715594332417851e+01 4.701897806705465399e+01
4.693715594332417851e+01 4.340843049010216248e+01
4.693715594332417851e+01 4.975716607307104056e+01
4.693715594332417851e+01 4.908209330277981053e+01
4.693715594332417851e+01 4.679597920531008981e+01
4.693715594332417851e+01 4.496015044168623120e+01
4.693715594332417851e+01 4.575849719487397493e+01
4.693715594332417851e+01 4.629879466229171214e+01
4.693715594332417851e+01 4.767283651935642297e+01
4.693715594332417851e+01 4.127140224656329082e+01
4.693715594332417851e+01 4.738302557489682698e+01
4.693715594332417851e+01 4.640288030187468848e+01
4.693715594332417851e+01 4.667154420062114895e+01
4.693715594332417851e+01 4.701894008998261398e+01
4.693715594332417851e+01 4.857580467058262741e+01
4.693715594332417851e+01 4.309198143376532641e+01
4.693715594332417851e+01 4.665465078881528171e+01
4.693715594332417851e+01 4.819383290635547468e+01
4.693715594332417851e+01 4.294564801703492662e+01
4.693715594332417851e+01 5.551906357339668574e+01
4.693715594332417851e+01 4.458069122679221152e+01
4.693715594332417851e+01 4.468462091911414547e+01
4.693715594332417851e+01 5.040863857055084196e+01
4.693715594332417851e+01 4.608086192366448586e+01
4.693715594332417851e+01 4.770835842222120959e+01
4.693715594332417851e+01 4.928904922950034262e+01
4.693715594332417851e+01 4.902093930558525869e+01
4.693715594332417851e+01 5.032715583018342898e+01
4.693715594332417851e+01 4.093887754207934648e+01
4.693715594332417851e+01 4.291479876502167201e+01
4.693715594332417851e+01 4.127797016392267437e+01
4.693715594332417851e+01 4.844071831633682734e+01
4.693715594332417851e+01 4.496566010127276058e+01
4.693715594332417851e+01 4.204781714850930285e+01
4.693715594332417851e+01 4.100513731298754294e+01
4.693715594332417851e+01 4.005780951644193522e+01
4.693715594332417851e+01 4.859163414834117134e+01
4.693715594332417851e+01 4.939784745100854479e+01
4.693715594332417851e+01 4.451290492754350225e+01
4.693715594332417851e+01 4.577878222058593849e+01
4.693715594332417851e+01 4.515297334166497478e+01
4.693715594332417851e+01 4.070441257966968607e+01
4.693715594332417851e+01 4.551576523182345113e+01
4.693715594332417851e+01 4.899196563723987907e+01
4.693715594332417851e+01 4.279440930014945366e+01
4.693715594332417851e+01 4.853240530679430975e+01
4.693715594332417851e+01 4.229305187110950470e+01
4.693715594332417851e+01 4.806634400787837080e+01
4.693715594332417851e+01 4.115286575860861262e+01
4.693715594332417851e+01 4.350337199214888528e+01
4.693715594332417851e+01 4.748841675070931245e+01
4.693715594332417851e+01 4.228623572951291720e+01
4.693715594332417851e+01 4.506630483854544877e+01
4.693715594332417851e+01 4.400359454429962369e+01
4.693715594332417851e+01 4.449234044238092878e+01
4.693715594332417851e+01 4.446230296415713923e+01
4.693715594332417851e+01 4.882495482009424137e+01
4.693715594332417851e+01 4.964351592162199722e+01
4.693715594332417851e+01 4.792194283872657934e+01
4.693715594332417851e+01 4.441441567004230251e+01
4.693715594332417851e+01 4.829355188523479114e+01
4.693715594332417851e+01 4.714344578988346512e+01
4.693715594332417851e+01 4.874883588120692224e+01
4.693715594332417851e+01 4.262954180971337337e+01
4.693715594332417851e+01 5.111317123705777021e+01
4.693715594332417851e+01 5.271146869807068214e+01
4.693715594332417851e+01 4.778252631337952039e+01
4.693715594332417851e+01 4.747439318558934929e+01
4.693715594332417851e+01 4.438671776961979276e+01
4.693715594332417851e+01 4.654060316459396063e+01
4.693715594332417851e+01 4.442693590876068299e+01
4.693715594332417851e+01 4.763558328492611338e+01
4.693715594332417851e+01 4.730248798725107662e+01
4.693715594332417851e+01 4.276075825656097606e+01
4.693715594332417851e+01 4.728439988612183242e+01
4.693715594332417851e+01 4.598111326333721394e+01
4.693715594332417851e+01 4.282878537443104250e+01
4.693715594332417851e+01 4.580210582107581274e+01
4.693715594332417851e+01 4.363198268128576274e+01
4.693715594332417851e+01 4.804367477034000444e+01
4.693715594332417851e+01 4.785767971241565277e+01
4.693715594332417851e+01 4.766790247503368505e+01
4.693715594332417851e+01 4.571803888932792148e+01
4.693715594332417851e+01 4.799512574679351928e+01
4.693715594332417851e+01 4.633396687611889320e+01
4.693715594332417851e+01 4.457280828915725124e+01
4.693715594332417851e+01 4.165041086373808099e+01
4.693715594332417851e+01 4.626522531296615171e+01
4.693715594332417851e+01 4.233035942032316257e+01
4.693715594332417851e+01 5.061778514918974281e+01
4.693715594332417851e+01 4.698616444923401048e+01
4.693715594332417851e+01 4.586985971746707946e+01
4.693715594332417851e+01 4.728931649983824315e+01
4.693715594332417851e+01 4.763723350874468565e+01
4.693715594332417851e+01 4.513742260607832435e+01
4.693715594332417851e+01 4.274198241040502211e+01
4.693715594332417851e+01 4.488287495065689825e+01
4.693715594332417851e+01 4.798194179286116423e+01
4.693715594332417851e+01 4.476757375743373046e+01
4.693715594332417851e+01 4.064282069397633279e+01
4.693715594332417851e+01 4.663454588891733010e+01
4.693715594332417851e+01 4.244445346972606359e+01
4.693715594332417851e+01 4.806419147558123939e+01
4.693715594332417851e+01 4.469251519756173963e+01
4.693715594332417851e+01 4.396195590017254062e+01
4.693715594332417851e+01 4.202741619533225048e+01
4.693715594332417851e+01 4.443694784569125034e+01
4.693715594332417851e+01 4.628353960373915754e+01
4.693715594332417851e+01 4.778544838282072504e+01
4.693715594332417851e+01 4.077578434045160805e+01
4.693715594332417851e+01 4.413545844453528133e+01
4.693715594332417851e+01 5.040869779300581399e+01
4.693715594332417851e+01 4.620482490720979030e+01
4.693715594332417851e+01 4.718304745230423691e+01
4.693715594332417851e+01 5.378339696431815753e+01
4.693715594332417851e+01 4.318616647201756109e+01
4.693715594332417851e+01 4.631771387933547146e+01
4.693715594332417851e+01 4.777147075765582684e+01
4.693715594332417851e+01 4.413424207339910765e+01
4.693715594332417851e+01 4.954189645873594827e+01
4.693715594332417851e+01 4.444648679647099243e+01
4.693715594332417851e+01 4.301966068669371168e+01
4.693715594332417851e+01 4.265921630222283056e+01
4.693715594332417851e+01 4.429102735834378279e+01
4.693715594332417851e+01 4.074558004838787895e+01
4.693715594332417851e+01 4.883528694405988801e+01
4.693715594332417851e+01 4.491380319714819080e+01
4.693715594332417851e+01 4.347124043964655016e+01
4.693715594332417851e+01 4.639399598194349750e+01
4.693715594332417851e+01 5.165994827229616249e+01
4.693715594332417851e+01 5.011221989735997084e+01
4.693715594332417851e+01 4.825592011692604189e+01
4.693715594332417851e+01 4.759044327001986119e+01
4.693715594332417851e+01 4.466921970876734349e+01
4.693715594332417851e+01 4.141964263644700139e+01
4.693715594332417851e+01 4.438953071017034802e+01
4.693715594332417851e+01 4.693342793366576871e+01
4.693715594332417851e+01 5.078563574593663077e+01
4.693715594332417851e+01 4.816235786386952356e+01
4.693715594332417851e+01 4.801414506941529226e+01
4.693715594332417851e+01 4.099509374246506610e+01
4.693715594332417851e+01 4.094982203114851416e+01
4.693715594332417851e+01 4.302060316415040120e+01
4.693715594332417851e+01 4.841748754348709127e+01
4.693715594332417851e+01 4.269732216184366536e+01
4.693715594332417851e+01 4.407116928040938575e+01
4.693715594332417851e+01 5.205122689657210344e+01
4.693715594332417851e+01 4.440958929585114845e+01
4.693715594332417851e+01 4.589457004794604700e+01
4.693715594332417851e+01 4.754429409232953674e+01
4.693715594332417851e+01 5.167517511157089416e+01
4.693715594332417851e+01 4.695234242471666875e+01
4.693715594332417851e+01 4.719612435765972691e+01
4.693715594332417851e+01 4.483787069095798472e+01
4.693715594332417851e+01 4.676863229793228527e+01
4.693715594332417851e+01 4.276293968729387984e+01
4.693715594332417851e+01 4.454800752539436814e+01
4.693715594332417851e+01 4.972222259499924490e+01
4.693715594332417851e+01 4.298909649026390412e+01
4.693715594332417851e+01 5.458584531169140774e+01
4.693715594332417851e+01 4.746782320649894160e+01
4.693715594332417851e+01 4.310631051577985318e+01
4.693715594332417851e+01 4.908927868753316659e+01
4.693715594332417851e+01 4.700881347287104717e+01
4.693715594332417851e+01 4.338900419179811507e+01
4.693715594332417851e+01 4.049018524578708167e+01
4.693715594332417851e+01 4.354487695807494418e+01
4.693715594332417851e+01 4.527039522058443310e+01
4.693715594332417851e+01 4.743937502584392973e+01
4.693715594332417851e+01 4.682019138879169162e+01
4.693715594332417851e+01 4.686159215529814759e+01
4.693715594332417851e+01 4.634325364450131701e+01
4.693715594332417851e+01 4.519670912803240270e+01
4.693715594332417851e+01 4.884350230825127426e+01
4.693715594332417851e+01 4.889201715465416243e+01
4.693715594332417851e+01 4.283093048310212936e+01
4.693715594332417851e+01 4.299137823387293622e+01
4.693715594332417851e+01 4.605228487586578012e+01
4.693715594332417851e+01 4.567231817360338653e+01
4.693715594332417851e+01 5.136212474732313638e+01
4.693715594332417851e+01 4.468328306698141716e+01
4.693715594332417851e+01 4.780010584805253160e+01
4.693715594332417851e+01 4.541983589538410371e+01
4.693715594332417851e+01 4.212036545871695381e+01
4.693715594332417851e+01 4.706713802152645343e+01
4.693715594332417851e+01 4.425334056401692351e+01
4.693715594332417851e+01 4.668026615488141573e+01
4.693715594332417851e+01 4.715588581473451768e+01
4.693715594332417851e+01 4.091289263777775886e+01
4.693715594332417851e+01 5.139729252603783038e+01
4.693715594332417851e+01 4.571726819537263964e+01
4.693715594332417851e+01 4.911109226666896888e+01
4.693715594332417851e+01 4.550126450053295457e+01
4.693715594332417851e+01 4.362406585336982090e+01
4.693715594332417851e+01 4.036042522880401862e+01
4.693715594332417851e+01 4.135740175515648787e+01
4.693715594332417851e+01 4.045834296877021785e+01
4.693715594332417851e+01 4.459605279786894272e+01
4.693715594332417851e+01 4.376090075666623136e+01
4.693715594332417851e+01 4.602607727658105574e+01
4.693715594332417851e+01 4.243266151687974741e+01
4.693715594332417851e+01 4.554377447136437951e+01
4.693715594332417851e+01 4.951143715553028812e+01
4.693715594332417851e+01 4.356229171457538740e+01
4.693715594332417851e+01 4.579081148153012037e+01
4.693715594332417851e+01 4.443243022807493503e+01
4.693715594332417851e+01 4.134656920488326648e+01
4.693715594332417851e+01 4.827920129963460738e+01
4.693715594332417851e+01 4.723409822845343342e+01
4.693715594332417851e+01 4.754977543255908046e+01
4.693715594332417851e+01 4.601988023103341874e+01
4.693715594332417851e+01 4.136165514457291437e+01
4.693715594332417851e+01 4.622963362878258664e+01
4.693715594332417851e+01 4.289448442284413687e+01
4.693715594332417851e+01 4.678564315441796140e+01
4.693715594332417851e+01 4.999677263862507459e+01
4.693715594332417851e+01 4.627658112234259846e+01
4.693715594332417851e+01 4.278812994238052170e+01
4.693715594332417851e+01 4.707457981531226210e+01
4.693715594332417851e+01 5.150690216581644165e+01
4.693715594332417851e+01 4.977673160105823769e+01
4.693715594332417851e+01 4.693797526325437275e+01
4.693715594332417851e+01 5.265046538928173447e+01
4.693715594332417851e+01 5.169152653319170554e+01
4.693715594332417851e+01 4.514727077757863327e+01
4.693715594332417851e+01 4.285522311302318599e+01
4.693715594332417851e+01 4.171214546133783330e+01
4.693715594332417851e+01 4.480679638814581978e+01
4.693715594332417851e+01 4.212326970139097426e+01
4.693715594332417851e+01 4.691533011168735356e+01
4.693715594332417851e+01 4.866418260661671980e+01
4.693715594332417851e+01 4.149024650868689434e+01
4.693715594332417851e+01 4.688887799723617178e+01
4.693715594332417851e+01 4.641629236368056155e+01
4.693715594332417851e+01 4.321645176958622159e+01
4.693715594332417851e+01 4.623933028699478598e+01
4.693715594332417851e+01 4.671086853489137525e+01
4.693715594332417851e+01 4.505210079224521991e+01
4.693715594332417851e+01 4.323353962354039481e+01
4.693715594332417851e+01 4.888464363256944978e+01
4.693715594332417851e+01 4.611703512455132881e+01
4.693715594332417851e+01 5.055664151106154236e+01
4.693715594332417851e+01 5.565441603619276378e+01
4.693715594332417851e+01 5.225363143905791219e+01
4.693715594332417851e+01 4.875273297115618476e+01
4.693715594332417851e+01 4.719545997691351147e+01
4.693715594332417851e+01 4.338450514584866369e+01
4.693715594332417851e+01 4.981639433158863994e+01
4.693715594332417851e+01 5.122747248880787652e+01
4.693715594332417851e+01 4.553769301213370824e+01
4.693715594332417851e+01 4.413701014227022057e+01
4.693715594332417851e+01 5.256064174838964220e+01
4.693715594332417851e+01 4.749577741277200005e+01
4.693715594332417851e+01 4.524310712554255787e+01
4.693715594332417851e+01 4.653162846587471080e+01
4.693715594332417851e+01 4.807837302477538799e+01
4.693715594332417851e+01 4.501112358623380771e+01
4.693715594332417851e+01 4.921035686298695566e+01
4.693715594332417851e+01 5.380228734994302897e+01
4.693715594332417851e+01 4.310098792256462019e+01
4.693715594332417851e+01 4.068460928565112056e+01
4.693715594332417851e+01 4.864701420559002543e+01
4.693715594332417851e+01 4.707068761339564844e+01
4.693715594332417851e+01 4.988241609778646790e+01
4.693715594332417851e+01 5.037166342081560799e+01
4.693715594332417851e+01 5.065551542568093168e+01
4.693715594332417851e+01 4.726443614903210033e+01
4.693715594332417851e+01 4.772830391072174905e+01
4.693715594332417851e+01 4.703124613166953338e+01
4.693715594332417851e+01 4.142169963711648251e+01
4.693715594332417851e+01 4.327260580303510551e+01
4.693715594332417851e+01 4.777002355565038272e+01
4.693715594332417851e+01 4.284253661955919767e+01
4.693715594332417851e+01 4.979337111086397982e+01
4.693715594332417851e+01 4.114326302773198307e+01
4.693715594332417851e+01 4.277074769559273193e+01
4.693715594332417851e+01 4.484049380435278209e+01
4.693715594332417851e+01 4.851656464139175284e+01
4.693715594332417851e+01 4.080664650548371242e+01
4.693715594332417851e+01 4.811716579856104659e+01
4.693715594332417851e+01 4.497393345276472587e+01
4.693715594332417851e+01 5.003005312292764728e+01
4.693715594332417851e+01 4.196513301083058423e+01
4.693715594332417851e+01 4.557100269246501512e+01
4.693715594332417851e+01 4.796262422746760024e+01
4.693715594332417851e+01 4.634747620772029109e+01
4.693715594332417851e+01 4.321259514200117025e+01
4.693715594332417851e+01 4.973751484056455041e+01
4.693715594332417851e+01 4.829941096241819309e+01
4.693715594332417851e+01 5.385223329158971239e+01
4.693715594332417851e+01 4.012460976151929515e+01
4.693715594332417851e+01 3.961652846476579981e+01
4.693715594332417851e+01 4.739918253720635022e+01
4.693715594332417851e+01 4.430921990014174128e+01
4.693715594332417851e+01 3.939970443229083941e+01
4.693715594332417851e+01 4.431719818088723173e+01
4.693715594332417851e+01 4.765244313981258983e+01
4.693715594332417851e+01 4.586463104159082604e+01
4.693715594332417851e+01 4.827119853041918418e+01
4.693715594332417851e+01 4.302310454460831579e+01
4.693715594332417851e+01 4.767513480078310550e+01
4.693715594332417851e+01 5.537829139090776920e+01
4.693715594332417851e+01 4.168136242451356566e+01
4.693715594332417851e+01 4.462655542803047837e+01
4.693715594332417851e+01 5.299030782727014355e+01
4.693715594332417851e+01 4.598981670462892879e+01
4.693715594332417851e+01 5.190040390599921238e+01
4.693715594332417851e+01 4.736087645350540498e+01
4.693715594332417851e+01 4.667832744288308078e+01
4.693715594332417851e+01 4.464822917176917372e+01
4.693715594332417851e+01 4.328263495978259812e+01
4.693715594332417851e+01 4.453754451335658615e+01
4.693715594332417851e+01 4.555101733714840151e+01
4.693715594332417851e+01 4.389942755151385256e+01
4.693715594332417851e+01 5.138830997039996618e+01
4.693715594332417851e+01 4.459830775754528531e+01
4.693715594332417851e+01 4.339985944876818280e+01
4.693715594332417851e+01 4.845667525426875244e+01
4.693715594332417851e+01 4.622791869981890045e+01
4.693715594332417851e+01 4.521417346090974121e+01
4.693715594332417851e+01 4.492162869718582385e+01
4.693715594332417851e+01 3.931095691660397051e+01
4.693715594332417851e+01 4.648373431960709468e+01
4.693715594332417851e+01 4.543478083176667326e+01
4.693715594332417851e+01 4.370205704680763859e+01
4.693715594332417851e+01 4.722043485479498059e+01
4.693715594332417851e+01 4.967395933866981039e+01
4.693715594332417851e+01 4.526903228595281092e+01
4.693715594332417851e+01 4.776273122618118805e+01
4.693715594332417851e+01 4.820241808694854058e+01
4.693715594332417851e+01 4.413119350460972612e+01
4.693715594332417851e+01 4.531014620083588085e+01
4.693715594332417851e+01 4.594034809568308475e+01
4.693715594332417851e+01 4.872739473858352710e+01
4.693715594332417851e+01 4.762258757897348005e+01
4.693715594332417851e+01 4.595790219405656529e+01
4.693715594332417851e+01 4.870944735401995729e+01
4.693715594332417851e+01 4.102152859172473143e+01
4.693715594332417851e+01 4.496711899373622856e+01
4.693715594332417851e+01 4.561332857729911439e+01
4.693715594332417851e+01 5.039861380043227967e+01
4.693715594332417851e+01 4.100794605400148640e+01
4.693715594332417851e+01 4.519833203323611315e+01
4.693715594332417851e+01 4.664191875960571565e+01
4.693715594332417851e+01 4.653565474859640005e+01
4.693715594332417851e+01 4.560214903201426040e+01
4.693715594332417851e+01 4.883370352517748358e+01
4.693715594332417851e+01 4.312825358550717425e+01
4.693715594332417851e+01 4.694791259233549141e+01
4.693715594332417851e+01 4.536625416488935514e+01
4.693715594332417851e+01 4.465374360097877116e+01
4.693715594332417851e+01 4.262038564918071160e+01
4.693715594332417851e+01 4.126021836607315407e+01
4.693715594332417851e+01 4.811513303881429948e+01
4.693715594332417851e+01 5.458606428196723215e+01
4.693715594332417851e+01 4.482420837661256030e+01
4.693715594332417851e+01 4.542124552857477937e+01
4.693715594332417851e+01 4.821877382998287942e+01
4.693715594332417851e+01 4.847965589954290522e+01
4.693715594332417851e+01 4.885001273410892964e+01
4.693715594332417851e+01 4.605216112932774308e+01
4.693715594332417851e+01 4.545013269775271425e+01
4.693715594332417851e+01 4.377966152194645844e+01
4.693715594332417851e+01 4.179493855269723923e+01
4.693715594332417851e+01 4.502187477873045651e+01
4.693715594332417851e+01 4.813240450683091609e+01
4.693715594332417851e+01 4.941341906115487603e+01
4.693715594332417851e+01 4.335729912841808442e+01
4.693715594332417851e+01 4.530825940728231416e+01
4.693715594332417851e+01 3.981038116834826468e+01
4.693715594332417851e+01 5.074508939406176466e+01
4.693715594332417851e+01 4.258610894641148548e+01
4.693715594332417851e+01 4.091962804356659689e+01
4.693715594332417851e+01 4.345501785583906695e+01
4.693715594332417851e+01 4.424483474235633906e+01
4.693715594332417851e+01 4.754731030733041308e+01
4.693715594332417851e+01 5.405053665423142917e+01
4.693715594332417851e+01 5.247660734790284920e+01
4.693715594332417851e+01 4.568786026012529788e+01
4.693715594332417851e+01 4.974625586410286360e+01
4.693715594332417851e+01 4.340129693352108120e+01
4.693715594332417851e+01 4.345006369664838530e+01
4.693715594332417851e+01 4.121773578629758106e+01
4.693715594332417851e+01 4.421000048369369040e+01
4.693715594332417851e+01 4.835093082020267730e+01
4.693715594332417851e+01 4.857805608857199076e+01
4.693715594332417851e+01 4.541206647822502873e+01
4.693715594332417851e+01 4.493675524873327731e+01
4.693715594332417851e+01 4.449837448547791752e+01
4.693715594332417851e+01 5.050427668312927665e+01
4.693715594332417851e+01 4.108427396650565555e+01
4.693715594332417851e+01 5.297421076337708001e+01
4.693715594332417851e+01 4.070732975903661099e+01
4.693715594332417851e+01 4.290924917167461672e+01
4.693715594332417851e+01 4.444464405485401670e+01
4.693715594332417851e+01 4.607096345618917610e+01
4.693715594332417851e+01 4.838518326347784893e+01
4.693715594332417851e+01 4.768491998490030426e+01
4.693715594332417851e+01 4.064679266307737748e+01
4.693715594332417851e+01 4.998050413393362135e+01
4.693715594332417851e+01 4.937565039864149696e+01
4.693715594332417851e+01 4.525047631576127571e+01
4.693715594332417851e+01 5.037146322569520862e+01
4.693715594332417851e+01 5.565350105433020644e+01
4.693715594332417851e+01 5.208764226233657979e+01
4.693715594332417851e+01 4.788658187868256277e+01
4.693715594332417851e+01 5.258621765028028250e+01
4.693715594332417851e+01 5.170572166187064767e+01
4.693715594332417851e+01 4.898868253924352700e+01
4.693715594332417851e+01 4.508180175138231505e+01
4.693715594332417851e+01 4.538901157029069822e+01
4.693715594332417851e+01 4.158865424110046405e+01
4.693715594332417851e+01 4.565057435975193556e+01
4.693715594332417851e+01 4.753918068696041388e+01
4.693715594332417851e+01 4.854563754809148435e+01
4.693715594332417851e+01 5.098770306319515555e+01
4.693715594332417851e+01 4.875334792883309376e+01
4.693715594332417851e+01 4.465446554920692535e+01
4.693715594332417851e+01 4.377585280196090167e+01
4.693715594332417851e+01 4.912483984818767624e+01
4.693715594332417851e+01 4.618117755461116758e+01
4.693715594332417851e+01 5.848240600095013519e+01
4.693715594332417851e+01 3.966565765542125632e+01
4.693715594332417851e+01 4.367038910942827101e+01
4.693715594332417851e+01 4.376765612320497212e+01
4.693715594332417851e+01 5.392954023774116479e+01
4.693715594332417851e+01 4.597663431452263438e+01
4.693715594332417851e+01 4.882858461853116694e+01
4.693715594332417851e+01 4.300429072469588476e+01
4.693715594332417851e+01 4.690269325251752974e+01
4.693715594332417851e+01 4.363144979944058122e+01
4.693715594332417851e+01 4.401616300688252181e+01
4.693715594332417851e+01 4.557338883287060582e+01
4.693715594332417851e+01 4.296552500330724911e+01
4.693715594332417851e+01 4.471031773606689796e+01
4.693715594332417851e+01 4.905630721342111400e+01
4.693715594332417851e+01 4.713839934929928432e+01
4.693715594332417851e+01 4.901904198334285212e+01
4.693715594332417851e+01 4.709372775626076901e+01
4.693715594332417851e+01 5.065399573718814707e+01
4.693715594332417851e+01 4.476701191760906084e+01
4.693715594332417851e+01 4.866583461888200191e+01
4.693715594332417851e+01 4.814482695984008842e+01
4.693715594332417851e+01 4.072060793343828067e+01
4.693715594332417851e+01 4.718859402915546042e+01
4.693715594332417851e+01 4.904573229058107131e+01
4.693715594332417851e+01 5.525590283304818229e+01
4.693715594332417851e+01 4.642632444533911240e+01
4.693715594332417851e+01 4.418185284007237357e+01
4.693715594332417851e+01 4.198406482825414088e+01
4.693715594332417851e+01 4.166355673587153774e+01
4.693715594332417851e+01 4.135997594916358366e+01
4.693715594332417851e+01 4.703101848784000794e+01
4.693715594332417851e+01 4.621005018997382763e+01
4.693715594332417851e+01 4.956847071416071060e+01
4.693715594332417851e+01 4.794978919517005522e+01
4.693715594332417851e+01 4.980116553735346940e+01
4.693715594332417851e+01 4.595547197681674589e+01
4.693715594332417851e+01 5.036949253514042368e+01
4.693715594332417851e+01 5.191911401301553042e+01
4.693715594332417851e+01 4.920361858349181716e+01
4.693715594332417851e+01 4.587082108342177378e+01
4.693715594332417851e+01 4.392751708606292027e+01
4.693715594332417851e+01 4.896913473755275703e+01
4.693715594332417851e+01 4.782395013464618927e+01
4.693715594332417851e+01 4.125351871088798106e+01
4.693715594332417851e+01 5.098881741851005955e+01
4.693715594332417851e+01 4.212306355328206564e+01
4.693715594332417851e+01 4.357570813999363679e+01
4.693715594332417851e+01 5.276685492987896708e+01
4.693715594332417851e+01 4.450408979537984777e+01
4.693715594332417851e+01 4.986628230715147225e+01
4.693715594332417851e+01 5.134283722754879875e+01
4.693715594332417851e+01 4.888258714924228343e+01
4.693715594332417851e+01 5.091114808418948456e+01
4.693715594332417851e+01 4.578508336383522703e+01
4.693715594332417851e+01 4.885958956382767582e+01
4.693715594332417851e+01 4.377136032791688081e+01
4.693715594332417851e+01 4.423882158359182171e+01
4.693715594332417851e+01 5.043876705424901274e+01
4.693715594332417851e+01 4.709054817957462546e+01
4.693715594332417851e+01 4.354977752175109629e+01
4.693715594332417851e+01 4.043772960409956596e+01
4.693715594332417851e+01 4.771658394187372210e+01
4.693715594332417851e+01 5.056824145247753677e+01
4.693715594332417851e+01 4.933064481562618653e+01
4.693715594332417851e+01 5.091402575743951076e+01
4.693715594332417851e+01 4.783903302336604213e+01
4.693715594332417851e+01 5.013062043858327854e+01
4.693715594332417851e+01 4.286999462531302640e+01
4.693715594332417851e+01 4.482320026363926502e+01
4.693715594332417851e+01 4.878203073270086065e+01
4.693715594332417851e+01 4.542578843848969683e+01
4.693715594332417851e+01 4.219483293719157047e+01
4.693715594332417851e+01 4.729296725508769583e+01
4.693715594332417851e+01 4.220500158664279411e+01
4.693715594332417851e+01 4.631332217072669266e+01
4.693715594332417851e+01 5.497553504183633777e+01
4.693715594332417851e+01 4.773880647546553035e+01
4.693715594332417851e+01 5.079578704716172410e+01
4.693715594332417851e+01 5.038373458818338690e+01
4.693715594332417851e+01 3.610785696811969103e+01
4.693715594332417851e+01 4.642857890058005665e+01
4.693715594332417851e+01 4.473404209131133769e+01
4.693715594332417851e+01 5.147862557568074493e+01
4.693715594332417851e+01 4.583663036025262727e+01
4.693715594332417851e+01 5.290131865643830622e+01
4.693715594332417851e+01 4.672734375892262193e+01
4.693715594332417851e+01 4.603743941300848519e+01
4.693715594332417851e+01 4.597884774891095816e+01
4.693715594332417851e+01 4.237676101053354927e+01
4.693715594332417851e+01 4.309193632445607847e+01
4.693715594332417851e+01 4.438727861044615963e+01
4.693715594332417851e+01 4.301956128556337688e+01
4.693715594332417851e+01 4.393409344590030230e+01
4.693715594332417851e+01 4.831471948263624228e+01
4.693715594332417851e+01 4.241054939653605516e+01
4.693715594332417851e+01 5.261274849352577121e+01
4.693715594332417851e+01 4.683067074463737356e+01
4.693715594332417851e+01 4.262092187030470569e+01
4.693715594332417851e+01 4.729621773664746343e+01
4.693715594332417851e+01 4.832649873516832884e+01
4.693715594332417851e+01 4.281149470588091788e+01
4.693715594332417851e+01 4.637993050217194480e+01
4.693715594332417851e+01 4.424919612403268587e+01
4.693715594332417851e+01 4.075736361165174060e+01
4.693715594332417851e+01 5.634313329112582380e+01
4.693715594332417851e+01 4.211435821044766925e+01
4.693715594332417851e+01 5.368327120442135225e+01
4.693715594332417851e+01 4.474214098122691752e+01
4.693715594332417851e+01 4.770878293586574870e+01
4.693715594332417851e+01 4.521809785632055423e+01
4.693715594332417851e+01 4.615908790733620037e+01
4.693715594332417851e+01 4.745925239722239297e+01
4.693715594332417851e+01 4.539121212202253020e+01
4.693715594332417851e+01 5.201018587273543403e+01
4.693715594332417851e+01 4.990039076702748844e+01
4.693715594332417851e+01 4.895227743702483991e+01
4.693715594332417851e+01 4.549524526653742384e+01
4.693715594332417851e+01 3.902884741769106114e+01
4.693715594332417851e+01 4.436281720298683240e+01
4.693715594332417851e+01 4.792597046281370154e+01
4.693715594332417851e+01 4.632693210274758400e+01
4.693715594332417851e+01 5.296087451162956938e+01
4.693715594332417851e+01 5.491177021590063134e+01
4.693715594332417851e+01 4.433352070045006599e+01
4.693715594332417851e+01 4.796359696147315788e+01
4.693715594332417851e+01 4.691296715871994394e+01
4.693715594332417851e+01 4.919832655777011610e+01
4.693715594332417851e+01 4.595523182104569315e+01
4.693715594332417851e+01 4.487781028936039718e+01
4.693715594332417851e+01 5.042874829236490797e+01
4.693715594332417851e+01 4.605212074674158629e+01
4.693715594332417851e+01 5.180312269089420596e+01
4.693715594332417851e+01 4.958304981691948399e+01
4.693715594332417851e+01 4.633111167642434225e+01
4.693715594332417851e+01 3.887672148755194002e+01
4.693715594332417851e+01 4.523563985338167726e+01
4.693715594332417851e+01 5.165932554922984821e+01
4.693715594332417851e+01 4.424150859230241650e+01
4.693715594332417851e+01 4.855595670248742834e+01
4.693715594332417851e+01 4.412532584433463967e+01
4.693715594332417851e+01 4.437493506729945381e+01
4.693715594332417851e+01 4.917781176838410317e+01
4.693715594332417851e+01 3.960149352081395335e+01
4.693715594332417851e+01 4.946463953245880418e+01
4.693715594332417851e+01 4.967814117346389224e+01
4.693715594332417851e+01 4.438329738939165736e+01
4.693715594332417851e+01 5.042765883588649700e+01
4.693715594332417851e+01 3.941571464532857050e+01
4.693715594332417851e+01 4.805507255812685230e+01
4.693715594332417851e+01 4.173240832870906303e+01
4.693715594332417851e+01 4.670907312300674619e+01
4.693715594332417851e+01 4.979562913677177249e+01
4.693715594332417851e+01 4.204306937573450398e+01
4.693715594332417851e+01 4.225173339829451180e+01
4.693715594332417851e+01 4.999276274327897340e+01
4.693715594332417851e+01 4.788983215557698969e+01
4.693715594332417851e+01 5.167808861829855260e+01
4.693715594332417851e+01 4.977056093809545700e+01
4.693715594332417851e+01 4.402617225764326747e+01
4.693715594332417851e+01 4.419789568602320173e+01
4.693715594332417851e+01 5.124556165922881235e+01
4.693715594332417851e+01 4.606918072921150298e+01
4.693715594332417851e+01 4.215903233008005202e+01
4.693715594332417851e+01 4.582817334367234707e+01
4.693715594332417851e+01 4.748955755347540730e+01
4.693715594332417851e+01 4.729058355633829791e+01
4.693715594332417851e+01 4.734735424156639283e+01
4.693715594332417851e+01 4.803983552604957197e+01
4.693715594332417851e+01 4.538153240099864405e+01
4.693715594332417851e+01 4.635661249768614312e+01
4.693715594332417851e+01 4.354448526942664444e+01
4.693715594332417851e+01 5.294599869102960810e+01
4.693715594332417851e+01 4.858468037134582573e+01
4.693715594332417851e+01 4.820836977794667888e+01
4.693715594332417851e+01 5.089591613893001210e+01
4.693715594332417851e+01 4.463648734825013520e+01
4.693715594332417851e+01 4.333494927868081703e+01
4.693715594332417851e+01 3.889049726836162080e+01
4.693715594332417851e+01 4.373407886880140438e+01
4.693715594332417851e+01 4.531581457111340683e+01
4.693715594332417851e+01 4.402121538923371702e+01
4.693715594332417851e+01 4.327560568894436699e+01
4.693715594332417851e+01 4.642310085872664871e+01
4.693715594332417851e+01 4.686956515036835924e+01
4.693715594332417851e+01 4.387767789782160577e+01
4.693715594332417851e+01 4.522050318052107087e+01
4.693715594332417851e+01 4.912758121717035209e+01
4.693715594332417851e+01 5.039771670648016055e+01
4.693715594332417851e+01 5.388750805077737738e+01
4.693715594332417851e+01 4.455868188479629310e+01
4.693715594332417851e+01 4.090995592389698032e+01
4.693715594332417851e+01 4.537928847757572726e+01
4.693715594332417851e+01 4.309177858165365649e+01
4.693715594332417851e+01 4.790683433587448548e+01
4.693715594332417851e+01 4.726874233199048803e+01
4.693715594332417851e+01 4.921270416165192785e+01
4.693715594332417851e+01 4.687470167925881270e+01
4.693715594332417851e+01 4.774816962392644371e+01
4.693715594332417851e+01 4.560073031815462485e+01
4.693715594332417851e+01 4.418956850745551890e+01
4.693715594332417851e+01 4.705685449539572573e+01
4.693715594332417851e+01 4.865041091412780361e+01
4.693715594332417851e+01 4.253850747031685131e+01
4.693715594332417851e+01 5.398515507224063725e+01
4.693715594332417851e+01 4.895380964732013496e+01
4.693715594332417851e+01 4.670124989397928772e+01
4.693715594332417851e+01 5.088608383627223475e+01
4.693715594332417851e+01 4.177457060964951552e+01
4.693715594332417851e+01 4.337563550439404025e+01
4.693715594332417851e+01 4.784563399719404231e+01
4.693715594332417851e+01 4.762815519100057315e+01
4.693715594332417851e+01 4.295569638253237343e+01
4.693715594332417851e+01 4.570400810815183235e+01
4.693715594332417851e+01 4.284002087721025021e+01
4.693715594332417851e+01 4.378442658264054899e+01
4.693715594332417851e+01 4.332030137614312792e+01
4.693715594332417851e+01 4.458629875854404645e+01
4.693715594332417851e+01 4.572624446969976475e+01
4.693715594332417851e+01 4.612685528583381256e+01
4.693715594332417851e+01 4.732839585415472072e+01
4.693715594332417851e+01 5.390965213374081344e+01
4.693715594332417851e+01 5.445187529342462085e+01
4.693715594332417851e+01 4.594846236129223627e+01
4.693715594332417851e+01 4.680140848931218756e+01
4.693715594332417851e+01 4.565866132487113305e+01
4.693715594332417851e+01 4.746202242292872597e+01
4.693715594332417851e+01 4.277555677003632439e+01
4.693715594332417851e+01 4.367655672902969144e+01
4.693715594332417851e+01 4.205954921039680272e+01
4.693715594332417851e+01 4.601640967931348314e+01
4.693715594332417851e+01 4.633652343560933673e+01
4.693715594332417851e+01 4.495727076488270058e+01
4.693715594332417851e+01 4.605515627274393609e+01
4.693715594332417851e+01 4.830830550710349769e+01
4.693715594332417851e+01 4.908081700334408737e+01
4.693715594332417851e+01 4.098653308804049544e+01
4.693715594332417851e+01 4.237953795723824868e+01
4.693715594332417851e+01 4.891451955673265672e+01
4.693715594332417851e+01 5.284759999131696162e+01
4.693715594332417851e+01 4.721046840273417189e+01
4.693715594332417851e+01 4.757243079057585078e+01
4.693715594332417851e+01 4.185044334049027270e+01
4.693715594332417851e+01 4.508391759243269803e+01
4.693715594332417851e+01 4.255714061439533680e+01
4.693715594332417851e+01 4.813562322221553558e+01
