4.693715594332417851e+01 4.480840543833187439e+01
4.693715594332417851e+01 5.132780014280727698e+01
4.693715594332417851e+01 4.505889900255372993e+01
4.693715594332417851e+01 4.580289350263018378e+01
4.693715594332417851e+01 4.695919660782647753e+01
4.693715594332417851e+01 4.361320363363701347e+01
4.693715594332417851e+01 4.375216107423072032e+01
4.693715594332417851e+01 4.180297083961747262e+01
4.693715594332417851e+01 5.198309681025733653e+01
4.693715594332417851e+01 4.255035492463090208e+01
4.693715594332417851e+01 4.745892945717924505e+01
4.693715594332417851e+01 4.413410641202975171e+01
4.693715594332417851e+01 3.976056434324380007e+01
4.693715594332417851e+01 4.216578225758827614e+01
4.693715594332417851e+01 5.034810838623695872e+01
4.693715594332417851e+01 4.785138158630739724e+01
4.693715594332417851e+01 4.768331520740933627e+01
4.693715594332417851e+01 4.419490229534461889e+01
4.693715594332417851e+01 4.572116246970936260e+01
4.693715594332417851e+01 4.206942089322856759e+01
4.693715594332417851e+01 4.735198408748079402e+01
4.693715594332417851e+01 4.453466889896179737e+01
4.693715594332417851e+01 4.708790274306016954e+01
4.693715594332417851e+01 4.372235387506390936e+01
4.693715594332417851e+01 4.781189972574681946e+01
4.693715594332417851e+01 4.705678012189127912e+01
4.693715594332417851e+01 4.888177312499334448e+01
4.693715594332417851e+01 4.602754948460378870e+01
4.693715594332417851e+01 4.556640151322583421e+01
4.693715594332417851e+01 4.945936603969875023e+01
4.693715594332417851e+01 4.823123663047653054e+01
4.693715594332417851e+01 4.779966545247786769e+01
4.693715594332417851e+01 4.255150575842131389e+01
4.693715594332417851e+01 4.487110760833510881e+01
4.693715594332417851e+01 4.906490862818618837e+01
4.693715594332417851e+01 4.361600585915791584e+01
4.693715594332417851e+01 4.864020609010925256e+01
4.693715594332417851e+01 5.481248839873857293e+01
4.693715594332417851e+01 4.458932328022984848e+01
4.693715594332417851e+01 4.209490215626595244e+01
4.693715594332417851e+01 5.064372681638167251e+01
4.693715594332417851e+01 4.474045506263532701e+01
4.693715594332417851e+01 5.328977354457046545e+01
4.693715594332417851e+01 4.545165101235570404e+01
4.693715594332417851e+01 4.445283687605719081e+01
4.693715594332417851e+01 5.038635064997017565e+01
4.693715594332417851e+01 4.987314581642943523e+01
4.693715594332417851e+01 4.493654732015971831e+01
4.693715594332417851e+01 4.599742291093007651e+01
4.693715594332417851e+01 4.496902752923340074e+01
4.693715594332417851e+01 4.241117373247103473e+01
4.693715594332417851e+01 4.586598753462050837e+01
4.693715594332417851e+01 4.232574514607016170e+01
4.693715594332417851e+01 4.882853609775301607e+01
4.693715594332417851e+01 4.364093105015218299e+01
4.693715594332417851e+01 5.067864969839855149e+01
4.693715594332417851e+01 4.158357289833971748e+01
4.693715594332417851e+01 4.445381527395571908e+01
4.693715594332417851e+01 4.768087595384365329e+01
4.693715594332417851e+01 5.015974034058638154e+01
4.693715594332417851e+01 4.054668960776363207e+01
4.693715594332417851e+01 4.452310734108377233e+01
4.693715594332417851e+01 4.229516835210340275e+01
4.693715594332417851e+01 4.215031660622423004e+01
4.693715594332417851e+01 5.153971522642465430e+01
4.693715594332417851e+01 4.800323359471538254e+01
4.693715594332417851e+01 4.446769779402875145e+01
4.693715594332417851e+01 4.219008947128164522e+01
4.693715594332417851e+01 4.245303532110050782e+01
4.693715594332417851e+01 4.697797013617387307e+01
4.693715594332417851e+01 4.250532694974825887e+01
4.693715594332417851e+01 4.205911842759763886e+01
4.693715594332417851e+01 4.664349761695471130e+01
4.693715594332417851e+01 4.612452494461028607e+01
4.693715594332417851e+01 4.138356876587450017e+01
4.693715594332417851e+01 3.966726233833933435e+01
4.693715594332417851e+01 4.377735203349473636e+01
4.693715594332417851e+01 5.093457415078716366e+01
4.693715594332417851e+01 4.710327927114094848e+01
4.693715594332417851e+01 4.647100972695785970e+01
4.693715594332417851e+01 4.876949845828704611e+01
4.693715594332417851e+01 5.114071258673473608e+01
4.693715594332417851e+01 4.008746562397976732e+01
4.693715594332417851e+01 5.243259259293331098e+01
4.693715594332417851e+01 3.922215406908409108e+01
4.693715594332417851e+01 4.463900708703702236e+01
4.693715594332417851e+01 4.363819218362831975e+01
4.693715594332417851e+01 5.163305305686669300e+01
4.693715594332417851e+01 4.666850410521102077e+01
4.693715594332417851e+01 4.713381808814928320e+01
4.693715594332417851e+01 4.982022829300518652e+01
4.693715594332417851e+01 4.775766697441506636e+01
4.693715594332417851e+01 5.024930799100748402e+01
4.693715594332417851e+01 4.420708958066855843e+01
4.693715594332417851e+01 4.567480559918710981e+01
4.693715594332417851e+01 5.194831499146080489e+01
4.693715594332417851e+01 4.591216420818017951e+01
4.693715594332417851e+01 4.590845152265220008e+01
4.693715594332417851e+01 5.177325599926002297e+01
4.693715594332417851e+01 4.783178342289927798e+01
4.693715594332417851e+01 4.451986429365570075e+01
4.693715594332417851e+01 4.996823496043604962e+01
4.693715594332417851e+01 4.949945899363780910e+01
4.693715594332417851e+01 4.330556860390457530e+01
4.693715594332417851e+01 4.682144846586621867e+01
4.693715594332417851e+01 4.696919522466285457e+01
4.693715594332417851e+01 4.400173669049966207e+01
4.693715594332417851e+01 4.948390369773805020e+01
4.693715594332417851e+01 4.807156159082850877e+01
4.693715594332417851e+01 4.248647926322379220e+01
4.693715594332417851e+01 4.077082741526039200e+01
4.693715594332417851e+01 4.732438857615723293e+01
4.693715594332417851e+01 4.525436098229596382e+01
4.693715594332417851e+01 4.477893148613245700e+01
4.693715594332417851e+01 4.388074583353532176e+01
4.693715594332417851e+01 4.728269136209996049e+01
4.693715594332417851e+01 5.353278886891170174e+01
4.693715594332417851e+01 4.484776684276071279e+01
4.693715594332417851e+01 4.625569677457433215e+01
4.693715594332417851e+01 4.992676365592883059e+01
4.693715594332417851e+01 4.511888613126657788e+01
4.693715594332417851e+01 4.144447904815234551e+01
4.693715594332417851e+01 4.684928089760453673e+01
4.693715594332417851e+01 4.730464956161800671e+01
4.693715594332417851e+01 3.983039122029766332e+01
4.693715594332417851e+01 5.051446885120626717e+01
4.693715594332417851e+01 4.372879355680090185e+01
4.693715594332417851e+01 4.262630198006466031e+01
4.693715594332417851e+01 4.785662208951508489e+01
4.693715594332417851e+01 4.559551456690034854e+01
4.693715594332417851e+01 4.479858652437558675e+01
4.693715594332417851e+01 4.641235529840242435e+01
4.693715594332417851e+01 4.414206017080348232e+01
4.693715594332417851e+01 4.128279194681771713e+01
4.693715594332417851e+01 4.537907619784959934e+01
4.693715594332417851e+01 5.317921927180698560e+01
4.693715594332417851e+01 4.521790233079339316e+01
4.693715594332417851e+01 4.713447675847538676e+01
4.693715594332417851e+01 5.205652626655177784e+01
4.693715594332417851e+01 4.663877745960706989e+01
4.693715594332417851e+01 5.243010349324507047e+01
4.693715594332417851e+01 4.252373927843090939e+01
4.693715594332417851e+01 4.541079851574477999e+01
4.693715594332417851e+01 4.849769316196398705e+01
4.693715594332417851e+01 4.567991624732498934e+01
4.693715594332417851e+01 4.729947587250196506e+01
4.693715594332417851e+01 4.561132363446406401e+01
4.693715594332417851e+01 4.671851569153695749e+01
4.693715594332417851e+01 4.443846935991358293e+01
4.693715594332417851e+01 4.259645771009466131e+01
4.693715594332417851e+01 4.606138943356916826e+01
4.693715594332417851e+01 4.329994205852084121e+01
4.693715594332417851e+01 4.539561973139350926e+01
4.693715594332417851e+01 4.678852169904345004e+01
4.693715594332417851e+01 4.715145113045001324e+01
4.693715594332417851e+01 4.031937476931322806e+01
4.693715594332417851e+01 4.971638206786313674e+01
4.693715594332417851e+01 3.824956152010746990e+01
4.693715594332417851e+01 4.410433878665860163e+01
4.693715594332417851e+01 4.779156657169181699e+01
4.693715594332417851e+01 4.633166632437208676e+01
4.693715594332417851e+01 4.762768281503497292e+01
4.693715594332417851e+01 3.721067917142416803e+01
4.693715594332417851e+01 5.093670517262459896e+01
4.693715594332417851e+01 4.386237033383475392e+01
4.693715594332417851e+01 4.854586462720720874e+01
4.693715594332417851e+01 5.422579947568036118e+01
4.693715594332417851e+01 4.626760663848655497e+01
4.693715594332417851e+01 4.569094698532457954e+01
4.693715594332417851e+01 4.018329052192353856e+01
4.693715594332417851e+01 4.194410843679196432e+01
4.693715594332417851e+01 4.460835303382553718e+01
4.693715594332417851e+01 5.111104330189042599e+01
4.693715594332417851e+01 5.135767328463754211e+01
4.693715594332417851e+01 4.413562146217083182e+01
4.693715594332417851e+01 5.113094155294285059e+01
4.693715594332417851e+01 4.907251379929305557e+01
4.693715594332417851e+01 4.352021896547753954e+01
4.693715594332417851e+01 5.017818702936607167e+01
4.693715594332417851e+01 4.652381642631031156e+01
4.693715594332417851e+01 4.653226848529846649e+01
4.693715594332417851e+01 4.621032319848417558e+01
4.693715594332417851e+01 4.311299966133016426e+01
4.693715594332417851e+01 4.452215824738158290e+01
4.693715594332417851e+01 4.025479659953175826e+01
4.693715594332417851e+01 4.241068063388143372e+01
4.693715594332417851e+01 4.683621036895123524e+01
4.693715594332417851e+01 4.433275645731978898e+01
4.693715594332417851e+01 4.451448788474910145e+01
4.693715594332417851e+01 4.722434888500836792e+01
4.693715594332417851e+01 4.247470978699901423e+01
4.693715594332417851e+01 4.316507547439731241e+01
4.693715594332417851e+01 4.462598897465398551e+01
4.693715594332417851e+01 4.112831171277224485e+01
4.693715594332417851e+01 4.529873827390049001e+01
4.693715594332417851e+01 4.407664840788560667e+01
4.693715594332417851e+01 4.783739561819015762e+01
4.693715594332417851e+01 5.246588614303120579e+01
4.693715594332417851e+01 4.498210669744429424e+01
4.693715594332417851e+01 4.861082280024510283e+01
4.693715594332417851e+01 4.641626803547666924e+01
4.693715594332417851e+01 4.370284397322205905e+01
4.693715594332417851e+01 4.409030668011072862e+01
4.693715594332417851e+01 4.642135406439362555e+01
4.693715594332417851e+01 4.712336899482560426e+01
4.693715594332417851e+01 4.333463328279057691e+01
4.693715594332417851e+01 4.145689458250984671e+01
4.693715594332417851e+01 4.098856542583608586e+01
4.693715594332417851e+01 4.530311005549992842e+01
4.693715594332417851e+01 5.076395089843204289e+01
4.693715594332417851e+01 4.709182666736231937e+01
4.693715594332417851e+01 4.762398599057098636e+01
4.693715594332417851e+01 4.986656224659513015e+01
4.693715594332417851e+01 4.628264684177305810e+01
4.693715594332417851e+01 4.443995485098947285e+01
4.693715594332417851e+01 4.642858808581885910e+01
4.693715594332417851e+01 4.438864354111784394e+01
4.693715594332417851e+01 4.648392578712142864e+01
4.693715594332417851e+01 4.594477332484520105e+01
4.693715594332417851e+01 5.031645295686374908e+01
4.693715594332417851e+01 4.473227399190506759e+01
4.693715594332417851e+01 4.724157918345312623e+01
4.693715594332417851e+01 4.941349548262085278e+01
4.693715594332417851e+01 4.619056622793920752e+01
4.693715594332417851e+01 4.754272080265039335e+01
4.693715594332417851e+01 4.566056035418461079e+01
4.693715594332417851e+01 4.580536123329298448e+01
4.693715594332417851e+01 5.133362001407466124e+01
4.693715594332417851e+01 4.505719759737586116e+01
4.693715594332417851e+01 4.613672133349363236e+01
4.693715594332417851e+01 5.429639547414797818e+01
4.693715594332417851e+01 4.553204516726162865e+01
4.693715594332417851e+01 5.315757679440981320e+01
4.693715594332417851e+01 4.881689006777608597e+01
4.693715594332417851e+01 4.772135223360628942e+01
4.693715594332417851e+01 4.329649803777513739e+01
4.693715594332417851e+01 4.341069138756073897e+01
4.693715594332417851e+01 4.172905866045864087e+01
4.693715594332417851e+01 4.688514187417682422e+01
4.693715594332417851e+01 4.436299693561615953e+01
4.693715594332417851e+01 4.755525285874385588e+01
4.693715594332417851e+01 4.247157748757861384e+01
4.693715594332417851e+01 4.640909765586574309e+01
4.693715594332417851e+01 4.144268628646570818e+01
4.693715594332417851e+01 4.633493777988412177e+01
4.693715594332417851e+01 4.487106935921156037e+01
4.693715594332417851e+01 4.246875975927756741e+01
4.693715594332417851e+01 4.457272147604546575e+01
4.693715594332417851e+01 4.550116658866835451e+01
4.693715594332417851e+01 4.154580416398106024e+01
4.693715594332417851e+01 4.923685796660024749e+01
4.693715594332417851e+01 4.473788843746826416e+01
4.693715594332417851e+01 4.256171657241038986e+01
4.693715594332417851e+01 4.602631554163680505e+01
4.693715594332417851e+01 4.369435909996401080e+01
4.693715594332417851e+01 4.348694516925946374e+01
4.693715594332417851e+01 4.962769994631865700e+01
4.693715594332417851e+01 4.266610574544220214e+01
4.693715594332417851e+01 4.400963914525682696e+01
4.693715594332417851e+01 4.756215738147787420e+01
4.693715594332417851e+01 4.710417681680100088e+01
4.693715594332417851e+01 4.262823295908133048e+01
4.693715594332417851e+01 3.813992771926445613e+01
4.693715594332417851e+01 4.897683508250678841e+01
4.693715594332417851e+01 4.276346275347508197e+01
4.693715594332417851e+01 4.495401828156728641e+01
4.693715594332417851e+01 4.142421782968203559e+01
4.693715594332417851e+01 4.808491830688546997e+01
4.693715594332417851e+01 4.461161663824962886e+01
4.693715594332417851e+01 4.138639054422191066e+01
4.693715594332417851e+01 4.895997584341151310e+01
4.693715594332417851e+01 4.331836022395767571e+01
4.693715594332417851e+01 4.518670125501342483e+01
4.693715594332417851e+01 4.271907455170941859e+01
4.693715594332417851e+01 4.824196545379671619e+01
4.693715594332417851e+01 4.634462008568008429e+01
4.693715594332417851e+01 4.586329403816705508e+01
4.693715594332417851e+01 4.503768868618087140e+01
4.693715594332417851e+01 4.275209617176265198e+01
4.693715594332417851e+01 4.360240057769301814e+01
4.693715594332417851e+01 4.799437275965016170e+01
4.693715594332417851e+01 4.563889693528221159e+01
4.693715594332417851e+01 4.194229965842696117e+01
4.693715594332417851e+01 4.989104466946602656e+01
4.693715594332417851e+01 4.426944809061955510e+01
4.693715594332417851e+01 4.946850112676704470e+01
4.693715594332417851e+01 4.817644864208867261e+01
4.693715594332417851e+01 4.769265162305207184e+01
4.693715594332417851e+01 4.630040068166131562e+01
4.693715594332417851e+01 4.063553357483315409e+01
4.693715594332417851e+01 4.746650763810040985e+01
4.693715594332417851e+01 4.957797812511849855e+01
4.693715594332417851e+01 4.413482116693372603e+01
4.693715594332417851e+01 4.258719701127034796e+01
4.693715594332417851e+01 4.355464338245236178e+01
4.693715594332417851e+01 4.985745849465301660e+01
4.693715594332417851e+01 5.091456786678274682e+01
4.693715594332417851e+01 4.550952848382782179e+01
4.693715594332417851e+01 4.267650896898557988e+01
4.693715594332417851e+01 4.537132667299655964e+01
4.693715594332417851e+01 5.000689770582815896e+01
4.693715594332417851e+01 4.504836237588792613e+01
4.693715594332417851e+01 4.385739931341041142e+01
4.693715594332417851e+01 4.987896557944590370e+01
4.693715594332417851e+01 4.878622739232459793e+01
4.693715594332417851e+01 4.749929453118960510e+01
4.693715594332417851e+01 4.520697669574006738e+01
4.693715594332417851e+01 4.652240388457496323e+01
4.693715594332417851e+01 4.892838182046949669e+01
4.693715594332417851e+01 4.867525616647755982e+01
4.693715594332417851e+01 4.866305290563641961e+01
4.693715594332417851e+01 4.537472589778015930e+01
4.693715594332417851e+01 4.128750984470152474e+01
4.693715594332417851e+01 4.390742517760541830e+01
4.693715594332417851e+01 4.359717215354877595e+01
4.693715594332417851e+01 4.439377527639555865e+01
4.693715594332417851e+01 4.361864693990190744e+01
4.693715594332417851e+01 4.703810105546273235e+01
4.693715594332417851e+01 4.149301464844029397e+01
4.693715594332417851e+01 4.191592923411199934e+01
4.693715594332417851e+01 4.994649400514738602e+01
4.693715594332417851e+01 5.506945462605700214e+01
4.693715594332417851e+01 4.378564066006633482e+01
4.693715594332417851e+01 4.642870267221786662e+01
4.693715594332417851e+01 4.923480703564830208e+01
4.693715594332417851e+01 4.551375789271813233e+01
4.693715594332417851e+01 5.049331136684258325e+01
4.693715594332417851e+01 4.252559736211485841e+01
4.693715594332417851e+01 3.931053302131747529e+01
4.693715594332417851e+01 4.606512266252556032e+01
4.693715594332417851e+01 4.176578790152979792e+01
4.693715594332417851e+01 4.905842885303611922e+01
4.693715594332417851e+01 5.050779088553605334e+01
4.693715594332417851e+01 4.852036791547379835e+01
4.693715594332417851e+01 4.136651349622236751e+01
4.693715594332417851e+01 4.979862599622838104e+01
4.693715594332417851e+01 5.231042527210937720e+01
4.693715594332417851e+01 4.753762849977860583e+01
4.693715594332417851e+01 5.155693537876248911e+01
4.693715594332417851e+01 4.703403831900547516e+01
4.693715594332417851e+01 4.777174658669657248e+01
4.693715594332417851e+01 4.396783975348562024e+01
4.693715594332417851e+01 5.220614433731557114e+01
4.693715594332417851e+01 4.638449905752388247e+01
4.693715594332417851e+01 5.269032988735174428e+01
4.693715594332417851e+01 4.273566501068590640e+01
4.693715594332417851e+01 5.092061044021732386e+01
4.693715594332417851e+01 4.780939845525956855e+01
4.693715594332417851e+01 5.112925173678234358e+01
4.693715594332417851e+01 5.894345932121827758e+01
4.693715594332417851e+01 4.892236498784410514e+01
4.693715594332417851e+01 4.135163962135802507e+01
4.693715594332417851e+01 4.394095625425379836e+01
4.693715594332417851e+01 5.049271779074740607e+01
4.693715594332417851e+01 4.248692973503102621e+01
4.693715594332417851e+01 4.834735500329104241e+01
4.693715594332417851e+01 4.572528971196857128e+01
4.693715594332417851e+01 5.248392036643818415e+01
4.693715594332417851e+01 4.561887859772644305e+01
4.693715594332417851e+01 4.242249246050703704e+01
4.693715594332417851e+01 4.069860659570087336e+01
4.693715594332417851e+01 4.911915519966277088e+01
4.693715594332417851e+01 4.271676141977841468e+01
4.693715594332417851e+01 5.003852852328249412e+01
4.693715594332417851e+01 5.311167598053471295e+01
4.693715594332417851e+01 4.825841750516054418e+01
4.693715594332417851e+01 4.963801139522976769e+01
4.693715594332417851e+01 4.069021979844677617e+01
4.693715594332417851e+01 4.475310064729634973e+01
4.693715594332417851e+01 3.877923939172136159e+01
4.693715594332417851e+01 4.849712203019942081e+01
4.693715594332417851e+01 4.501917909867032108e+01
4.693715594332417851e+01 4.726084058912009311e+01
4.693715594332417851e+01 5.071981379803643364e+01
4.693715594332417851e+01 4.389950442919440832e+01
4.693715594332417851e+01 4.608783970896899973e+01
4.693715594332417851e+01 4.897197238483806103e+01
4.693715594332417851e+01 4.752874352767090471e+01
4.693715594332417851e+01 4.334764894968516558e+01
4.693715594332417851e+01 4.694213958026235645e+01
4.693715594332417851e+01 4.235852423285649593e+01
4.693715594332417851e+01 4.241492509870345629e+01
4.693715594332417851e+01 4.646520293012347480e+01
4.693715594332417851e+01 4.688064914826436080e+01
4.693715594332417851e+01 4.291898418564993278e+01
4.693715594332417851e+01 4.378205693919830566e+01
4.693715594332417851e+01 4.392109643392877416e+01
4.693715594332417851e+01 4.488121986156348697e+01
4.693715594332417851e+01 4.473327087826386617e+01
4.693715594332417851e+01 4.401775251469663885e+01
4.693715594332417851e+01 4.870866580989248718e+01
4.693715594332417851e+01 4.677841049403433971e+01
4.693715594332417851e+01 4.645757103788914577e+01
4.693715594332417851e+01 4.606211709775388385e+01
4.693715594332417851e+01 4.495376628134531671e+01
4.693715594332417851e+01 4.657484024224437036e+01
4.693715594332417851e+01 4.661183148465671877e+01
4.693715594332417851e+01 4.966694660896035884e+01
4.693715594332417851e+01 4.759147067179682011e+01
4.693715594332417851e+01 5.311119683781600997e+01
4.693715594332417851e+01 4.775013525479951682e+01
4.693715594332417851e+01 4.393778534158239069e+01
4.693715594332417851e+01 4.934618027458646594e+01
4.693715594332417851e+01 4.880939227724944374e+01
4.693715594332417851e+01 4.861421264854172364e+01
4.693715594332417851e+01 5.130393987218645435e+01
4.693715594332417851e+01 4.274779737983607930e+01
4.693715594332417851e+01 5.022722800840811175e+01
4.693715594332417851e+01 4.677954680673082777e+01
4.693715594332417851e+01 3.953720242234413007e+01
4.693715594332417851e+01 4.734255617279831085e+01
4.693715594332417851e+01 4.363664729516978724e+01
4.693715594332417851e+01 5.139162521445957310e+01
4.693715594332417851e+01 4.682365614108666563e+01
4.693715594332417851e+01 4.738438133535468211e+01
4.693715594332417851e+01 3.858633842028497440e+01
4.693715594332417851e+01 4.726550997676935140e+01
4.693715594332417851e+01 4.835628574202635122e+01
4.693715594332417851e+01 4.841390354080476754e+01
4.693715594332417851e+01 4.504584582636995549e+01
4.693715594332417851e+01 4.885009959594866302e+01
4.693715594332417851e+01 4.518971381010467070e+01
4.693715594332417851e+01 4.945324637423475167e+01
4.693715594332417851e+01 5.672185675195668608e+01
4.693715594332417851e+01 4.896342370990422665e+01
4.693715594332417851e+01 4.611510381930106917e+01
4.693715594332417851e+01 4.804976279347035018e+01
4.693715594332417851e+01 4.685433453049462571e+01
4.693715594332417851e+01 4.729304437602208111e+01
4.693715594332417851e+01 4.728960558557568561e+01
4.693715594332417851e+01 4.706924320495181746e+01
4.693715594332417851e+01 4.220692800465287320e+01
4.693715594332417851e+01 4.293944146060729850e+01
4.693715594332417851e+01 4.770218399114781960e+01
4.693715594332417851e+01 5.009616175547464678e+01
4.693715594332417851e+01 5.243731868446484867e+01
4.693715594332417851e+01 4.262421382330666830e+01
4.693715594332417851e+01 4.625156074581772003e+01
4.693715594332417851e+01 4.435690121380763173e+01
4.693715594332417851e+01 4.729903337722857515e+01
4.693715594332417851e+01 4.456464856458364920e+01
4.693715594332417851e+01 5.314514106181239583e+01
4.693715594332417851e+01 4.939423833985667045e+01
4.693715594332417851e+01 4.530628621218328789e+01
4.693715594332417851e+01 4.631325584390744154e+01
4.693715594332417851e+01 4.447821225193754202e+01
4.693715594332417851e+01 4.714680454762784478e+01
4.693715594332417851e+01 4.684989484262392523e+01
4.693715594332417851e+01 4.579562732287911331e+01
4.693715594332417851e+01 4.428437124877488884e+01
4.693715594332417851e+01 4.998898943502804570e+01
4.693715594332417851e+01 4.818340759510581961e+01
4.693715594332417851e+01 4.600860375124545243e+01
4.693715594332417851e+01 4.765297409779454796e+01
4.693715594332417851e+01 4.489473714028293472e+01
4.693715594332417851e+01 4.203278197610378442e+01
4.693715594332417851e+01 4.596588476440341253e+01
4.693715594332417851e+01 5.001752205362485881e+01
4.693715594332417851e+01 4.091872365517763654e+01
4.693715594332417851e+01 4.463971201203601424e+01
4.693715594332417851e+01 5.058001620703545598e+01
4.693715594332417851e+01 4.653427400213029586e+01
4.693715594332417851e+01 4.348072892276742607e+01
4.693715594332417851e+01 5.035620991167851912e+01
4.693715594332417851e+01 4.738954432464904443e+01
4.693715594332417851e+01 4.617928643341758033e+01
4.693715594332417851e+01 5.057080239142823785e+01
4.693715594332417851e+01 4.852303511115844969e+01
4.693715594332417851e+01 4.810583725326156213e+01
4.693715594332417851e+01 4.830256153706780964e+01
4.693715594332417851e+01 4.552201759890899524e+01
4.693715594332417851e+01 5.070808591457855385e+01
4.693715594332417851e+01 4.756897346469101251e+01
4.693715594332417851e+01 4.154883511903786797e+01
4.693715594332417851e+01 4.245123327053089213e+01
4.693715594332417851e+01 3.786339534392794093e+01
4.693715594332417851e+01 4.922015474525822754e+01
4.693715594332417851e+01 4.269730218456419379e+01
4.693715594332417851e+01 4.738183441698487286e+01
4.693715594332417851e+01 5.155916510422852639e+01
4.693715594332417851e+01 4.848746651153822285e+01
4.693715594332417851e+01 4.753905241138888016e+01
4.693715594332417851e+01 4.600245529925671661e+01
4.693715594332417851e+01 4.619716126008187018e+01
4.693715594332417851e+01 4.760299704603074389e+01
4.693715594332417851e+01 4.264659477348503458e+01
4.693715594332417851e+01 4.365375961695602314e+01
4.693715594332417851e+01 4.499667459991545826e+01
4.693715594332417851e+01 4.414985631625293649e+01
4.693715594332417851e+01 4.011683779769499125e+01
4.693715594332417851e+01 4.945799159731030414e+01
4.693715594332417851e+01 4.858248678627158057e+01
4.693715594332417851e+01 4.391198489996094168e+01
4.693715594332417851e+01 4.919326465720035912e+01
4.693715594332417851e+01 4.763643101537268620e+01
4.693715594332417851e+01 5.280915555056836297e+01
4.693715594332417851e+01 4.677075111527178564e+01
4.693715594332417851e+01 4.754387182535856482e+01
4.693715594332417851e+01 4.903854893712460949e+01
4.693715594332417851e+01 4.316656485746556626e+01
4.693715594332417851e+01 4.904920369514506007e+01
4.693715594332417851e+01 4.336632059991653421e+01
4.693715594332417851e+01 4.625723311511597302e+01
4.693715594332417851e+01 5.175776812263681137e+01
4.693715594332417851e+01 4.260342768367643629e+01
4.693715594332417851e+01 4.217885574244186131e+01
4.693715594332417851e+01 5.218691321681981776e+01
4.693715594332417851e+01 4.787376193341943775e+01
4.693715594332417851e+01 4.019882986857690810e+01
4.693715594332417851e+01 4.383260245127966215e+01
4.693715594332417851e+01 4.355942793348538089e+01
4.693715594332417851e+01 4.638525513674341738e+01
4.693715594332417851e+01 4.429280097038279962e+01
4.693715594332417851e+01 4.786926410269642673e+01
4.693715594332417851e+01 4.801715386725845747e+01
4.693715594332417851e+01 4.980952638090705875e+01
4.693715594332417851e+01 4.951920547813076467e+01
4.693715594332417851e+01 4.722183231876027776e+01
4.693715594332417851e+01 4.396302403823779770e+01
4.693715594332417851e+01 5.053969496341198919e+01
4.693715594332417851e+01 4.603532382259043487e+01
4.693715594332417851e+01 4.363076579364127383e+01
4.693715594332417851e+01 5.120600655667934831e+01
4.693715594332417851e+01 5.068893308305740675e+01
4.693715594332417851e+01 4.666721893987819669e+01
4.693715594332417851e+01 3.813460588917794070e+01
4.693715594332417851e+01 4.715964486537827582e+01
4.693715594332417851e+01 4.357382657132239956e+01
4.693715594332417851e+01 4.366218975034017546e+01
4.693715594332417851e+01 4.863292663396065763e+01
4.693715594332417851e+01 4.025830280439236475e+01
4.693715594332417851e+01 4.768523788487926396e+01
4.693715594332417851e+01 4.823898476710320438e+01
4.693715594332417851e+01 4.640657354981053828e+01
4.693715594332417851e+01 4.700065359488638705e+01
4.693715594332417851e+01 5.210700643440764424e+01
4.693715594332417851e+01 4.634961595711089188e+01
4.693715594332417851e+01 4.768163964306118174e+01
4.693715594332417851e+01 4.545459141686082916e+01
4.693715594332417851e+01 4.589756736394286207e+01
4.693715594332417851e+01 4.613778927638416150e+01
4.693715594332417851e+01 4.675175078065967682e+01
4.693715594332417851e+01 5.090823896204617682e+01
4.693715594332417851e+01 5.010818289668133474e+01
4.693715594332417851e+01 4.731900921701741680e+01
4.693715594332417851e+01 4.965806006614459989e+01
4.693715594332417851e+01 4.805233351493949812e+01
4.693715594332417851e+01 5.215455398242617946e+01
4.693715594332417851e+01 4.092827436539326413e+01
4.693715594332417851e+01 4.955902283019181453e+01
4.693715594332417851e+01 5.090803053793599275e+01
4.693715594332417851e+01 4.638601962660070654e+01
4.693715594332417851e+01 4.515769997310937356e+01
4.693715594332417851e+01 4.157390037937246774e+01
4.693715594332417851e+01 4.480963046660076543e+01
4.693715594332417851e+01 4.877756140824609332e+01
4.693715594332417851e+01 4.543018486495597585e+01
4.693715594332417851e+01 5.338817968804856662e+01
4.693715594332417851e+01 4.744535044861251549e+01
4.693715594332417851e+01 3.966794052731054876e+01
4.693715594332417851e+01 4.404405541273232672e+01
4.693715594332417851e+01 4.358406182544600682e+01
4.693715594332417851e+01 5.432239595700615808e+01
4.693715594332417851e+01 4.304089045038624306e+01
4.693715594332417851e+01 4.393167035925916508e+01
4.693715594332417851e+01 4.703015506378839916e+01
4.693715594332417851e+01 4.348125259009007948e+01
4.693715594332417851e+01 4.131055757609443191e+01
4.693715594332417851e+01 4.544123386562732492e+01
4.693715594332417851e+01 4.922493536275510451e+01
4.693715594332417851e+01 4.491227460530633664e+01
4.693715594332417851e+01 4.022320674566458365e+01
4.693715594332417851e+01 4.547744794420620451e+01
4.693715594332417851e+01 4.662596322836145646e+01
4.693715594332417851e+01 4.493358187409739202e+01
4.693715594332417851e+01 4.544578470601130959e+01
4.693715594332417851e+01 4.567232993445402656e+01
4.693715594332417851e+01 4.423767992264511406e+01
4.693715594332417851e+01 4.263397982747610371e+01
4.693715594332417851e+01 4.590549923428034873e+01
4.693715594332417851e+01 4.038085779175681012e+01
4.693715594332417851e+01 4.830033828929710893e+01
4.693715594332417851e+01 4.302804583503894520e+01
4.693715594332417851e+01 4.349158992176069916e+01
4.693715594332417851e+01 4.612478849038853213e+01
4.693715594332417851e+01 4.848029440060227557e+01
4.693715594332417851e+01 4.016762644247420155e+01
4.693715594332417851e+01 4.284347669084383625e+01
4.693715594332417851e+01 5.242365453521555452e+01
4.693715594332417851e+01 4.301447796823430281e+01
4.693715594332417851e+01 4.419923205876970940e+01
4.693715594332417851e+01 4.392305861410301304e+01
4.693715594332417851e+01 4.526753918430595292e+01
4.693715594332417851e+01 4.883343006593679547e+01
4.693715594332417851e+01 5.154078904809559702e+01
4.693715594332417851e+01 5.000444797962970256e+01
4.693715594332417851e+01 4.785138648879862444e+01
4.693715594332417851e+01 5.241180033576018360e+01
4.693715594332417851e+01 4.629018099394757968e+01
4.693715594332417851e+01 5.080287271987253206e+01
4.693715594332417851e+01 4.251850724964041461e+01
4.693715594332417851e+01 5.231665935481856877e+01
4.693715594332417851e+01 4.833884962739701763e+01
4.693715594332417851e+01 4.482087791806975474e+01
4.693715594332417851e+01 4.851399878061709359e+01
4.693715594332417851e+01 5.082530279810757889e+01
4.693715594332417851e+01 4.718524331306049646e+01
4.693715594332417851e+01 4.438874888334098756e+01
4.693715594332417851e+01 4.735683918484056676e+01
4.693715594332417851e+01 4.318403553910472681e+01
4.693715594332417851e+01 4.604911886223087691e+01
4.693715594332417851e+01 4.513890010734399993e+01
4.693715594332417851e+01 4.715218462347935002e+01
4.693715594332417851e+01 4.570628592991056394e+01
4.693715594332417851e+01 4.667435735300585264e+01
4.693715594332417851e+01 4.231391419761459360e+01
4.693715594332417851e+01 4.564296922914955701e+01
4.693715594332417851e+01 4.701986841891746138e+01
4.693715594332417851e+01 4.260886662997639718e+01
4.693715594332417851e+01 4.362357445024630920e+01
4.693715594332417851e+01 4.731306626267034687e+01
4.693715594332417851e+01 4.529562478268820769e+01
4.693715594332417851e+01 4.418528062865315320e+01
4.693715594332417851e+01 4.961994889837929179e+01
4.693715594332417851e+01 4.918718554380068042e+01
4.693715594332417851e+01 4.667957637494844647e+01
4.693715594332417851e+01 4.688285116206070313e+01
4.693715594332417851e+01 4.621223849869672762e+01
4.693715594332417851e+01 4.186708497187856892e+01
4.693715594332417851e+01 4.618737858354428027e+01
4.693715594332417851e+01 5.203916753260910610e+01
4.693715594332417851e+01 4.110669559502554193e+01
4.693715594332417851e+01 3.982479457895257724e+01
4.693715594332417851e+01 4.117991404870548422e+01
4.693715594332417851e+01 5.096408278461545649e+01
4.693715594332417851e+01 4.977624947649152887e+01
4.693715594332417851e+01 4.778995729114300417e+01
4.693715594332417851e+01 3.741536918414016100e+01
4.693715594332417851e+01 4.830475859472399236e+01
4.693715594332417851e+01 4.427697492730644058e+01
4.693715594332417851e+01 5.007756726684874593e+01
4.693715594332417851e+01 4.925300669218383831e+01
4.693715594332417851e+01 4.006455151823277561e+01
4.693715594332417851e+01 4.170789089169738162e+01
4.693715594332417851e+01 4.932826779667784223e+01
4.693715594332417851e+01 4.818124969117652512e+01
4.693715594332417851e+01 4.531123840017083637e+01
4.693715594332417851e+01 5.403885785374406936e+01
4.693715594332417851e+01 4.248926545670870070e+01
4.693715594332417851e+01 4.456531915907506658e+01
4.693715594332417851e+01 4.717268394870522030e+01
4.693715594332417851e+01 4.527166961436243753e+01
4.693715594332417851e+01 4.953822060844018438e+01
4.693715594332417851e+01 4.048367121148096004e+01
4.693715594332417851e+01 4.491051877211324239e+01
4.693715594332417851e+01 5.277607899473349562e+01
4.693715594332417851e+01 4.607425792648535889e+01
4.693715594332417851e+01 4.498656988722452610e+01
4.693715594332417851e+01 5.068719110592058996e+01
4.693715594332417851e+01 4.574892233630320959e+01
4.693715594332417851e+01 4.478242004455425729e+01
4.693715594332417851e+01 4.670412797258926929e+01
4.693715594332417851e+01 4.831631693538815142e+01
4.693715594332417851e+01 4.430269403698716246e+01
4.693715594332417851e+01 4.459657988969934195e+01
4.693715594332417851e+01 4.631210033002395221e+01
4.693715594332417851e+01 4.685175687714213666e+01
4.693715594332417851e+01 4.524699862153582330e+01
4.693715594332417851e+01 4.999719898592858414e+01
4.693715594332417851e+01 4.447812036575081862e+01
4.693715594332417851e+01 4.626197105758625838e+01
4.693715594332417851e+01 4.996092568616256813e+01
4.693715594332417851e+01 4.260900710893151455e+01
4.693715594332417851e+01 4.905564571903146742e+01
4.693715594332417851e+01 4.873260449926698357e+01
4.693715594332417851e+01 4.041330701639634526e+01
4.693715594332417851e+01 5.130515409471951216e+01
4.693715594332417851e+01 5.470911626335268352e+01
4.693715594332417851e+01 4.636816109098660377e+01
4.693715594332417851e+01 5.178425174247490048e+01
4.693715594332417851e+01 4.853158849739781289e+01
4.693715594332417851e+01 4.444641333786523774e+01
4.693715594332417851e+01 4.491356078020525189e+01
4.693715594332417851e+01 4.927459958725653166e+01
4.693715594332417851e+01 5.093066779340375660e+01
4.693715594332417851e+01 4.658212106201096248e+01
4.693715594332417851e+01 4.939736484165497643e+01
4.693715594332417851e+01 5.235989421083618822e+01
4.693715594332417851e+01 4.693654503591709215e+01
4.693715594332417851e+01 4.617848500445912663e+01
4.693715594332417851e+01 5.343525900266438811e+01
4.693715594332417851e+01 4.194454586468901169e+01
4.693715594332417851e+01 4.912410895325724169e+01
4.693715594332417851e+01 4.759695119801338592e+01
4.693715594332417851e+01 5.300365365602235812e+01
4.693715594332417851e+01 5.090659151840672081e+01
4.693715594332417851e+01 4.587395349154035529e+01
4.693715594332417851e+01 4.221066240274045356e+01
4.693715594332417851e+01 4.517240601722942017e+01
4.693715594332417851e+01 4.589556012558951181e+01
4.693715594332417851e+01 4.605705493361902114e+01
4.693715594332417851e+01 5.384695627483027636e+01
4.693715594332417851e+01 4.358522213228952324e+01
4.693715594332417851e+01 4.878927838162810104e+01
4.693715594332417851e+01 4.763218474102347955e+01
4.693715594332417851e+01 4.319745372661881788e+01
4.693715594332417851e+01 4.261589519798874193e+01
4.693715594332417851e+01 4.684726056135477279e+01
4.693715594332417851e+01 4.599681247814553586e+01
4.693715594332417851e+01 4.567682030476235155e+01
4.693715594332417851e+01 4.039461305976600869e+01
4.693715594332417851e+01 4.388907690669092432e+01
4.693715594332417851e+01 5.205243640153316420e+01
4.693715594332417851e+01 4.686638004316158401e+01
4.693715594332417851e+01 4.086898466402250563e+01
4.693715594332417851e+01 4.268637156600512128e+01
4.693715594332417851e+01 4.325816542003985177e+01
4.693715594332417851e+01 4.069185006478615918e+01
4.693715594332417851e+01 4.491320436091235990e+01
4.693715594332417851e+01 4.519741640628506474e+01
4.693715594332417851e+01 5.411315570616654469e+01
4.693715594332417851e+01 4.546241849795954693e+01
4.693715594332417851e+01 4.881858282377644542e+01
4.693715594332417851e+01 4.858070851751596564e+01
4.693715594332417851e+01 4.049002128937948441e+01
4.693715594332417851e+01 4.369205618773825250e+01
4.693715594332417851e+01 4.492432276673275027e+01
4.693715594332417851e+01 4.707608652512723069e+01
4.693715594332417851e+01 4.481189405628585831e+01
4.693715594332417851e+01 5.056215502911629756e+01
4.693715594332417851e+01 4.569478298424069607e+01
4.693715594332417851e+01 4.391157125501788983e+01
4.693715594332417851e+01 4.551332228258051060e+01
4.693715594332417851e+01 4.767697629226599787e+01
4.693715594332417851e+01 4.796880514022849695e+01
4.693715594332417851e+01 4.666316353837724051e+01
4.693715594332417851e+01 4.267060426143881813e+01
4.693715594332417851e+01 4.914000710869800059e+01
4.693715594332417851e+01 5.035399602848937661e+01
4.693715594332417851e+01 4.553912274668417837e+01
4.693715594332417851e+01 4.547592736742640795e+01
4.693715594332417851e+01 4.355567916636118042e+01
4.693715594332417851e+01 4.273699880329583323e+01
4.693715594332417851e+01 4.687983492355304094e+01
4.693715594332417851e+01 4.502297885277452139e+01
4.693715594332417851e+01 4.308663544484389263e+01
4.693715594332417851e+01 5.101859816944713089e+01
4.693715594332417851e+01 5.021319897832822221e+01
4.693715594332417851e+01 4.470521812986842036e+01
4.693715594332417851e+01 4.825858697741388426e+01
4.693715594332417851e+01 4.822604272645291701e+01
4.693715594332417851e+01 4.835544131464974527e+01
4.693715594332417851e+01 4.813646364482689677e+01
4.693715594332417851e+01 4.271013997431967368e+01
4.693715594332417851e+01 4.367510904961937968e+01
4.693715594332417851e+01 4.657197626701257320e+01
4.693715594332417851e+01 5.199471206685396396e+01
4.693715594332417851e+01 4.503670279591603531e+01
4.693715594332417851e+01 4.693974802588115836e+01
4.693715594332417851e+01 4.440398632782920174e+01
4.693715594332417851e+01 4.646470096151406182e+01
4.693715594332417851e+01 4.656092055649509120e+01
4.693715594332417851e+01 4.577049975419700445e+01
4.693715594332417851e+01 4.760795397646016625e+01
4.693715594332417851e+01 4.688844815959824075e+01
4.693715594332417851e+01 4.393656585747554999e+01
4.693715594332417851e+01 4.982352097074736719e+01
4.693715594332417851e+01 5.075299946025785403e+01
4.693715594332417851e+01 4.704641845984575355e+01
4.693715594332417851e+01 4.576647494961359541e+01
4.693715594332417851e+01 4.805613111939291571e+01
4.693715594332417851e+01 4.614734884441028839e+01
4.693715594332417851e+01 4.004141383772432050e+01
4.693715594332417851e+01 4.968422344955488512e+01
4.693715594332417851e+01 4.004061044683098913e+01
4.693715594332417851e+01 4.572308441452068450e+01
4.693715594332417851e+01 4.260081444488358215e+01
4.693715594332417851e+01 4.813059815826483145e+01
4.693715594332417851e+01 4.576516947996424278e+01
4.693715594332417851e+01 4.570226271678851759e+01
4.693715594332417851e+01 4.070818800001192983e+01
4.693715594332417851e+01 4.596315433327536226e+01
4.693715594332417851e+01 4.992878002758531863e+01
4.693715594332417851e+01 5.218759156820669887e+01
4.693715594332417851e+01 4.317698281729074949e+01
4.693715594332417851e+01 4.631225385382062854e+01
4.693715594332417851e+01 4.908316897846771099e+01
4.693715594332417851e+01 4.953994670273790746e+01
4.693715594332417851e+01 4.957020879642345079e+01
4.693715594332417851e+01 5.806432386379030675e+01
4.693715594332417851e+01 4.379605240391148868e+01
4.693715594332417851e+01 4.062215080516852339e+01
4.693715594332417851e+01 4.387894610775373394e+01
4.693715594332417851e+01 4.175563836732951017e+01
4.693715594332417851e+01 3.745073031665148733e+01
4.693715594332417851e+01 4.239539014666319616e+01
4.693715594332417851e+01 4.321644711003821726e+01
4.693715594332417851e+01 4.723938535911747749e+01
4.693715594332417851e+01 4.421683399737383979e+01
4.693715594332417851e+01 5.337219984457758670e+01
4.693715594332417851e+01 4.538137647691843313e+01
4.693715594332417851e+01 4.684450928806256798e+01
4.693715594332417851e+01 4.163313065520621592e+01
4.693715594332417851e+01 4.498311357868436744e+01
4.693715594332417851e+01 5.381693395229065402e+01
4.693715594332417851e+01 4.411900170680316080e+01
4.693715594332417851e+01 4.672937792547999436e+01
4.693715594332417851e+01 4.650247410496164235e+01
4.693715594332417851e+01 5.453370173244419306e+01
4.693715594332417851e+01 4.966152349430986845e+01
4.693715594332417851e+01 4.996114773321826164e+01
4.693715594332417851e+01 4.645648743714894380e+01
4.693715594332417851e+01 4.509835276425278749e+01
4.693715594332417851e+01 4.720702207514497672e+01
4.693715594332417851e+01 4.658853733212608716e+01
4.693715594332417851e+01 4.264426871951268083e+01
4.693715594332417851e+01 4.642717515056595801e+01
4.693715594332417851e+01 4.153013521410567677e+01
4.693715594332417851e+01 4.398604765649270831e+01
4.693715594332417851e+01 5.400384137985977162e+01
4.693715594332417851e+01 4.645899880033499585e+01
4.693715594332417851e+01 4.325514733566093639e+01
4.693715594332417851e+01 4.772946675696814367e+01
4.693715594332417851e+01 4.020293210288578933e+01
4.693715594332417851e+01 5.185910142747503215e+01
4.693715594332417851e+01 4.485668048883546533e+01
4.693715594332417851e+01 4.097452843133039835e+01
4.693715594332417851e+01 4.593357710913834779e+01
4.693715594332417851e+01 4.801243954662197666e+01
4.693715594332417851e+01 4.691382584686574830e+01
4.693715594332417851e+01 4.992026649266617966e+01
4.693715594332417851e+01 4.621425532885891130e+01
4.693715594332417851e+01 4.520058368683493910e+01
4.693715594332417851e+01 4.667468054005986744e+01
4.693715594332417851e+01 4.098162536458290361e+01
4.693715594332417851e+01 4.788235140756361119e+01
4.693715594332417851e+01 4.614408461026460628e+01
4.693715594332417851e+01 4.214157611465788733e+01
4.693715594332417851e+01 5.029859091120751913e+01
4.693715594332417851e+01 4.346611295961319144e+01
4.693715594332417851e+01 4.625233110626589905e+01
4.693715594332417851e+01 4.623539227673148844e+01
4.693715594332417851e+01 4.956271521432114469e+01
4.693715594332417851e+01 4.435261303340308814e+01
4.693715594332417851e+01 4.451113472153532769e+01
4.693715594332417851e+01 5.117499485529818060e+01
4.693715594332417851e+01 4.528014732627219985e+01
4.693715594332417851e+01 4.645778964902407893e+01
4.693715594332417851e+01 4.484457391274654725e+01
4.693715594332417851e+01 5.091959769566017968e+01
4.693715594332417851e+01 4.197468680136644537e+01
4.693715594332417851e+01 4.642888139973992878e+01
4.693715594332417851e+01 4.515418091698984426e+01
4.693715594332417851e+01 4.650881691968503873e+01
4.693715594332417851e+01 4.389960893244592199e+01
4.693715594332417851e+01 4.933475621548562629e+01
4.693715594332417851e+01 4.280151078967568168e+01
4.693715594332417851e+01 4.544883613925318855e+01
4.693715594332417851e+01 4.291251815783805057e+01
4.693715594332417851e+01 4.042886023277589658e+01
4.693715594332417851e+01 4.266388450543743716e+01
4.693715594332417851e+01 4.844476905778380171e+01
4.693715594332417851e+01 4.520929159404273889e+01
4.693715594332417851e+01 4.206939575969879996e+01
4.693715594332417851e+01 4.409978698102632677e+01
4.693715594332417851e+01 4.723147619410402598e+01
4.693715594332417851e+01 4.190695777245188225e+01
4.693715594332417851e+01 4.410974782843718600e+01
4.693715594332417851e+01 4.685406704721790305e+01
4.693715594332417851e+01 5.148797068044521552e+01
4.693715594332417851e+01 5.092769663975732186e+01
4.693715594332417851e+01 4.440932648252950088e+01
4.693715594332417851e+01 4.385005005851149917e+01
4.693715594332417851e+01 4.462569753229249869e+01
4.693715594332417851e+01 4.384335073989749532e+01
4.693715594332417851e+01 4.500967509024322766e+01
4.693715594332417851e+01 4.430964797552680068e+01
4.693715594332417851e+01 4.627688721595484367e+01
4.693715594332417851e+01 4.456611703182181827e+01
4.693715594332417851e+01 4.469770990727310078e+01
4.693715594332417851e+01 5.127328312878599093e+01
4.693715594332417851e+01 4.476189343277526689e+01
4.693715594332417851e+01 4.314382729497593516e+01
4.693715594332417851e+01 4.386228674978283948e+01
4.693715594332417851e+01 4.427802925808717305e+01
4.693715594332417851e+01 3.971891385013865516e+01
4.693715594332417851e+01 5.192534389923775251e+01
4.693715594332417851e+01 4.663487562969648081e+01
4.693715594332417851e+01 4.584743192004849988e+01
4.693715594332417851e+01 5.337885541879204254e+01
4.693715594332417851e+01 5.103652177236718757e+01
4.693715594332417851e+01 4.780814461436877849e+01
4.693715594332417851e+01 4.969527663222127245e+01
4.693715594332417851e+01 4.407094173569454654e+01
4.693715594332417851e+01 4.133799547385293494e+01
4.693715594332417851e+01 4.255125648044744224e+01
4.693715594332417851e+01 4.780813899053229221e+01
4.693715594332417851e+01 4.147461685840988821e+01
4.693715594332417851e+01 4.537674088741940892e+01
4.693715594332417851e+01 4.570921302724084967e+01
4.693715594332417851e+01 4.595880392525501179e+01
4.693715594332417851e+01 4.863939709563827307e+01
4.693715594332417851e+01 4.589862703153480794e+01
4.693715594332417851e+01 4.697552033031439578e+01
4.693715594332417851e+01 4.619220589399351695e+01
4.693715594332417851e+01 4.746031096454736087e+01
4.693715594332417851e+01 4.965591034141912274e+01
4.693715594332417851e+01 4.559842946598939051e+01
4.693715594332417851e+01 4.441873786499813548e+01
4.693715594332417851e+01 4.560104646407162221e+01
4.693715594332417851e+01 4.698076594770043357e+01
4.693715594332417851e+01 5.510500646336925001e+01
4.693715594332417851e+01 4.716451826747336895e+01
4.693715594332417851e+01 3.987419518440001553e+01
4.693715594332417851e+01 4.259205303780508700e+01
4.693715594332417851e+01 5.166961100381426775e+01
4.693715594332417851e+01 4.589077669674315274e+01
4.693715594332417851e+01 4.474304650139321637e+01
4.693715594332417851e+01 4.351633831660244311e+01
4.693715594332417851e+01 4.812444776074374886e+01
4.693715594332417851e+01 4.880067356364244091e+01
4.693715594332417851e+01 4.428826973435833025e+01
4.693715594332417851e+01 4.775576173676464720e+01
4.693715594332417851e+01 4.713851851696021811e+01
4.693715594332417851e+01 4.858685642859411047e+01
4.693715594332417851e+01 5.102171394361483436e+01
4.693715594332417851e+01 4.815039196661560794e+01
4.693715594332417851e+01 4.576613517587088609e+01
4.693715594332417851e+01 4.711926098793647100e+01
4.693715594332417851e+01 4.419894292575271066e+01
4.693715594332417851e+01 4.774537195936898826e+01
4.693715594332417851e+01 5.056407494924161483e+01
4.693715594332417851e+01 3.915879753583794809e+01
4.693715594332417851e+01 4.978951079968953053e+01
4.693715594332417851e+01 4.700849745771955668e+01
4.693715594332417851e+01 4.329744697138321641e+01
4.693715594332417851e+01 4.422192623404617962e+01
4.693715594332417851e+01 4.504546538457166349e+01
4.693715594332417851e+01 4.471050807008444394e+01
4.693715594332417851e+01 4.894630042191002417e+01
4.693715594332417851e+01 4.695651558594440900e+01
4.693715594332417851e+01 4.237408849265068511e+01
4.693715594332417851e+01 4.786562910669736937e+01
4.693715594332417851e+01 4.086738602409725019e+01
4.693715594332417851e+01 4.905178456855469449e+01
4.693715594332417851e+01 4.626180250879821898e+01
4.693715594332417851e+01 4.475482808297562087e+01
4.693715594332417851e+01 3.966217502557051233e+01
4.693715594332417851e+01 4.215458164113934458e+01
4.693715594332417851e+01 5.070312190386790974e+01
4.693715594332417851e+01 4.886622861868553969e+01
4.693715594332417851e+01 4.712397823496074523e+01
4.693715594332417851e+01 3.738819458964647424e+01
4.693715594332417851e+01 4.472847466405814743e+01
4.693715594332417851e+01 4.356696885112736339e+01
4.693715594332417851e+01 5.295183107224431751e+01
4.693715594332417851e+01 4.729719750228296959e+01
4.693715594332417851e+01 4.540970394488879691e+01
4.693715594332417851e+01 5.184059582421949131e+01
4.693715594332417851e+01 4.498593699268393920e+01
4.693715594332417851e+01 4.430910060641338788e+01
4.693715594332417851e+01 4.791003036251490244e+01
4.693715594332417851e+01 4.856038052104633351e+01
4.693715594332417851e+01 4.574674142966183865e+01
4.693715594332417851e+01 5.175594644947110368e+01
4.693715594332417851e+01 4.809353395873002057e+01
4.693715594332417851e+01 4.421587129947312889e+01
4.693715594332417851e+01 4.584382285169458981e+01
4.693715594332417851e+01 4.689499772991775473e+01
4.693715594332417851e+01 4.792422752711926393e+01
4.693715594332417851e+01 4.425563798431470985e+01
4.693715594332417851e+01 4.530321369324546765e+01
4.693715594332417851e+01 4.279149816050426836e+01
4.693715594332417851e+01 4.483058428700753950e+01
4.693715594332417851e+01 4.581311187031042920e+01
4.693715594332417851e+01 4.664825863464790245e+01
4.693715594332417851e+01 5.004667871206387275e+01
4.693715594332417851e+01 4.334912992255527797e+01
4.693715594332417851e+01 4.840150945737268273e+01
4.693715594332417851e+01 4.184055660297927659e+01
4.693715594332417851e+01 4.769518948074320974e+01
4.693715594332417851e+01 4.461961529155075112e+01
4.693715594332417851e+01 4.973578857069554715e+01
4.693715594332417851e+01 5.351927304925646212e+01
4.693715594332417851e+01 4.046883175399542409e+01
4.693715594332417851e+01 4.930394451660620803e+01
4.693715594332417851e+01 4.858707290986597371e+01
4.693715594332417851e+01 4.858786191630265705e+01
4.693715594332417851e+01 4.161904765721769195e+01
4.693715594332417851e+01 4.579071554834529678e+01
4.693715594332417851e+01 5.067855758634544117e+01
4.693715594332417851e+01 4.769173777053457997e+01
4.693715594332417851e+01 4.714305974803652788e+01
4.693715594332417851e+01 4.250137726212398093e+01
4.693715594332417851e+01 4.769493482145180252e+01
4.693715594332417851e+01 4.454121506519383900e+01
4.693715594332417851e+01 4.375793640959248876e+01
4.693715594332417851e+01 4.339986599553854063e+01
4.693715594332417851e+01 4.854235627872657943e+01
4.693715594332417851e+01 4.448088311070635115e+01
