4.693715594332417851e+01 4.806057370324165134e+01
4.693715594332417851e+01 4.595810068310817087e+01
4.693715594332417851e+01 4.068678675029308778e+01
4.693715594332417851e+01 4.511228306911252162e+01
4.693715594332417851e+01 4.917028606682222858e+01
4.693715594332417851e+01 4.679267843316495146e+01
4.693715594332417851e+01 5.191087010297884774e+01
4.693715594332417851e+01 4.577690882064217703e+01
4.693715594332417851e+01 4.641516556049774778e+01
4.693715594332417851e+01 4.480172965844683119e+01
4.693715594332417851e+01 5.060640499410830273e+01
4.693715594332417851e+01 4.786841795235417152e+01
4.693715594332417851e+01 4.497975965430218537e+01
4.693715594332417851e+01 4.402869770583180298e+01
4.693715594332417851e+01 4.017152905252677186e+01
4.693715594332417851e+01 4.809465304225085447e+01
4.693715594332417851e+01 4.464125901352715431e+01
4.693715594332417851e+01 5.118972259612834108e+01
4.693715594332417851e+01 4.519454893021147512e+01
4.693715594332417851e+01 4.707878317693585757e+01
4.693715594332417851e+01 4.463804523463890206e+01
4.693715594332417851e+01 4.001866600384220618e+01
4.693715594332417851e+01 4.416450442514288710e+01
4.693715594332417851e+01 4.104357697999415677e+01
4.693715594332417851e+01 4.432133666391456472e+01
4.693715594332417851e+01 4.472671244665655621e+01
4.693715594332417851e+01 4.548701385187890622e+01
4.693715594332417851e+01 4.170003395883638575e+01
4.693715594332417851e+01 4.285617935302315118e+01
4.693715594332417851e+01 4.612187277404895269e+01
4.693715594332417851e+01 4.544907124722333691e+01
4.693715594332417851e+01 4.154660246740758112e+01
4.693715594332417851e+01 4.898295550152183608e+01
4.693715594332417851e+01 5.085227631094893752e+01
4.693715594332417851e+01 4.673678491012555014e+01
4.693715594332417851e+01 4.572944022482264614e+01
4.693715594332417851e+01 4.583250323177668406e+01
4.693715594332417851e+01 4.357138506675975975e+01
4.693715594332417851e+01 4.455011433233794094e+01
4.693715594332417851e+01 4.663234305820436987e+01
4.693715594332417851e+01 4.294870347653298381e+01
4.693715594332417851e+01 4.762358833859888563e+01
4.693715594332417851e+01 4.500103820382177133e+01
4.693715594332417851e+01 4.834862885640956165e+01
4.693715594332417851e+01 5.151325612095985917e+01
4.693715594332417851e+01 4.606289639306614703e+01
4.693715594332417851e+01 4.931374897927078393e+01
4.693715594332417851e+01 4.960866879060440482e+01
4.693715594332417851e+01 4.695643183595897341e+01
4.693715594332417851e+01 4.133673917255255503e+01
4.693715594332417851e+01 4.973913892235456302e+01
4.693715594332417851e+01 5.118194678845036094e+01
4.693715594332417851e+01 4.507445655872875534e+01
4.693715594332417851e+01 4.807164462202460697e+01
4.693715594332417851e+01 4.702185002436621630e+01
4.693715594332417851e+01 4.362418004370581315e+01
4.693715594332417851e+01 4.522834323058242489e+01
4.693715594332417851e+01 4.745933324279746301e+01
4.693715594332417851e+01 4.150741473314525365e+01
4.693715594332417851e+01 4.756944135146633812e+01
4.693715594332417851e+01 4.904099747143042975e+01
4.693715594332417851e+01 4.359931765979192164e+01
4.693715594332417851e+01 4.984303142651283736e+01
4.693715594332417851e+01 5.011790850150002541e+01
4.693715594332417851e+01 4.528206165093867241e+01
4.693715594332417851e+01 4.571482555237898282e+01
4.693715594332417851e+01 4.807017800507286864e+01
4.693715594332417851e+01 4.479631727889466930e+01
4.693715594332417851e+01 5.023935549506501275e+01
4.693715594332417851e+01 4.639814837602970243e+01
4.693715594332417851e+01 4.724921547961108814e+01
4.693715594332417851e+01 5.072342641648580752e+01
4.693715594332417851e+01 4.709385539269349152e+01
4.693715594332417851e+01 4.773646871471264319e+01
4.693715594332417851e+01 4.257531304636690095e+01
4.693715594332417851e+01 4.500991351827815379e+01
4.693715594332417851e+01 4.634016061770188344e+01
4.693715594332417851e+01 4.444413312381091430e+01
4.693715594332417851e+01 4.897979910195633835e+01
4.693715594332417851e+01 4.690567308569709581e+01
4.693715594332417851e+01 4.199117510215619831e+01
4.693715594332417851e+01 4.452291877200916304e+01
4.693715594332417851e+01 4.325862189121487944e+01
4.693715594332417851e+01 5.329324237981344226e+01
4.693715594332417851e+01 4.165570753379621749e+01
4.693715594332417851e+01 4.356303328772621342e+01
4.693715594332417851e+01 4.355247611316057288e+01
4.693715594332417851e+01 4.935921159569002015e+01
4.693715594332417851e+01 4.559906967644762688e+01
4.693715594332417851e+01 4.832086070712853143e+01
4.693715594332417851e+01 4.857990194031933839e+01
4.693715594332417851e+01 5.047688696139056219e+01
4.693715594332417851e+01 4.712054983469241165e+01
4.693715594332417851e+01 4.879453491002078636e+01
4.693715594332417851e+01 5.244985026470150302e+01
4.693715594332417851e+01 3.864048363873072844e+01
4.693715594332417851e+01 4.270671338115787563e+01
4.693715594332417851e+01 4.368718849679535055e+01
4.693715594332417851e+01 4.721009304247431970e+01
4.693715594332417851e+01 4.135320294126325535e+01
4.693715594332417851e+01 4.760955423215459348e+01
4.693715594332417851e+01 4.315915865734206136e+01
4.693715594332417851e+01 5.155260483657358606e+01
4.693715594332417851e+01 4.078504491634832618e+01
4.693715594332417851e+01 4.755073431600942513e+01
4.693715594332417851e+01 5.019361735747978059e+01
4.693715594332417851e+01 5.143567770877414347e+01
4.693715594332417851e+01 4.748532815844231436e+01
4.693715594332417851e+01 4.488855958633763521e+01
4.693715594332417851e+01 5.116789577532100708e+01
4.693715594332417851e+01 4.230522486904316537e+01
4.693715594332417851e+01 4.929663055228631663e+01
4.693715594332417851e+01 4.669720219135375316e+01
4.693715594332417851e+01 4.385489624753933668e+01
4.693715594332417851e+01 4.771762796798009987e+01
4.693715594332417851e+01 4.325880918382512874e+01
4.693715594332417851e+01 4.405056435653083469e+01
4.693715594332417851e+01 4.479632063287098021e+01
4.693715594332417851e+01 4.575608883532196103e+01
4.693715594332417851e+01 5.171175432120528370e+01
4.693715594332417851e+01 4.967149576068178618e+01
4.693715594332417851e+01 4.880739307171578645e+01
4.693715594332417851e+01 4.630709080250617404e+01
4.693715594332417851e+01 4.667645601258050192e+01
4.693715594332417851e+01 4.560865516775449180e+01
4.693715594332417851e+01 4.446610911992785020e+01
4.693715594332417851e+01 4.661089049751448954e+01
4.693715594332417851e+01 4.513097226081033142e+01
4.693715594332417851e+01 4.610995112418110153e+01
4.693715594332417851e+01 4.965423226107419907e+01
4.693715594332417851e+01 4.399810430078493795e+01
4.693715594332417851e+01 4.712727255854297681e+01
4.693715594332417851e+01 4.545081715060140937e+01
4.693715594332417851e+01 4.746704313107424156e+01
4.693715594332417851e+01 4.510004311901457186e+01
4.693715594332417851e+01 4.604516350817890213e+01
4.693715594332417851e+01 4.714856584185998400e+01
4.693715594332417851e+01 4.600644917301502801e+01
4.693715594332417851e+01 4.787446395108962349e+01
4.693715594332417851e+01 4.876575843951680156e+01
4.693715594332417851e+01 4.260409466654090949e+01
4.693715594332417851e+01 4.248024049558723192e+01
4.693715594332417851e+01 4.496266863850445361e+01
4.693715594332417851e+01 4.886568370067463007e+01
4.693715594332417851e+01 5.050080928742244879e+01
4.693715594332417851e+01 4.477847904052968886e+01
4.693715594332417851e+01 5.183675259444763839e+01
4.693715594332417851e+01 4.568408042684458081e+01
4.693715594332417851e+01 4.631416712155517956e+01
4.693715594332417851e+01 4.864040024651344396e+01
4.693715594332417851e+01 4.621226756829056370e+01
4.693715594332417851e+01 4.188215651687901442e+01
4.693715594332417851e+01 5.327052680555286202e+01
4.693715594332417851e+01 5.289913825919677492e+01
4.693715594332417851e+01 4.759193489499140384e+01
4.693715594332417851e+01 4.110809978451945312e+01
4.693715594332417851e+01 4.538651901620152529e+01
4.693715594332417851e+01 4.288449578952708663e+01
4.693715594332417851e+01 4.117474349055540017e+01
4.693715594332417851e+01 4.809715510936721472e+01
4.693715594332417851e+01 4.703052946961562952e+01
4.693715594332417851e+01 4.581489227960218358e+01
4.693715594332417851e+01 4.189750311601099497e+01
4.693715594332417851e+01 5.153001500433607163e+01
4.693715594332417851e+01 4.242459784354485919e+01
4.693715594332417851e+01 4.171725560427055512e+01
4.693715594332417851e+01 4.635053652567940929e+01
4.693715594332417851e+01 5.004440217959049164e+01
4.693715594332417851e+01 4.697612274090081996e+01
4.693715594332417851e+01 4.216040883031886466e+01
4.693715594332417851e+01 4.327545033661471052e+01
4.693715594332417851e+01 4.871195642618562971e+01
4.693715594332417851e+01 4.094182796458289175e+01
4.693715594332417851e+01 4.608687363488115807e+01
4.693715594332417851e+01 5.308584620592347392e+01
4.693715594332417851e+01 3.960229392584045627e+01
4.693715594332417851e+01 4.359754177116052176e+01
4.693715594332417851e+01 4.830929948954592845e+01
4.693715594332417851e+01 5.422761361144839043e+01
4.693715594332417851e+01 4.333497296394718035e+01
4.693715594332417851e+01 4.470335921134807933e+01
4.693715594332417851e+01 4.780282966091809271e+01
4.693715594332417851e+01 4.559640281823547525e+01
4.693715594332417851e+01 5.303667243772294881e+01
4.693715594332417851e+01 4.992567682478335911e+01
4.693715594332417851e+01 4.629040189482388712e+01
4.693715594332417851e+01 4.042519513740216297e+01
4.693715594332417851e+01 3.926576871687857562e+01
4.693715594332417851e+01 4.032981629260997636e+01
4.693715594332417851e+01 4.738601350990219174e+01
4.693715594332417851e+01 4.408126249070463132e+01
4.693715594332417851e+01 4.544902267243837457e+01
4.693715594332417851e+01 4.321586618569113369e+01
4.693715594332417851e+01 4.101167895358090476e+01
4.693715594332417851e+01 4.702777320642564973e+01
4.693715594332417851e+01 4.720819703491474684e+01
4.693715594332417851e+01 5.765263228863761924e+01
4.693715594332417851e+01 4.771796428470218387e+01
4.693715594332417851e+01 4.524454300740612922e+01
4.693715594332417851e+01 4.435757514156100001e+01
4.693715594332417851e+01 4.669826360667743614e+01
4.693715594332417851e+01 4.258961502713506064e+01
4.693715594332417851e+01 4.360492698373459319e+01
4.693715594332417851e+01 4.915049842351960052e+01
4.693715594332417851e+01 4.711786155845525315e+01
4.693715594332417851e+01 4.479806122054271356e+01
4.693715594332417851e+01 4.354685896543220025e+01
4.693715594332417851e+01 4.120904057771755191e+01
4.693715594332417851e+01 4.163657525551062832e+01
4.693715594332417851e+01 6.167182901996153532e+01
4.693715594332417851e+01 4.965236431195017985e+01
4.693715594332417851e+01 4.818384259465897657e+01
4.693715594332417851e+01 5.021125349293902929e+01
4.693715594332417851e+01 4.473712650141071379e+01
4.693715594332417851e+01 4.464123670842250391e+01
4.693715594332417851e+01 4.340725268339100040e+01
4.693715594332417851e+01 4.553364614502454089e+01
4.693715594332417851e+01 4.651081802017236555e+01
4.693715594332417851e+01 4.694834188315151380e+01
4.693715594332417851e+01 4.836856280622047422e+01
4.693715594332417851e+01 4.971313211492979178e+01
4.693715594332417851e+01 4.531267004680406529e+01
4.693715594332417851e+01 4.888731108626829780e+01
4.693715594332417851e+01 4.487096911803485710e+01
4.693715594332417851e+01 4.939243693113698441e+01
4.693715594332417851e+01 4.566599753979386378e+01
4.693715594332417851e+01 4.643780578478247634e+01
4.693715594332417851e+01 4.705064908756488506e+01
4.693715594332417851e+01 4.644670492264494754e+01
4.693715594332417851e+01 4.252915030341545588e+01
4.693715594332417851e+01 4.905814080410983991e+01
4.693715594332417851e+01 4.866522504724349574e+01
4.693715594332417851e+01 4.999154810317725151e+01
4.693715594332417851e+01 4.308933977326904596e+01
4.693715594332417851e+01 5.039562155477318584e+01
4.693715594332417851e+01 4.703898804533875477e+01
4.693715594332417851e+01 4.948649800115703101e+01
4.693715594332417851e+01 4.684426236904869256e+01
4.693715594332417851e+01 4.981083783855214620e+01
4.693715594332417851e+01 4.991439524622943935e+01
4.693715594332417851e+01 4.919302082593355863e+01
4.693715594332417851e+01 4.509053552144747101e+01
4.693715594332417851e+01 4.293631965335666223e+01
4.693715594332417851e+01 4.291209245808381922e+01
4.693715594332417851e+01 4.700715659823677584e+01
4.693715594332417851e+01 4.429449642023968892e+01
4.693715594332417851e+01 4.777072882004588195e+01
4.693715594332417851e+01 4.625618262234709732e+01
4.693715594332417851e+01 4.543088653096046414e+01
4.693715594332417851e+01 4.385503228248182950e+01
4.693715594332417851e+01 4.344298007399311246e+01
4.693715594332417851e+01 4.671204874300189402e+01
4.693715594332417851e+01 5.171364309940037174e+01
4.693715594332417851e+01 4.837324330127700023e+01
4.693715594332417851e+01 4.126626107342094940e+01
4.693715594332417851e+01 4.447808598319709716e+01
4.693715594332417851e+01 4.804538851897579121e+01
4.693715594332417851e+01 4.650797840701945063e+01
4.693715594332417851e+01 4.290697922486206295e+01
4.693715594332417851e+01 4.640008153284920667e+01
4.693715594332417851e+01 4.071354405885825400e+01
4.693715594332417851e+01 4.992706289385352392e+01
4.693715594332417851e+01 4.785214236074320837e+01
4.693715594332417851e+01 4.342812958713023619e+01
4.693715594332417851e+01 4.339954284857960687e+01
4.693715594332417851e+01 4.066367555239215648e+01
4.693715594332417851e+01 4.484980063951877582e+01
4.693715594332417851e+01 5.066940688117781377e+01
4.693715594332417851e+01 4.493173797409266257e+01
4.693715594332417851e+01 4.585751902357142740e+01
4.693715594332417851e+01 4.984207202291599970e+01
4.693715594332417851e+01 5.085170184411666128e+01
4.693715594332417851e+01 4.676202054617516524e+01
4.693715594332417851e+01 4.469435589528003305e+01
4.693715594332417851e+01 4.391321881606994992e+01
4.693715594332417851e+01 4.462082052578493574e+01
4.693715594332417851e+01 5.062504306436369461e+01
4.693715594332417851e+01 3.988045176287394611e+01
4.693715594332417851e+01 4.862734829340526943e+01
4.693715594332417851e+01 4.367910248950322938e+01
4.693715594332417851e+01 4.732456210816543063e+01
4.693715594332417851e+01 4.390231612649704829e+01
4.693715594332417851e+01 4.756364247425596403e+01
4.693715594332417851e+01 4.980299181700775790e+01
4.693715594332417851e+01 4.646717130300849163e+01
4.693715594332417851e+01 4.985475758965861814e+01
4.693715594332417851e+01 4.474581596645199255e+01
4.693715594332417851e+01 4.418899528380194397e+01
4.693715594332417851e+01 4.696602052860801280e+01
4.693715594332417851e+01 5.455356286300052204e+01
4.693715594332417851e+01 4.649878062546039104e+01
4.693715594332417851e+01 4.182907905330730358e+01
4.693715594332417851e+01 4.351133227748482568e+01
4.693715594332417851e+01 4.642616585933669171e+01
4.693715594332417851e+01 4.439893263357897268e+01
4.693715594332417851e+01 4.483533611411652231e+01
4.693715594332417851e+01 4.711101098997670533e+01
4.693715594332417851e+01 4.946684884090308998e+01
4.693715594332417851e+01 4.966455545175602992e+01
4.693715594332417851e+01 4.994547801808615617e+01
4.693715594332417851e+01 4.499174138185018279e+01
4.693715594332417851e+01 4.566599820539335042e+01
4.693715594332417851e+01 4.527736804005811422e+01
4.693715594332417851e+01 4.827977525371580469e+01
4.693715594332417851e+01 4.864684502143200007e+01
4.693715594332417851e+01 4.698508159156862263e+01
4.693715594332417851e+01 4.102526080247167783e+01
4.693715594332417851e+01 4.660687101070602267e+01
4.693715594332417851e+01 4.460016352213864366e+01
4.693715594332417851e+01 4.504898853577739004e+01
4.693715594332417851e+01 4.439956192513278666e+01
4.693715594332417851e+01 3.852115963910521401e+01
4.693715594332417851e+01 4.308924075472450710e+01
4.693715594332417851e+01 4.468596026386673259e+01
4.693715594332417851e+01 4.430192642693417326e+01
4.693715594332417851e+01 5.204693402876948483e+01
4.693715594332417851e+01 4.702728719095095045e+01
4.693715594332417851e+01 4.786134747782068644e+01
4.693715594332417851e+01 4.738768677691771103e+01
4.693715594332417851e+01 4.571448221936965695e+01
4.693715594332417851e+01 5.073412615117163682e+01
4.693715594332417851e+01 4.517222110825524339e+01
4.693715594332417851e+01 3.947228308600592328e+01
4.693715594332417851e+01 4.844017359346238294e+01
4.693715594332417851e+01 4.525935507070408192e+01
4.693715594332417851e+01 4.743273657422984968e+01
4.693715594332417851e+01 4.657534564892083040e+01
4.693715594332417851e+01 4.694785828154516594e+01
4.693715594332417851e+01 5.001093785457963037e+01
4.693715594332417851e+01 4.702917546055727627e+01
4.693715594332417851e+01 4.475333417865115848e+01
4.693715594332417851e+01 4.383572086122524780e+01
4.693715594332417851e+01 5.601299959380349947e+01
4.693715594332417851e+01 4.728132260475083370e+01
4.693715594332417851e+01 4.805570288586670813e+01
4.693715594332417851e+01 4.449491857339885570e+01
4.693715594332417851e+01 4.520588417274716164e+01
4.693715594332417851e+01 3.812046486853842708e+01
4.693715594332417851e+01 4.779348158107949729e+01
4.693715594332417851e+01 4.483075137900122087e+01
4.693715594332417851e+01 4.420302180012429716e+01
4.693715594332417851e+01 4.174760943857802431e+01
4.693715594332417851e+01 4.803513607062419055e+01
4.693715594332417851e+01 4.593493457665898916e+01
4.693715594332417851e+01 4.673448015893740859e+01
4.693715594332417851e+01 4.512023306345645324e+01
4.693715594332417851e+01 4.368541171224227071e+01
4.693715594332417851e+01 4.752530012471842014e+01
4.693715594332417851e+01 4.605569672379127866e+01
4.693715594332417851e+01 4.784531039568543065e+01
4.693715594332417851e+01 5.304155968568154833e+01
4.693715594332417851e+01 4.349409033445817840e+01
4.693715594332417851e+01 5.212790209589716994e+01
4.693715594332417851e+01 4.552345541258188888e+01
4.693715594332417851e+01 4.271175527351010714e+01
4.693715594332417851e+01 4.265349885882726966e+01
4.693715594332417851e+01 4.932359600756119278e+01
4.693715594332417851e+01 4.696152182308145484e+01
4.693715594332417851e+01 4.271440175460229227e+01
4.693715594332417851e+01 4.753456427214526059e+01
4.693715594332417851e+01 4.431113015141785638e+01
4.693715594332417851e+01 4.885427902806539890e+01
4.693715594332417851e+01 4.414465207648945011e+01
4.693715594332417851e+01 4.725707114290994326e+01
4.693715594332417851e+01 4.133812199553284472e+01
4.693715594332417851e+01 4.937973534177059065e+01
4.693715594332417851e+01 3.997941972119312481e+01
4.693715594332417851e+01 4.766964212909834231e+01
4.693715594332417851e+01 5.237440810070821584e+01
4.693715594332417851e+01 4.465051469018620622e+01
4.693715594332417851e+01 4.214806444554511700e+01
4.693715594332417851e+01 4.753746166114785865e+01
4.693715594332417851e+01 4.362799953944697506e+01
4.693715594332417851e+01 4.539968445896755611e+01
4.693715594332417851e+01 4.441341120763863159e+01
4.693715594332417851e+01 4.838469180221728294e+01
4.693715594332417851e+01 4.710204765207556932e+01
4.693715594332417851e+01 5.443622817050667351e+01
4.693715594332417851e+01 4.336257705182843836e+01
4.693715594332417851e+01 4.889894770550449721e+01
4.693715594332417851e+01 4.963851102354900036e+01
4.693715594332417851e+01 4.867227605818135316e+01
4.693715594332417851e+01 4.392271981571214212e+01
4.693715594332417851e+01 4.143482494322982035e+01
4.693715594332417851e+01 5.028996108031168433e+01
4.693715594332417851e+01 5.175310008801515949e+01
4.693715594332417851e+01 4.737771952549364585e+01
4.693715594332417851e+01 4.984265749707941495e+01
4.693715594332417851e+01 5.087284634942623995e+01
4.693715594332417851e+01 4.580739000612622647e+01
4.693715594332417851e+01 4.379494766094371272e+01
4.693715594332417851e+01 4.775270171499727212e+01
4.693715594332417851e+01 4.705360288444743588e+01
4.693715594332417851e+01 4.202337299290451256e+01
4.693715594332417851e+01 4.350036373822234026e+01
4.693715594332417851e+01 4.712070979626857792e+01
4.693715594332417851e+01 4.588622276394213628e+01
4.693715594332417851e+01 4.661341095014590508e+01
4.693715594332417851e+01 4.369880633567161254e+01
4.693715594332417851e+01 4.448372192375759937e+01
4.693715594332417851e+01 4.208465732949372295e+01
4.693715594332417851e+01 4.458124379878982779e+01
4.693715594332417851e+01 4.662850227098849842e+01
4.693715594332417851e+01 4.461460251693848278e+01
4.693715594332417851e+01 4.273291323350453297e+01
4.693715594332417851e+01 4.656511899550801559e+01
4.693715594332417851e+01 4.634564820496910897e+01
4.693715594332417851e+01 4.831270951621853982e+01
4.693715594332417851e+01 4.581086427431807806e+01
4.693715594332417851e+01 4.580397371418159480e+01
4.693715594332417851e+01 4.812706054070294925e+01
4.693715594332417851e+01 4.314799672921513718e+01
4.693715594332417851e+01 4.582019635067969432e+01
4.693715594332417851e+01 4.548314579629694521e+01
4.693715594332417851e+01 4.585369901381864821e+01
4.693715594332417851e+01 4.670490948933331055e+01
4.693715594332417851e+01 4.899349461547034679e+01
4.693715594332417851e+01 4.495114508582251034e+01
4.693715594332417851e+01 4.594201507740530133e+01
4.693715594332417851e+01 4.916958933096307760e+01
4.693715594332417851e+01 4.114672249900320367e+01
4.693715594332417851e+01 4.095346036891041308e+01
4.693715594332417851e+01 5.026868756817883366e+01
4.693715594332417851e+01 4.394184100321756148e+01
4.693715594332417851e+01 4.516425064714832160e+01
4.693715594332417851e+01 4.515979959948305833e+01
4.693715594332417851e+01 4.556432061396780142e+01
4.693715594332417851e+01 4.921584564725400668e+01
4.693715594332417851e+01 5.031265936856134857e+01
4.693715594332417851e+01 4.474606506176395726e+01
4.693715594332417851e+01 4.616019282036449312e+01
4.693715594332417851e+01 4.447849092294308093e+01
4.693715594332417851e+01 4.914397532593329743e+01
4.693715594332417851e+01 4.080218989249880224e+01
4.693715594332417851e+01 4.808829954688955866e+01
4.693715594332417851e+01 4.613328374883119665e+01
4.693715594332417851e+01 5.153714242545203916e+01
4.693715594332417851e+01 4.664978618184407111e+01
4.693715594332417851e+01 4.763968412549526477e+01
4.693715594332417851e+01 4.646730633494856022e+01
4.693715594332417851e+01 4.371657637090472548e+01
4.693715594332417851e+01 4.572974343314181311e+01
4.693715594332417851e+01 5.050542294405349963e+01
4.693715594332417851e+01 4.486131264969731092e+01
4.693715594332417851e+01 4.553186137023745061e+01
4.693715594332417851e+01 4.762776776555936209e+01
4.693715594332417851e+01 4.382236416121094180e+01
4.693715594332417851e+01 5.045027255561971202e+01
4.693715594332417851e+01 4.146521251163960642e+01
4.693715594332417851e+01 5.538749130978064983e+01
4.693715594332417851e+01 4.238790465912013872e+01
4.693715594332417851e+01 5.141897328936314437e+01
4.693715594332417851e+01 4.640911712223891072e+01
4.693715594332417851e+01 4.104583980040879965e+01
4.693715594332417851e+01 4.754679495654981025e+01
4.693715594332417851e+01 4.849647662288312233e+01
4.693715594332417851e+01 4.763275788838348035e+01
4.693715594332417851e+01 4.588290465280172015e+01
4.693715594332417851e+01 4.281517384991155950e+01
4.693715594332417851e+01 4.872179190778744839e+01
4.693715594332417851e+01 4.783484953962862107e+01
4.693715594332417851e+01 5.153521360229786552e+01
4.693715594332417851e+01 4.163416888730207432e+01
4.693715594332417851e+01 5.209743177745069431e+01
4.693715594332417851e+01 4.659402585449125667e+01
4.693715594332417851e+01 4.746313480561235565e+01
4.693715594332417851e+01 5.337008649561705909e+01
4.693715594332417851e+01 4.300801204855955717e+01
4.693715594332417851e+01 4.617805596607163210e+01
4.693715594332417851e+01 3.995036777805221817e+01
4.693715594332417851e+01 4.876029942021794028e+01
4.693715594332417851e+01 4.082362780392974599e+01
4.693715594332417851e+01 4.945119996054596356e+01
4.693715594332417851e+01 4.688566576794930540e+01
4.693715594332417851e+01 4.177728706887757681e+01
4.693715594332417851e+01 4.283025618341995511e+01
4.693715594332417851e+01 4.685358422648581467e+01
4.693715594332417851e+01 4.649528449901776384e+01
4.693715594332417851e+01 4.828476647086961293e+01
4.693715594332417851e+01 4.563402222437876077e+01
4.693715594332417851e+01 4.578983743167510312e+01
4.693715594332417851e+01 4.939960926675781394e+01
4.693715594332417851e+01 4.561140513898034499e+01
4.693715594332417851e+01 4.347513492820928604e+01
4.693715594332417851e+01 4.793633607168298738e+01
4.693715594332417851e+01 4.460890012851068320e+01
4.693715594332417851e+01 4.579010197734249488e+01
4.693715594332417851e+01 4.537633049759437398e+01
4.693715594332417851e+01 5.298661814561397421e+01
4.693715594332417851e+01 4.294007227298399698e+01
4.693715594332417851e+01 4.630099154950744378e+01
4.693715594332417851e+01 4.740386296577653269e+01
4.693715594332417851e+01 4.469726002528068420e+01
4.693715594332417851e+01 4.470754296698462582e+01
4.693715594332417851e+01 4.689175629093876552e+01
4.693715594332417851e+01 5.063061523745005132e+01
4.693715594332417851e+01 4.994327199162368203e+01
4.693715594332417851e+01 4.180307573978299729e+01
4.693715594332417851e+01 4.434865482602695153e+01
4.693715594332417851e+01 4.291182134468924403e+01
4.693715594332417851e+01 4.701302051258130632e+01
4.693715594332417851e+01 4.226828671863388109e+01
4.693715594332417851e+01 4.405292249549787442e+01
4.693715594332417851e+01 4.719088595141431597e+01
4.693715594332417851e+01 4.388388163616478010e+01
4.693715594332417851e+01 4.301980425857215096e+01
4.693715594332417851e+01 4.557651111559923862e+01
4.693715594332417851e+01 4.570671824844396980e+01
4.693715594332417851e+01 4.126633666879150297e+01
4.693715594332417851e+01 4.511163318600272021e+01
4.693715594332417851e+01 4.270854398443297839e+01
4.693715594332417851e+01 4.920496071158597573e+01
4.693715594332417851e+01 4.335295094862634357e+01
4.693715594332417851e+01 4.342039971561330702e+01
4.693715594332417851e+01 5.342036438014408617e+01
4.693715594332417851e+01 4.399905374492476540e+01
4.693715594332417851e+01 4.379827008490343587e+01
4.693715594332417851e+01 4.416917161341081055e+01
4.693715594332417851e+01 4.394529073151743148e+01
4.693715594332417851e+01 4.834334215436786053e+01
4.693715594332417851e+01 4.355278407718638078e+01
4.693715594332417851e+01 4.528415305994868589e+01
4.693715594332417851e+01 4.408079690997461597e+01
4.693715594332417851e+01 4.564213701339597407e+01
4.693715594332417851e+01 4.755937407614599266e+01
4.693715594332417851e+01 4.149207669969571555e+01
4.693715594332417851e+01 4.512252273487236920e+01
4.693715594332417851e+01 4.357027030561773984e+01
4.693715594332417851e+01 4.722179665319391972e+01
4.693715594332417851e+01 4.222442080988660251e+01
4.693715594332417851e+01 5.108607938470056808e+01
4.693715594332417851e+01 4.427057716652574015e+01
4.693715594332417851e+01 5.221707395570656018e+01
4.693715594332417851e+01 4.204747106891227304e+01
4.693715594332417851e+01 4.719759814697968636e+01
4.693715594332417851e+01 4.238111282728453943e+01
4.693715594332417851e+01 5.026985022490042354e+01
4.693715594332417851e+01 5.359779223860061848e+01
4.693715594332417851e+01 5.165559227197599057e+01
4.693715594332417851e+01 5.204689032502535184e+01
4.693715594332417851e+01 5.022147090971051142e+01
4.693715594332417851e+01 4.266860487214068343e+01
4.693715594332417851e+01 4.076230044278344167e+01
4.693715594332417851e+01 4.255632531732152302e+01
4.693715594332417851e+01 4.645745681025400842e+01
4.693715594332417851e+01 4.620744526193897173e+01
4.693715594332417851e+01 4.381079378434571936e+01
4.693715594332417851e+01 4.955754801677995403e+01
4.693715594332417851e+01 4.061136127532392237e+01
4.693715594332417851e+01 4.609545133425710617e+01
4.693715594332417851e+01 5.024197975579141939e+01
4.693715594332417851e+01 4.756862933202818766e+01
4.693715594332417851e+01 4.811318151091957418e+01
4.693715594332417851e+01 4.722498212078387070e+01
4.693715594332417851e+01 5.282197907156695749e+01
4.693715594332417851e+01 5.549057863822103798e+01
4.693715594332417851e+01 4.693994039791144957e+01
4.693715594332417851e+01 4.562039503370667859e+01
4.693715594332417851e+01 4.482687536522180238e+01
4.693715594332417851e+01 4.765405928159606219e+01
4.693715594332417851e+01 4.583626344999476032e+01
4.693715594332417851e+01 4.703040135620344131e+01
4.693715594332417851e+01 5.086576463317766894e+01
4.693715594332417851e+01 4.203010510561810520e+01
4.693715594332417851e+01 4.695839583324656274e+01
4.693715594332417851e+01 4.157111087571733776e+01
4.693715594332417851e+01 4.369126725433538638e+01
4.693715594332417851e+01 5.208169301716096555e+01
4.693715594332417851e+01 4.019841985961166841e+01
4.693715594332417851e+01 4.889674258677536756e+01
4.693715594332417851e+01 4.480009202170598570e+01
4.693715594332417851e+01 4.524676152940909191e+01
4.693715594332417851e+01 4.805262661363320831e+01
4.693715594332417851e+01 3.895191248612629664e+01
4.693715594332417851e+01 4.103601518581338325e+01
4.693715594332417851e+01 4.633571515380236150e+01
4.693715594332417851e+01 4.909321231592445400e+01
4.693715594332417851e+01 4.869538698783362918e+01
4.693715594332417851e+01 5.026800452798846663e+01
4.693715594332417851e+01 4.885498984488690866e+01
4.693715594332417851e+01 4.559751391109038110e+01
4.693715594332417851e+01 4.436444045476618925e+01
4.693715594332417851e+01 4.721092877418643496e+01
4.693715594332417851e+01 4.324767801834180148e+01
4.693715594332417851e+01 4.827042409452372596e+01
4.693715594332417851e+01 4.747004073239766342e+01
4.693715594332417851e+01 4.998522088754718595e+01
4.693715594332417851e+01 4.344221081482171343e+01
4.693715594332417851e+01 5.197543914078553229e+01
4.693715594332417851e+01 4.343661667597226739e+01
4.693715594332417851e+01 4.403669503440831079e+01
4.693715594332417851e+01 4.491040982595452391e+01
4.693715594332417851e+01 4.450996546117704611e+01
4.693715594332417851e+01 4.403500431434553519e+01
4.693715594332417851e+01 4.742503720578534399e+01
4.693715594332417851e+01 4.529713110065334547e+01
4.693715594332417851e+01 4.697020879769327451e+01
4.693715594332417851e+01 4.988582382379824764e+01
4.693715594332417851e+01 4.314211751112289761e+01
4.693715594332417851e+01 4.341019332628723504e+01
4.693715594332417851e+01 4.257425743205455859e+01
4.693715594332417851e+01 4.487853021935912068e+01
4.693715594332417851e+01 4.903194596653379023e+01
4.693715594332417851e+01 4.543374308094313818e+01
4.693715594332417851e+01 3.966886672211357023e+01
4.693715594332417851e+01 4.931058582887330033e+01
4.693715594332417851e+01 4.596894233165309629e+01
4.693715594332417851e+01 5.320337941421916383e+01
4.693715594332417851e+01 4.769303292931232363e+01
4.693715594332417851e+01 5.231412854799913248e+01
4.693715594332417851e+01 4.656597850616972067e+01
4.693715594332417851e+01 5.171849190755652614e+01
4.693715594332417851e+01 4.652854214322411508e+01
4.693715594332417851e+01 4.480421450439438757e+01
4.693715594332417851e+01 4.408700613178002214e+01
4.693715594332417851e+01 5.235954198655119285e+01
4.693715594332417851e+01 4.950891160312520611e+01
4.693715594332417851e+01 4.414084193891903141e+01
4.693715594332417851e+01 5.206821644210316435e+01
4.693715594332417851e+01 4.795419698614848869e+01
4.693715594332417851e+01 4.936987085908320694e+01
4.693715594332417851e+01 4.403927182249998395e+01
4.693715594332417851e+01 4.941101923642064975e+01
4.693715594332417851e+01 4.660710500118909039e+01
4.693715594332417851e+01 4.739513235149735948e+01
4.693715594332417851e+01 4.902268407872684008e+01
4.693715594332417851e+01 4.640318767959859514e+01
4.693715594332417851e+01 5.368223955580319284e+01
4.693715594332417851e+01 4.559080488031555234e+01
4.693715594332417851e+01 4.607119372162612336e+01
4.693715594332417851e+01 4.151058944388835670e+01
4.693715594332417851e+01 4.559972427528305161e+01
4.693715594332417851e+01 4.666356072152966306e+01
4.693715594332417851e+01 5.114520675151354112e+01
4.693715594332417851e+01 4.591654357001821296e+01
4.693715594332417851e+01 4.584189141852736782e+01
4.693715594332417851e+01 4.322259606929088704e+01
4.693715594332417851e+01 4.651875005321441847e+01
4.693715594332417851e+01 3.708136286641874335e+01
4.693715594332417851e+01 4.593248933012210955e+01
4.693715594332417851e+01 4.649296856784278731e+01
4.693715594332417851e+01 4.493577957946598644e+01
4.693715594332417851e+01 4.133457708037371248e+01
4.693715594332417851e+01 4.631823744281458488e+01
4.693715594332417851e+01 4.294714261169430358e+01
4.693715594332417851e+01 4.375551107259009598e+01
4.693715594332417851e+01 4.457363479116443727e+01
4.693715594332417851e+01 5.057687241953324531e+01
4.693715594332417851e+01 4.241273005506394611e+01
4.693715594332417851e+01 4.262675319026052279e+01
4.693715594332417851e+01 4.402617391434606020e+01
4.693715594332417851e+01 4.674701174066770193e+01
4.693715594332417851e+01 4.524955927330201177e+01
4.693715594332417851e+01 4.459828870723703176e+01
4.693715594332417851e+01 4.836803582891523234e+01
4.693715594332417851e+01 4.671989325554505967e+01
4.693715594332417851e+01 4.960009327250195810e+01
4.693715594332417851e+01 4.103466312527815774e+01
4.693715594332417851e+01 4.936865782782425782e+01
4.693715594332417851e+01 4.606407264795787881e+01
4.693715594332417851e+01 4.588010437258975571e+01
4.693715594332417851e+01 4.592288358668773895e+01
4.693715594332417851e+01 5.405472484535147970e+01
4.693715594332417851e+01 5.037375888592519857e+01
4.693715594332417851e+01 4.513459454238936530e+01
4.693715594332417851e+01 5.119402756252176090e+01
4.693715594332417851e+01 5.219976064922374803e+01
4.693715594332417851e+01 4.500896711225247770e+01
4.693715594332417851e+01 4.724580301659867843e+01
4.693715594332417851e+01 4.734905662954215444e+01
4.693715594332417851e+01 4.538681543399497542e+01
4.693715594332417851e+01 5.083917276652346828e+01
4.693715594332417851e+01 4.526429427613550160e+01
4.693715594332417851e+01 4.541282465469651441e+01
4.693715594332417851e+01 4.169082463707884756e+01
4.693715594332417851e+01 4.734429542326765272e+01
4.693715594332417851e+01 4.001150416350678540e+01
4.693715594332417851e+01 4.322071281556942779e+01
4.693715594332417851e+01 4.773256519411125254e+01
4.693715594332417851e+01 4.650381904998729254e+01
4.693715594332417851e+01 5.087160498446472445e+01
4.693715594332417851e+01 4.462843201980157914e+01
4.693715594332417851e+01 4.673994435761136401e+01
4.693715594332417851e+01 4.641487943541471850e+01
4.693715594332417851e+01 4.584170140330561338e+01
4.693715594332417851e+01 3.971296458614304470e+01
4.693715594332417851e+01 4.686400627566174393e+01
4.693715594332417851e+01 4.767568028589825246e+01
4.693715594332417851e+01 4.057206631241314199e+01
4.693715594332417851e+01 4.865781298052589676e+01
4.693715594332417851e+01 5.114470835414716277e+01
4.693715594332417851e+01 4.760597642829039700e+01
4.693715594332417851e+01 4.076521990795556860e+01
4.693715594332417851e+01 4.882444593938347310e+01
4.693715594332417851e+01 5.276172180478071994e+01
4.693715594332417851e+01 4.830504045958382164e+01
4.693715594332417851e+01 4.839662869443174742e+01
4.693715594332417851e+01 4.869628168721020245e+01
4.693715594332417851e+01 5.001062000919675654e+01
4.693715594332417851e+01 4.672102160860141851e+01
4.693715594332417851e+01 4.962547489868286021e+01
4.693715594332417851e+01 4.203457814220631406e+01
4.693715594332417851e+01 5.266114060189626400e+01
4.693715594332417851e+01 4.048194318264732061e+01
4.693715594332417851e+01 4.857547558360206352e+01
4.693715594332417851e+01 4.345595458413707490e+01
4.693715594332417851e+01 4.536987130972094917e+01
4.693715594332417851e+01 4.371170691717419032e+01
4.693715594332417851e+01 4.875068259795134651e+01
4.693715594332417851e+01 4.803965152516238390e+01
4.693715594332417851e+01 5.019235562556823282e+01
4.693715594332417851e+01 4.707941840785990451e+01
4.693715594332417851e+01 4.167820793525897471e+01
4.693715594332417851e+01 5.122000772000637880e+01
4.693715594332417851e+01 4.869540727229590971e+01
4.693715594332417851e+01 4.865741464409622807e+01
4.693715594332417851e+01 4.371352014024347454e+01
4.693715594332417851e+01 4.880816196339303303e+01
4.693715594332417851e+01 4.400265571985993063e+01
4.693715594332417851e+01 4.483248268352924981e+01
4.693715594332417851e+01 5.224956580120233696e+01
4.693715594332417851e+01 4.702026221851618715e+01
4.693715594332417851e+01 4.623418106490428414e+01
4.693715594332417851e+01 4.226158884218183687e+01
4.693715594332417851e+01 4.187992949660900877e+01
4.693715594332417851e+01 4.253203246883074229e+01
4.693715594332417851e+01 4.816230093713436844e+01
4.693715594332417851e+01 4.787870288597860480e+01
4.693715594332417851e+01 3.945512127519383228e+01
4.693715594332417851e+01 4.636783849511880362e+01
4.693715594332417851e+01 4.323191041604226825e+01
4.693715594332417851e+01 4.635328063509591345e+01
4.693715594332417851e+01 4.104712613390557863e+01
4.693715594332417851e+01 4.473909282644080321e+01
4.693715594332417851e+01 4.053689175747150131e+01
4.693715594332417851e+01 4.488030649581014586e+01
4.693715594332417851e+01 4.560950017651598642e+01
4.693715594332417851e+01 5.256375449778687425e+01
4.693715594332417851e+01 4.329605973362502169e+01
4.693715594332417851e+01 4.682267677973501918e+01
4.693715594332417851e+01 4.795751982703102811e+01
4.693715594332417851e+01 4.409481695739858509e+01
4.693715594332417851e+01 5.049872191529600229e+01
4.693715594332417851e+01 4.556119177984452051e+01
4.693715594332417851e+01 4.425260846351155664e+01
4.693715594332417851e+01 4.413272502232516104e+01
4.693715594332417851e+01 4.595001545157816736e+01
4.693715594332417851e+01 4.395909180541253392e+01
4.693715594332417851e+01 4.526265147558610380e+01
4.693715594332417851e+01 4.878585668373354878e+01
4.693715594332417851e+01 4.817250533364263276e+01
4.693715594332417851e+01 4.368427133748057400e+01
4.693715594332417851e+01 4.400431873032652419e+01
4.693715594332417851e+01 4.480583613934830112e+01
4.693715594332417851e+01 4.288062624531971068e+01
4.693715594332417851e+01 4.554717882629640968e+01
4.693715594332417851e+01 4.788923293650364599e+01
4.693715594332417851e+01 4.951635268609346241e+01
4.693715594332417851e+01 4.975607303168910533e+01
4.693715594332417851e+01 4.607068899468653456e+01
4.693715594332417851e+01 4.843881721429848852e+01
4.693715594332417851e+01 4.482698458329832647e+01
4.693715594332417851e+01 4.966836401155511993e+01
4.693715594332417851e+01 4.855005914442478598e+01
4.693715594332417851e+01 4.426080055756528253e+01
4.693715594332417851e+01 4.575222096418333706e+01
4.693715594332417851e+01 3.763963064112864032e+01
4.693715594332417851e+01 4.913946228861266974e+01
4.693715594332417851e+01 4.746651667205475889e+01
4.693715594332417851e+01 4.545728895997182661e+01
4.693715594332417851e+01 4.793705692676791585e+01
4.693715594332417851e+01 4.578760822885090676e+01
4.693715594332417851e+01 4.594862624947359109e+01
4.693715594332417851e+01 4.344898768359537655e+01
4.693715594332417851e+01 4.298373695135094863e+01
4.693715594332417851e+01 4.194764444320698971e+01
4.693715594332417851e+01 4.848630444125819139e+01
4.693715594332417851e+01 4.675252042692070376e+01
4.693715594332417851e+01 4.768142301163846497e+01
4.693715594332417851e+01 4.910686568733320456e+01
4.693715594332417851e+01 4.310809715643279816e+01
4.693715594332417851e+01 4.494561606374654161e+01
4.693715594332417851e+01 4.804735860601762454e+01
4.693715594332417851e+01 4.819527091841863609e+01
4.693715594332417851e+01 4.788401022447043687e+01
4.693715594332417851e+01 4.679420541730659266e+01
4.693715594332417851e+01 4.847540230208097256e+01
4.693715594332417851e+01 4.437299741218984650e+01
4.693715594332417851e+01 4.575889075076367618e+01
4.693715594332417851e+01 4.837272970805466343e+01
4.693715594332417851e+01 4.274366035043274081e+01
4.693715594332417851e+01 4.549837349174320167e+01
4.693715594332417851e+01 4.731696953075202572e+01
4.693715594332417851e+01 4.478084421080752264e+01
4.693715594332417851e+01 4.345216966024844396e+01
4.693715594332417851e+01 4.871576389355267622e+01
4.693715594332417851e+01 4.298625099466795518e+01
4.693715594332417851e+01 4.734524111339474928e+01
4.693715594332417851e+01 4.663407694392836333e+01
4.693715594332417851e+01 4.520106882486832944e+01
4.693715594332417851e+01 4.404746729536718419e+01
4.693715594332417851e+01 4.362693545260189865e+01
4.693715594332417851e+01 4.727088588349725740e+01
4.693715594332417851e+01 4.378712795969856586e+01
4.693715594332417851e+01 4.198920996687173357e+01
4.693715594332417851e+01 4.946269800811013084e+01
4.693715594332417851e+01 4.637592399140270061e+01
4.693715594332417851e+01 5.034839410300759255e+01
4.693715594332417851e+01 5.040898170518077137e+01
4.693715594332417851e+01 4.311026955540729944e+01
4.693715594332417851e+01 4.814902278294172078e+01
4.693715594332417851e+01 4.804143426899275227e+01
4.693715594332417851e+01 4.758330823669743381e+01
4.693715594332417851e+01 4.136438946439844244e+01
4.693715594332417851e+01 4.710888258057904210e+01
4.693715594332417851e+01 4.975548111652310013e+01
4.693715594332417851e+01 4.443888026163612892e+01
4.693715594332417851e+01 4.439303692217230690e+01
4.693715594332417851e+01 4.510150745193324440e+01
4.693715594332417851e+01 4.252960801711765981e+01
4.693715594332417851e+01 4.382562157756308352e+01
4.693715594332417851e+01 4.456431243631028849e+01
4.693715594332417851e+01 4.356648779218743783e+01
4.693715594332417851e+01 4.917191360437409031e+01
4.693715594332417851e+01 4.280829097419388063e+01
4.693715594332417851e+01 4.143561099259062530e+01
4.693715594332417851e+01 4.393024100537621024e+01
4.693715594332417851e+01 4.756438931457957864e+01
4.693715594332417851e+01 4.412217724299301835e+01
4.693715594332417851e+01 5.078632738525908508e+01
4.693715594332417851e+01 4.176045860774791407e+01
4.693715594332417851e+01 4.305776520312097944e+01
4.693715594332417851e+01 4.438372123190750784e+01
4.693715594332417851e+01 4.414221325969646159e+01
4.693715594332417851e+01 4.828487434757181518e+01
4.693715594332417851e+01 4.737261922629515709e+01
4.693715594332417851e+01 4.325957549290691162e+01
4.693715594332417851e+01 4.795863158465702014e+01
4.693715594332417851e+01 4.860157847210950877e+01
4.693715594332417851e+01 5.462150769713446152e+01
4.693715594332417851e+01 4.423011274890740196e+01
4.693715594332417851e+01 4.460437136003027092e+01
4.693715594332417851e+01 4.279797265272884488e+01
4.693715594332417851e+01 4.326950312309003976e+01
4.693715594332417851e+01 5.109260430789134233e+01
4.693715594332417851e+01 4.701198347244591247e+01
4.693715594332417851e+01 4.715389434485027920e+01
4.693715594332417851e+01 4.740343109877355943e+01
4.693715594332417851e+01 4.863386920555349491e+01
4.693715594332417851e+01 4.822812412159614581e+01
4.693715594332417851e+01 5.031527640196998874e+01
4.693715594332417851e+01 4.788607745061044341e+01
4.693715594332417851e+01 5.451462316533836372e+01
4.693715594332417851e+01 4.439100097655418864e+01
4.693715594332417851e+01 4.440168022975267803e+01
4.693715594332417851e+01 4.166522950863095076e+01
4.693715594332417851e+01 4.362185493520286172e+01
4.693715594332417851e+01 4.682756050275008164e+01
4.693715594332417851e+01 4.690242558029238040e+01
4.693715594332417851e+01 5.569547256872596819e+01
4.693715594332417851e+01 4.787246461227351801e+01
4.693715594332417851e+01 4.424030966903351469e+01
4.693715594332417851e+01 4.760206518662550224e+01
4.693715594332417851e+01 3.833093355568763627e+01
4.693715594332417851e+01 4.795728438064462296e+01
4.693715594332417851e+01 4.426764481333763257e+01
4.693715594332417851e+01 4.714630208378530796e+01
4.693715594332417851e+01 4.979007160092115924e+01
4.693715594332417851e+01 4.705067359851778264e+01
4.693715594332417851e+01 4.710780134640804562e+01
4.693715594332417851e+01 4.422526575140487637e+01
4.693715594332417851e+01 4.413921882122789953e+01
4.693715594332417851e+01 4.594866544057714464e+01
4.693715594332417851e+01 4.413506599470747460e+01
4.693715594332417851e+01 4.922105727088876392e+01
4.693715594332417851e+01 5.121965901916414765e+01
4.693715594332417851e+01 4.283410835514591497e+01
4.693715594332417851e+01 4.627935591404170168e+01
4.693715594332417851e+01 3.931584414230776048e+01
4.693715594332417851e+01 5.039967466544687369e+01
4.693715594332417851e+01 5.077036013070518550e+01
4.693715594332417851e+01 5.022948940767162895e+01
4.693715594332417851e+01 4.915132498974156761e+01
4.693715594332417851e+01 4.931506505979495358e+01
4.693715594332417851e+01 4.938369054914341660e+01
4.693715594332417851e+01 5.269548630282696422e+01
4.693715594332417851e+01 5.361261115853240966e+01
4.693715594332417851e+01 4.831242844728375019e+01
4.693715594332417851e+01 4.500528110506512292e+01
4.693715594332417851e+01 4.831686264278300769e+01
4.693715594332417851e+01 5.006905079863565078e+01
4.693715594332417851e+01 4.160536265241720599e+01
4.693715594332417851e+01 4.171742964185543912e+01
4.693715594332417851e+01 4.914393976054892477e+01
4.693715594332417851e+01 4.432393534785263967e+01
4.693715594332417851e+01 4.727609179551364349e+01
4.693715594332417851e+01 4.469735386006599498e+01
4.693715594332417851e+01 4.919716737011917473e+01
4.693715594332417851e+01 4.983355460812963855e+01
4.693715594332417851e+01 4.624056715352499936e+01
4.693715594332417851e+01 5.372850729282605187e+01
4.693715594332417851e+01 4.620086976634230780e+01
4.693715594332417851e+01 4.181346029496442185e+01
4.693715594332417851e+01 4.616755076902933297e+01
4.693715594332417851e+01 4.499824771402860790e+01
4.693715594332417851e+01 4.542136225514978776e+01
4.693715594332417851e+01 4.258127222465142836e+01
4.693715594332417851e+01 4.776978232970677851e+01
4.693715594332417851e+01 4.355687549600887820e+01
4.693715594332417851e+01 4.767942667803725953e+01
4.693715594332417851e+01 4.501773595698579555e+01
4.693715594332417851e+01 4.537872790064701434e+01
4.693715594332417851e+01 4.404569035178899838e+01
4.693715594332417851e+01 4.082849903627196397e+01
4.693715594332417851e+01 5.400386900523047018e+01
4.693715594332417851e+01 5.079857187514897987e+01
4.693715594332417851e+01 4.829505273923205522e+01
4.693715594332417851e+01 4.854322890763702958e+01
4.693715594332417851e+01 4.186237920934325274e+01
4.693715594332417851e+01 4.491471836708863208e+01
4.693715594332417851e+01 4.403461543724653637e+01
4.693715594332417851e+01 4.558758384501489047e+01
4.693715594332417851e+01 5.131583958662758249e+01
4.693715594332417851e+01 4.580402698693534802e+01
4.693715594332417851e+01 4.946518084399924930e+01
4.693715594332417851e+01 4.937118926394325769e+01
4.693715594332417851e+01 4.342095844894888046e+01
4.693715594332417851e+01 4.855532508915396761e+01
4.693715594332417851e+01 4.528804095427639709e+01
4.693715594332417851e+01 4.450001867308115777e+01
4.693715594332417851e+01 5.089264216194868595e+01
4.693715594332417851e+01 4.853713320349464766e+01
4.693715594332417851e+01 5.183606404184067884e+01
4.693715594332417851e+01 4.000812142656728554e+01
4.693715594332417851e+01 4.943026433548822496e+01
4.693715594332417851e+01 4.595151865215252229e+01
4.693715594332417851e+01 5.000592236306038529e+01
4.693715594332417851e+01 4.737173883698388011e+01
4.693715594332417851e+01 4.359793916267428671e+01
4.693715594332417851e+01 4.970538827798671377e+01
4.693715594332417851e+01 4.152082152440788576e+01
4.693715594332417851e+01 4.445021288101908397e+01
4.693715594332417851e+01 4.760652408621450604e+01
4.693715594332417851e+01 4.841994527412717986e+01
4.693715594332417851e+01 4.186102418313922158e+01
4.693715594332417851e+01 4.573824810618322090e+01
4.693715594332417851e+01 3.861692297463608270e+01
4.693715594332417851e+01 4.533752026550659053e+01
4.693715594332417851e+01 5.085536897074675267e+01
4.693715594332417851e+01 4.787750130944073845e+01
4.693715594332417851e+01 4.426082370369234553e+01
4.693715594332417851e+01 4.663696309901868631e+01
4.693715594332417851e+01 4.599919481193974491e+01
4.693715594332417851e+01 4.202480169515551012e+01
4.693715594332417851e+01 4.562116968358327540e+01
4.693715594332417851e+01 4.822728065487400784e+01
4.693715594332417851e+01 4.437121814735523628e+01
4.693715594332417851e+01 4.081058498913004229e+01
4.693715594332417851e+01 4.929275207635983946e+01
4.693715594332417851e+01 4.902948069216466820e+01
4.693715594332417851e+01 4.870867148533228175e+01
4.693715594332417851e+01 4.598854764739732559e+01
4.693715594332417851e+01 4.837941658972930270e+01
4.693715594332417851e+01 4.588587128387407432e+01
4.693715594332417851e+01 4.835172798555837659e+01
4.693715594332417851e+01 4.480942948951486215e+01
4.693715594332417851e+01 4.512669355334050181e+01
4.693715594332417851e+01 5.025331616113626154e+01
4.693715594332417851e+01 4.425662880521505826e+01
4.693715594332417851e+01 4.578874123079202008e+01
4.693715594332417851e+01 4.986329546771614218e+01
4.693715594332417851e+01 4.272133365816496564e+01
4.693715594332417851e+01 4.645920638036398032e+01
4.693715594332417851e+01 4.459430612203777144e+01
4.693715594332417851e+01 4.471893161157234431e+01
4.693715594332417851e+01 4.449903531714618765e+01
4.693715594332417851e+01 5.030082504519040043e+01
4.693715594332417851e+01 4.899934985525163000e+01
4.693715594332417851e+01 5.631786851211381162e+01
4.693715594332417851e+01 3.964010920278671790e+01
4.693715594332417851e+01 4.971513097445626528e+01
4.693715594332417851e+01 4.715217249498523699e+01
4.693715594332417851e+01 5.136620291858869081e+01
4.693715594332417851e+01 4.579676780237120681e+01
4.693715594332417851e+01 4.704736821073147723e+01
4.693715594332417851e+01 3.948122626381911005e+01
4.693715594332417851e+01 4.155475869732975269e+01
4.693715594332417851e+01 4.305213154411784160e+01
4.693715594332417851e+01 4.717284325694650704e+01
4.693715594332417851e+01 4.951385872204281924e+01
4.693715594332417851e+01 3.981294946923312494e+01
4.693715594332417851e+01 4.447340964580107681e+01
4.693715594332417851e+01 4.271537463262319534e+01
4.693715594332417851e+01 3.995976627905875489e+01
4.693715594332417851e+01 5.058639464196926383e+01
4.693715594332417851e+01 4.065114555372947791e+01
4.693715594332417851e+01 4.651964391836109058e+01
4.693715594332417851e+01 4.140320624780056846e+01
4.693715594332417851e+01 4.667809517458455559e+01
4.693715594332417851e+01 4.664194150763511004e+01
