4.693715594332417851e+01 4.658433767628589095e+01
4.693715594332417851e+01 4.365109765219978755e+01
4.693715594332417851e+01 4.476045279211425765e+01
4.693715594332417851e+01 4.407506290866405152e+01
4.693715594332417851e+01 4.618809655403664038e+01
4.693715594332417851e+01 5.381959297181483493e+01
4.693715594332417851e+01 4.571987487132368244e+01
4.693715594332417851e+01 4.466482471101866025e+01
4.693715594332417851e+01 4.686530522217196193e+01
4.693715594332417851e+01 4.438886308608751818e+01
4.693715594332417851e+01 4.275545453075193336e+01
4.693715594332417851e+01 4.266994061756144418e+01
4.693715594332417851e+01 5.091912918550582390e+01
4.693715594332417851e+01 5.032191165681761902e+01
4.693715594332417851e+01 4.674773580694125741e+01
4.693715594332417851e+01 4.656904860566970683e+01
4.693715594332417851e+01 4.621093271148568249e+01
4.693715594332417851e+01 4.804243895325434011e+01
4.693715594332417851e+01 4.778224142380323514e+01
4.693715594332417851e+01 4.910075433178840854e+01
4.693715594332417851e+01 4.801517150167855164e+01
4.693715594332417851e+01 4.549049861919132809e+01
4.693715594332417851e+01 4.706173984046546366e+01
4.693715594332417851e+01 4.684741146743001394e+01
4.693715594332417851e+01 4.424142896864739072e+01
4.693715594332417851e+01 4.860128181422616223e+01
4.693715594332417851e+01 4.125989260852661289e+01
4.693715594332417851e+01 4.198101063463011684e+01
4.693715594332417851e+01 4.899279676587896404e+01
4.693715594332417851e+01 4.779018903923526551e+01
4.693715594332417851e+01 4.672298053970143883e+01
4.693715594332417851e+01 4.491652681401912162e+01
4.693715594332417851e+01 4.290836126290903962e+01
4.693715594332417851e+01 4.363646356827794648e+01
4.693715594332417851e+01 4.611575918621696957e+01
4.693715594332417851e+01 4.308353655779913538e+01
4.693715594332417851e+01 3.811385319685926731e+01
4.693715594332417851e+01 4.716144785191623612e+01
4.693715594332417851e+01 4.936681597206526817e+01
4.693715594332417851e+01 5.052740698240522477e+01
4.693715594332417851e+01 5.078126216458502995e+01
4.693715594332417851e+01 4.784686311324106356e+01
4.693715594332417851e+01 4.816851814797065146e+01
4.693715594332417851e+01 4.813385874306192136e+01
4.693715594332417851e+01 4.898319362856801717e+01
4.693715594332417851e+01 5.016063356062484502e+01
4.693715594332417851e+01 4.555940565063495029e+01
4.693715594332417851e+01 4.539158778161995400e+01
4.693715594332417851e+01 4.269850372923035309e+01
4.693715594332417851e+01 4.719523455696753444e+01
4.693715594332417851e+01 4.689282310379990548e+01
4.693715594332417851e+01 4.840625807195984720e+01
4.693715594332417851e+01 4.707183114032540772e+01
4.693715594332417851e+01 4.485582706477030968e+01
4.693715594332417851e+01 4.108691034974873446e+01
4.693715594332417851e+01 4.723743720333534668e+01
4.693715594332417851e+01 4.173944247034839350e+01
4.693715594332417851e+01 4.579386719768694292e+01
4.693715594332417851e+01 4.151807675688259991e+01
4.693715594332417851e+01 4.911910425188412432e+01
4.693715594332417851e+01 4.796214739118278914e+01
4.693715594332417851e+01 4.870651316258584984e+01
4.693715594332417851e+01 4.389844028740120052e+01
4.693715594332417851e+01 5.006468716091379179e+01
4.693715594332417851e+01 4.699243987631498953e+01
4.693715594332417851e+01 4.501248024702123729e+01
4.693715594332417851e+01 4.955832362721736217e+01
4.693715594332417851e+01 4.936548102154071671e+01
4.693715594332417851e+01 4.457570759055317211e+01
4.693715594332417851e+01 3.960789687728583885e+01
4.693715594332417851e+01 5.210583817017148078e+01
4.693715594332417851e+01 4.482278198416207715e+01
4.693715594332417851e+01 4.283658027290652370e+01
4.693715594332417851e+01 5.281572361774325941e+01
4.693715594332417851e+01 5.291996674634091846e+01
4.693715594332417851e+01 4.432040703840726792e+01
4.693715594332417851e+01 4.287000021145642847e+01
4.693715594332417851e+01 4.254071298527382794e+01
4.693715594332417851e+01 4.899211527664024857e+01
4.693715594332417851e+01 4.054173502626840531e+01
4.693715594332417851e+01 4.445131229627706659e+01
4.693715594332417851e+01 4.233215977231728289e+01
4.693715594332417851e+01 4.762769929463672014e+01
4.693715594332417851e+01 4.450044375573808253e+01
4.693715594332417851e+01 4.623245323516565009e+01
4.693715594332417851e+01 4.278670377546444570e+01
4.693715594332417851e+01 4.554873988964293829e+01
4.693715594332417851e+01 5.227196696664628917e+01
4.693715594332417851e+01 4.463396353739366162e+01
4.693715594332417851e+01 4.525803926357067297e+01
4.693715594332417851e+01 4.476109377987072691e+01
4.693715594332417851e+01 5.282771213657809994e+01
4.693715594332417851e+01 4.655177004144178454e+01
4.693715594332417851e+01 4.277461690830398311e+01
4.693715594332417851e+01 4.612396459413563576e+01
4.693715594332417851e+01 4.474210939145142873e+01
4.693715594332417851e+01 4.670355569981307298e+01
4.693715594332417851e+01 4.032840762304580551e+01
4.693715594332417851e+01 4.155805042628849577e+01
4.693715594332417851e+01 5.040966915234496071e+01
4.693715594332417851e+01 4.617440376228949361e+01
4.693715594332417851e+01 5.264169924675577761e+01
4.693715594332417851e+01 4.591944310475905411e+01
4.693715594332417851e+01 4.761017959498608576e+01
4.693715594332417851e+01 4.309787700693353685e+01
4.693715594332417851e+01 4.367936594000141781e+01
4.693715594332417851e+01 5.029971763659881390e+01
4.693715594332417851e+01 4.585064463600053131e+01
4.693715594332417851e+01 4.102541369396531223e+01
4.693715594332417851e+01 4.338694194657574599e+01
4.693715594332417851e+01 4.591930851661226143e+01
4.693715594332417851e+01 4.682197318642617745e+01
4.693715594332417851e+01 4.821698306900977826e+01
4.693715594332417851e+01 4.270188265198017774e+01
4.693715594332417851e+01 4.482286200594432302e+01
4.693715594332417851e+01 4.313568987368740437e+01
4.693715594332417851e+01 4.647504862013089877e+01
4.693715594332417851e+01 5.130040356047549466e+01
4.693715594332417851e+01 4.509695397645298698e+01
4.693715594332417851e+01 4.935549661606444971e+01
4.693715594332417851e+01 4.788621969385116728e+01
4.693715594332417851e+01 4.630394783118333635e+01
4.693715594332417851e+01 4.434474602066825355e+01
4.693715594332417851e+01 4.743127298253905622e+01
4.693715594332417851e+01 4.428093164048127051e+01
4.693715594332417851e+01 4.431471267315593821e+01
4.693715594332417851e+01 4.742913423647349447e+01
4.693715594332417851e+01 5.152718379847723895e+01
4.693715594332417851e+01 4.577290637085305747e+01
4.693715594332417851e+01 4.587782182330391834e+01
4.693715594332417851e+01 4.548493710934193501e+01
4.693715594332417851e+01 4.454911957278312684e+01
4.693715594332417851e+01 4.769509915690889557e+01
4.693715594332417851e+01 4.569082178437250263e+01
4.693715594332417851e+01 4.190443460382524421e+01
4.693715594332417851e+01 4.444431982913328483e+01
4.693715594332417851e+01 4.550970043687924260e+01
4.693715594332417851e+01 5.368290152560943085e+01
4.693715594332417851e+01 4.197000938168617523e+01
4.693715594332417851e+01 4.612156695577254339e+01
4.693715594332417851e+01 4.578480668182759672e+01
4.693715594332417851e+01 4.512493835800849240e+01
4.693715594332417851e+01 4.577515200877426338e+01
4.693715594332417851e+01 4.828898202005214557e+01
4.693715594332417851e+01 4.869008846939170354e+01
4.693715594332417851e+01 4.339658571338587478e+01
4.693715594332417851e+01 4.130744558153268287e+01
4.693715594332417851e+01 4.975870763362598836e+01
4.693715594332417851e+01 4.929833282756217727e+01
4.693715594332417851e+01 4.455368443091497710e+01
4.693715594332417851e+01 4.480058462100922867e+01
4.693715594332417851e+01 4.078550786993362465e+01
4.693715594332417851e+01 4.598741989711987799e+01
4.693715594332417851e+01 4.601934868935492773e+01
4.693715594332417851e+01 4.573753491865161180e+01
4.693715594332417851e+01 5.181483289408011927e+01
4.693715594332417851e+01 4.310301700899304933e+01
4.693715594332417851e+01 4.773905718699469958e+01
4.693715594332417851e+01 4.804791899145191536e+01
4.693715594332417851e+01 4.891877798500510721e+01
4.693715594332417851e+01 5.177971670627022860e+01
4.693715594332417851e+01 4.056003407224036295e+01
4.693715594332417851e+01 4.801250448581853192e+01
4.693715594332417851e+01 4.368848984272274549e+01
4.693715594332417851e+01 4.522084712917392579e+01
4.693715594332417851e+01 5.231495654217594193e+01
4.693715594332417851e+01 4.783941836142717818e+01
4.693715594332417851e+01 4.694223759008341545e+01
4.693715594332417851e+01 4.981501518681537988e+01
4.693715594332417851e+01 4.531384876279765450e+01
4.693715594332417851e+01 4.769478826461289600e+01
4.693715594332417851e+01 4.724342509412492319e+01
4.693715594332417851e+01 4.354219802983798360e+01
4.693715594332417851e+01 4.522345666418115684e+01
4.693715594332417851e+01 4.564939417409105715e+01
4.693715594332417851e+01 5.034208483695348235e+01
4.693715594332417851e+01 4.384189732878704149e+01
4.693715594332417851e+01 4.796508777585083294e+01
4.693715594332417851e+01 4.416333925476053679e+01
4.693715594332417851e+01 4.513735886366630012e+01
4.693715594332417851e+01 4.502849091279213667e+01
4.693715594332417851e+01 4.501927181729955407e+01
4.693715594332417851e+01 4.434485025016717685e+01
4.693715594332417851e+01 4.309479715084130902e+01
4.693715594332417851e+01 4.493733155894268094e+01
4.693715594332417851e+01 4.616992048823790640e+01
4.693715594332417851e+01 3.983312881144565409e+01
4.693715594332417851e+01 4.753794720897644766e+01
4.693715594332417851e+01 4.110760593899230031e+01
4.693715594332417851e+01 4.240931711783146341e+01
4.693715594332417851e+01 4.740871006503926566e+01
4.693715594332417851e+01 4.360603372861212534e+01
4.693715594332417851e+01 4.382975121371767813e+01
4.693715594332417851e+01 4.990549069251685665e+01
4.693715594332417851e+01 4.650781247609923241e+01
4.693715594332417851e+01 4.122721250495926171e+01
4.693715594332417851e+01 5.175586933195421580e+01
4.693715594332417851e+01 4.298665546513363722e+01
4.693715594332417851e+01 4.821001743026730679e+01
4.693715594332417851e+01 4.266437801963203214e+01
4.693715594332417851e+01 4.588453183742245045e+01
4.693715594332417851e+01 5.339505229551040344e+01
4.693715594332417851e+01 4.877685906190932741e+01
4.693715594332417851e+01 4.524538815186314622e+01
4.693715594332417851e+01 5.300582064178742314e+01
4.693715594332417851e+01 4.587283604980609653e+01
4.693715594332417851e+01 4.757245944186405495e+01
4.693715594332417851e+01 5.430419878631992958e+01
4.693715594332417851e+01 4.809338024371257347e+01
4.693715594332417851e+01 4.209993262549529192e+01
4.693715594332417851e+01 4.100193816765619204e+01
4.693715594332417851e+01 4.793490460080970195e+01
4.693715594332417851e+01 4.675124198258463792e+01
4.693715594332417851e+01 4.523826702534098843e+01
4.693715594332417851e+01 4.899263524328281960e+01
4.693715594332417851e+01 4.714557321460216599e+01
4.693715594332417851e+01 4.369214213444652728e+01
4.693715594332417851e+01 4.914597121255638257e+01
4.693715594332417851e+01 4.012858106325549556e+01
4.693715594332417851e+01 4.313112710949087614e+01
4.693715594332417851e+01 4.708169583807445235e+01
4.693715594332417851e+01 4.523429876542773798e+01
4.693715594332417851e+01 5.340377866303490606e+01
4.693715594332417851e+01 4.630711344807680518e+01
4.693715594332417851e+01 4.979453050233033196e+01
4.693715594332417851e+01 5.028095083512449293e+01
4.693715594332417851e+01 4.381682041909575531e+01
4.693715594332417851e+01 4.786044204728835894e+01
4.693715594332417851e+01 4.485996945666877878e+01
4.693715594332417851e+01 4.946053183587740421e+01
4.693715594332417851e+01 4.842375115756554749e+01
4.693715594332417851e+01 4.326878684043446555e+01
4.693715594332417851e+01 4.657673002645990579e+01
4.693715594332417851e+01 5.180212925197391627e+01
4.693715594332417851e+01 4.784862434890444405e+01
4.693715594332417851e+01 5.402747740451685132e+01
4.693715594332417851e+01 5.379454659822086882e+01
4.693715594332417851e+01 5.342899466466256087e+01
4.693715594332417851e+01 4.870439380970771737e+01
4.693715594332417851e+01 3.988380690679853302e+01
4.693715594332417851e+01 4.021902296842134916e+01
4.693715594332417851e+01 4.474091720240808456e+01
4.693715594332417851e+01 4.761504947269206411e+01
4.693715594332417851e+01 4.646092256692976008e+01
4.693715594332417851e+01 4.299704244915427154e+01
4.693715594332417851e+01 4.441798441574994172e+01
4.693715594332417851e+01 4.837989621073445079e+01
4.693715594332417851e+01 4.370500856124311895e+01
4.693715594332417851e+01 4.863159126778418084e+01
4.693715594332417851e+01 4.515901059759482195e+01
4.693715594332417851e+01 4.186519838250145398e+01
4.693715594332417851e+01 5.086855264054196368e+01
4.693715594332417851e+01 4.736565698038438654e+01
4.693715594332417851e+01 4.883492148744442574e+01
4.693715594332417851e+01 4.563942133118698052e+01
4.693715594332417851e+01 4.868834976646462565e+01
4.693715594332417851e+01 4.331843676849403124e+01
4.693715594332417851e+01 3.966121259650603292e+01
4.693715594332417851e+01 5.172011971597650870e+01
4.693715594332417851e+01 4.100713656465479318e+01
4.693715594332417851e+01 4.896248957654263734e+01
4.693715594332417851e+01 4.780373608771783722e+01
4.693715594332417851e+01 4.934128405995953415e+01
4.693715594332417851e+01 4.777233933332141191e+01
4.693715594332417851e+01 4.431824262090414379e+01
4.693715594332417851e+01 4.895372204759576107e+01
4.693715594332417851e+01 4.635340360441489338e+01
4.693715594332417851e+01 4.240046404777257294e+01
4.693715594332417851e+01 4.276469591442699425e+01
4.693715594332417851e+01 4.257694569570846710e+01
4.693715594332417851e+01 4.319600316087275615e+01
4.693715594332417851e+01 4.582461979583709422e+01
4.693715594332417851e+01 4.211175719265362005e+01
4.693715594332417851e+01 5.060667453765148593e+01
4.693715594332417851e+01 4.437749660344799452e+01
4.693715594332417851e+01 4.187518679675017808e+01
4.693715594332417851e+01 4.332620876194208392e+01
4.693715594332417851e+01 4.878553162812661981e+01
4.693715594332417851e+01 4.794413256424933678e+01
4.693715594332417851e+01 4.734471274556206311e+01
4.693715594332417851e+01 5.142876250868322785e+01
4.693715594332417851e+01 5.341274042028551605e+01
4.693715594332417851e+01 4.390603222798353045e+01
4.693715594332417851e+01 4.164591731906620709e+01
4.693715594332417851e+01 4.700925434247776735e+01
4.693715594332417851e+01 4.359838267861050554e+01
4.693715594332417851e+01 5.774628035881421084e+01
4.693715594332417851e+01 4.852018487887113452e+01
4.693715594332417851e+01 4.579250079676885576e+01
4.693715594332417851e+01 4.789930553266637503e+01
4.693715594332417851e+01 4.079545115153509016e+01
4.693715594332417851e+01 4.021521040107597855e+01
4.693715594332417851e+01 5.216658234306229502e+01
4.693715594332417851e+01 4.396900820019994427e+01
4.693715594332417851e+01 4.392249527600386472e+01
4.693715594332417851e+01 4.621506235281329822e+01
4.693715594332417851e+01 4.638086511130008915e+01
4.693715594332417851e+01 4.800268147747180336e+01
4.693715594332417851e+01 4.639031409342288725e+01
4.693715594332417851e+01 4.255480573180846449e+01
4.693715594332417851e+01 5.371328892922881693e+01
4.693715594332417851e+01 5.023515257438412362e+01
4.693715594332417851e+01 4.716574604409333205e+01
4.693715594332417851e+01 4.688562043684882497e+01
4.693715594332417851e+01 4.513404876673548216e+01
4.693715594332417851e+01 4.561248588208289334e+01
4.693715594332417851e+01 4.347153063949406970e+01
4.693715594332417851e+01 5.230070486023530663e+01
4.693715594332417851e+01 4.570124073482630678e+01
4.693715594332417851e+01 4.427046070559351421e+01
4.693715594332417851e+01 4.211573575453203233e+01
4.693715594332417851e+01 4.608271848597277653e+01
4.693715594332417851e+01 4.545314770805782700e+01
4.693715594332417851e+01 4.531738955697468185e+01
4.693715594332417851e+01 4.979719628415143973e+01
4.693715594332417851e+01 4.356885212768366955e+01
4.693715594332417851e+01 4.633548962555695283e+01
4.693715594332417851e+01 5.573253950289429071e+01
4.693715594332417851e+01 3.912671908321616598e+01
4.693715594332417851e+01 4.885188174577550058e+01
4.693715594332417851e+01 4.182454624270116028e+01
4.693715594332417851e+01 4.572207017784389649e+01
4.693715594332417851e+01 3.884267820811461291e+01
4.693715594332417851e+01 4.298217208903987796e+01
4.693715594332417851e+01 4.472238633738395208e+01
4.693715594332417851e+01 4.172876399217708610e+01
4.693715594332417851e+01 4.819504844971223179e+01
4.693715594332417851e+01 5.010933049141922879e+01
4.693715594332417851e+01 4.600284207013368842e+01
4.693715594332417851e+01 4.529108306907641435e+01
4.693715594332417851e+01 4.611555505463033455e+01
4.693715594332417851e+01 4.615443429565593192e+01
4.693715594332417851e+01 4.608805821704774530e+01
4.693715594332417851e+01 4.594930808327991656e+01
4.693715594332417851e+01 4.367173113608645707e+01
4.693715594332417851e+01 4.051916006222025146e+01
4.693715594332417851e+01 4.888952166651916542e+01
4.693715594332417851e+01 4.235447513370557715e+01
4.693715594332417851e+01 4.665214329656888737e+01
4.693715594332417851e+01 4.500101577789128271e+01
4.693715594332417851e+01 4.533536080373081489e+01
4.693715594332417851e+01 4.913497933003417728e+01
4.693715594332417851e+01 4.481955709073601923e+01
4.693715594332417851e+01 5.403254118468605327e+01
4.693715594332417851e+01 3.894434972366968140e+01
4.693715594332417851e+01 3.969849707577809994e+01
4.693715594332417851e+01 4.962099482083780799e+01
4.693715594332417851e+01 4.379562511503409183e+01
4.693715594332417851e+01 4.758413273756969630e+01
4.693715594332417851e+01 4.803859911802256732e+01
4.693715594332417851e+01 4.808058482616430496e+01
4.693715594332417851e+01 5.127984371152661680e+01
4.693715594332417851e+01 4.190082491251476426e+01
4.693715594332417851e+01 4.627762121652882854e+01
4.693715594332417851e+01 4.423892190090687393e+01
4.693715594332417851e+01 4.596647519194985421e+01
4.693715594332417851e+01 5.007594091967910543e+01
4.693715594332417851e+01 4.189791747605175942e+01
4.693715594332417851e+01 4.604710449391751581e+01
4.693715594332417851e+01 3.915606946012372447e+01
4.693715594332417851e+01 5.323878774583697293e+01
4.693715594332417851e+01 4.659014367686251745e+01
4.693715594332417851e+01 4.695976543458192509e+01
4.693715594332417851e+01 4.873611085191842562e+01
4.693715594332417851e+01 4.533271828661287373e+01
4.693715594332417851e+01 4.562858356869602261e+01
4.693715594332417851e+01 4.553540056827738880e+01
4.693715594332417851e+01 4.724804900817661490e+01
4.693715594332417851e+01 4.355758915681845167e+01
4.693715594332417851e+01 4.195680287884266590e+01
4.693715594332417851e+01 4.283713485921846598e+01
4.693715594332417851e+01 4.931517371996213939e+01
4.693715594332417851e+01 4.432169694994478704e+01
4.693715594332417851e+01 4.718058667078567225e+01
4.693715594332417851e+01 4.996929248964175940e+01
4.693715594332417851e+01 4.920155753080805283e+01
4.693715594332417851e+01 4.276290475024169524e+01
4.693715594332417851e+01 4.485301187264768430e+01
4.693715594332417851e+01 4.230932326854887293e+01
4.693715594332417851e+01 4.957027889656877306e+01
4.693715594332417851e+01 4.558990118057069196e+01
4.693715594332417851e+01 4.955516554056458034e+01
4.693715594332417851e+01 5.133854292258470053e+01
4.693715594332417851e+01 4.638778536189595059e+01
4.693715594332417851e+01 4.413257968884388305e+01
4.693715594332417851e+01 4.651794141104662828e+01
4.693715594332417851e+01 4.521154309245208225e+01
4.693715594332417851e+01 4.404748991424365556e+01
4.693715594332417851e+01 4.650180406935095334e+01
4.693715594332417851e+01 4.458099369785395538e+01
4.693715594332417851e+01 5.115652064484432771e+01
4.693715594332417851e+01 5.213331647603104102e+01
4.693715594332417851e+01 4.508306349727166662e+01
4.693715594332417851e+01 4.841824200894190255e+01
4.693715594332417851e+01 4.704857482503618371e+01
4.693715594332417851e+01 5.173512899447264601e+01
4.693715594332417851e+01 4.436781872190841369e+01
4.693715594332417851e+01 4.357080550607037850e+01
4.693715594332417851e+01 4.218753070457785270e+01
4.693715594332417851e+01 4.668840986685383143e+01
4.693715594332417851e+01 5.088253651329274874e+01
4.693715594332417851e+01 4.600414589232002527e+01
4.693715594332417851e+01 4.362634836805153782e+01
4.693715594332417851e+01 4.464080573039630906e+01
4.693715594332417851e+01 4.477292679131407738e+01
4.693715594332417851e+01 4.432386882914214254e+01
4.693715594332417851e+01 5.054461622677244748e+01
4.693715594332417851e+01 4.759772244465705882e+01
4.693715594332417851e+01 5.346504169020442987e+01
4.693715594332417851e+01 4.369256102291402044e+01
4.693715594332417851e+01 5.522353811228293807e+01
4.693715594332417851e+01 4.222515797012255234e+01
4.693715594332417851e+01 4.632099854098288461e+01
4.693715594332417851e+01 5.763671487817654793e+01
4.693715594332417851e+01 4.899013738177792021e+01
4.693715594332417851e+01 4.979767563293242461e+01
4.693715594332417851e+01 4.106762238784224195e+01
4.693715594332417851e+01 4.265718665606310367e+01
4.693715594332417851e+01 4.363100427109495882e+01
4.693715594332417851e+01 4.736054589705730677e+01
4.693715594332417851e+01 4.562316483569945547e+01
4.693715594332417851e+01 4.952600731375061827e+01
4.693715594332417851e+01 4.470953724274073693e+01
4.693715594332417851e+01 4.825880405626838865e+01
4.693715594332417851e+01 4.236328754456932444e+01
4.693715594332417851e+01 4.607840049056108711e+01
4.693715594332417851e+01 5.145532105912437260e+01
4.693715594332417851e+01 4.637223720472258748e+01
4.693715594332417851e+01 4.745379582612383729e+01
4.693715594332417851e+01 4.560568011394637722e+01
4.693715594332417851e+01 4.896524146792907572e+01
4.693715594332417851e+01 5.113617042718931316e+01
4.693715594332417851e+01 4.494992141922256224e+01
4.693715594332417851e+01 4.527466170852022742e+01
4.693715594332417851e+01 4.703375767103987926e+01
4.693715594332417851e+01 5.229054283259438307e+01
4.693715594332417851e+01 4.551488210637209164e+01
4.693715594332417851e+01 4.685348401400273133e+01
4.693715594332417851e+01 4.497698601554798614e+01
4.693715594332417851e+01 4.646925058649295437e+01
4.693715594332417851e+01 4.150064868107236293e+01
4.693715594332417851e+01 4.860408164064642023e+01
4.693715594332417851e+01 4.315831585073038923e+01
4.693715594332417851e+01 4.661508675784858724e+01
4.693715594332417851e+01 4.406791490711920289e+01
4.693715594332417851e+01 4.922180966665763435e+01
4.693715594332417851e+01 4.620224400517779628e+01
4.693715594332417851e+01 4.860048710804660743e+01
4.693715594332417851e+01 4.338041857350488328e+01
4.693715594332417851e+01 4.376246822274591608e+01
4.693715594332417851e+01 4.703218594691018239e+01
4.693715594332417851e+01 4.456656019388111645e+01
4.693715594332417851e+01 4.263300940246261916e+01
4.693715594332417851e+01 4.562528962218762985e+01
4.693715594332417851e+01 4.237508787282876455e+01
4.693715594332417851e+01 4.929199010884383370e+01
4.693715594332417851e+01 4.304980699510792164e+01
4.693715594332417851e+01 4.620199414486050671e+01
4.693715594332417851e+01 4.408939075341831426e+01
4.693715594332417851e+01 4.453153015301056428e+01
4.693715594332417851e+01 4.694701339300370790e+01
4.693715594332417851e+01 4.467150463026678864e+01
4.693715594332417851e+01 4.522953393995487659e+01
4.693715594332417851e+01 4.518266848374622668e+01
4.693715594332417851e+01 4.662178057893594740e+01
4.693715594332417851e+01 4.393352048015631084e+01
4.693715594332417851e+01 4.849868479870776383e+01
4.693715594332417851e+01 4.282092968086458740e+01
4.693715594332417851e+01 4.481226854069207377e+01
4.693715594332417851e+01 4.901763940115655060e+01
4.693715594332417851e+01 4.947477623587589335e+01
4.693715594332417851e+01 4.208016683784634182e+01
4.693715594332417851e+01 4.620681179845057329e+01
4.693715594332417851e+01 4.321396205847752725e+01
4.693715594332417851e+01 4.948597361677157380e+01
4.693715594332417851e+01 4.537079152566688123e+01
4.693715594332417851e+01 4.538641102932550808e+01
4.693715594332417851e+01 4.383395426019762908e+01
4.693715594332417851e+01 4.770790143806912198e+01
4.693715594332417851e+01 4.585895361562688777e+01
4.693715594332417851e+01 4.794126580323410280e+01
4.693715594332417851e+01 3.805592016950149770e+01
4.693715594332417851e+01 4.943968450719583529e+01
4.693715594332417851e+01 4.129418497059933202e+01
4.693715594332417851e+01 4.850832472398660400e+01
4.693715594332417851e+01 4.470086705772041569e+01
4.693715594332417851e+01 4.633624892062268685e+01
4.693715594332417851e+01 4.328002233875880478e+01
4.693715594332417851e+01 4.364379409922730702e+01
4.693715594332417851e+01 4.297622817910831827e+01
4.693715594332417851e+01 4.609167187023467704e+01
4.693715594332417851e+01 4.507984227478051764e+01
4.693715594332417851e+01 4.557281475886209421e+01
4.693715594332417851e+01 4.976071136119248450e+01
4.693715594332417851e+01 4.636745391777370884e+01
4.693715594332417851e+01 4.379229603249822844e+01
4.693715594332417851e+01 4.742874207461106550e+01
4.693715594332417851e+01 4.455051585343252185e+01
4.693715594332417851e+01 4.679024806809467663e+01
4.693715594332417851e+01 4.201042011842952206e+01
4.693715594332417851e+01 3.898121475577739403e+01
4.693715594332417851e+01 4.448111487077611059e+01
4.693715594332417851e+01 4.274963015656217635e+01
4.693715594332417851e+01 4.470621042807076151e+01
4.693715594332417851e+01 4.408443536107449745e+01
4.693715594332417851e+01 4.429959227355692519e+01
4.693715594332417851e+01 4.744119006858790044e+01
4.693715594332417851e+01 4.228255775085978740e+01
4.693715594332417851e+01 5.141733162177830252e+01
4.693715594332417851e+01 4.992531712317821757e+01
4.693715594332417851e+01 4.537523371981628628e+01
4.693715594332417851e+01 5.146903301079488102e+01
4.693715594332417851e+01 4.941929502338399516e+01
4.693715594332417851e+01 5.699419597136910198e+01
4.693715594332417851e+01 4.551495523119207576e+01
4.693715594332417851e+01 5.170585199637409346e+01
4.693715594332417851e+01 4.558489715709067269e+01
4.693715594332417851e+01 4.487383069835885863e+01
4.693715594332417851e+01 4.221636660621688719e+01
4.693715594332417851e+01 4.287398264174023410e+01
4.693715594332417851e+01 4.495879782179984829e+01
4.693715594332417851e+01 5.132198192550851701e+01
4.693715594332417851e+01 5.116427665419060844e+01
4.693715594332417851e+01 4.929646678088300149e+01
4.693715594332417851e+01 4.556139007262346752e+01
4.693715594332417851e+01 4.551983067303362418e+01
4.693715594332417851e+01 4.568600410220782493e+01
4.693715594332417851e+01 4.495211391052318106e+01
4.693715594332417851e+01 4.911551883800150620e+01
4.693715594332417851e+01 4.681571834100506635e+01
4.693715594332417851e+01 5.109820553847595193e+01
4.693715594332417851e+01 4.963067436028940449e+01
4.693715594332417851e+01 4.356855977962082704e+01
4.693715594332417851e+01 4.671241591541397753e+01
4.693715594332417851e+01 4.945567458023242580e+01
4.693715594332417851e+01 4.466756369089789303e+01
4.693715594332417851e+01 4.172451798069196371e+01
4.693715594332417851e+01 4.575664631957666018e+01
4.693715594332417851e+01 4.540857733413317732e+01
4.693715594332417851e+01 4.929845489809782322e+01
4.693715594332417851e+01 4.753341821289839686e+01
4.693715594332417851e+01 3.819673708752478092e+01
4.693715594332417851e+01 4.456771785710727585e+01
4.693715594332417851e+01 4.714088863450383116e+01
4.693715594332417851e+01 5.076136400315565567e+01
4.693715594332417851e+01 4.921338883482605553e+01
4.693715594332417851e+01 4.950544946665380763e+01
4.693715594332417851e+01 4.167464652994765117e+01
4.693715594332417851e+01 4.860352744029567873e+01
4.693715594332417851e+01 4.583417024824383645e+01
4.693715594332417851e+01 4.371808010993677840e+01
4.693715594332417851e+01 4.962068628126279890e+01
4.693715594332417851e+01 4.202549483126927043e+01
4.693715594332417851e+01 4.469168451205516135e+01
4.693715594332417851e+01 4.815722347015704230e+01
4.693715594332417851e+01 4.375147262882467913e+01
4.693715594332417851e+01 4.378882813731269152e+01
4.693715594332417851e+01 5.156559475813003957e+01
4.693715594332417851e+01 4.575900631867746426e+01
4.693715594332417851e+01 5.039075968068076605e+01
4.693715594332417851e+01 4.436476734299544233e+01
4.693715594332417851e+01 4.719096527891569792e+01
4.693715594332417851e+01 4.745702713211975521e+01
4.693715594332417851e+01 4.530918854133143725e+01
4.693715594332417851e+01 4.425994634798119165e+01
4.693715594332417851e+01 4.538122578933632667e+01
4.693715594332417851e+01 4.542934208315183753e+01
4.693715594332417851e+01 4.178292591455780780e+01
4.693715594332417851e+01 4.804669996499616502e+01
4.693715594332417851e+01 4.191536042286007557e+01
4.693715594332417851e+01 4.587491064548029840e+01
4.693715594332417851e+01 5.118306882777134348e+01
4.693715594332417851e+01 4.640014731299145723e+01
4.693715594332417851e+01 5.010779568016768337e+01
4.693715594332417851e+01 4.792798929513970307e+01
4.693715594332417851e+01 4.981344449550453390e+01
4.693715594332417851e+01 4.466062632165191815e+01
4.693715594332417851e+01 4.819345991840891941e+01
4.693715594332417851e+01 4.812782991822692225e+01
4.693715594332417851e+01 4.547426037572599000e+01
4.693715594332417851e+01 5.019920900748280701e+01
4.693715594332417851e+01 5.041775313528201963e+01
4.693715594332417851e+01 4.522671899820711872e+01
4.693715594332417851e+01 4.640047169926436510e+01
4.693715594332417851e+01 5.195506486366397070e+01
4.693715594332417851e+01 4.526950655630395204e+01
4.693715594332417851e+01 5.802075032456157544e+01
4.693715594332417851e+01 4.406236259528493804e+01
4.693715594332417851e+01 4.775759705102081654e+01
4.693715594332417851e+01 5.094111192380908193e+01
4.693715594332417851e+01 4.674680831377092005e+01
4.693715594332417851e+01 4.866532920802971773e+01
4.693715594332417851e+01 4.149654051247971154e+01
4.693715594332417851e+01 4.479895315346843176e+01
4.693715594332417851e+01 5.231509959811666022e+01
4.693715594332417851e+01 4.849747143314554876e+01
4.693715594332417851e+01 4.383344931230837460e+01
4.693715594332417851e+01 3.945218317433359090e+01
4.693715594332417851e+01 4.869164384502098386e+01
4.693715594332417851e+01 4.141752653571828091e+01
4.693715594332417851e+01 4.539938394994091198e+01
4.693715594332417851e+01 3.917552695709750310e+01
4.693715594332417851e+01 4.439482937151738895e+01
4.693715594332417851e+01 4.859406038781158799e+01
4.693715594332417851e+01 4.747554078319942761e+01
4.693715594332417851e+01 4.634020493258891804e+01
4.693715594332417851e+01 4.873274522031336176e+01
4.693715594332417851e+01 4.769523619133881454e+01
4.693715594332417851e+01 4.600027890752562598e+01
4.693715594332417851e+01 4.371299774745256173e+01
4.693715594332417851e+01 4.665990471843828402e+01
4.693715594332417851e+01 4.592024509695812640e+01
4.693715594332417851e+01 4.361747879860794797e+01
4.693715594332417851e+01 4.481417796012428312e+01
4.693715594332417851e+01 4.642682494499743484e+01
4.693715594332417851e+01 4.442946309389088810e+01
4.693715594332417851e+01 5.007074278722149074e+01
4.693715594332417851e+01 5.095951259987131721e+01
4.693715594332417851e+01 3.834395321214838503e+01
4.693715594332417851e+01 4.790521742937370675e+01
4.693715594332417851e+01 4.628740039859560795e+01
4.693715594332417851e+01 4.051372975776324381e+01
4.693715594332417851e+01 4.411020999626750694e+01
4.693715594332417851e+01 4.984591901849654505e+01
4.693715594332417851e+01 5.190544217900059465e+01
4.693715594332417851e+01 4.177833488550087537e+01
4.693715594332417851e+01 4.873139179466199522e+01
4.693715594332417851e+01 4.612595219342211550e+01
4.693715594332417851e+01 4.694627938614594598e+01
4.693715594332417851e+01 4.580034867138773791e+01
4.693715594332417851e+01 4.859643700444458858e+01
4.693715594332417851e+01 4.757242518612843440e+01
4.693715594332417851e+01 4.697318547316896087e+01
4.693715594332417851e+01 4.738582147629676911e+01
4.693715594332417851e+01 4.653223767302078784e+01
4.693715594332417851e+01 5.437693929351775779e+01
4.693715594332417851e+01 4.998042432599197582e+01
4.693715594332417851e+01 4.990432543825844647e+01
4.693715594332417851e+01 4.688235325731316294e+01
4.693715594332417851e+01 4.791280214705162876e+01
4.693715594332417851e+01 4.719897240475087585e+01
4.693715594332417851e+01 4.642258278631771162e+01
4.693715594332417851e+01 4.779110081475393201e+01
4.693715594332417851e+01 4.319802801898894984e+01
4.693715594332417851e+01 5.032861934948491012e+01
4.693715594332417851e+01 5.100883747421286785e+01
4.693715594332417851e+01 4.761216435596926999e+01
4.693715594332417851e+01 4.582395172664122640e+01
4.693715594332417851e+01 4.126323629962786299e+01
4.693715594332417851e+01 4.616685186465999635e+01
4.693715594332417851e+01 5.432582543081858972e+01
4.693715594332417851e+01 4.974335945238361489e+01
4.693715594332417851e+01 4.704631447324594973e+01
4.693715594332417851e+01 4.959308385161735799e+01
4.693715594332417851e+01 4.314529271804332211e+01
4.693715594332417851e+01 4.381098095085177135e+01
4.693715594332417851e+01 4.884052403412937338e+01
4.693715594332417851e+01 4.555535957271335690e+01
4.693715594332417851e+01 4.805399832284658856e+01
4.693715594332417851e+01 4.377420781440227415e+01
4.693715594332417851e+01 4.198652618201598585e+01
4.693715594332417851e+01 4.613394382185386888e+01
4.693715594332417851e+01 4.218469054219136893e+01
4.693715594332417851e+01 4.514641032520816566e+01
4.693715594332417851e+01 4.200920855235326457e+01
4.693715594332417851e+01 4.524170168354295640e+01
4.693715594332417851e+01 5.054038868603370815e+01
4.693715594332417851e+01 4.554091706004567897e+01
4.693715594332417851e+01 4.681837370239586704e+01
4.693715594332417851e+01 4.286241527558104281e+01
4.693715594332417851e+01 5.132600776904931195e+01
4.693715594332417851e+01 4.451235350912926947e+01
4.693715594332417851e+01 4.007511568695476001e+01
4.693715594332417851e+01 4.772810689996651234e+01
4.693715594332417851e+01 4.158374804485511333e+01
4.693715594332417851e+01 4.609106851842890507e+01
4.693715594332417851e+01 4.504803980298657962e+01
4.693715594332417851e+01 4.509740151570952804e+01
4.693715594332417851e+01 4.298303238851460861e+01
4.693715594332417851e+01 4.671720490127002279e+01
4.693715594332417851e+01 4.455981279155027153e+01
4.693715594332417851e+01 4.785525253363687881e+01
4.693715594332417851e+01 4.611364843145490511e+01
4.693715594332417851e+01 4.625461392504430336e+01
4.693715594332417851e+01 4.746960708017639519e+01
4.693715594332417851e+01 4.575425835427502363e+01
4.693715594332417851e+01 4.652990983485830156e+01
4.693715594332417851e+01 4.765533200866435948e+01
4.693715594332417851e+01 4.120014245044907852e+01
4.693715594332417851e+01 4.316773219823645036e+01
4.693715594332417851e+01 4.393427950609223842e+01
4.693715594332417851e+01 4.298240147983107562e+01
4.693715594332417851e+01 4.116144221554551308e+01
4.693715594332417851e+01 4.458197518832625406e+01
4.693715594332417851e+01 4.531873507649825683e+01
4.693715594332417851e+01 5.346353460810714608e+01
4.693715594332417851e+01 5.441391702384579077e+01
4.693715594332417851e+01 4.776796885989000430e+01
4.693715594332417851e+01 4.990539682330217630e+01
4.693715594332417851e+01 4.300379546016945653e+01
4.693715594332417851e+01 4.141308732710703566e+01
4.693715594332417851e+01 4.432727984010156774e+01
4.693715594332417851e+01 4.134343752053744225e+01
4.693715594332417851e+01 4.408783244513552546e+01
4.693715594332417851e+01 4.290361813115135448e+01
4.693715594332417851e+01 4.979636490166744522e+01
4.693715594332417851e+01 5.274282589622823281e+01
4.693715594332417851e+01 4.388612036860966015e+01
4.693715594332417851e+01 4.759501469041225619e+01
4.693715594332417851e+01 4.278088860980540176e+01
4.693715594332417851e+01 4.158822742824799690e+01
4.693715594332417851e+01 4.629625341974783481e+01
4.693715594332417851e+01 4.324978857843759528e+01
4.693715594332417851e+01 4.780361881340569141e+01
4.693715594332417851e+01 4.833948645766051300e+01
4.693715594332417851e+01 4.831271063588553716e+01
4.693715594332417851e+01 4.865392819471265540e+01
4.693715594332417851e+01 4.416086035164688184e+01
4.693715594332417851e+01 3.661690563733640857e+01
4.693715594332417851e+01 4.888043499331522668e+01
4.693715594332417851e+01 4.766372126825388023e+01
4.693715594332417851e+01 4.563977362000132132e+01
4.693715594332417851e+01 4.474252665231099968e+01
4.693715594332417851e+01 4.944329491965716272e+01
4.693715594332417851e+01 4.935167420530216020e+01
4.693715594332417851e+01 5.027984271226648616e+01
4.693715594332417851e+01 4.365602132070782204e+01
4.693715594332417851e+01 5.022094212860954343e+01
4.693715594332417851e+01 4.506553025113381494e+01
4.693715594332417851e+01 4.713824075289952020e+01
4.693715594332417851e+01 4.830449963362791976e+01
4.693715594332417851e+01 5.098399939259716973e+01
4.693715594332417851e+01 4.007880564413819968e+01
4.693715594332417851e+01 4.659659407551107790e+01
4.693715594332417851e+01 4.159643581609643093e+01
4.693715594332417851e+01 4.356301105948023178e+01
4.693715594332417851e+01 4.516915478467733891e+01
4.693715594332417851e+01 5.093571822553431616e+01
4.693715594332417851e+01 4.619470617777825794e+01
4.693715594332417851e+01 4.778803256182288095e+01
4.693715594332417851e+01 4.715799661956809530e+01
4.693715594332417851e+01 4.508360816181518516e+01
4.693715594332417851e+01 4.299920867979558636e+01
4.693715594332417851e+01 4.224973927537091356e+01
4.693715594332417851e+01 4.780529394348208427e+01
4.693715594332417851e+01 4.472852749828913943e+01
4.693715594332417851e+01 5.037738680582592821e+01
4.693715594332417851e+01 4.664354383147637861e+01
4.693715594332417851e+01 4.525096619055765501e+01
4.693715594332417851e+01 5.064877454122107281e+01
4.693715594332417851e+01 4.363460125075776830e+01
4.693715594332417851e+01 4.996186794844737022e+01
4.693715594332417851e+01 4.789701019512135360e+01
4.693715594332417851e+01 4.699621043716705060e+01
4.693715594332417851e+01 4.392063331214746569e+01
4.693715594332417851e+01 4.567303431619404108e+01
4.693715594332417851e+01 4.790991520555689931e+01
4.693715594332417851e+01 4.237915098085657917e+01
4.693715594332417851e+01 4.112679486307168020e+01
4.693715594332417851e+01 4.722688875826528943e+01
4.693715594332417851e+01 4.504315721888680457e+01
4.693715594332417851e+01 5.246418033890861921e+01
4.693715594332417851e+01 4.040009980310024673e+01
4.693715594332417851e+01 4.772959467080949025e+01
4.693715594332417851e+01 4.802426673185208017e+01
4.693715594332417851e+01 4.627288655915969429e+01
4.693715594332417851e+01 4.563956511138258065e+01
4.693715594332417851e+01 4.401500906207655817e+01
4.693715594332417851e+01 4.952201927573190687e+01
4.693715594332417851e+01 4.224864634619190440e+01
4.693715594332417851e+01 4.735737030930831537e+01
4.693715594332417851e+01 4.404309121883869693e+01
4.693715594332417851e+01 4.831535853362715471e+01
4.693715594332417851e+01 4.282951592701425625e+01
4.693715594332417851e+01 4.480390939822981267e+01
4.693715594332417851e+01 5.305096650611243803e+01
4.693715594332417851e+01 4.565567537998986580e+01
4.693715594332417851e+01 4.631247395120242771e+01
4.693715594332417851e+01 4.573931429892473233e+01
4.693715594332417851e+01 5.002177798713420742e+01
4.693715594332417851e+01 4.640587208831448862e+01
4.693715594332417851e+01 4.950365868458479923e+01
4.693715594332417851e+01 4.320564228842837906e+01
4.693715594332417851e+01 4.679473126501912361e+01
4.693715594332417851e+01 4.510082825499549131e+01
4.693715594332417851e+01 4.191876949125736473e+01
4.693715594332417851e+01 4.616007066075059129e+01
4.693715594332417851e+01 4.620179939922494583e+01
4.693715594332417851e+01 4.721963584103632883e+01
4.693715594332417851e+01 4.528881810191517587e+01
4.693715594332417851e+01 4.462390509124901428e+01
4.693715594332417851e+01 4.464835453277169108e+01
4.693715594332417851e+01 4.496114806560818522e+01
4.693715594332417851e+01 4.574421721884661451e+01
4.693715594332417851e+01 4.203367196655432281e+01
4.693715594332417851e+01 5.371778253792707858e+01
4.693715594332417851e+01 4.378618266903942668e+01
4.693715594332417851e+01 4.420304471816231029e+01
4.693715594332417851e+01 4.753777228912750985e+01
4.693715594332417851e+01 4.419342371845098683e+01
4.693715594332417851e+01 4.288967867206253715e+01
4.693715594332417851e+01 4.497019138189732956e+01
4.693715594332417851e+01 4.424104004303819693e+01
4.693715594332417851e+01 4.878312472646937437e+01
4.693715594332417851e+01 4.984947905997875495e+01
4.693715594332417851e+01 4.338386966817966339e+01
4.693715594332417851e+01 4.287095608905394784e+01
4.693715594332417851e+01 4.860899945511372522e+01
4.693715594332417851e+01 4.218704758822883605e+01
4.693715594332417851e+01 4.662573673049425338e+01
4.693715594332417851e+01 4.185669732681953548e+01
4.693715594332417851e+01 4.593428279702744277e+01
4.693715594332417851e+01 4.055386583617148233e+01
4.693715594332417851e+01 4.294333606651766644e+01
4.693715594332417851e+01 4.771634893044281256e+01
4.693715594332417851e+01 4.561362812859530180e+01
4.693715594332417851e+01 4.505496067854241460e+01
4.693715594332417851e+01 4.508059367976777310e+01
4.693715594332417851e+01 4.204950002390143027e+01
4.693715594332417851e+01 4.553539105163640244e+01
4.693715594332417851e+01 4.540721246003591460e+01
4.693715594332417851e+01 4.356001582892820778e+01
4.693715594332417851e+01 4.578079839716997412e+01
4.693715594332417851e+01 4.825327936407933294e+01
4.693715594332417851e+01 4.776078054798367845e+01
4.693715594332417851e+01 4.465399033812357743e+01
4.693715594332417851e+01 4.911159754593425220e+01
4.693715594332417851e+01 4.588726580726872584e+01
4.693715594332417851e+01 4.871519691774376781e+01
4.693715594332417851e+01 4.366047168858857219e+01
4.693715594332417851e+01 4.300037952193783042e+01
4.693715594332417851e+01 4.287967089384094521e+01
4.693715594332417851e+01 4.651753723430616816e+01
4.693715594332417851e+01 4.989489025336350636e+01
4.693715594332417851e+01 4.269213345022778583e+01
4.693715594332417851e+01 4.787519481213790584e+01
4.693715594332417851e+01 4.138112530054644367e+01
4.693715594332417851e+01 4.291192685804249152e+01
4.693715594332417851e+01 4.421117313400361581e+01
4.693715594332417851e+01 4.444713961841795680e+01
4.693715594332417851e+01 4.696087915760354292e+01
4.693715594332417851e+01 4.145639654863249746e+01
4.693715594332417851e+01 4.718221851918103482e+01
4.693715594332417851e+01 4.659965698055500383e+01
4.693715594332417851e+01 4.827917276633987598e+01
4.693715594332417851e+01 4.619202404707503007e+01
4.693715594332417851e+01 5.141236552189280928e+01
4.693715594332417851e+01 4.726049763295723238e+01
4.693715594332417851e+01 4.322855525007398114e+01
4.693715594332417851e+01 4.086933453705452735e+01
4.693715594332417851e+01 4.972179565047488836e+01
4.693715594332417851e+01 4.637174767863599101e+01
4.693715594332417851e+01 4.808369001314932234e+01
4.693715594332417851e+01 4.825104616831529114e+01
4.693715594332417851e+01 4.382521401855534293e+01
4.693715594332417851e+01 4.907500079667511983e+01
4.693715594332417851e+01 4.341032630537984005e+01
4.693715594332417851e+01 4.150057752086440388e+01
4.693715594332417851e+01 4.571899273006526698e+01
4.693715594332417851e+01 3.800624683504418755e+01
4.693715594332417851e+01 4.920209917613005501e+01
4.693715594332417851e+01 4.933246208876258976e+01
4.693715594332417851e+01 4.989359095436075364e+01
4.693715594332417851e+01 4.909473342161194864e+01
4.693715594332417851e+01 5.029024407264505214e+01
4.693715594332417851e+01 4.833918277200884717e+01
4.693715594332417851e+01 4.327023484206266346e+01
4.693715594332417851e+01 4.196952266544491295e+01
4.693715594332417851e+01 4.817899636111626904e+01
4.693715594332417851e+01 4.829321167674658000e+01
4.693715594332417851e+01 4.643642699874899193e+01
4.693715594332417851e+01 4.516401414659979707e+01
4.693715594332417851e+01 4.291177089874685890e+01
4.693715594332417851e+01 3.788133894671950230e+01
4.693715594332417851e+01 4.390695203006983149e+01
4.693715594332417851e+01 5.190493543799101417e+01
4.693715594332417851e+01 4.193358895423225619e+01
4.693715594332417851e+01 4.216805144100243297e+01
4.693715594332417851e+01 4.730811722745801262e+01
4.693715594332417851e+01 4.108788357122366364e+01
4.693715594332417851e+01 4.380549009295732787e+01
4.693715594332417851e+01 4.674486937785933804e+01
4.693715594332417851e+01 4.454299935200133120e+01
4.693715594332417851e+01 4.943423427460730579e+01
4.693715594332417851e+01 5.492906332606768416e+01
4.693715594332417851e+01 4.525279250443948342e+01
4.693715594332417851e+01 4.776612101993603687e+01
4.693715594332417851e+01 4.232906517043734596e+01
4.693715594332417851e+01 4.827068874846964519e+01
4.693715594332417851e+01 4.965071234505709441e+01
4.693715594332417851e+01 4.615286872118651473e+01
4.693715594332417851e+01 4.538800209711540390e+01
4.693715594332417851e+01 5.003408768008889496e+01
4.693715594332417851e+01 4.928994976006872974e+01
4.693715594332417851e+01 4.473343305545655824e+01
4.693715594332417851e+01 4.802454346084680736e+01
4.693715594332417851e+01 4.081641757141384375e+01
4.693715594332417851e+01 4.612283385056897345e+01
4.693715594332417851e+01 4.936615541438369092e+01
4.693715594332417851e+01 4.244359271504590225e+01
4.693715594332417851e+01 4.123342302297174200e+01
4.693715594332417851e+01 4.366402884071540313e+01
4.693715594332417851e+01 4.490131770903799691e+01
4.693715594332417851e+01 4.769847382209528064e+01
4.693715594332417851e+01 4.846965576960331390e+01
4.693715594332417851e+01 4.486306992544649574e+01
4.693715594332417851e+01 4.728704051231032679e+01
4.693715594332417851e+01 4.677447090146852560e+01
4.693715594332417851e+01 4.887625580072961640e+01
4.693715594332417851e+01 4.066475770765060815e+01
4.693715594332417851e+01 4.930649693403461242e+01
4.693715594332417851e+01 4.154822514293900326e+01
4.693715594332417851e+01 4.716016580456269480e+01
4.693715594332417851e+01 5.187111414238130180e+01
4.693715594332417851e+01 4.748301666472362825e+01
4.693715594332417851e+01 4.435522069114092858e+01
4.693715594332417851e+01 4.264884983981590238e+01
4.693715594332417851e+01 4.718831889916405231e+01
4.693715594332417851e+01 4.743699778357411390e+01
4.693715594332417851e+01 5.122178714130777166e+01
4.693715594332417851e+01 4.573546760212610707e+01
4.693715594332417851e+01 4.489709438115797724e+01
4.693715594332417851e+01 3.882153642617072364e+01
4.693715594332417851e+01 4.875196804299800846e+01
4.693715594332417851e+01 4.494385700253938154e+01
4.693715594332417851e+01 4.363517135025964677e+01
4.693715594332417851e+01 4.612754149310449492e+01
4.693715594332417851e+01 3.803222872404756316e+01
4.693715594332417851e+01 4.447580616252142249e+01
4.693715594332417851e+01 4.426387801467556926e+01
4.693715594332417851e+01 5.331900408705337924e+01
4.693715594332417851e+01 4.312501296564738595e+01
4.693715594332417851e+01 5.023523109003012621e+01
4.693715594332417851e+01 4.375268391801906631e+01
4.693715594332417851e+01 4.488085627725438087e+01
4.693715594332417851e+01 4.575375705596136555e+01
4.693715594332417851e+01 4.842941037836647666e+01
4.693715594332417851e+01 4.821650320202375184e+01
4.693715594332417851e+01 4.495914560286901462e+01
4.693715594332417851e+01 4.187770300115777644e+01
4.693715594332417851e+01 4.556729719394348166e+01
4.693715594332417851e+01 4.567283778294066110e+01
4.693715594332417851e+01 5.086717635211866195e+01
4.693715594332417851e+01 4.907621416421470428e+01
4.693715594332417851e+01 4.815659488024571289e+01
4.693715594332417851e+01 4.272057294840626440e+01
4.693715594332417851e+01 4.505901358241424504e+01
4.693715594332417851e+01 4.578623424747107862e+01
4.693715594332417851e+01 4.514254701490011712e+01
4.693715594332417851e+01 4.628056979297593188e+01
4.693715594332417851e+01 4.554452332078716381e+01
4.693715594332417851e+01 4.387421697715809188e+01
4.693715594332417851e+01 4.776469366435537012e+01
4.693715594332417851e+01 4.584390455725381486e+01
4.693715594332417851e+01 4.934820739780739984e+01
4.693715594332417851e+01 4.337291259339468752e+01
4.693715594332417851e+01 5.418401678235961327e+01
4.693715594332417851e+01 4.877827566610557142e+01
4.693715594332417851e+01 4.209531419305275790e+01
4.693715594332417851e+01 4.490608626115923130e+01
4.693715594332417851e+01 5.026175675627283823e+01
4.693715594332417851e+01 4.828683171809479546e+01
4.693715594332417851e+01 4.275758057411978541e+01
4.693715594332417851e+01 4.488167270400774811e+01
4.693715594332417851e+01 4.605056439086578024e+01
4.693715594332417851e+01 4.622120811438835375e+01
4.693715594332417851e+01 4.241552697770485025e+01
4.693715594332417851e+01 4.553742794474305811e+01
4.693715594332417851e+01 5.052139164060397292e+01
4.693715594332417851e+01 4.839234623566171223e+01
4.693715594332417851e+01 4.678760607251651749e+01
4.693715594332417851e+01 4.495960827746377930e+01
4.693715594332417851e+01 4.868800496250393195e+01
4.693715594332417851e+01 5.064018557806999610e+01
4.693715594332417851e+01 4.381558035284668762e+01
4.693715594332417851e+01 4.819573367359414107e+01
4.693715594332417851e+01 4.911747525405940706e+01
4.693715594332417851e+01 4.703036161372599366e+01
4.693715594332417851e+01 4.549385437060910675e+01
4.693715594332417851e+01 4.672248275358465719e+01
4.693715594332417851e+01 4.416691876681436213e+01
4.693715594332417851e+01 4.100615012376166391e+01
4.693715594332417851e+01 4.709261543163093222e+01
4.693715594332417851e+01 5.009117180456970431e+01
4.693715594332417851e+01 5.149806151554719946e+01
4.693715594332417851e+01 4.421295689582578348e+01
4.693715594332417851e+01 4.295239402752937252e+01
4.693715594332417851e+01 4.370904288763360057e+01
4.693715594332417851e+01 4.593276731599284091e+01
4.693715594332417851e+01 4.865685229101492837e+01
4.693715594332417851e+01 4.012660615820285415e+01
4.693715594332417851e+01 4.376381478444941564e+01
4.693715594332417851e+01 4.567814476921951439e+01
4.693715594332417851e+01 4.826255398765776050e+01
4.693715594332417851e+01 5.032943749788108079e+01
4.693715594332417851e+01 4.422308789045287369e+01
4.693715594332417851e+01 4.543440948997250217e+01
4.693715594332417851e+01 4.543248718740025538e+01
4.693715594332417851e+01 4.574780050675599341e+01
4.693715594332417851e+01 4.600316822715438292e+01
