4.693715594332417851e+01 4.786835196212956589e+01
4.693715594332417851e+01 4.351092745794947092e+01
4.693715594332417851e+01 4.752566044028211678e+01
4.693715594332417851e+01 4.888443592492848211e+01
4.693715594332417851e+01 4.765443388846999540e+01
4.693715594332417851e+01 4.778907749062350518e+01
4.693715594332417851e+01 4.700370303648901427e+01
4.693715594332417851e+01 4.364136755097838005e+01
4.693715594332417851e+01 4.109118673337366090e+01
4.693715594332417851e+01 5.007620402199548693e+01
4.693715594332417851e+01 4.599152127584103766e+01
4.693715594332417851e+01 4.321695015004365814e+01
4.693715594332417851e+01 4.317763506790473826e+01
4.693715594332417851e+01 4.495243763725648023e+01
4.693715594332417851e+01 4.494570780634960272e+01
4.693715594332417851e+01 4.534076788064191987e+01
4.693715594332417851e+01 4.463479368568197003e+01
4.693715594332417851e+01 4.551842919603151216e+01
4.693715594332417851e+01 4.280325694499416755e+01
4.693715594332417851e+01 4.626740525083538103e+01
4.693715594332417851e+01 4.286591681476075877e+01
4.693715594332417851e+01 4.623654957612301786e+01
4.693715594332417851e+01 4.219047612324782648e+01
4.693715594332417851e+01 4.673845324600776507e+01
4.693715594332417851e+01 4.647668891527298030e+01
4.693715594332417851e+01 4.771974655815297695e+01
4.693715594332417851e+01 4.751434552601731554e+01
4.693715594332417851e+01 4.421979508250239377e+01
4.693715594332417851e+01 4.794365169356817091e+01
4.693715594332417851e+01 4.614783142276931471e+01
4.693715594332417851e+01 4.629176798337883980e+01
4.693715594332417851e+01 4.779162761344529287e+01
4.693715594332417851e+01 5.017751091412140596e+01
4.693715594332417851e+01 4.938994499932096716e+01
4.693715594332417851e+01 4.165164550336841387e+01
4.693715594332417851e+01 5.222917793510033846e+01
4.693715594332417851e+01 4.546321310661374326e+01
4.693715594332417851e+01 4.232532086041601360e+01
4.693715594332417851e+01 4.903546747322307908e+01
4.693715594332417851e+01 5.068433391918254927e+01
4.693715594332417851e+01 4.280016764899447423e+01
4.693715594332417851e+01 4.457233493289798787e+01
4.693715594332417851e+01 4.535074361625088102e+01
4.693715594332417851e+01 4.197902478259052117e+01
4.693715594332417851e+01 4.175221630525398098e+01
4.693715594332417851e+01 4.428561965527848798e+01
4.693715594332417851e+01 4.731090095693685527e+01
4.693715594332417851e+01 4.668599065904549406e+01
4.693715594332417851e+01 5.103968263211677225e+01
4.693715594332417851e+01 4.236072927442382507e+01
4.693715594332417851e+01 4.628090112724940752e+01
4.693715594332417851e+01 4.611223499570041895e+01
4.693715594332417851e+01 5.334681555549029497e+01
4.693715594332417851e+01 4.413397231139382626e+01
4.693715594332417851e+01 4.657327208577866884e+01
4.693715594332417851e+01 5.145389748991660639e+01
4.693715594332417851e+01 4.363778797879536597e+01
4.693715594332417851e+01 4.689329748142522902e+01
4.693715594332417851e+01 4.638611895286856424e+01
4.693715594332417851e+01 4.060841200245778282e+01
4.693715594332417851e+01 4.631904658225474236e+01
4.693715594332417851e+01 5.126900310090196911e+01
4.693715594332417851e+01 4.516546845891189577e+01
4.693715594332417851e+01 4.188461386702448408e+01
4.693715594332417851e+01 4.828352058502045452e+01
4.693715594332417851e+01 4.551222921240167807e+01
4.693715594332417851e+01 4.559368454130019188e+01
4.693715594332417851e+01 4.777847565074669234e+01
4.693715594332417851e+01 4.379013479712710222e+01
4.693715594332417851e+01 4.408170403238045054e+01
4.693715594332417851e+01 4.808216759097496151e+01
4.693715594332417851e+01 4.320411194275936850e+01
4.693715594332417851e+01 4.513163180507805805e+01
4.693715594332417851e+01 5.333559031520851335e+01
4.693715594332417851e+01 4.396002490866160173e+01
4.693715594332417851e+01 5.341779936705564324e+01
4.693715594332417851e+01 5.395180236837898491e+01
4.693715594332417851e+01 4.450177990150715601e+01
4.693715594332417851e+01 4.911067278956380022e+01
4.693715594332417851e+01 4.354366448561216885e+01
4.693715594332417851e+01 4.423536086047965910e+01
4.693715594332417851e+01 4.502807891517360872e+01
4.693715594332417851e+01 4.653271436856044829e+01
4.693715594332417851e+01 4.347864040363852212e+01
4.693715594332417851e+01 4.208750476534969920e+01
4.693715594332417851e+01 4.562971948226394403e+01
4.693715594332417851e+01 4.543609036116117039e+01
4.693715594332417851e+01 4.083269448027647996e+01
4.693715594332417851e+01 5.169466120443608048e+01
4.693715594332417851e+01 4.333932296401014383e+01
4.693715594332417851e+01 4.828801954737529911e+01
4.693715594332417851e+01 4.203464839605861414e+01
4.693715594332417851e+01 4.017378129516666974e+01
4.693715594332417851e+01 5.478338806916294601e+01
4.693715594332417851e+01 4.163416479637756140e+01
4.693715594332417851e+01 4.674968756503179890e+01
4.693715594332417851e+01 5.239090405170765052e+01
4.693715594332417851e+01 4.330663416576015834e+01
4.693715594332417851e+01 4.478108149967796692e+01
4.693715594332417851e+01 4.770481063240995923e+01
4.693715594332417851e+01 5.234450340066447183e+01
4.693715594332417851e+01 4.912614561432367566e+01
4.693715594332417851e+01 4.641890306213486639e+01
4.693715594332417851e+01 4.810777578023992618e+01
4.693715594332417851e+01 4.701350733243700120e+01
4.693715594332417851e+01 4.786731712634166769e+01
4.693715594332417851e+01 4.733178443996767015e+01
4.693715594332417851e+01 4.706284455264260203e+01
4.693715594332417851e+01 4.654828439004143803e+01
4.693715594332417851e+01 5.275979791768833138e+01
4.693715594332417851e+01 4.869428239440496498e+01
4.693715594332417851e+01 5.230228413680377741e+01
4.693715594332417851e+01 4.151720891340097808e+01
4.693715594332417851e+01 4.796118401597334469e+01
4.693715594332417851e+01 4.837605281458596096e+01
4.693715594332417851e+01 4.166615093606440468e+01
4.693715594332417851e+01 4.427356891576707199e+01
4.693715594332417851e+01 5.334568830368843351e+01
4.693715594332417851e+01 4.745122612221137359e+01
4.693715594332417851e+01 5.083876468016563877e+01
4.693715594332417851e+01 4.043547852532847031e+01
4.693715594332417851e+01 4.509772658087262442e+01
4.693715594332417851e+01 4.142843854713602525e+01
4.693715594332417851e+01 4.246856456454752760e+01
4.693715594332417851e+01 4.676027029486598252e+01
4.693715594332417851e+01 4.513067607541167092e+01
4.693715594332417851e+01 5.412116336995064358e+01
4.693715594332417851e+01 3.995274788819990164e+01
4.693715594332417851e+01 5.089230653477306276e+01
4.693715594332417851e+01 4.853756970807576465e+01
4.693715594332417851e+01 4.245408540553219723e+01
4.693715594332417851e+01 4.258766905236661415e+01
4.693715594332417851e+01 4.883139913486735395e+01
4.693715594332417851e+01 4.655048228088853790e+01
4.693715594332417851e+01 4.885682670517070392e+01
4.693715594332417851e+01 4.408786118304622903e+01
4.693715594332417851e+01 4.472100871289092083e+01
4.693715594332417851e+01 4.498262325052422739e+01
4.693715594332417851e+01 4.091433386213549284e+01
4.693715594332417851e+01 4.599947792863888907e+01
4.693715594332417851e+01 5.498634398670915857e+01
4.693715594332417851e+01 4.888969506651974228e+01
4.693715594332417851e+01 4.599696152776692770e+01
4.693715594332417851e+01 4.480860954818041364e+01
4.693715594332417851e+01 4.626502039933564703e+01
4.693715594332417851e+01 4.666377793823443909e+01
4.693715594332417851e+01 4.246271328937954337e+01
4.693715594332417851e+01 4.722772857361574950e+01
4.693715594332417851e+01 4.679924087564104696e+01
4.693715594332417851e+01 4.205374716431656879e+01
4.693715594332417851e+01 4.417750895474718931e+01
4.693715594332417851e+01 4.269329641114503460e+01
4.693715594332417851e+01 4.566947187586887935e+01
4.693715594332417851e+01 4.433369519022920713e+01
4.693715594332417851e+01 4.516974632053279493e+01
4.693715594332417851e+01 4.521833404242796206e+01
4.693715594332417851e+01 4.439366520163839880e+01
4.693715594332417851e+01 4.327775117608122457e+01
4.693715594332417851e+01 4.833976541166239826e+01
4.693715594332417851e+01 4.666159372675826233e+01
4.693715594332417851e+01 5.613123051717432332e+01
4.693715594332417851e+01 4.272489987187358906e+01
4.693715594332417851e+01 4.360610658094563519e+01
4.693715594332417851e+01 5.051318312937633692e+01
4.693715594332417851e+01 4.688347253134014636e+01
4.693715594332417851e+01 4.586424566435923111e+01
4.693715594332417851e+01 4.706656500383425623e+01
4.693715594332417851e+01 5.011240170442719233e+01
4.693715594332417851e+01 4.826019836490123538e+01
4.693715594332417851e+01 4.968721562935547809e+01
4.693715594332417851e+01 4.468857820229759881e+01
4.693715594332417851e+01 4.272926327320588058e+01
4.693715594332417851e+01 4.259594287797398238e+01
4.693715594332417851e+01 4.827810038428711437e+01
4.693715594332417851e+01 4.656141836726013139e+01
4.693715594332417851e+01 4.496594824486686548e+01
4.693715594332417851e+01 4.680451828348388688e+01
4.693715594332417851e+01 4.894808383115938000e+01
4.693715594332417851e+01 4.065419676925903048e+01
4.693715594332417851e+01 4.577604857279158068e+01
4.693715594332417851e+01 5.205584485771051817e+01
4.693715594332417851e+01 4.945429397189073484e+01
4.693715594332417851e+01 4.797979148400624894e+01
4.693715594332417851e+01 4.944154700693498228e+01
4.693715594332417851e+01 3.854375594360003987e+01
4.693715594332417851e+01 4.357131532178969024e+01
4.693715594332417851e+01 4.734791584966497169e+01
4.693715594332417851e+01 4.484267636220564412e+01
4.693715594332417851e+01 4.180031548820086584e+01
4.693715594332417851e+01 4.678226642544250780e+01
4.693715594332417851e+01 4.563961564205879995e+01
4.693715594332417851e+01 4.897565350434938125e+01
4.693715594332417851e+01 4.468609125303622420e+01
4.693715594332417851e+01 4.279121607905932478e+01
4.693715594332417851e+01 4.924789932357673194e+01
4.693715594332417851e+01 4.432067847764664492e+01
4.693715594332417851e+01 4.610944118183012108e+01
4.693715594332417851e+01 4.463165297875796256e+01
4.693715594332417851e+01 4.609135799410797318e+01
4.693715594332417851e+01 4.925067671063798258e+01
4.693715594332417851e+01 4.181840706090610382e+01
4.693715594332417851e+01 4.779958155861101687e+01
4.693715594332417851e+01 5.185574126951863860e+01
4.693715594332417851e+01 4.565307999376229020e+01
4.693715594332417851e+01 4.644196258815697576e+01
4.693715594332417851e+01 5.077069157225933793e+01
4.693715594332417851e+01 4.765169626402111902e+01
4.693715594332417851e+01 4.629417665436331220e+01
4.693715594332417851e+01 4.497466335540190130e+01
4.693715594332417851e+01 4.367383423661090802e+01
4.693715594332417851e+01 4.207870354825163162e+01
4.693715594332417851e+01 4.135387081879181181e+01
4.693715594332417851e+01 4.740755790699632399e+01
4.693715594332417851e+01 5.296839952374049432e+01
4.693715594332417851e+01 4.501651183191601291e+01
4.693715594332417851e+01 4.329985514436848604e+01
4.693715594332417851e+01 4.491299821461526420e+01
4.693715594332417851e+01 4.374484333961533622e+01
4.693715594332417851e+01 4.503669339042127007e+01
4.693715594332417851e+01 4.213670778136317807e+01
4.693715594332417851e+01 5.571401995648867000e+01
4.693715594332417851e+01 4.598117839600288903e+01
4.693715594332417851e+01 4.572172699385821204e+01
4.693715594332417851e+01 4.846639102711519342e+01
4.693715594332417851e+01 4.127077695144400593e+01
4.693715594332417851e+01 4.294722844231122139e+01
4.693715594332417851e+01 4.196157276497160638e+01
4.693715594332417851e+01 4.707574048063320760e+01
4.693715594332417851e+01 5.004135277077919142e+01
4.693715594332417851e+01 4.677412933333098977e+01
4.693715594332417851e+01 4.886308551644170706e+01
4.693715594332417851e+01 4.525352126467083735e+01
4.693715594332417851e+01 4.758374798377684556e+01
4.693715594332417851e+01 4.665024209223385299e+01
4.693715594332417851e+01 4.077215516672075069e+01
4.693715594332417851e+01 4.181952744189312909e+01
4.693715594332417851e+01 4.470353735162522213e+01
4.693715594332417851e+01 4.948083215546259339e+01
4.693715594332417851e+01 5.254367000774458063e+01
4.693715594332417851e+01 4.419253228364666342e+01
4.693715594332417851e+01 4.788738916310242644e+01
4.693715594332417851e+01 4.312460208002300277e+01
4.693715594332417851e+01 5.025909200318643144e+01
4.693715594332417851e+01 4.596225082245044291e+01
4.693715594332417851e+01 4.444243186410384538e+01
4.693715594332417851e+01 5.029064634600143791e+01
4.693715594332417851e+01 3.883214772913646584e+01
4.693715594332417851e+01 4.902027442098371068e+01
4.693715594332417851e+01 4.590216801420796600e+01
4.693715594332417851e+01 4.333859088377125346e+01
4.693715594332417851e+01 4.575330317642397659e+01
4.693715594332417851e+01 5.021427625431095976e+01
4.693715594332417851e+01 4.180969749476066255e+01
4.693715594332417851e+01 4.323394778702189001e+01
4.693715594332417851e+01 4.566148899455854604e+01
4.693715594332417851e+01 4.226897129083259586e+01
4.693715594332417851e+01 3.887490892791379338e+01
4.693715594332417851e+01 4.238653988958077434e+01
4.693715594332417851e+01 4.045914696745634842e+01
4.693715594332417851e+01 4.363003612409947607e+01
4.693715594332417851e+01 4.453207924260090067e+01
4.693715594332417851e+01 4.562301233326859773e+01
4.693715594332417851e+01 4.329264376582021612e+01
4.693715594332417851e+01 4.712164949764390087e+01
4.693715594332417851e+01 5.061036591203795609e+01
4.693715594332417851e+01 4.331585678874428424e+01
4.693715594332417851e+01 5.042166268155609288e+01
4.693715594332417851e+01 5.446996222097720164e+01
4.693715594332417851e+01 4.092871240374878283e+01
4.693715594332417851e+01 4.713886731256967266e+01
4.693715594332417851e+01 4.101882403398013821e+01
4.693715594332417851e+01 4.928545139845587642e+01
4.693715594332417851e+01 4.271130942535171471e+01
4.693715594332417851e+01 4.566161210409003957e+01
4.693715594332417851e+01 4.758238141579253266e+01
4.693715594332417851e+01 5.344368120770606367e+01
4.693715594332417851e+01 4.256638835083798256e+01
4.693715594332417851e+01 5.108525207020659309e+01
4.693715594332417851e+01 4.439927532963374546e+01
4.693715594332417851e+01 4.612109603514699074e+01
4.693715594332417851e+01 4.617914083780410550e+01
4.693715594332417851e+01 4.686974152467944776e+01
4.693715594332417851e+01 4.263767581323954659e+01
4.693715594332417851e+01 4.540426710102255470e+01
4.693715594332417851e+01 4.154683260637570186e+01
4.693715594332417851e+01 4.397748054572464582e+01
4.693715594332417851e+01 5.151483444193587502e+01
4.693715594332417851e+01 4.631741349128322582e+01
4.693715594332417851e+01 4.211088184437340232e+01
4.693715594332417851e+01 4.546190287098967531e+01
4.693715594332417851e+01 5.233105359854202732e+01
4.693715594332417851e+01 5.016947947265681762e+01
4.693715594332417851e+01 5.290896153100756294e+01
4.693715594332417851e+01 4.903886413836074354e+01
4.693715594332417851e+01 4.613788592961898161e+01
4.693715594332417851e+01 4.572743676958702963e+01
4.693715594332417851e+01 4.801246908096918986e+01
4.693715594332417851e+01 4.963600726724688172e+01
4.693715594332417851e+01 4.660581371900625669e+01
4.693715594332417851e+01 5.420444043249909782e+01
4.693715594332417851e+01 4.119582377697634001e+01
4.693715594332417851e+01 4.512045466824729800e+01
4.693715594332417851e+01 4.525899670001283681e+01
4.693715594332417851e+01 4.321327967100256728e+01
4.693715594332417851e+01 4.528739571950274012e+01
4.693715594332417851e+01 4.592874020707759541e+01
4.693715594332417851e+01 4.897024159344711336e+01
4.693715594332417851e+01 4.744536195796504074e+01
4.693715594332417851e+01 4.338522558777260940e+01
4.693715594332417851e+01 4.183607330234224264e+01
4.693715594332417851e+01 4.009198187588709317e+01
4.693715594332417851e+01 4.598973291186644730e+01
4.693715594332417851e+01 4.538923306956006343e+01
4.693715594332417851e+01 4.457725416763591397e+01
4.693715594332417851e+01 4.577388858380415115e+01
4.693715594332417851e+01 4.838087776515173744e+01
4.693715594332417851e+01 3.913428424424041907e+01
4.693715594332417851e+01 4.021654274538055063e+01
4.693715594332417851e+01 5.124301037479690279e+01
4.693715594332417851e+01 5.098397713776515161e+01
4.693715594332417851e+01 5.131185526089103632e+01
4.693715594332417851e+01 5.352921004015846762e+01
4.693715594332417851e+01 5.141302714495878945e+01
4.693715594332417851e+01 4.791293605162310598e+01
4.693715594332417851e+01 4.813353158956219602e+01
4.693715594332417851e+01 5.018639490011035775e+01
4.693715594332417851e+01 4.717984772310731501e+01
4.693715594332417851e+01 4.318150832268216988e+01
4.693715594332417851e+01 4.888145155295379141e+01
4.693715594332417851e+01 4.859961833025922573e+01
4.693715594332417851e+01 4.796696284385006237e+01
4.693715594332417851e+01 4.769505652967921350e+01
4.693715594332417851e+01 4.328389428090249424e+01
4.693715594332417851e+01 4.383225084585750153e+01
4.693715594332417851e+01 4.412357751992278310e+01
4.693715594332417851e+01 4.397120119728081988e+01
4.693715594332417851e+01 4.406451600967142213e+01
4.693715594332417851e+01 5.086969846927205907e+01
4.693715594332417851e+01 4.991081896498503312e+01
4.693715594332417851e+01 4.601120670821135406e+01
4.693715594332417851e+01 4.562446522902637014e+01
4.693715594332417851e+01 4.531979132516077158e+01
4.693715594332417851e+01 4.947058872120290118e+01
4.693715594332417851e+01 5.193682696725224446e+01
4.693715594332417851e+01 4.827055592057657663e+01
4.693715594332417851e+01 4.634307971062303011e+01
4.693715594332417851e+01 4.018857668238864989e+01
4.693715594332417851e+01 4.969310305819941220e+01
4.693715594332417851e+01 4.449877035839274697e+01
4.693715594332417851e+01 4.680183453238438318e+01
4.693715594332417851e+01 4.400230777026392559e+01
4.693715594332417851e+01 5.432309080773442389e+01
4.693715594332417851e+01 4.794873225192424826e+01
4.693715594332417851e+01 4.691039302694356650e+01
4.693715594332417851e+01 4.684750625404581825e+01
4.693715594332417851e+01 4.511785259840349482e+01
4.693715594332417851e+01 4.599546570214474883e+01
4.693715594332417851e+01 4.356009285894356964e+01
4.693715594332417851e+01 4.739925799970656328e+01
4.693715594332417851e+01 4.792112647823165617e+01
4.693715594332417851e+01 4.672329709457052616e+01
4.693715594332417851e+01 4.503153846342792122e+01
4.693715594332417851e+01 4.557929886006780862e+01
4.693715594332417851e+01 4.186135942124992937e+01
4.693715594332417851e+01 5.157194587161786359e+01
4.693715594332417851e+01 4.132325396929137895e+01
4.693715594332417851e+01 4.323001072275417300e+01
4.693715594332417851e+01 5.249895023723575349e+01
4.693715594332417851e+01 4.584269227869159380e+01
4.693715594332417851e+01 4.424726698878972542e+01
4.693715594332417851e+01 4.736730822124993523e+01
4.693715594332417851e+01 4.428873455524482949e+01
4.693715594332417851e+01 4.657564621212503653e+01
4.693715594332417851e+01 4.343421616661854756e+01
4.693715594332417851e+01 4.777570856243107755e+01
4.693715594332417851e+01 4.280542128150333525e+01
4.693715594332417851e+01 4.161594851163346220e+01
4.693715594332417851e+01 3.859165862447648720e+01
4.693715594332417851e+01 4.634550619611952271e+01
4.693715594332417851e+01 5.226336199377111313e+01
4.693715594332417851e+01 4.116126062363903770e+01
4.693715594332417851e+01 4.534660046047238069e+01
4.693715594332417851e+01 4.653042728000257711e+01
4.693715594332417851e+01 5.315833052866579322e+01
4.693715594332417851e+01 5.007621180265172001e+01
4.693715594332417851e+01 4.789893249100195050e+01
4.693715594332417851e+01 4.376106684071761066e+01
4.693715594332417851e+01 4.501394430658879031e+01
4.693715594332417851e+01 4.505279231276648488e+01
4.693715594332417851e+01 4.763259671927283279e+01
4.693715594332417851e+01 4.529067593381640222e+01
4.693715594332417851e+01 3.972234993558976157e+01
4.693715594332417851e+01 5.545785028384728577e+01
4.693715594332417851e+01 4.221859592149231588e+01
4.693715594332417851e+01 4.661992487584745959e+01
4.693715594332417851e+01 5.030901895072827301e+01
4.693715594332417851e+01 4.734162653149642352e+01
4.693715594332417851e+01 4.580629546929280593e+01
4.693715594332417851e+01 4.965430969701177588e+01
4.693715594332417851e+01 4.410574780781295345e+01
4.693715594332417851e+01 4.985962838261438179e+01
4.693715594332417851e+01 4.346507594962541532e+01
4.693715594332417851e+01 5.255772192278290333e+01
4.693715594332417851e+01 4.767977094349509315e+01
4.693715594332417851e+01 4.525613972034511079e+01
4.693715594332417851e+01 5.440110069030070861e+01
4.693715594332417851e+01 4.757219517637798845e+01
4.693715594332417851e+01 4.174859834053875574e+01
4.693715594332417851e+01 5.020217628289898215e+01
4.693715594332417851e+01 4.127752993258704350e+01
4.693715594332417851e+01 4.921660429932848047e+01
4.693715594332417851e+01 5.282968827952269208e+01
4.693715594332417851e+01 4.654742719578757004e+01
4.693715594332417851e+01 4.331738756155231584e+01
4.693715594332417851e+01 4.762474958782404855e+01
4.693715594332417851e+01 4.793448805832969128e+01
4.693715594332417851e+01 4.551512432555968246e+01
4.693715594332417851e+01 4.239468907814150356e+01
4.693715594332417851e+01 4.480654296233723244e+01
4.693715594332417851e+01 4.345228198355283666e+01
4.693715594332417851e+01 4.127223558916011115e+01
4.693715594332417851e+01 4.648388103366205115e+01
4.693715594332417851e+01 4.603939978653900056e+01
4.693715594332417851e+01 4.565459578774368765e+01
4.693715594332417851e+01 4.578658243080786860e+01
4.693715594332417851e+01 4.246578729770042315e+01
4.693715594332417851e+01 4.778957007748098818e+01
4.693715594332417851e+01 4.564687282832401394e+01
4.693715594332417851e+01 4.921246610968806579e+01
4.693715594332417851e+01 4.487648694156631990e+01
4.693715594332417851e+01 4.256768860674932853e+01
4.693715594332417851e+01 4.692212589302592818e+01
4.693715594332417851e+01 4.468527205489066034e+01
4.693715594332417851e+01 3.997054849271266619e+01
4.693715594332417851e+01 5.041601072027734887e+01
4.693715594332417851e+01 4.659241211417177198e+01
4.693715594332417851e+01 5.169659186335887568e+01
4.693715594332417851e+01 4.647841308944391869e+01
4.693715594332417851e+01 4.224257137271440143e+01
4.693715594332417851e+01 4.823623840747092117e+01
4.693715594332417851e+01 5.053021290978316671e+01
4.693715594332417851e+01 5.390120630864157647e+01
4.693715594332417851e+01 4.969051925396166780e+01
4.693715594332417851e+01 4.791759195512800318e+01
4.693715594332417851e+01 4.873521374042484666e+01
4.693715594332417851e+01 4.130885777671120707e+01
4.693715594332417851e+01 4.196816361974384790e+01
4.693715594332417851e+01 4.450296945591482967e+01
4.693715594332417851e+01 4.425353518069999836e+01
4.693715594332417851e+01 4.837373012344796308e+01
4.693715594332417851e+01 4.520157356854638664e+01
4.693715594332417851e+01 4.715222729105894217e+01
4.693715594332417851e+01 4.693390423992646276e+01
4.693715594332417851e+01 4.050908778127946164e+01
4.693715594332417851e+01 4.599108930344979740e+01
4.693715594332417851e+01 4.804443500005730527e+01
4.693715594332417851e+01 4.293516163263760177e+01
4.693715594332417851e+01 4.431234546490359349e+01
4.693715594332417851e+01 3.826935230877003846e+01
4.693715594332417851e+01 4.877741498043329926e+01
4.693715594332417851e+01 4.728312934819497571e+01
4.693715594332417851e+01 4.729922210400540195e+01
4.693715594332417851e+01 4.788487099185908846e+01
4.693715594332417851e+01 5.183069572538036596e+01
4.693715594332417851e+01 4.218850487654996329e+01
4.693715594332417851e+01 4.955033363595278928e+01
4.693715594332417851e+01 4.573545429081235625e+01
4.693715594332417851e+01 5.201560797642871847e+01
4.693715594332417851e+01 4.931146391073370694e+01
4.693715594332417851e+01 4.521230248205466751e+01
4.693715594332417851e+01 3.951111781691434288e+01
4.693715594332417851e+01 5.103522874047052937e+01
4.693715594332417851e+01 4.005162170394031307e+01
4.693715594332417851e+01 4.977438902799628551e+01
4.693715594332417851e+01 4.665733208286366818e+01
4.693715594332417851e+01 4.806469037145920709e+01
4.693715594332417851e+01 5.299482132504371634e+01
4.693715594332417851e+01 4.273819923887737815e+01
4.693715594332417851e+01 4.778815907020350551e+01
4.693715594332417851e+01 5.149074716822298825e+01
4.693715594332417851e+01 4.514436194763130317e+01
4.693715594332417851e+01 4.922438367674385518e+01
4.693715594332417851e+01 4.754295056703532651e+01
4.693715594332417851e+01 4.342649971020397004e+01
4.693715594332417851e+01 4.633077297748005208e+01
4.693715594332417851e+01 4.405670668218814967e+01
4.693715594332417851e+01 3.998317956445752941e+01
4.693715594332417851e+01 4.356027932890687282e+01
4.693715594332417851e+01 4.210631899338493866e+01
4.693715594332417851e+01 4.639760860772327078e+01
4.693715594332417851e+01 4.515512552416658565e+01
4.693715594332417851e+01 4.509991387493486314e+01
4.693715594332417851e+01 4.500817032997488099e+01
4.693715594332417851e+01 4.875156007241699996e+01
4.693715594332417851e+01 5.470696402268609404e+01
4.693715594332417851e+01 4.960122660091149527e+01
4.693715594332417851e+01 4.988012881501826712e+01
4.693715594332417851e+01 4.645197443534361526e+01
4.693715594332417851e+01 4.428897528357068580e+01
4.693715594332417851e+01 4.819009242590892228e+01
4.693715594332417851e+01 4.950357936227186428e+01
4.693715594332417851e+01 4.987309658422907432e+01
4.693715594332417851e+01 4.219111694111493449e+01
4.693715594332417851e+01 4.985778029702521508e+01
4.693715594332417851e+01 4.385230219773556115e+01
4.693715594332417851e+01 4.607377494443866084e+01
4.693715594332417851e+01 4.475247581414284781e+01
4.693715594332417851e+01 4.580491613546731600e+01
4.693715594332417851e+01 4.498396447692620370e+01
4.693715594332417851e+01 4.409780380929858268e+01
4.693715594332417851e+01 4.686489525217447039e+01
4.693715594332417851e+01 4.179714378142916331e+01
4.693715594332417851e+01 4.574450764552056370e+01
4.693715594332417851e+01 4.643470121487786173e+01
4.693715594332417851e+01 4.786026736311022489e+01
4.693715594332417851e+01 4.272042932257328118e+01
4.693715594332417851e+01 4.467477833710989898e+01
4.693715594332417851e+01 4.365426518429747915e+01
4.693715594332417851e+01 4.422471971832646176e+01
4.693715594332417851e+01 5.004996329731870475e+01
4.693715594332417851e+01 4.553222891034272379e+01
4.693715594332417851e+01 4.286388799975581776e+01
4.693715594332417851e+01 4.328516786444510700e+01
4.693715594332417851e+01 4.510454426301412667e+01
4.693715594332417851e+01 4.421701128677576520e+01
4.693715594332417851e+01 4.971116771185144501e+01
4.693715594332417851e+01 4.865608225173594548e+01
4.693715594332417851e+01 4.527795689683338765e+01
4.693715594332417851e+01 4.653758673574531457e+01
4.693715594332417851e+01 4.193510087853702117e+01
4.693715594332417851e+01 4.936075232628003562e+01
4.693715594332417851e+01 4.687071379767741064e+01
4.693715594332417851e+01 5.118780386713007857e+01
4.693715594332417851e+01 4.729972467343232267e+01
4.693715594332417851e+01 4.606248294774930940e+01
4.693715594332417851e+01 4.477994786104787295e+01
4.693715594332417851e+01 4.471593492796171176e+01
4.693715594332417851e+01 3.806310431598114263e+01
4.693715594332417851e+01 4.820119230968534652e+01
4.693715594332417851e+01 4.976704404591182396e+01
4.693715594332417851e+01 5.055620878046117639e+01
4.693715594332417851e+01 4.573993141048195099e+01
4.693715594332417851e+01 4.487130636191195521e+01
4.693715594332417851e+01 4.573316207666817945e+01
4.693715594332417851e+01 4.808255104271540858e+01
4.693715594332417851e+01 4.158056561269156504e+01
4.693715594332417851e+01 4.636524887502799430e+01
4.693715594332417851e+01 4.493167306854910237e+01
4.693715594332417851e+01 4.415643079657039749e+01
4.693715594332417851e+01 4.046418974631276200e+01
4.693715594332417851e+01 4.702836089221398908e+01
4.693715594332417851e+01 4.912650381628195362e+01
4.693715594332417851e+01 4.129515339739738522e+01
4.693715594332417851e+01 4.617473160583075042e+01
4.693715594332417851e+01 4.566062550627515293e+01
4.693715594332417851e+01 4.652014413548293703e+01
4.693715594332417851e+01 4.455345124939839252e+01
4.693715594332417851e+01 4.169512919030609766e+01
4.693715594332417851e+01 4.803510221556045678e+01
4.693715594332417851e+01 4.221670447405006144e+01
4.693715594332417851e+01 4.308221765657652469e+01
4.693715594332417851e+01 4.663369023204207764e+01
4.693715594332417851e+01 4.541433083797210202e+01
4.693715594332417851e+01 4.615921550844944221e+01
4.693715594332417851e+01 4.636805887913936886e+01
4.693715594332417851e+01 4.578322385014428164e+01
4.693715594332417851e+01 5.510904317616600423e+01
4.693715594332417851e+01 4.551691702874094858e+01
4.693715594332417851e+01 4.879926921790522698e+01
4.693715594332417851e+01 4.643864130185600203e+01
4.693715594332417851e+01 4.668103847402267093e+01
4.693715594332417851e+01 4.477874359811065119e+01
4.693715594332417851e+01 4.738640624891034037e+01
4.693715594332417851e+01 4.522056440635352459e+01
4.693715594332417851e+01 4.935175712250504887e+01
4.693715594332417851e+01 4.524072668804087272e+01
4.693715594332417851e+01 4.637227598378777316e+01
4.693715594332417851e+01 3.831435422713367700e+01
4.693715594332417851e+01 4.417783341915627204e+01
4.693715594332417851e+01 4.817554153979737919e+01
4.693715594332417851e+01 4.756075831662915476e+01
4.693715594332417851e+01 4.793476143594902084e+01
4.693715594332417851e+01 4.439521911492754924e+01
4.693715594332417851e+01 4.705826351137749697e+01
4.693715594332417851e+01 4.931041779037194317e+01
4.693715594332417851e+01 4.649230949152609327e+01
4.693715594332417851e+01 4.315538815903756387e+01
4.693715594332417851e+01 4.969004898978488427e+01
4.693715594332417851e+01 5.054761440071260381e+01
4.693715594332417851e+01 5.331749888985679320e+01
4.693715594332417851e+01 4.586568226446946284e+01
4.693715594332417851e+01 4.398053153072239496e+01
4.693715594332417851e+01 4.817542311188930881e+01
4.693715594332417851e+01 4.579768555444191236e+01
4.693715594332417851e+01 4.400848738306088848e+01
4.693715594332417851e+01 4.180292770910337907e+01
4.693715594332417851e+01 4.906345947260481921e+01
4.693715594332417851e+01 4.798779029115839734e+01
4.693715594332417851e+01 4.502871351236368014e+01
4.693715594332417851e+01 5.280787258301992892e+01
4.693715594332417851e+01 5.031365575058830331e+01
4.693715594332417851e+01 4.814376269836492384e+01
4.693715594332417851e+01 4.442547372046868759e+01
4.693715594332417851e+01 4.475663210199622455e+01
4.693715594332417851e+01 4.455361227115540856e+01
4.693715594332417851e+01 4.514418598484437695e+01
4.693715594332417851e+01 4.427736942264501607e+01
4.693715594332417851e+01 4.845099335236493943e+01
4.693715594332417851e+01 5.059196453669370186e+01
4.693715594332417851e+01 4.144271977698957699e+01
4.693715594332417851e+01 4.567252142288569416e+01
4.693715594332417851e+01 5.683101648488755586e+01
4.693715594332417851e+01 4.497764278145849914e+01
4.693715594332417851e+01 4.293433562175630414e+01
4.693715594332417851e+01 4.745808168975062813e+01
4.693715594332417851e+01 4.653480223460167053e+01
4.693715594332417851e+01 5.440583790421259636e+01
4.693715594332417851e+01 4.514662731089344305e+01
4.693715594332417851e+01 3.727736094889606733e+01
4.693715594332417851e+01 5.015686813582422587e+01
4.693715594332417851e+01 4.476860965226836697e+01
4.693715594332417851e+01 4.530742174369488851e+01
4.693715594332417851e+01 4.442679725434902593e+01
4.693715594332417851e+01 4.540746991559549173e+01
4.693715594332417851e+01 4.980202165221678712e+01
4.693715594332417851e+01 5.034585693664902806e+01
4.693715594332417851e+01 4.919281243599245101e+01
4.693715594332417851e+01 4.477841221212690925e+01
4.693715594332417851e+01 4.728402442352565771e+01
4.693715594332417851e+01 4.859965309614122475e+01
4.693715594332417851e+01 4.606368906061241830e+01
4.693715594332417851e+01 4.833592372659886394e+01
4.693715594332417851e+01 4.619317493997599655e+01
4.693715594332417851e+01 4.484573763514350730e+01
4.693715594332417851e+01 4.104732926276586369e+01
4.693715594332417851e+01 4.497406684734137627e+01
4.693715594332417851e+01 4.346690098698739035e+01
4.693715594332417851e+01 4.708683055257780126e+01
4.693715594332417851e+01 4.980125229345512849e+01
4.693715594332417851e+01 4.630492964731013927e+01
4.693715594332417851e+01 4.430021193477557517e+01
4.693715594332417851e+01 4.355148503844554142e+01
4.693715594332417851e+01 4.629593602059803459e+01
4.693715594332417851e+01 3.836563608192218311e+01
4.693715594332417851e+01 4.531981331899685728e+01
4.693715594332417851e+01 4.926790475911984402e+01
4.693715594332417851e+01 4.369461980669160539e+01
4.693715594332417851e+01 4.688870111430792775e+01
4.693715594332417851e+01 4.523077480165484587e+01
4.693715594332417851e+01 4.108955219853064023e+01
4.693715594332417851e+01 4.566715942632562530e+01
4.693715594332417851e+01 4.515654535453719376e+01
4.693715594332417851e+01 4.807155298626330620e+01
4.693715594332417851e+01 4.761324316074549756e+01
4.693715594332417851e+01 4.358434969688535432e+01
4.693715594332417851e+01 4.403707647283133042e+01
4.693715594332417851e+01 4.838639260360204020e+01
4.693715594332417851e+01 4.587744017740568125e+01
4.693715594332417851e+01 4.318473719897343699e+01
4.693715594332417851e+01 4.061519726885518367e+01
4.693715594332417851e+01 4.889184525494025024e+01
4.693715594332417851e+01 4.286479431568435672e+01
4.693715594332417851e+01 4.933822383514669241e+01
4.693715594332417851e+01 4.812340245121505689e+01
4.693715594332417851e+01 4.643381828646283793e+01
4.693715594332417851e+01 4.577162675536096970e+01
4.693715594332417851e+01 5.419424367730054826e+01
4.693715594332417851e+01 4.613813340430412779e+01
4.693715594332417851e+01 4.395680530443755174e+01
4.693715594332417851e+01 4.137184613146707335e+01
4.693715594332417851e+01 4.770080880001058432e+01
4.693715594332417851e+01 4.671589216622149365e+01
4.693715594332417851e+01 5.303718209666739369e+01
4.693715594332417851e+01 4.901582311251090829e+01
4.693715594332417851e+01 4.121506833506799694e+01
4.693715594332417851e+01 4.823894969066657978e+01
4.693715594332417851e+01 4.393703774716768606e+01
4.693715594332417851e+01 4.880104922714672711e+01
4.693715594332417851e+01 4.895561108397338046e+01
4.693715594332417851e+01 5.128252416178798967e+01
4.693715594332417851e+01 4.343657034452740362e+01
4.693715594332417851e+01 4.694702608102748087e+01
4.693715594332417851e+01 4.410470599146395898e+01
4.693715594332417851e+01 4.924881355951077921e+01
4.693715594332417851e+01 4.507716302769978256e+01
4.693715594332417851e+01 4.258776239577009193e+01
4.693715594332417851e+01 4.435565840148611017e+01
4.693715594332417851e+01 4.946331050406853080e+01
4.693715594332417851e+01 4.450215459487517933e+01
4.693715594332417851e+01 5.135260417738416550e+01
4.693715594332417851e+01 4.612222763235396883e+01
4.693715594332417851e+01 4.017698298279383096e+01
4.693715594332417851e+01 4.514215871025491111e+01
4.693715594332417851e+01 4.829915315339422222e+01
4.693715594332417851e+01 4.081994838591454311e+01
4.693715594332417851e+01 4.297921760646317324e+01
4.693715594332417851e+01 4.770422001858880634e+01
4.693715594332417851e+01 4.267182719261421653e+01
4.693715594332417851e+01 4.418324157321711709e+01
4.693715594332417851e+01 3.988808461737902178e+01
4.693715594332417851e+01 4.392870659408643519e+01
4.693715594332417851e+01 4.250718139197007872e+01
4.693715594332417851e+01 4.155911678028677159e+01
4.693715594332417851e+01 3.666044387632661028e+01
4.693715594332417851e+01 5.114874157009408862e+01
4.693715594332417851e+01 4.848487951420610642e+01
4.693715594332417851e+01 4.316735116732596822e+01
4.693715594332417851e+01 5.335660258019287028e+01
4.693715594332417851e+01 4.875946789958692307e+01
4.693715594332417851e+01 4.569946088487772329e+01
4.693715594332417851e+01 4.967865298912516892e+01
4.693715594332417851e+01 4.551053468247788203e+01
4.693715594332417851e+01 4.851489406631132084e+01
4.693715594332417851e+01 4.278202816289739729e+01
4.693715594332417851e+01 4.597693889602705042e+01
4.693715594332417851e+01 4.332004637957420101e+01
4.693715594332417851e+01 4.738598874558569207e+01
4.693715594332417851e+01 4.884322421583782869e+01
4.693715594332417851e+01 4.491334706334797744e+01
4.693715594332417851e+01 4.254733860423460357e+01
4.693715594332417851e+01 4.521366290876656535e+01
4.693715594332417851e+01 4.693414793719452405e+01
4.693715594332417851e+01 4.844077622911441949e+01
4.693715594332417851e+01 4.690221735269752656e+01
4.693715594332417851e+01 5.371383627845618491e+01
4.693715594332417851e+01 4.572411272379708436e+01
4.693715594332417851e+01 4.584668509431897832e+01
4.693715594332417851e+01 4.794522113391888496e+01
4.693715594332417851e+01 4.503222106505454292e+01
4.693715594332417851e+01 4.578081583555636058e+01
4.693715594332417851e+01 4.210399637377982174e+01
4.693715594332417851e+01 4.443891708380305516e+01
4.693715594332417851e+01 4.920468109423009651e+01
4.693715594332417851e+01 4.548004042311607265e+01
4.693715594332417851e+01 4.756825225949702940e+01
4.693715594332417851e+01 4.883156041930939040e+01
4.693715594332417851e+01 4.165203470946241993e+01
4.693715594332417851e+01 4.598878722528878171e+01
4.693715594332417851e+01 4.585006712518568150e+01
4.693715594332417851e+01 4.409523618003091627e+01
4.693715594332417851e+01 4.194776077953861915e+01
4.693715594332417851e+01 4.610885172618563388e+01
4.693715594332417851e+01 4.344054456985047352e+01
4.693715594332417851e+01 4.404329008291713876e+01
4.693715594332417851e+01 4.893605951826800293e+01
4.693715594332417851e+01 4.381975392098226507e+01
4.693715594332417851e+01 4.854520358427286197e+01
4.693715594332417851e+01 4.374468792156985586e+01
4.693715594332417851e+01 4.350928616675557947e+01
4.693715594332417851e+01 4.777475639949759767e+01
4.693715594332417851e+01 4.610810517598529401e+01
4.693715594332417851e+01 4.372925777786834800e+01
4.693715594332417851e+01 4.380233432647368375e+01
4.693715594332417851e+01 4.911388022180068447e+01
4.693715594332417851e+01 5.015352593472359644e+01
4.693715594332417851e+01 4.641183286805875952e+01
4.693715594332417851e+01 4.819918595383200000e+01
4.693715594332417851e+01 4.810969438228901396e+01
4.693715594332417851e+01 4.486140292086697912e+01
4.693715594332417851e+01 4.320787749336887629e+01
4.693715594332417851e+01 4.873515528576319866e+01
4.693715594332417851e+01 4.437171612688495514e+01
4.693715594332417851e+01 4.428411286696057658e+01
4.693715594332417851e+01 5.114315372987204000e+01
4.693715594332417851e+01 4.842226827529782440e+01
4.693715594332417851e+01 4.519267054923362537e+01
4.693715594332417851e+01 3.979976947869882054e+01
4.693715594332417851e+01 4.622799572989987382e+01
4.693715594332417851e+01 4.386812599595742057e+01
4.693715594332417851e+01 4.491388935147125494e+01
4.693715594332417851e+01 4.382245476821271524e+01
4.693715594332417851e+01 5.311255243756244937e+01
4.693715594332417851e+01 4.875594707098436231e+01
4.693715594332417851e+01 4.832052244992244283e+01
4.693715594332417851e+01 4.788798536830461217e+01
4.693715594332417851e+01 5.009737540202254280e+01
4.693715594332417851e+01 4.238041185014090217e+01
4.693715594332417851e+01 5.026402751180222594e+01
4.693715594332417851e+01 5.399778456680861183e+01
4.693715594332417851e+01 4.586385010765692982e+01
4.693715594332417851e+01 4.036316156120569332e+01
4.693715594332417851e+01 5.481301723241762147e+01
4.693715594332417851e+01 4.791383249992190940e+01
4.693715594332417851e+01 4.396940114478838524e+01
4.693715594332417851e+01 4.614416519028516461e+01
4.693715594332417851e+01 4.298761598905952752e+01
4.693715594332417851e+01 4.429239950369495205e+01
4.693715594332417851e+01 4.733347073803404470e+01
4.693715594332417851e+01 4.621150459252145026e+01
4.693715594332417851e+01 4.557045561281799451e+01
4.693715594332417851e+01 5.103029147110769514e+01
4.693715594332417851e+01 4.541212517568868634e+01
4.693715594332417851e+01 4.902649072226488158e+01
4.693715594332417851e+01 4.482703939775586832e+01
4.693715594332417851e+01 4.993053626484882557e+01
4.693715594332417851e+01 5.163377409572922261e+01
4.693715594332417851e+01 5.271291386778572274e+01
4.693715594332417851e+01 4.681538493019521496e+01
4.693715594332417851e+01 4.991713339358351220e+01
4.693715594332417851e+01 5.134368375024852327e+01
4.693715594332417851e+01 4.249375765143630446e+01
4.693715594332417851e+01 4.650539440064652297e+01
4.693715594332417851e+01 4.117144616331734852e+01
4.693715594332417851e+01 4.488770064297232665e+01
4.693715594332417851e+01 4.542773835468108246e+01
4.693715594332417851e+01 4.734902912981511491e+01
4.693715594332417851e+01 4.544485598046620822e+01
4.693715594332417851e+01 4.891123416108047195e+01
4.693715594332417851e+01 4.684283202040985827e+01
4.693715594332417851e+01 4.401874238380864313e+01
4.693715594332417851e+01 4.968459851411303418e+01
4.693715594332417851e+01 4.900278360762763441e+01
4.693715594332417851e+01 4.148809300699220870e+01
4.693715594332417851e+01 4.472016220219884985e+01
4.693715594332417851e+01 4.286242420133276454e+01
4.693715594332417851e+01 4.339449297395687211e+01
4.693715594332417851e+01 4.492138187465944554e+01
4.693715594332417851e+01 4.579553447777160358e+01
4.693715594332417851e+01 4.345972244632120152e+01
4.693715594332417851e+01 4.844057598267293230e+01
4.693715594332417851e+01 4.111825244758387043e+01
4.693715594332417851e+01 4.422310863672853998e+01
4.693715594332417851e+01 4.735343115920681356e+01
4.693715594332417851e+01 4.689781081668532892e+01
4.693715594332417851e+01 4.035996898129525334e+01
4.693715594332417851e+01 4.712604155652714155e+01
4.693715594332417851e+01 4.560773959216793116e+01
4.693715594332417851e+01 4.619063401551273529e+01
4.693715594332417851e+01 4.490624233966724432e+01
4.693715594332417851e+01 4.986968619153471849e+01
4.693715594332417851e+01 4.554236539958021979e+01
4.693715594332417851e+01 4.280491155475703380e+01
4.693715594332417851e+01 4.662650455657140469e+01
4.693715594332417851e+01 4.888617667662991551e+01
4.693715594332417851e+01 4.818366884931862870e+01
4.693715594332417851e+01 4.520132198419430836e+01
4.693715594332417851e+01 5.291103840317685325e+01
4.693715594332417851e+01 4.460175360408887002e+01
4.693715594332417851e+01 4.518713843094086258e+01
4.693715594332417851e+01 4.608998232080416813e+01
4.693715594332417851e+01 4.787123676220249990e+01
4.693715594332417851e+01 5.161578934681652697e+01
4.693715594332417851e+01 4.620570579311137749e+01
4.693715594332417851e+01 4.577097742919444556e+01
4.693715594332417851e+01 4.721295042714016432e+01
4.693715594332417851e+01 4.299761899133355314e+01
4.693715594332417851e+01 5.237468140367716529e+01
4.693715594332417851e+01 4.520896936021655677e+01
4.693715594332417851e+01 4.631259930691940951e+01
4.693715594332417851e+01 4.776731771868325893e+01
4.693715594332417851e+01 5.190769144656057676e+01
4.693715594332417851e+01 4.419841741338053964e+01
4.693715594332417851e+01 4.700683249467168423e+01
4.693715594332417851e+01 4.750238636418824001e+01
4.693715594332417851e+01 4.659186638417656923e+01
4.693715594332417851e+01 4.742288768035055568e+01
4.693715594332417851e+01 4.841775480002334575e+01
4.693715594332417851e+01 4.760942879656947468e+01
4.693715594332417851e+01 4.509359742131885440e+01
4.693715594332417851e+01 4.729174921917087460e+01
4.693715594332417851e+01 4.084152212716236363e+01
4.693715594332417851e+01 4.563162916496509069e+01
4.693715594332417851e+01 4.646009845339130351e+01
4.693715594332417851e+01 4.633113484908284363e+01
4.693715594332417851e+01 4.102443422393491801e+01
4.693715594332417851e+01 5.131778214081976586e+01
4.693715594332417851e+01 3.838048460942957973e+01
4.693715594332417851e+01 4.442406656332227755e+01
4.693715594332417851e+01 4.305137863130889997e+01
4.693715594332417851e+01 4.545569536432613944e+01
4.693715594332417851e+01 4.779560088561368048e+01
4.693715594332417851e+01 4.256231315588318864e+01
4.693715594332417851e+01 4.323759484376999040e+01
4.693715594332417851e+01 4.517950055139180421e+01
4.693715594332417851e+01 5.314646705184080844e+01
4.693715594332417851e+01 4.394150806325885839e+01
4.693715594332417851e+01 4.600688239146230529e+01
4.693715594332417851e+01 5.059435146987351573e+01
4.693715594332417851e+01 4.282614903270310691e+01
4.693715594332417851e+01 4.285335867773164154e+01
4.693715594332417851e+01 4.478196262770769209e+01
4.693715594332417851e+01 5.087182542904866978e+01
4.693715594332417851e+01 4.399366107487029609e+01
4.693715594332417851e+01 4.877556891085540514e+01
4.693715594332417851e+01 4.870180932804447593e+01
4.693715594332417851e+01 4.310213359553111445e+01
4.693715594332417851e+01 4.333600289130614414e+01
4.693715594332417851e+01 4.473589039564618730e+01
4.693715594332417851e+01 4.727130282549315154e+01
4.693715594332417851e+01 3.980722181654386560e+01
4.693715594332417851e+01 4.897719720220305817e+01
4.693715594332417851e+01 4.833283098876605521e+01
4.693715594332417851e+01 4.756931139213909177e+01
4.693715594332417851e+01 4.837123617302765410e+01
4.693715594332417851e+01 4.543430683852313479e+01
4.693715594332417851e+01 4.371622344921761538e+01
4.693715594332417851e+01 4.251507835782502553e+01
4.693715594332417851e+01 4.590940619384213051e+01
4.693715594332417851e+01 4.690664185246932760e+01
4.693715594332417851e+01 4.326628631534827463e+01
4.693715594332417851e+01 4.804233427669908707e+01
4.693715594332417851e+01 4.271169670804072638e+01
4.693715594332417851e+01 4.184526986527893655e+01
4.693715594332417851e+01 4.762414516222396088e+01
4.693715594332417851e+01 4.333476425795030451e+01
4.693715594332417851e+01 4.284539286987338613e+01
4.693715594332417851e+01 5.274486046288432561e+01
4.693715594332417851e+01 4.128184028479805079e+01
4.693715594332417851e+01 4.333351045133522916e+01
4.693715594332417851e+01 4.231773947310092865e+01
4.693715594332417851e+01 4.916673252422826579e+01
4.693715594332417851e+01 4.939586089339249497e+01
4.693715594332417851e+01 5.231694278508238227e+01
4.693715594332417851e+01 4.502175892961700043e+01
4.693715594332417851e+01 4.712933195261182107e+01
4.693715594332417851e+01 4.190446019324001270e+01
4.693715594332417851e+01 5.607711483650258799e+01
4.693715594332417851e+01 4.376375552526069157e+01
4.693715594332417851e+01 4.245663127985195473e+01
4.693715594332417851e+01 4.693366243514005021e+01
4.693715594332417851e+01 4.421799692504521317e+01
4.693715594332417851e+01 4.884430121796228974e+01
4.693715594332417851e+01 4.631818002634576459e+01
4.693715594332417851e+01 4.826761751826801117e+01
4.693715594332417851e+01 4.238890706635773853e+01
4.693715594332417851e+01 4.502820802335774886e+01
4.693715594332417851e+01 4.973383205998567291e+01
4.693715594332417851e+01 4.653943892996375808e+01
4.693715594332417851e+01 4.968196786811441967e+01
4.693715594332417851e+01 4.628146338166978069e+01
4.693715594332417851e+01 4.277528155449238056e+01
4.693715594332417851e+01 4.931997289782820815e+01
4.693715594332417851e+01 4.384940962812723342e+01
4.693715594332417851e+01 4.650436064017804938e+01
4.693715594332417851e+01 4.799650786452060203e+01
4.693715594332417851e+01 4.748221332911796821e+01
4.693715594332417851e+01 5.099690083036701083e+01
4.693715594332417851e+01 5.148679570146990159e+01
4.693715594332417851e+01 4.777606607451433263e+01
4.693715594332417851e+01 4.485777127699132905e+01
4.693715594332417851e+01 4.505544675921655084e+01
4.693715594332417851e+01 4.613438595032386047e+01
4.693715594332417851e+01 4.513412808377820795e+01
4.693715594332417851e+01 4.728430013355850292e+01
4.693715594332417851e+01 4.574508018905027029e+01
4.693715594332417851e+01 4.277916004553628682e+01
4.693715594332417851e+01 4.649146901981606561e+01
4.693715594332417851e+01 4.242970873062705550e+01
4.693715594332417851e+01 4.573281693942141857e+01
4.693715594332417851e+01 4.821138050076472581e+01
4.693715594332417851e+01 4.692872890662280128e+01
4.693715594332417851e+01 4.536466898868552988e+01
4.693715594332417851e+01 4.604786610568312000e+01
4.693715594332417851e+01 4.857566668516957265e+01
4.693715594332417851e+01 4.432612663076615434e+01
4.693715594332417851e+01 4.835970864340873021e+01
4.693715594332417851e+01 4.539847044886186467e+01
4.693715594332417851e+01 4.538352914883846267e+01
4.693715594332417851e+01 4.207543532212230275e+01
4.693715594332417851e+01 4.909233118365965254e+01
4.693715594332417851e+01 4.863073025344444744e+01
4.693715594332417851e+01 3.989303812676277516e+01
4.693715594332417851e+01 5.104306541498421979e+01
4.693715594332417851e+01 4.775636976298152092e+01
4.693715594332417851e+01 4.720798357789898603e+01
4.693715594332417851e+01 4.543959433925721925e+01
4.693715594332417851e+01 4.583122241038860523e+01
4.693715594332417851e+01 4.492960217638730569e+01
4.693715594332417851e+01 4.577967975404362022e+01
4.693715594332417851e+01 4.413906076521947597e+01
4.693715594332417851e+01 4.916075038116397167e+01
4.693715594332417851e+01 4.377006592655919093e+01
4.693715594332417851e+01 4.003170230172850097e+01
4.693715594332417851e+01 4.476832653597932676e+01
4.693715594332417851e+01 5.024668725958114379e+01
4.693715594332417851e+01 4.591229294182754472e+01
4.693715594332417851e+01 4.382096501268210886e+01
4.693715594332417851e+01 5.087337379622408662e+01
4.693715594332417851e+01 4.383723209589280856e+01
4.693715594332417851e+01 4.021906417657024946e+01
4.693715594332417851e+01 4.944808025917998862e+01
4.693715594332417851e+01 4.430121114485913836e+01
4.693715594332417851e+01 4.586412760113955045e+01
4.693715594332417851e+01 4.375453676875155651e+01
4.693715594332417851e+01 4.423615935664859222e+01
4.693715594332417851e+01 4.257011262602252089e+01
4.693715594332417851e+01 4.770447580419867251e+01
4.693715594332417851e+01 4.540087337595122108e+01
4.693715594332417851e+01 5.202948214187075138e+01
4.693715594332417851e+01 4.203849732435935493e+01
4.693715594332417851e+01 3.998945743502278560e+01
4.693715594332417851e+01 4.760203647641574776e+01
4.693715594332417851e+01 4.203793008729117275e+01
4.693715594332417851e+01 4.249681806279840401e+01
4.693715594332417851e+01 4.078770291350950572e+01
4.693715594332417851e+01 4.710213934363060417e+01
4.693715594332417851e+01 4.437698152136003671e+01
4.693715594332417851e+01 4.383637727100863657e+01
4.693715594332417851e+01 4.450825420295318935e+01
4.693715594332417851e+01 4.938865971929944720e+01
