4.693715594332417851e+01 4.265132130206200145e+01
4.693715594332417851e+01 4.719414724344628809e+01
4.693715594332417851e+01 4.398176858531302713e+01
4.693715594332417851e+01 4.920088739433457903e+01
4.693715594332417851e+01 4.839233188513043160e+01
4.693715594332417851e+01 4.628123205550944164e+01
4.693715594332417851e+01 4.406929805900568908e+01
4.693715594332417851e+01 4.016729660590517881e+01
4.693715594332417851e+01 5.163918805737954187e+01
4.693715594332417851e+01 4.299132227559625363e+01
4.693715594332417851e+01 4.594430820336353349e+01
4.693715594332417851e+01 4.374646901114456909e+01
4.693715594332417851e+01 4.755612013214128098e+01
4.693715594332417851e+01 4.756746016100288443e+01
4.693715594332417851e+01 3.867148436503212849e+01
4.693715594332417851e+01 4.807284177413225024e+01
4.693715594332417851e+01 4.811153535665685865e+01
4.693715594332417851e+01 4.980020520377734528e+01
4.693715594332417851e+01 4.495485765058515426e+01
4.693715594332417851e+01 4.460705768039178309e+01
4.693715594332417851e+01 4.094589955827731842e+01
4.693715594332417851e+01 4.495078589241007450e+01
4.693715594332417851e+01 4.705124987480353838e+01
4.693715594332417851e+01 4.801789575535904220e+01
4.693715594332417851e+01 4.113382794229671191e+01
4.693715594332417851e+01 4.946954076497320330e+01
4.693715594332417851e+01 4.476407261682590644e+01
4.693715594332417851e+01 4.136540141214779709e+01
4.693715594332417851e+01 4.222308586007147113e+01
4.693715594332417851e+01 4.740953213172505798e+01
4.693715594332417851e+01 4.996843967217970572e+01
4.693715594332417851e+01 4.543890390325606177e+01
4.693715594332417851e+01 4.509533656524351386e+01
4.693715594332417851e+01 4.544530147264634223e+01
4.693715594332417851e+01 4.718582421820406125e+01
4.693715594332417851e+01 4.820422553228755191e+01
4.693715594332417851e+01 4.117532263680011795e+01
4.693715594332417851e+01 4.826102313042756009e+01
4.693715594332417851e+01 4.921848660970051270e+01
4.693715594332417851e+01 4.515387953223567052e+01
4.693715594332417851e+01 4.461712682852029133e+01
4.693715594332417851e+01 4.673322660027758246e+01
4.693715594332417851e+01 4.739712526906473045e+01
4.693715594332417851e+01 4.539683950363803433e+01
4.693715594332417851e+01 4.818980029546818145e+01
4.693715594332417851e+01 5.500030405277094303e+01
4.693715594332417851e+01 4.553898881084256800e+01
4.693715594332417851e+01 4.618330838145909212e+01
4.693715594332417851e+01 4.892931562522693412e+01
4.693715594332417851e+01 4.436589318317292197e+01
4.693715594332417851e+01 4.824961910903217444e+01
4.693715594332417851e+01 4.724777649172261107e+01
4.693715594332417851e+01 4.547481086789441207e+01
4.693715594332417851e+01 4.688663742180797556e+01
4.693715594332417851e+01 4.570363973285022041e+01
4.693715594332417851e+01 4.761443151676707686e+01
4.693715594332417851e+01 4.786544510644169748e+01
4.693715594332417851e+01 4.718757849210987132e+01
4.693715594332417851e+01 4.724198161143890218e+01
4.693715594332417851e+01 4.688541365458315369e+01
4.693715594332417851e+01 4.010595961188781899e+01
4.693715594332417851e+01 4.722358400569761727e+01
4.693715594332417851e+01 4.380927008794892430e+01
4.693715594332417851e+01 5.047290235271697156e+01
4.693715594332417851e+01 4.645843808122957341e+01
4.693715594332417851e+01 5.196096580324876868e+01
4.693715594332417851e+01 4.434142444235759228e+01
4.693715594332417851e+01 4.231232212229974010e+01
4.693715594332417851e+01 4.645715981052234156e+01
4.693715594332417851e+01 4.373121400212761500e+01
4.693715594332417851e+01 4.640673294645329605e+01
4.693715594332417851e+01 4.721370840695740156e+01
4.693715594332417851e+01 4.556858692379870490e+01
4.693715594332417851e+01 4.389520556733868517e+01
4.693715594332417851e+01 4.489248745697519638e+01
4.693715594332417851e+01 4.587962625827126573e+01
4.693715594332417851e+01 4.579724011758572288e+01
4.693715594332417851e+01 4.952097506825907658e+01
4.693715594332417851e+01 4.552120419770351134e+01
4.693715594332417851e+01 5.176737273150322949e+01
4.693715594332417851e+01 4.631873959782564043e+01
4.693715594332417851e+01 4.967837830259526299e+01
4.693715594332417851e+01 4.369789259326942954e+01
4.693715594332417851e+01 4.884119859708766143e+01
4.693715594332417851e+01 4.986483010004090488e+01
4.693715594332417851e+01 4.279528196252720562e+01
4.693715594332417851e+01 4.258247529009221921e+01
4.693715594332417851e+01 4.691093669293631763e+01
4.693715594332417851e+01 4.619872065884344892e+01
4.693715594332417851e+01 4.709484293590053028e+01
4.693715594332417851e+01 4.076071684508261228e+01
4.693715594332417851e+01 4.478578745954504825e+01
4.693715594332417851e+01 4.730911326162335939e+01
4.693715594332417851e+01 4.567114354091936690e+01
4.693715594332417851e+01 4.582982136894315062e+01
4.693715594332417851e+01 4.878423700616344405e+01
4.693715594332417851e+01 4.997305579920942620e+01
4.693715594332417851e+01 4.564794298045995902e+01
4.693715594332417851e+01 4.499312822357864405e+01
4.693715594332417851e+01 3.987356673547487418e+01
4.693715594332417851e+01 5.058570419006861130e+01
4.693715594332417851e+01 4.465766706788538443e+01
4.693715594332417851e+01 4.512761009651563171e+01
4.693715594332417851e+01 5.169311899574160662e+01
4.693715594332417851e+01 4.990188958672955977e+01
4.693715594332417851e+01 4.197933035598975238e+01
4.693715594332417851e+01 4.688292865349498584e+01
4.693715594332417851e+01 4.409530778812477081e+01
4.693715594332417851e+01 5.177875910668747395e+01
4.693715594332417851e+01 4.430436124948690946e+01
4.693715594332417851e+01 4.922085096449855257e+01
4.693715594332417851e+01 4.274962640841652473e+01
4.693715594332417851e+01 5.074352081538507520e+01
4.693715594332417851e+01 3.918619296910758720e+01
4.693715594332417851e+01 5.117333105708588903e+01
4.693715594332417851e+01 4.635288922756333108e+01
4.693715594332417851e+01 4.799894773032767148e+01
4.693715594332417851e+01 4.875726573727591528e+01
4.693715594332417851e+01 4.116397116398103151e+01
4.693715594332417851e+01 4.748361142330895746e+01
4.693715594332417851e+01 4.382628006761132866e+01
4.693715594332417851e+01 4.619380475826844190e+01
4.693715594332417851e+01 4.549382383812817920e+01
4.693715594332417851e+01 4.647314835156640811e+01
4.693715594332417851e+01 5.350837863521025639e+01
4.693715594332417851e+01 4.304137073654669621e+01
4.693715594332417851e+01 4.458764406256997148e+01
4.693715594332417851e+01 5.025592177935556748e+01
4.693715594332417851e+01 4.458628781298600074e+01
4.693715594332417851e+01 5.438015055342904702e+01
4.693715594332417851e+01 4.408999355477390480e+01
4.693715594332417851e+01 4.976292792924147079e+01
4.693715594332417851e+01 4.512034834917771775e+01
4.693715594332417851e+01 4.882977767075299624e+01
4.693715594332417851e+01 4.481373577618575865e+01
4.693715594332417851e+01 4.229929232093721225e+01
4.693715594332417851e+01 4.582536208632643593e+01
4.693715594332417851e+01 4.862897937214672339e+01
4.693715594332417851e+01 4.801883791093295173e+01
4.693715594332417851e+01 4.881965866797408182e+01
4.693715594332417851e+01 4.707808200973321533e+01
4.693715594332417851e+01 5.553706045669479607e+01
4.693715594332417851e+01 4.481650859766349981e+01
4.693715594332417851e+01 4.566421738192695301e+01
4.693715594332417851e+01 4.055332415782828548e+01
4.693715594332417851e+01 4.974598098796770529e+01
4.693715594332417851e+01 4.541915759730917301e+01
4.693715594332417851e+01 4.621694484838303651e+01
4.693715594332417851e+01 4.890410986486615030e+01
4.693715594332417851e+01 4.847037179013322117e+01
4.693715594332417851e+01 4.359636852221523640e+01
4.693715594332417851e+01 4.333714968260454725e+01
4.693715594332417851e+01 4.346651595091231002e+01
4.693715594332417851e+01 3.971910926480465065e+01
4.693715594332417851e+01 4.295847887471477122e+01
4.693715594332417851e+01 4.300119660329681892e+01
4.693715594332417851e+01 5.055930566538306437e+01
4.693715594332417851e+01 4.622085720516604113e+01
4.693715594332417851e+01 4.336772541183503904e+01
4.693715594332417851e+01 3.892957270843970008e+01
4.693715594332417851e+01 4.832413618303791480e+01
4.693715594332417851e+01 4.402206115725163471e+01
4.693715594332417851e+01 4.307276367727111932e+01
4.693715594332417851e+01 4.064243939849679776e+01
4.693715594332417851e+01 4.807788006119227475e+01
4.693715594332417851e+01 4.104393511331009137e+01
4.693715594332417851e+01 4.588294642358935960e+01
4.693715594332417851e+01 4.852675514779594579e+01
4.693715594332417851e+01 4.672674158635659580e+01
4.693715594332417851e+01 4.511893511337049034e+01
4.693715594332417851e+01 4.396350109624524549e+01
4.693715594332417851e+01 4.517624839919996305e+01
4.693715594332417851e+01 4.184076325804322494e+01
4.693715594332417851e+01 4.403900585165867199e+01
4.693715594332417851e+01 4.637305704198271172e+01
4.693715594332417851e+01 4.223879750979033787e+01
4.693715594332417851e+01 4.608978995552821090e+01
4.693715594332417851e+01 5.470189223414817548e+01
4.693715594332417851e+01 4.365779616533706076e+01
4.693715594332417851e+01 4.435240171187513880e+01
4.693715594332417851e+01 4.950453412495600958e+01
4.693715594332417851e+01 4.847704391880449037e+01
4.693715594332417851e+01 4.883147650290425901e+01
4.693715594332417851e+01 4.689483129316497667e+01
4.693715594332417851e+01 4.141099061299394890e+01
4.693715594332417851e+01 3.951373877548209634e+01
4.693715594332417851e+01 4.735898443569703176e+01
4.693715594332417851e+01 4.917827727453006048e+01
4.693715594332417851e+01 4.774565660190081218e+01
4.693715594332417851e+01 4.958525143366782117e+01
4.693715594332417851e+01 4.708846917422903289e+01
4.693715594332417851e+01 4.758855866292508097e+01
4.693715594332417851e+01 4.411659926236080054e+01
4.693715594332417851e+01 4.844779806460879712e+01
4.693715594332417851e+01 4.671955719565830378e+01
4.693715594332417851e+01 4.536335238472261011e+01
4.693715594332417851e+01 5.176935678517155992e+01
4.693715594332417851e+01 4.297841760181700010e+01
4.693715594332417851e+01 3.920565163042477508e+01
4.693715594332417851e+01 4.617594717243716218e+01
4.693715594332417851e+01 4.873668279627044342e+01
4.693715594332417851e+01 4.713723179163670096e+01
4.693715594332417851e+01 4.278587725494976723e+01
4.693715594332417851e+01 4.161934488464851256e+01
4.693715594332417851e+01 3.913088877400020493e+01
4.693715594332417851e+01 4.575748646513549289e+01
4.693715594332417851e+01 4.264919589493545260e+01
4.693715594332417851e+01 4.501668312537173477e+01
4.693715594332417851e+01 4.606563073664262475e+01
4.693715594332417851e+01 5.444372514575107402e+01
4.693715594332417851e+01 5.204824262876147856e+01
4.693715594332417851e+01 4.955696086980612591e+01
4.693715594332417851e+01 4.548559149468140106e+01
4.693715594332417851e+01 4.596099870087918760e+01
4.693715594332417851e+01 4.225660943800526326e+01
4.693715594332417851e+01 4.489261738480490038e+01
4.693715594332417851e+01 4.423559408425336414e+01
4.693715594332417851e+01 5.043223961094099650e+01
4.693715594332417851e+01 4.330925070632182639e+01
4.693715594332417851e+01 4.615684341221501796e+01
4.693715594332417851e+01 5.049954651544517503e+01
4.693715594332417851e+01 4.469686818277507001e+01
4.693715594332417851e+01 4.858513868780693201e+01
4.693715594332417851e+01 4.120611877938068801e+01
4.693715594332417851e+01 4.856041554572025376e+01
4.693715594332417851e+01 4.839580250860221611e+01
4.693715594332417851e+01 4.602921932986291154e+01
4.693715594332417851e+01 4.637516309022684879e+01
4.693715594332417851e+01 4.822654528921469819e+01
4.693715594332417851e+01 4.724436194919282173e+01
4.693715594332417851e+01 4.114703993555894357e+01
4.693715594332417851e+01 4.100984177032728439e+01
4.693715594332417851e+01 4.481480670240503628e+01
4.693715594332417851e+01 4.112182702135343959e+01
4.693715594332417851e+01 4.710632841304164486e+01
4.693715594332417851e+01 5.488901105867445551e+01
4.693715594332417851e+01 4.267760184767665521e+01
4.693715594332417851e+01 4.460451649291550780e+01
4.693715594332417851e+01 4.631292524070230598e+01
4.693715594332417851e+01 4.610599556308577007e+01
4.693715594332417851e+01 5.245942512691765103e+01
4.693715594332417851e+01 4.778199069811097388e+01
4.693715594332417851e+01 4.652218448211767310e+01
4.693715594332417851e+01 4.496442326007485235e+01
4.693715594332417851e+01 4.550134056045321529e+01
4.693715594332417851e+01 4.386056779742631306e+01
4.693715594332417851e+01 4.295964539565432716e+01
4.693715594332417851e+01 4.867938347651114839e+01
4.693715594332417851e+01 4.878175396880640591e+01
4.693715594332417851e+01 4.819190320495079050e+01
4.693715594332417851e+01 4.536742315761124900e+01
4.693715594332417851e+01 4.536520680564578356e+01
4.693715594332417851e+01 4.925590280547444166e+01
4.693715594332417851e+01 4.837824234413808000e+01
4.693715594332417851e+01 5.327061519610533935e+01
4.693715594332417851e+01 5.352344327640886235e+01
4.693715594332417851e+01 4.553355808890332668e+01
4.693715594332417851e+01 4.520810728953632207e+01
4.693715594332417851e+01 4.337297961356036780e+01
4.693715594332417851e+01 4.888738153973679346e+01
4.693715594332417851e+01 4.265608842252213151e+01
4.693715594332417851e+01 5.037337967017005980e+01
4.693715594332417851e+01 3.958074766572829617e+01
4.693715594332417851e+01 4.792477440798501220e+01
4.693715594332417851e+01 5.112859802449909807e+01
4.693715594332417851e+01 4.435840197386382044e+01
4.693715594332417851e+01 4.714992287864038900e+01
4.693715594332417851e+01 4.768806025389875458e+01
4.693715594332417851e+01 4.708236788675312567e+01
4.693715594332417851e+01 4.655913771461548123e+01
4.693715594332417851e+01 5.304756605441292550e+01
4.693715594332417851e+01 5.035505919044900480e+01
4.693715594332417851e+01 4.655831567050330477e+01
4.693715594332417851e+01 4.718475429136368149e+01
4.693715594332417851e+01 4.198589263224388191e+01
4.693715594332417851e+01 4.605241967408180415e+01
4.693715594332417851e+01 4.149843227482032404e+01
4.693715594332417851e+01 5.249312785809915027e+01
4.693715594332417851e+01 4.862031418090015933e+01
4.693715594332417851e+01 4.644254232809606719e+01
4.693715594332417851e+01 4.374210818144011625e+01
4.693715594332417851e+01 4.724644996707554157e+01
4.693715594332417851e+01 5.057585555372223496e+01
4.693715594332417851e+01 4.376664090252899086e+01
4.693715594332417851e+01 4.591012080700725306e+01
4.693715594332417851e+01 4.525848114416231738e+01
4.693715594332417851e+01 4.820215051248827365e+01
4.693715594332417851e+01 4.220445993161823139e+01
4.693715594332417851e+01 5.188724985940388024e+01
4.693715594332417851e+01 4.610425592568483921e+01
4.693715594332417851e+01 4.591491188157304748e+01
4.693715594332417851e+01 4.566024907473704531e+01
4.693715594332417851e+01 4.414830739588376929e+01
4.693715594332417851e+01 4.787895997871368081e+01
4.693715594332417851e+01 4.686342923297398499e+01
4.693715594332417851e+01 4.247769817832312356e+01
4.693715594332417851e+01 3.913959110582315049e+01
4.693715594332417851e+01 4.664895116912891382e+01
4.693715594332417851e+01 4.623656840240425225e+01
4.693715594332417851e+01 4.425487042442711072e+01
4.693715594332417851e+01 4.352863836246189777e+01
4.693715594332417851e+01 4.520329239899130869e+01
4.693715594332417851e+01 4.851236157967623797e+01
4.693715594332417851e+01 4.593069239623888933e+01
4.693715594332417851e+01 4.906453332092753783e+01
4.693715594332417851e+01 4.806927641958230879e+01
4.693715594332417851e+01 4.496394647294407321e+01
4.693715594332417851e+01 4.303106118672031499e+01
4.693715594332417851e+01 4.514381641441726600e+01
4.693715594332417851e+01 4.556189902698183403e+01
4.693715594332417851e+01 4.776052231384744573e+01
4.693715594332417851e+01 4.883235807175574195e+01
4.693715594332417851e+01 4.190247223310716151e+01
4.693715594332417851e+01 4.086895114784424976e+01
4.693715594332417851e+01 4.854022689558063774e+01
4.693715594332417851e+01 5.195469042962510287e+01
4.693715594332417851e+01 4.148073572986817226e+01
4.693715594332417851e+01 4.950792135176333630e+01
4.693715594332417851e+01 4.987584790207696273e+01
4.693715594332417851e+01 4.528921149839111138e+01
4.693715594332417851e+01 4.765460448185680775e+01
4.693715594332417851e+01 4.682934296713443700e+01
4.693715594332417851e+01 4.479396466463742144e+01
4.693715594332417851e+01 4.716588860769332570e+01
4.693715594332417851e+01 4.969177770435272379e+01
4.693715594332417851e+01 4.494431394201101426e+01
4.693715594332417851e+01 4.743508593905772841e+01
4.693715594332417851e+01 4.473543391079844866e+01
4.693715594332417851e+01 4.598542214792366423e+01
4.693715594332417851e+01 4.616230937349882169e+01
4.693715594332417851e+01 4.568157951124337757e+01
4.693715594332417851e+01 4.069286853871187759e+01
4.693715594332417851e+01 4.309807575217401876e+01
4.693715594332417851e+01 4.355419994525310301e+01
4.693715594332417851e+01 5.315142382780587837e+01
4.693715594332417851e+01 4.850577416810148179e+01
4.693715594332417851e+01 4.932412912177539965e+01
4.693715594332417851e+01 4.905140290587101504e+01
4.693715594332417851e+01 4.681132715365171038e+01
4.693715594332417851e+01 4.904721615194876705e+01
4.693715594332417851e+01 5.786204204148144470e+01
4.693715594332417851e+01 4.696996664886452777e+01
4.693715594332417851e+01 4.805554439116438203e+01
4.693715594332417851e+01 4.802926733093999445e+01
4.693715594332417851e+01 4.593556487872443483e+01
4.693715594332417851e+01 4.893870672340664640e+01
4.693715594332417851e+01 4.141678093722055820e+01
4.693715594332417851e+01 4.903112342420736525e+01
4.693715594332417851e+01 4.601135186001944533e+01
4.693715594332417851e+01 5.118990174762445378e+01
4.693715594332417851e+01 4.882458899879064518e+01
4.693715594332417851e+01 4.851619300562047243e+01
4.693715594332417851e+01 4.280091074014242736e+01
4.693715594332417851e+01 5.110232641183669244e+01
4.693715594332417851e+01 4.181631169812087023e+01
4.693715594332417851e+01 4.873998231114592272e+01
4.693715594332417851e+01 4.801915665187257076e+01
4.693715594332417851e+01 4.218983128784958581e+01
4.693715594332417851e+01 4.038989635544757562e+01
4.693715594332417851e+01 3.824802416397931637e+01
4.693715594332417851e+01 4.258748578846776667e+01
4.693715594332417851e+01 5.547526734097218082e+01
4.693715594332417851e+01 5.541227670340158085e+01
4.693715594332417851e+01 4.585525821431725291e+01
4.693715594332417851e+01 4.031955825849415476e+01
4.693715594332417851e+01 5.009910111002368183e+01
4.693715594332417851e+01 4.461006252262531291e+01
4.693715594332417851e+01 4.294618717987117407e+01
4.693715594332417851e+01 4.821563014806267233e+01
4.693715594332417851e+01 4.771521935505660394e+01
4.693715594332417851e+01 4.550124489298729458e+01
4.693715594332417851e+01 4.721115840933423158e+01
4.693715594332417851e+01 4.563432137023168877e+01
4.693715594332417851e+01 4.355760249574714749e+01
4.693715594332417851e+01 4.412701494620697673e+01
4.693715594332417851e+01 5.034908048393654667e+01
4.693715594332417851e+01 4.700004114911016018e+01
4.693715594332417851e+01 4.775845877975831399e+01
4.693715594332417851e+01 4.522200965415768792e+01
4.693715594332417851e+01 4.612185006479961658e+01
4.693715594332417851e+01 4.841255336739897075e+01
4.693715594332417851e+01 4.481609155216221296e+01
4.693715594332417851e+01 4.935500049170106962e+01
4.693715594332417851e+01 4.716778888317769258e+01
4.693715594332417851e+01 4.571964680416232341e+01
4.693715594332417851e+01 5.100021168973539432e+01
4.693715594332417851e+01 4.894058560876456454e+01
4.693715594332417851e+01 4.542554689994656769e+01
4.693715594332417851e+01 4.909935561615090194e+01
4.693715594332417851e+01 4.226360120975177637e+01
4.693715594332417851e+01 4.471626048931084796e+01
4.693715594332417851e+01 5.282734071940927834e+01
4.693715594332417851e+01 4.437481521466752099e+01
4.693715594332417851e+01 4.370688938221563546e+01
4.693715594332417851e+01 4.518421233170041518e+01
4.693715594332417851e+01 4.659283047695589630e+01
4.693715594332417851e+01 4.428886223231333474e+01
4.693715594332417851e+01 5.304888086549761539e+01
4.693715594332417851e+01 4.474667266823620082e+01
4.693715594332417851e+01 4.809591577847484700e+01
4.693715594332417851e+01 4.570281474243147102e+01
4.693715594332417851e+01 4.425645325307963418e+01
4.693715594332417851e+01 4.605486237274537586e+01
4.693715594332417851e+01 4.406696599366710387e+01
4.693715594332417851e+01 4.936661060339383766e+01
4.693715594332417851e+01 4.508405587055347752e+01
4.693715594332417851e+01 4.634181127251312660e+01
4.693715594332417851e+01 4.468114597263750909e+01
4.693715594332417851e+01 4.776777236121895953e+01
4.693715594332417851e+01 4.924112101978818856e+01
4.693715594332417851e+01 5.090583488562878500e+01
4.693715594332417851e+01 4.988729286594877266e+01
4.693715594332417851e+01 4.638925033435587153e+01
4.693715594332417851e+01 4.591368699624416649e+01
4.693715594332417851e+01 4.258258943848430533e+01
4.693715594332417851e+01 4.814259295087038026e+01
4.693715594332417851e+01 5.280424277911560438e+01
4.693715594332417851e+01 4.274955364864892715e+01
4.693715594332417851e+01 3.992288773214817610e+01
4.693715594332417851e+01 4.463237599795258603e+01
4.693715594332417851e+01 4.285469530657132964e+01
4.693715594332417851e+01 4.547760989337590587e+01
4.693715594332417851e+01 4.247289043664594033e+01
4.693715594332417851e+01 4.277130290830729820e+01
4.693715594332417851e+01 4.661681764755129365e+01
4.693715594332417851e+01 4.408228356942460380e+01
4.693715594332417851e+01 4.436751803819078077e+01
4.693715594332417851e+01 4.487438968983141052e+01
4.693715594332417851e+01 4.607473703489849726e+01
4.693715594332417851e+01 4.889254760665789945e+01
4.693715594332417851e+01 4.319027623611466282e+01
4.693715594332417851e+01 4.229525271592883229e+01
4.693715594332417851e+01 4.617627222146967370e+01
4.693715594332417851e+01 4.716035635823162409e+01
4.693715594332417851e+01 5.403791235869751119e+01
4.693715594332417851e+01 4.483671381998773597e+01
4.693715594332417851e+01 4.157970936272418072e+01
4.693715594332417851e+01 5.180431667670767126e+01
4.693715594332417851e+01 4.531237002364834865e+01
4.693715594332417851e+01 4.004386548520310640e+01
4.693715594332417851e+01 4.808256474395743396e+01
4.693715594332417851e+01 4.968934501295254336e+01
4.693715594332417851e+01 4.716796877944597099e+01
4.693715594332417851e+01 4.432327182913854102e+01
4.693715594332417851e+01 4.009237832884042518e+01
4.693715594332417851e+01 4.495412271580732266e+01
4.693715594332417851e+01 4.289294497317285249e+01
4.693715594332417851e+01 5.077775639639237681e+01
4.693715594332417851e+01 4.358598176682217940e+01
4.693715594332417851e+01 4.148114909664619177e+01
4.693715594332417851e+01 4.356651480748917749e+01
4.693715594332417851e+01 4.986423326926480826e+01
4.693715594332417851e+01 4.560750377113352982e+01
4.693715594332417851e+01 4.666171024559831437e+01
4.693715594332417851e+01 4.581948772763323774e+01
4.693715594332417851e+01 4.542546193686072797e+01
4.693715594332417851e+01 4.336893851760856222e+01
4.693715594332417851e+01 4.541229352294806176e+01
4.693715594332417851e+01 4.614538492177624107e+01
4.693715594332417851e+01 4.878877281664068732e+01
4.693715594332417851e+01 4.800410803130986181e+01
4.693715594332417851e+01 4.905990375655474622e+01
4.693715594332417851e+01 5.161981932459665501e+01
4.693715594332417851e+01 4.881616213871944865e+01
4.693715594332417851e+01 4.635822352095914312e+01
4.693715594332417851e+01 4.281710564979546518e+01
4.693715594332417851e+01 4.622523936765124830e+01
4.693715594332417851e+01 4.965970498950980527e+01
4.693715594332417851e+01 4.410621449949250206e+01
4.693715594332417851e+01 4.393286073708354422e+01
4.693715594332417851e+01 4.253607630190247590e+01
4.693715594332417851e+01 4.722608667704239593e+01
4.693715594332417851e+01 4.954077506095042338e+01
4.693715594332417851e+01 4.519673953615414064e+01
4.693715594332417851e+01 4.862091104689278609e+01
4.693715594332417851e+01 4.707068518572754812e+01
4.693715594332417851e+01 5.233781420317463784e+01
4.693715594332417851e+01 5.165940058431282011e+01
4.693715594332417851e+01 4.779733096971305883e+01
4.693715594332417851e+01 5.555235527335203471e+01
4.693715594332417851e+01 4.294027592051479303e+01
4.693715594332417851e+01 5.120121203147390787e+01
4.693715594332417851e+01 4.709508548309273834e+01
4.693715594332417851e+01 4.808414247202590275e+01
4.693715594332417851e+01 4.725800592270605449e+01
4.693715594332417851e+01 4.712974263146856657e+01
4.693715594332417851e+01 4.486152184665498766e+01
4.693715594332417851e+01 4.147990162153370619e+01
4.693715594332417851e+01 4.771187525174464383e+01
4.693715594332417851e+01 4.143925174202168904e+01
4.693715594332417851e+01 4.326299131677096454e+01
4.693715594332417851e+01 4.856606481400358888e+01
4.693715594332417851e+01 4.254684553228167943e+01
4.693715594332417851e+01 5.232385189596053010e+01
4.693715594332417851e+01 4.502070111384441731e+01
4.693715594332417851e+01 3.976305287523728538e+01
4.693715594332417851e+01 4.917142587183278124e+01
4.693715594332417851e+01 4.826169346024588691e+01
4.693715594332417851e+01 5.198933172876114384e+01
4.693715594332417851e+01 4.575767206486936090e+01
4.693715594332417851e+01 4.389778926689110250e+01
4.693715594332417851e+01 4.906361447942177989e+01
4.693715594332417851e+01 4.644223689080122597e+01
4.693715594332417851e+01 5.313874894173174113e+01
4.693715594332417851e+01 4.187509465671633535e+01
4.693715594332417851e+01 4.728357880123444801e+01
4.693715594332417851e+01 4.943513376696182604e+01
4.693715594332417851e+01 5.182687561539928112e+01
4.693715594332417851e+01 4.270294972892515517e+01
4.693715594332417851e+01 4.180777765181940708e+01
4.693715594332417851e+01 4.614771168891731890e+01
4.693715594332417851e+01 4.482552835271063429e+01
4.693715594332417851e+01 4.451780537714735431e+01
4.693715594332417851e+01 4.550441221631432853e+01
4.693715594332417851e+01 4.625469852868906884e+01
4.693715594332417851e+01 4.052077024527820726e+01
4.693715594332417851e+01 4.965457653183540288e+01
4.693715594332417851e+01 4.322463050964798015e+01
4.693715594332417851e+01 5.052840147074768851e+01
4.693715594332417851e+01 4.175951554568749913e+01
4.693715594332417851e+01 4.551764058304132732e+01
4.693715594332417851e+01 4.868996967808340059e+01
4.693715594332417851e+01 4.489239536184589952e+01
4.693715594332417851e+01 5.016905090952009516e+01
4.693715594332417851e+01 3.962988345167466520e+01
4.693715594332417851e+01 4.864198949151988671e+01
4.693715594332417851e+01 4.532258050274101890e+01
4.693715594332417851e+01 4.855241039703656725e+01
4.693715594332417851e+01 5.129888123464805005e+01
4.693715594332417851e+01 4.704346427222501603e+01
4.693715594332417851e+01 4.825156816047305597e+01
4.693715594332417851e+01 4.266029415186660145e+01
4.693715594332417851e+01 4.584983073859137903e+01
4.693715594332417851e+01 4.803806759127024861e+01
4.693715594332417851e+01 4.827633416498696306e+01
4.693715594332417851e+01 4.271802518409648286e+01
4.693715594332417851e+01 4.256603463931803333e+01
4.693715594332417851e+01 5.034471854959205217e+01
4.693715594332417851e+01 4.399001661436267341e+01
4.693715594332417851e+01 4.524825220648406798e+01
4.693715594332417851e+01 4.377397849791814366e+01
4.693715594332417851e+01 4.461451535089405951e+01
4.693715594332417851e+01 5.091139028173240177e+01
4.693715594332417851e+01 4.423925508219328151e+01
4.693715594332417851e+01 4.665852524545240243e+01
4.693715594332417851e+01 4.555250825790142954e+01
4.693715594332417851e+01 4.434707891622447562e+01
4.693715594332417851e+01 4.648909528533009450e+01
4.693715594332417851e+01 4.721080849389658596e+01
4.693715594332417851e+01 4.763049409177244797e+01
4.693715594332417851e+01 4.413526594216100563e+01
4.693715594332417851e+01 4.700638288946045407e+01
4.693715594332417851e+01 4.506882297773224622e+01
4.693715594332417851e+01 4.488111542204396187e+01
4.693715594332417851e+01 4.558163769257936337e+01
4.693715594332417851e+01 4.345636961491579342e+01
4.693715594332417851e+01 4.343506817369060258e+01
4.693715594332417851e+01 4.900067419249354117e+01
4.693715594332417851e+01 4.422604165208898763e+01
4.693715594332417851e+01 4.670527360548921791e+01
4.693715594332417851e+01 4.455290406495758049e+01
4.693715594332417851e+01 4.581622507044857429e+01
4.693715594332417851e+01 5.040654197379594592e+01
4.693715594332417851e+01 4.232596241391757985e+01
4.693715594332417851e+01 4.791740681788396472e+01
4.693715594332417851e+01 4.802956721665098883e+01
4.693715594332417851e+01 4.498115839436007235e+01
4.693715594332417851e+01 4.729425035279900413e+01
4.693715594332417851e+01 4.978324019629175012e+01
4.693715594332417851e+01 4.720953507320039222e+01
4.693715594332417851e+01 4.492372650329837569e+01
4.693715594332417851e+01 4.542265895486167437e+01
4.693715594332417851e+01 4.435036184771161771e+01
4.693715594332417851e+01 5.226136315008896815e+01
4.693715594332417851e+01 5.065339874821475519e+01
4.693715594332417851e+01 4.741962349572396818e+01
4.693715594332417851e+01 4.915719208996184619e+01
4.693715594332417851e+01 4.984767743198214873e+01
4.693715594332417851e+01 4.992316086616094140e+01
4.693715594332417851e+01 4.777006396801107257e+01
4.693715594332417851e+01 4.740892329886257528e+01
4.693715594332417851e+01 4.733404956932205465e+01
4.693715594332417851e+01 4.649498609441747732e+01
4.693715594332417851e+01 4.471567989107794006e+01
4.693715594332417851e+01 4.427105492853947055e+01
4.693715594332417851e+01 4.264204596097292921e+01
4.693715594332417851e+01 4.568814796607226469e+01
4.693715594332417851e+01 4.484818834186057046e+01
4.693715594332417851e+01 4.623472091086574665e+01
4.693715594332417851e+01 4.375656842405884106e+01
4.693715594332417851e+01 5.069847060466805999e+01
4.693715594332417851e+01 4.528764420420235126e+01
4.693715594332417851e+01 4.654460089156830094e+01
4.693715594332417851e+01 4.126588094904436588e+01
4.693715594332417851e+01 4.933545020121447777e+01
4.693715594332417851e+01 4.616887716808098219e+01
4.693715594332417851e+01 4.923142246583982029e+01
4.693715594332417851e+01 4.304501391635999852e+01
4.693715594332417851e+01 4.731822140437726176e+01
4.693715594332417851e+01 5.361847699437951320e+01
4.693715594332417851e+01 4.737286666418081893e+01
4.693715594332417851e+01 4.355942422208339337e+01
4.693715594332417851e+01 3.997537144947528986e+01
4.693715594332417851e+01 4.685007461193126943e+01
4.693715594332417851e+01 4.958478217693452450e+01
4.693715594332417851e+01 5.468805476344667227e+01
4.693715594332417851e+01 4.792870862193112202e+01
4.693715594332417851e+01 4.410718397668275514e+01
4.693715594332417851e+01 4.257136841642889635e+01
4.693715594332417851e+01 4.996692705581338600e+01
4.693715594332417851e+01 4.328860632546781062e+01
4.693715594332417851e+01 4.160077941047666883e+01
4.693715594332417851e+01 4.801070717358317808e+01
4.693715594332417851e+01 4.549557214539180450e+01
4.693715594332417851e+01 4.436955704653809107e+01
4.693715594332417851e+01 4.733877634119178879e+01
4.693715594332417851e+01 4.012191208286411381e+01
4.693715594332417851e+01 4.694971111908675709e+01
4.693715594332417851e+01 4.132986967169958348e+01
4.693715594332417851e+01 4.370264913838259702e+01
4.693715594332417851e+01 4.603182519242015047e+01
4.693715594332417851e+01 4.880021081571069175e+01
4.693715594332417851e+01 4.614012570936912283e+01
4.693715594332417851e+01 4.064668034706822652e+01
4.693715594332417851e+01 5.025253501203407325e+01
4.693715594332417851e+01 4.861161469627726461e+01
4.693715594332417851e+01 4.608952629150389413e+01
4.693715594332417851e+01 4.528561297040612743e+01
4.693715594332417851e+01 4.019974638604459471e+01
4.693715594332417851e+01 4.072552971520022425e+01
4.693715594332417851e+01 4.863344148301386127e+01
4.693715594332417851e+01 4.396195115442539958e+01
4.693715594332417851e+01 4.565383853573925421e+01
4.693715594332417851e+01 4.920506589076914850e+01
4.693715594332417851e+01 4.777168652373703850e+01
4.693715594332417851e+01 4.621178246642109855e+01
4.693715594332417851e+01 4.799576751789901152e+01
4.693715594332417851e+01 4.736947229576043128e+01
4.693715594332417851e+01 4.906694440025372472e+01
4.693715594332417851e+01 4.738090309941586753e+01
4.693715594332417851e+01 4.891908825845163733e+01
4.693715594332417851e+01 4.782506548883360153e+01
4.693715594332417851e+01 4.194854259458998058e+01
4.693715594332417851e+01 4.716694230765608609e+01
4.693715594332417851e+01 4.853837600843007039e+01
4.693715594332417851e+01 5.018344029026056319e+01
4.693715594332417851e+01 4.972945311212303920e+01
4.693715594332417851e+01 4.779941629348891041e+01
4.693715594332417851e+01 4.533430369730288589e+01
4.693715594332417851e+01 4.512781760417191634e+01
4.693715594332417851e+01 4.395627956867694763e+01
4.693715594332417851e+01 4.259755896341067682e+01
4.693715594332417851e+01 4.607050209174173006e+01
4.693715594332417851e+01 4.205563177136269104e+01
4.693715594332417851e+01 4.678746439318610584e+01
4.693715594332417851e+01 4.675441809845340657e+01
4.693715594332417851e+01 4.726571878603974142e+01
4.693715594332417851e+01 4.683735975039754607e+01
4.693715594332417851e+01 4.614719925087727859e+01
4.693715594332417851e+01 4.260856687593641823e+01
4.693715594332417851e+01 5.015312642700234136e+01
4.693715594332417851e+01 5.015291135116045496e+01
4.693715594332417851e+01 4.329159191641761595e+01
4.693715594332417851e+01 4.665870974605303445e+01
4.693715594332417851e+01 4.753063009783488013e+01
4.693715594332417851e+01 4.623089302657081845e+01
4.693715594332417851e+01 4.303313865968904395e+01
4.693715594332417851e+01 5.005197987142783234e+01
4.693715594332417851e+01 4.756620271797756061e+01
4.693715594332417851e+01 4.915879109058077034e+01
4.693715594332417851e+01 4.691993684830966771e+01
4.693715594332417851e+01 4.818342125786788444e+01
4.693715594332417851e+01 4.690121070433652761e+01
4.693715594332417851e+01 4.674017486619932527e+01
4.693715594332417851e+01 5.342194986462617834e+01
4.693715594332417851e+01 4.666972182528418500e+01
4.693715594332417851e+01 4.306675225250171479e+01
4.693715594332417851e+01 3.833521225478429528e+01
4.693715594332417851e+01 4.914783302398710418e+01
4.693715594332417851e+01 4.808545948800588832e+01
4.693715594332417851e+01 4.877583007456983211e+01
4.693715594332417851e+01 4.340566654804337077e+01
4.693715594332417851e+01 4.610263171139816762e+01
4.693715594332417851e+01 4.416798290800552707e+01
4.693715594332417851e+01 4.281572402425785384e+01
4.693715594332417851e+01 5.019973528979311794e+01
4.693715594332417851e+01 4.749278478639686796e+01
4.693715594332417851e+01 4.567045555818519631e+01
4.693715594332417851e+01 5.080277828120902228e+01
4.693715594332417851e+01 4.835180056810919780e+01
4.693715594332417851e+01 5.059842379076971497e+01
4.693715594332417851e+01 4.562654794981826001e+01
4.693715594332417851e+01 4.230694897596639237e+01
4.693715594332417851e+01 4.194704736684975899e+01
4.693715594332417851e+01 4.802641667182258800e+01
4.693715594332417851e+01 4.543696108118088262e+01
4.693715594332417851e+01 4.919986007592642352e+01
4.693715594332417851e+01 4.758122184353454998e+01
4.693715594332417851e+01 4.465815232300927562e+01
4.693715594332417851e+01 4.978913865876607048e+01
4.693715594332417851e+01 4.569200108782507641e+01
4.693715594332417851e+01 4.210866955529787958e+01
4.693715594332417851e+01 4.428598909696591335e+01
4.693715594332417851e+01 4.365068023336244352e+01
4.693715594332417851e+01 4.971786837328129849e+01
4.693715594332417851e+01 4.895210446551084971e+01
4.693715594332417851e+01 4.701238361841175362e+01
4.693715594332417851e+01 4.620705568074003367e+01
4.693715594332417851e+01 4.393385751267727812e+01
4.693715594332417851e+01 4.477405287099738729e+01
4.693715594332417851e+01 4.496760088585654813e+01
4.693715594332417851e+01 5.430352940411249563e+01
4.693715594332417851e+01 4.392912084231659975e+01
4.693715594332417851e+01 5.008605080864169423e+01
4.693715594332417851e+01 4.214701579631443451e+01
4.693715594332417851e+01 5.100423768689183390e+01
4.693715594332417851e+01 5.015115176426315458e+01
4.693715594332417851e+01 4.708320759129438926e+01
4.693715594332417851e+01 4.926887927386196964e+01
4.693715594332417851e+01 4.921630158503943875e+01
4.693715594332417851e+01 4.494505349609151068e+01
4.693715594332417851e+01 4.502309937386746697e+01
4.693715594332417851e+01 4.597321468945432343e+01
4.693715594332417851e+01 5.053739824677979442e+01
4.693715594332417851e+01 4.418195713342581854e+01
4.693715594332417851e+01 4.458018382295519899e+01
4.693715594332417851e+01 4.605984969291372266e+01
4.693715594332417851e+01 4.841418315556455099e+01
4.693715594332417851e+01 4.480272587499223391e+01
4.693715594332417851e+01 4.736688181587476265e+01
4.693715594332417851e+01 4.034916841676471932e+01
4.693715594332417851e+01 4.117184354864532736e+01
4.693715594332417851e+01 4.626836520528495100e+01
4.693715594332417851e+01 3.804280910938852855e+01
4.693715594332417851e+01 5.139508804702933276e+01
4.693715594332417851e+01 4.106162300053780001e+01
4.693715594332417851e+01 4.384436983259891463e+01
4.693715594332417851e+01 4.914395837992908156e+01
4.693715594332417851e+01 4.809068219577149250e+01
4.693715594332417851e+01 4.691575964599625337e+01
4.693715594332417851e+01 4.980438763848560768e+01
4.693715594332417851e+01 4.649037537765504879e+01
4.693715594332417851e+01 4.527682813569819587e+01
4.693715594332417851e+01 5.384932539252737627e+01
4.693715594332417851e+01 4.869277433667479471e+01
4.693715594332417851e+01 4.215228720310989985e+01
4.693715594332417851e+01 4.094288418388721595e+01
4.693715594332417851e+01 4.764124426031008852e+01
4.693715594332417851e+01 4.057108161811487435e+01
4.693715594332417851e+01 4.657535095800286484e+01
4.693715594332417851e+01 4.775895334553784011e+01
4.693715594332417851e+01 4.464686748933822713e+01
4.693715594332417851e+01 4.533749393013276574e+01
4.693715594332417851e+01 5.078302812453937776e+01
4.693715594332417851e+01 4.507388096311682801e+01
4.693715594332417851e+01 4.709357624266368703e+01
4.693715594332417851e+01 4.722558660237369565e+01
4.693715594332417851e+01 4.719690958871575504e+01
4.693715594332417851e+01 5.033914254674731836e+01
4.693715594332417851e+01 4.781381902486799618e+01
4.693715594332417851e+01 5.156262002902689545e+01
4.693715594332417851e+01 4.623870550116934908e+01
4.693715594332417851e+01 4.898015101664484661e+01
4.693715594332417851e+01 4.264653331031127692e+01
4.693715594332417851e+01 4.543786904685323691e+01
4.693715594332417851e+01 4.939860054464270434e+01
4.693715594332417851e+01 4.914606253317897711e+01
4.693715594332417851e+01 4.779235305627059205e+01
4.693715594332417851e+01 4.876878333285443290e+01
4.693715594332417851e+01 4.695994890649878073e+01
4.693715594332417851e+01 4.894575033330546177e+01
4.693715594332417851e+01 4.325599216469564112e+01
4.693715594332417851e+01 4.930544859619865150e+01
4.693715594332417851e+01 4.505085324956301918e+01
4.693715594332417851e+01 4.711792084622945254e+01
4.693715594332417851e+01 4.186136841452427149e+01
4.693715594332417851e+01 4.411584276568414253e+01
4.693715594332417851e+01 4.544347546032342677e+01
4.693715594332417851e+01 4.656838203515111019e+01
4.693715594332417851e+01 4.574450263417168827e+01
4.693715594332417851e+01 4.895509169481370293e+01
4.693715594332417851e+01 4.264863785051765888e+01
4.693715594332417851e+01 4.401819695620510942e+01
4.693715594332417851e+01 5.041086079734780157e+01
4.693715594332417851e+01 4.821158792122466963e+01
4.693715594332417851e+01 4.811232139375000116e+01
4.693715594332417851e+01 4.387588931184509278e+01
4.693715594332417851e+01 4.413674874528439318e+01
4.693715594332417851e+01 4.718651999278297637e+01
4.693715594332417851e+01 4.878122327555919924e+01
4.693715594332417851e+01 4.760146830261596307e+01
4.693715594332417851e+01 4.733151393103059235e+01
4.693715594332417851e+01 4.674293254663933794e+01
4.693715594332417851e+01 4.485632158042824358e+01
4.693715594332417851e+01 4.769916165667461883e+01
4.693715594332417851e+01 4.371708066858730746e+01
4.693715594332417851e+01 4.988294706088876040e+01
4.693715594332417851e+01 4.664744404686778978e+01
4.693715594332417851e+01 4.509185025824312731e+01
4.693715594332417851e+01 4.020108357028249202e+01
4.693715594332417851e+01 4.106012988154067500e+01
4.693715594332417851e+01 5.144264000443422447e+01
4.693715594332417851e+01 5.094965851036982940e+01
4.693715594332417851e+01 4.973945546632422321e+01
4.693715594332417851e+01 4.676910688617323331e+01
4.693715594332417851e+01 4.811952095721188982e+01
4.693715594332417851e+01 4.380732575088989478e+01
4.693715594332417851e+01 4.589907857169074390e+01
4.693715594332417851e+01 4.425925269691816766e+01
4.693715594332417851e+01 5.461144336919982578e+01
4.693715594332417851e+01 4.237998173901824828e+01
4.693715594332417851e+01 4.523477228709595011e+01
4.693715594332417851e+01 4.457440655833870125e+01
4.693715594332417851e+01 4.892148808832882878e+01
4.693715594332417851e+01 4.017180711516186165e+01
4.693715594332417851e+01 4.463239518031794262e+01
4.693715594332417851e+01 3.979211640136808370e+01
4.693715594332417851e+01 4.644973517319395739e+01
4.693715594332417851e+01 4.293694058908312172e+01
4.693715594332417851e+01 4.404975018568059397e+01
4.693715594332417851e+01 4.868412058462855185e+01
4.693715594332417851e+01 4.528460571263957490e+01
4.693715594332417851e+01 5.044842860938054230e+01
4.693715594332417851e+01 5.107744036684164257e+01
4.693715594332417851e+01 4.459905260473972533e+01
4.693715594332417851e+01 5.002712260967835789e+01
4.693715594332417851e+01 5.349407959754410058e+01
4.693715594332417851e+01 4.590779155627464547e+01
4.693715594332417851e+01 4.531289688557283313e+01
4.693715594332417851e+01 4.901765637272900022e+01
4.693715594332417851e+01 4.660625621496372872e+01
4.693715594332417851e+01 4.951374543834460695e+01
4.693715594332417851e+01 4.869228359962851727e+01
4.693715594332417851e+01 4.149100779180172083e+01
4.693715594332417851e+01 4.635688835391590601e+01
4.693715594332417851e+01 5.074813923008980510e+01
4.693715594332417851e+01 4.960254873737004999e+01
4.693715594332417851e+01 5.057336754338753337e+01
4.693715594332417851e+01 4.851759845205810251e+01
4.693715594332417851e+01 4.278297648490758576e+01
4.693715594332417851e+01 3.776277031877632595e+01
4.693715594332417851e+01 4.784260848446141523e+01
4.693715594332417851e+01 4.431898442771334601e+01
4.693715594332417851e+01 5.023488223621247784e+01
4.693715594332417851e+01 4.556491355542021182e+01
4.693715594332417851e+01 4.504384630854736571e+01
4.693715594332417851e+01 4.858591606784867167e+01
4.693715594332417851e+01 4.683948597006043002e+01
4.693715594332417851e+01 4.813731249450219707e+01
4.693715594332417851e+01 4.202209874475406082e+01
4.693715594332417851e+01 4.186244479493726800e+01
4.693715594332417851e+01 4.683226222739807554e+01
4.693715594332417851e+01 4.235584403630048200e+01
4.693715594332417851e+01 5.098396473699619946e+01
4.693715594332417851e+01 4.619389973730465471e+01
4.693715594332417851e+01 4.735852181975013764e+01
4.693715594332417851e+01 4.597809082529734326e+01
4.693715594332417851e+01 4.787562745801969299e+01
4.693715594332417851e+01 4.376302161891290865e+01
4.693715594332417851e+01 4.753003067513261470e+01
4.693715594332417851e+01 4.041838870012137619e+01
4.693715594332417851e+01 4.884322600680796711e+01
4.693715594332417851e+01 5.290286725158544812e+01
4.693715594332417851e+01 4.806146383006780809e+01
4.693715594332417851e+01 4.805101355112074657e+01
4.693715594332417851e+01 4.339874286905802592e+01
4.693715594332417851e+01 4.094747258805050194e+01
4.693715594332417851e+01 4.577173341956714125e+01
4.693715594332417851e+01 4.575254312885435581e+01
4.693715594332417851e+01 4.554306972588042868e+01
4.693715594332417851e+01 4.693109276454598700e+01
4.693715594332417851e+01 4.827531839505195421e+01
4.693715594332417851e+01 3.853977032810458070e+01
4.693715594332417851e+01 4.470242563009346526e+01
4.693715594332417851e+01 4.667626788179513397e+01
4.693715594332417851e+01 4.319144868719534003e+01
4.693715594332417851e+01 4.508645453003494197e+01
4.693715594332417851e+01 4.280163343159837552e+01
4.693715594332417851e+01 4.643777731222472482e+01
4.693715594332417851e+01 4.777841656818470994e+01
4.693715594332417851e+01 4.117814439466552301e+01
4.693715594332417851e+01 4.315408495640197373e+01
4.693715594332417851e+01 4.182718753637462328e+01
4.693715594332417851e+01 4.350361556246058115e+01
4.693715594332417851e+01 4.172288708041671157e+01
4.693715594332417851e+01 4.529873465912302066e+01
4.693715594332417851e+01 4.695990559630807581e+01
4.693715594332417851e+01 4.818200960076018191e+01
4.693715594332417851e+01 4.582241066472910518e+01
4.693715594332417851e+01 4.525614501152952585e+01
4.693715594332417851e+01 4.627398084423725066e+01
4.693715594332417851e+01 4.379921616364202208e+01
4.693715594332417851e+01 4.577308753919434992e+01
4.693715594332417851e+01 4.602196586254802924e+01
4.693715594332417851e+01 5.505231720047487443e+01
4.693715594332417851e+01 4.595772445305382092e+01
4.693715594332417851e+01 4.700998393163989419e+01
4.693715594332417851e+01 4.548044233951443260e+01
4.693715594332417851e+01 4.541042956669511454e+01
4.693715594332417851e+01 4.734527122555897449e+01
4.693715594332417851e+01 4.580821948183302084e+01
4.693715594332417851e+01 4.159228535175937935e+01
4.693715594332417851e+01 4.478540778368934383e+01
4.693715594332417851e+01 4.562446269410525446e+01
4.693715594332417851e+01 4.511018822290651542e+01
4.693715594332417851e+01 4.553111861238146929e+01
4.693715594332417851e+01 4.329549676497010324e+01
4.693715594332417851e+01 4.512564876911117295e+01
4.693715594332417851e+01 4.444025401766707972e+01
4.693715594332417851e+01 4.688649304322188982e+01
4.693715594332417851e+01 4.664657975274677426e+01
4.693715594332417851e+01 4.471232486206996271e+01
4.693715594332417851e+01 4.979364122029569018e+01
4.693715594332417851e+01 4.831860810357600400e+01
4.693715594332417851e+01 4.590692386635910083e+01
4.693715594332417851e+01 4.398835546533746310e+01
4.693715594332417851e+01 4.687032306208411114e+01
4.693715594332417851e+01 5.226145098283533486e+01
4.693715594332417851e+01 4.540184098069222074e+01
4.693715594332417851e+01 4.601288694741537455e+01
4.693715594332417851e+01 4.334119933520604917e+01
4.693715594332417851e+01 4.750545927837610094e+01
4.693715594332417851e+01 4.660068699576951445e+01
4.693715594332417851e+01 4.306459869756025682e+01
4.693715594332417851e+01 4.633622719415582480e+01
4.693715594332417851e+01 4.493931060626352547e+01
4.693715594332417851e+01 4.978192867138130850e+01
4.693715594332417851e+01 4.817821713478371493e+01
4.693715594332417851e+01 4.595376976621478349e+01
4.693715594332417851e+01 4.790396208523299748e+01
4.693715594332417851e+01 4.265713944746717345e+01
4.693715594332417851e+01 4.561478959514676035e+01
4.693715594332417851e+01 4.798787534975927827e+01
4.693715594332417851e+01 4.672518827950052156e+01
4.693715594332417851e+01 4.320094739378856730e+01
4.693715594332417851e+01 4.785642868749625478e+01
4.693715594332417851e+01 4.908292969265585981e+01
4.693715594332417851e+01 4.467251678935799220e+01
4.693715594332417851e+01 4.701064544336369977e+01
4.693715594332417851e+01 4.064263089306176369e+01
4.693715594332417851e+01 4.351733822217241965e+01
4.693715594332417851e+01 4.673342491501496454e+01
4.693715594332417851e+01 4.449360648633248161e+01
4.693715594332417851e+01 4.795616870348128202e+01
4.693715594332417851e+01 4.222523253202664506e+01
4.693715594332417851e+01 4.546050141983972281e+01
4.693715594332417851e+01 4.452418613462523922e+01
4.693715594332417851e+01 4.868360917868091065e+01
4.693715594332417851e+01 4.484146889714011763e+01
4.693715594332417851e+01 4.611543740984984652e+01
4.693715594332417851e+01 4.301376069898166321e+01
4.693715594332417851e+01 4.699311041568568470e+01
4.693715594332417851e+01 4.230126410947277549e+01
4.693715594332417851e+01 4.114927958613759529e+01
4.693715594332417851e+01 4.788859680296652499e+01
4.693715594332417851e+01 4.522677169675608866e+01
4.693715594332417851e+01 5.291382181070054713e+01
4.693715594332417851e+01 4.771798591474817641e+01
4.693715594332417851e+01 4.675487494428730173e+01
4.693715594332417851e+01 4.592095857303758066e+01
4.693715594332417851e+01 4.392865209664529402e+01
4.693715594332417851e+01 4.357572387300066197e+01
4.693715594332417851e+01 4.486368195092427413e+01
4.693715594332417851e+01 4.762734912910374163e+01
4.693715594332417851e+01 5.300629107414769692e+01
4.693715594332417851e+01 4.166266573808877638e+01
4.693715594332417851e+01 4.307211761695148056e+01
4.693715594332417851e+01 4.871871381690702663e+01
4.693715594332417851e+01 4.345279278427022973e+01
4.693715594332417851e+01 4.485768393599771287e+01
4.693715594332417851e+01 4.347833769337275100e+01
4.693715594332417851e+01 4.746358382026836864e+01
4.693715594332417851e+01 5.316904097197992485e+01
4.693715594332417851e+01 5.101185596883069451e+01
4.693715594332417851e+01 4.250412447413309280e+01
4.693715594332417851e+01 4.473515656382366501e+01
4.693715594332417851e+01 4.402175399457779292e+01
4.693715594332417851e+01 4.897409315401123564e+01
4.693715594332417851e+01 4.113625353274487395e+01
4.693715594332417851e+01 4.854850372586763285e+01
4.693715594332417851e+01 4.549371966996920946e+01
4.693715594332417851e+01 5.185806485029042534e+01
4.693715594332417851e+01 4.458581327374062653e+01
4.693715594332417851e+01 4.265594829596076920e+01
4.693715594332417851e+01 4.313055684033124493e+01
4.693715594332417851e+01 4.380288743617236236e+01
4.693715594332417851e+01 4.564065645327076481e+01
4.693715594332417851e+01 4.258270777943011609e+01
4.693715594332417851e+01 5.212020931612153163e+01
4.693715594332417851e+01 4.738757064586127399e+01
4.693715594332417851e+01 4.445055142692084615e+01
4.693715594332417851e+01 4.260260498774822935e+01
4.693715594332417851e+01 4.099085794358514079e+01
4.693715594332417851e+01 5.224100408031842591e+01
4.693715594332417851e+01 4.796211904779960378e+01
4.693715594332417851e+01 4.932562196241062935e+01
4.693715594332417851e+01 4.987314140495884374e+01
4.693715594332417851e+01 4.433209567850563815e+01
4.693715594332417851e+01 4.683175181310507185e+01
4.693715594332417851e+01 4.701560464059051725e+01
