4.693715594332417851e+01 4.827471497368767217e+01
4.693715594332417851e+01 4.257923781897665805e+01
4.693715594332417851e+01 4.231311464294045521e+01
4.693715594332417851e+01 4.626555336008107133e+01
4.693715594332417851e+01 4.759976389142564557e+01
4.693715594332417851e+01 4.332227403492540674e+01
4.693715594332417851e+01 4.504803008705707157e+01
4.693715594332417851e+01 5.590176929480060863e+01
4.693715594332417851e+01 4.949683596083304593e+01
4.693715594332417851e+01 5.144380305411685583e+01
4.693715594332417851e+01 4.515001513295300839e+01
4.693715594332417851e+01 4.406835452057902103e+01
4.693715594332417851e+01 5.182561640284906446e+01
4.693715594332417851e+01 4.387072831866581879e+01
4.693715594332417851e+01 4.242414233889942210e+01
4.693715594332417851e+01 4.942139194781946543e+01
4.693715594332417851e+01 4.448629559765363695e+01
4.693715594332417851e+01 4.597296532204752850e+01
4.693715594332417851e+01 4.272050294830194161e+01
4.693715594332417851e+01 4.274396729585529187e+01
4.693715594332417851e+01 4.420762246470626167e+01
4.693715594332417851e+01 4.512640639802413034e+01
4.693715594332417851e+01 4.891960034935819124e+01
4.693715594332417851e+01 4.054241405413424815e+01
4.693715594332417851e+01 4.914393551141566974e+01
4.693715594332417851e+01 4.635569120034363522e+01
4.693715594332417851e+01 4.250865959703060781e+01
4.693715594332417851e+01 5.137292196379836895e+01
4.693715594332417851e+01 4.711684555211131453e+01
4.693715594332417851e+01 4.607707011866579450e+01
4.693715594332417851e+01 4.945991265143810267e+01
4.693715594332417851e+01 4.818634769266014928e+01
4.693715594332417851e+01 4.321673286796391977e+01
4.693715594332417851e+01 4.656097699503691700e+01
4.693715594332417851e+01 4.940054537808958912e+01
4.693715594332417851e+01 4.522293367878815218e+01
4.693715594332417851e+01 4.877113613139114534e+01
4.693715594332417851e+01 4.217876185314688087e+01
4.693715594332417851e+01 4.229075347381836281e+01
4.693715594332417851e+01 4.412712270674603587e+01
4.693715594332417851e+01 5.177072734658823094e+01
4.693715594332417851e+01 4.494987300316208945e+01
4.693715594332417851e+01 4.286748251147244559e+01
4.693715594332417851e+01 4.727842748263356043e+01
4.693715594332417851e+01 5.326101613471293206e+01
4.693715594332417851e+01 4.486417658504512929e+01
4.693715594332417851e+01 4.451084674502826743e+01
4.693715594332417851e+01 4.032082112241787542e+01
4.693715594332417851e+01 4.729076430145649113e+01
4.693715594332417851e+01 4.503413153648611456e+01
4.693715594332417851e+01 4.065984155582627579e+01
4.693715594332417851e+01 4.495167554297065493e+01
4.693715594332417851e+01 4.277325768343619927e+01
4.693715594332417851e+01 4.271126886081255947e+01
4.693715594332417851e+01 4.530058394714190229e+01
4.693715594332417851e+01 4.833100724320789965e+01
4.693715594332417851e+01 5.280658408414941363e+01
4.693715594332417851e+01 5.047740945601741203e+01
4.693715594332417851e+01 4.330481271076363470e+01
4.693715594332417851e+01 4.594511968943155722e+01
4.693715594332417851e+01 4.633736406944544228e+01
4.693715594332417851e+01 5.079533066719223200e+01
4.693715594332417851e+01 4.870459225056839614e+01
4.693715594332417851e+01 4.545037837820141391e+01
4.693715594332417851e+01 4.292402557203819669e+01
4.693715594332417851e+01 5.190626813209362211e+01
4.693715594332417851e+01 4.057907012783043399e+01
4.693715594332417851e+01 4.626409472740927953e+01
4.693715594332417851e+01 4.597928948788275960e+01
4.693715594332417851e+01 5.213834512298899426e+01
4.693715594332417851e+01 4.904221729958095466e+01
4.693715594332417851e+01 5.168208379827664345e+01
4.693715594332417851e+01 4.496360102512441870e+01
4.693715594332417851e+01 4.545983350830267256e+01
4.693715594332417851e+01 4.645432405594097247e+01
4.693715594332417851e+01 4.686367312066823843e+01
4.693715594332417851e+01 5.162451239816293480e+01
4.693715594332417851e+01 5.060146216912266226e+01
4.693715594332417851e+01 4.627777143653884906e+01
4.693715594332417851e+01 4.276266295665782735e+01
4.693715594332417851e+01 4.334206921232809151e+01
4.693715594332417851e+01 4.655236488240658588e+01
4.693715594332417851e+01 4.555543656321609092e+01
4.693715594332417851e+01 4.330636571738381946e+01
4.693715594332417851e+01 4.500961240244601669e+01
4.693715594332417851e+01 4.542188520840878851e+01
4.693715594332417851e+01 4.775414333133934974e+01
4.693715594332417851e+01 4.608356936586196895e+01
4.693715594332417851e+01 4.869093193649325713e+01
4.693715594332417851e+01 4.388504595679408737e+01
4.693715594332417851e+01 4.775963924039110964e+01
4.693715594332417851e+01 4.882347825473792113e+01
4.693715594332417851e+01 4.195524569869212428e+01
4.693715594332417851e+01 4.478083833302765981e+01
4.693715594332417851e+01 4.225095675797024342e+01
4.693715594332417851e+01 4.848188274162809819e+01
4.693715594332417851e+01 4.097337564540663379e+01
4.693715594332417851e+01 4.658167012151596964e+01
4.693715594332417851e+01 3.917129949279491541e+01
4.693715594332417851e+01 4.536008262637774635e+01
4.693715594332417851e+01 4.984906283437624097e+01
4.693715594332417851e+01 4.875762344470565068e+01
4.693715594332417851e+01 4.579459565390787645e+01
4.693715594332417851e+01 4.308884774164409492e+01
4.693715594332417851e+01 4.390920006425528044e+01
4.693715594332417851e+01 5.002609722211005305e+01
4.693715594332417851e+01 4.947371760511322236e+01
4.693715594332417851e+01 4.779362012994191389e+01
4.693715594332417851e+01 4.938593905433503295e+01
4.693715594332417851e+01 4.263971648850336038e+01
4.693715594332417851e+01 5.363436057988654682e+01
4.693715594332417851e+01 4.262396246344869866e+01
4.693715594332417851e+01 4.434390829414331137e+01
4.693715594332417851e+01 4.518872017379845829e+01
4.693715594332417851e+01 4.776034904071187981e+01
4.693715594332417851e+01 3.789730295559041906e+01
4.693715594332417851e+01 4.738457833646288009e+01
4.693715594332417851e+01 4.770141546896698515e+01
4.693715594332417851e+01 4.684964753687536643e+01
4.693715594332417851e+01 4.340353918198906769e+01
4.693715594332417851e+01 4.728770938760515463e+01
4.693715594332417851e+01 5.164874297916689017e+01
4.693715594332417851e+01 5.213446585649803922e+01
4.693715594332417851e+01 4.838402737773837714e+01
4.693715594332417851e+01 4.758644057800323424e+01
4.693715594332417851e+01 4.245895096169110872e+01
4.693715594332417851e+01 4.749744880051341056e+01
4.693715594332417851e+01 4.476760141258986891e+01
4.693715594332417851e+01 4.615349276629712705e+01
4.693715594332417851e+01 4.394191030390828701e+01
4.693715594332417851e+01 4.370568768914477431e+01
4.693715594332417851e+01 4.354565658557576313e+01
4.693715594332417851e+01 4.719523690145989292e+01
4.693715594332417851e+01 4.359470259339305187e+01
4.693715594332417851e+01 4.929693223036019134e+01
4.693715594332417851e+01 4.335788394080334740e+01
4.693715594332417851e+01 4.524038355019022362e+01
4.693715594332417851e+01 5.274094245281632709e+01
4.693715594332417851e+01 4.631017080955530218e+01
4.693715594332417851e+01 3.955105845013548560e+01
4.693715594332417851e+01 4.831989756876221520e+01
4.693715594332417851e+01 4.781350696849780491e+01
4.693715594332417851e+01 4.066760846059369783e+01
4.693715594332417851e+01 4.866856248371218641e+01
4.693715594332417851e+01 4.262703315170889340e+01
4.693715594332417851e+01 4.207796019238745799e+01
4.693715594332417851e+01 4.508332241795782380e+01
4.693715594332417851e+01 4.411404846124912638e+01
4.693715594332417851e+01 4.263554284913794845e+01
4.693715594332417851e+01 5.156351031371222859e+01
4.693715594332417851e+01 4.082834717108790556e+01
4.693715594332417851e+01 4.514513591158795691e+01
4.693715594332417851e+01 5.441438644644493650e+01
4.693715594332417851e+01 4.673621472012090550e+01
4.693715594332417851e+01 5.339020459106066596e+01
4.693715594332417851e+01 4.541932940086916659e+01
4.693715594332417851e+01 4.381293931930911612e+01
4.693715594332417851e+01 4.223995829993617690e+01
4.693715594332417851e+01 4.632345797847384716e+01
4.693715594332417851e+01 4.752052499881259706e+01
4.693715594332417851e+01 4.558567744965282742e+01
4.693715594332417851e+01 4.686525808629220791e+01
4.693715594332417851e+01 5.140980580995069715e+01
4.693715594332417851e+01 4.744128999238824917e+01
4.693715594332417851e+01 4.676051602632325199e+01
4.693715594332417851e+01 4.122235543664237412e+01
4.693715594332417851e+01 5.009406800890931066e+01
4.693715594332417851e+01 4.688315744476385305e+01
4.693715594332417851e+01 4.974099475872868936e+01
4.693715594332417851e+01 4.778857080467140861e+01
4.693715594332417851e+01 4.795148646997390784e+01
4.693715594332417851e+01 4.645468852831965734e+01
4.693715594332417851e+01 4.961475294687359394e+01
4.693715594332417851e+01 4.717503121880980643e+01
4.693715594332417851e+01 4.559102693891880165e+01
4.693715594332417851e+01 4.569571728177724168e+01
4.693715594332417851e+01 4.905043975681942214e+01
4.693715594332417851e+01 5.148223903701754978e+01
4.693715594332417851e+01 5.201422890385437370e+01
4.693715594332417851e+01 4.752381444210888617e+01
4.693715594332417851e+01 5.078983709372113253e+01
4.693715594332417851e+01 4.511365537130277659e+01
4.693715594332417851e+01 4.728311438603407879e+01
4.693715594332417851e+01 4.408836603929857745e+01
4.693715594332417851e+01 4.215751686325447167e+01
4.693715594332417851e+01 4.229653184300730828e+01
4.693715594332417851e+01 4.620038755985040524e+01
4.693715594332417851e+01 4.145587161307442159e+01
4.693715594332417851e+01 4.540624489382157236e+01
4.693715594332417851e+01 4.705004957909038410e+01
4.693715594332417851e+01 4.708525542001683561e+01
4.693715594332417851e+01 4.295599387859687113e+01
4.693715594332417851e+01 4.352927430036427836e+01
4.693715594332417851e+01 4.369673566231023187e+01
4.693715594332417851e+01 4.406245301526094948e+01
4.693715594332417851e+01 4.343618204841990860e+01
4.693715594332417851e+01 4.155681666071773606e+01
4.693715594332417851e+01 4.833173010528260960e+01
4.693715594332417851e+01 4.629556428781334176e+01
4.693715594332417851e+01 5.525429807885196709e+01
4.693715594332417851e+01 4.527996229836579545e+01
4.693715594332417851e+01 4.762148175257918581e+01
4.693715594332417851e+01 4.319262916492235149e+01
4.693715594332417851e+01 4.009569720117106328e+01
4.693715594332417851e+01 4.727387255140907030e+01
4.693715594332417851e+01 5.070612407701643320e+01
4.693715594332417851e+01 3.841306625365968586e+01
4.693715594332417851e+01 5.357980018528545685e+01
4.693715594332417851e+01 4.631574074771491922e+01
4.693715594332417851e+01 4.454986235160848906e+01
4.693715594332417851e+01 4.218545009704914150e+01
4.693715594332417851e+01 4.187597334696232565e+01
4.693715594332417851e+01 4.915400315946811105e+01
4.693715594332417851e+01 4.202550739302672866e+01
4.693715594332417851e+01 4.387912251743980363e+01
4.693715594332417851e+01 4.237226520579350364e+01
4.693715594332417851e+01 4.221296702840204063e+01
4.693715594332417851e+01 4.869990074633279420e+01
4.693715594332417851e+01 4.120643799950643427e+01
4.693715594332417851e+01 4.401387409582257959e+01
4.693715594332417851e+01 4.852353469158648380e+01
4.693715594332417851e+01 4.312505110536678643e+01
4.693715594332417851e+01 4.403166245889639185e+01
4.693715594332417851e+01 4.612724785899363411e+01
4.693715594332417851e+01 4.288470709054589491e+01
4.693715594332417851e+01 4.834331042335467288e+01
4.693715594332417851e+01 4.433592754503771971e+01
4.693715594332417851e+01 4.360839920969357308e+01
4.693715594332417851e+01 4.348050519605726549e+01
4.693715594332417851e+01 5.485858557645193656e+01
4.693715594332417851e+01 5.068439859192621810e+01
4.693715594332417851e+01 4.810784779606186135e+01
4.693715594332417851e+01 4.530869108990640370e+01
4.693715594332417851e+01 4.900693289800157970e+01
4.693715594332417851e+01 4.496499832944772379e+01
4.693715594332417851e+01 4.407085373800641293e+01
4.693715594332417851e+01 4.801772799402775860e+01
4.693715594332417851e+01 4.675638510433068973e+01
4.693715594332417851e+01 4.748628457310913120e+01
4.693715594332417851e+01 4.657740139042395100e+01
4.693715594332417851e+01 4.326001032100045052e+01
4.693715594332417851e+01 4.980061964037770394e+01
4.693715594332417851e+01 4.660651624454187214e+01
4.693715594332417851e+01 5.280596138335313583e+01
4.693715594332417851e+01 4.810606047666422569e+01
4.693715594332417851e+01 4.133135383780816596e+01
4.693715594332417851e+01 4.550455375192805718e+01
4.693715594332417851e+01 4.987119960182928935e+01
4.693715594332417851e+01 4.470455826290226042e+01
4.693715594332417851e+01 4.368950474001146489e+01
4.693715594332417851e+01 4.905490716513880756e+01
4.693715594332417851e+01 4.413669600665394910e+01
4.693715594332417851e+01 4.836098629257154613e+01
4.693715594332417851e+01 4.576869886509052066e+01
4.693715594332417851e+01 4.521931143857009516e+01
4.693715594332417851e+01 4.941611728233167611e+01
4.693715594332417851e+01 4.661601061522453193e+01
4.693715594332417851e+01 5.153417340732737983e+01
4.693715594332417851e+01 4.409821265022907255e+01
4.693715594332417851e+01 4.638614816457466361e+01
4.693715594332417851e+01 4.543003194567146608e+01
4.693715594332417851e+01 5.649324923499413131e+01
4.693715594332417851e+01 5.198724679949058469e+01
4.693715594332417851e+01 4.181700744339512710e+01
4.693715594332417851e+01 5.395687594976780588e+01
4.693715594332417851e+01 3.811150949174338365e+01
4.693715594332417851e+01 4.602275350667783016e+01
4.693715594332417851e+01 4.857242012609924586e+01
4.693715594332417851e+01 4.447351629691123520e+01
4.693715594332417851e+01 4.390770643169347665e+01
4.693715594332417851e+01 3.992090190793991411e+01
4.693715594332417851e+01 4.662353890423361236e+01
4.693715594332417851e+01 4.791322582156357868e+01
4.693715594332417851e+01 4.511636134271338960e+01
4.693715594332417851e+01 4.048276079630200996e+01
4.693715594332417851e+01 4.454567893782172661e+01
4.693715594332417851e+01 4.383473458272049328e+01
4.693715594332417851e+01 4.462726665956449068e+01
4.693715594332417851e+01 4.389535997387631028e+01
4.693715594332417851e+01 4.670093663364573189e+01
4.693715594332417851e+01 4.614905356553259708e+01
4.693715594332417851e+01 5.147287422595625372e+01
4.693715594332417851e+01 5.127247600145816619e+01
4.693715594332417851e+01 4.575763633841180678e+01
4.693715594332417851e+01 4.560610000771777806e+01
4.693715594332417851e+01 4.405950962866172205e+01
4.693715594332417851e+01 4.601809490365190669e+01
4.693715594332417851e+01 4.898155959725526998e+01
4.693715594332417851e+01 5.189827904956788274e+01
4.693715594332417851e+01 5.106799126361827490e+01
4.693715594332417851e+01 4.274565861148565205e+01
4.693715594332417851e+01 4.490135662528575722e+01
4.693715594332417851e+01 4.288806728013208414e+01
4.693715594332417851e+01 4.816504818824341072e+01
4.693715594332417851e+01 4.967816388173684317e+01
4.693715594332417851e+01 5.167095143583921413e+01
4.693715594332417851e+01 4.254535858773238033e+01
4.693715594332417851e+01 4.720589347770945210e+01
4.693715594332417851e+01 5.551328143264140635e+01
4.693715594332417851e+01 4.520794507091299153e+01
4.693715594332417851e+01 4.308925451726639011e+01
4.693715594332417851e+01 4.375453270510431025e+01
4.693715594332417851e+01 4.510273940097993517e+01
4.693715594332417851e+01 4.825673197783284962e+01
4.693715594332417851e+01 5.749298094166900341e+01
4.693715594332417851e+01 4.548972662956811064e+01
4.693715594332417851e+01 4.181105077749106158e+01
4.693715594332417851e+01 4.418889094607060741e+01
4.693715594332417851e+01 4.790983172112742494e+01
4.693715594332417851e+01 4.346790723600435058e+01
4.693715594332417851e+01 4.595530800518454129e+01
4.693715594332417851e+01 4.651804378216557723e+01
4.693715594332417851e+01 4.187693314696468860e+01
4.693715594332417851e+01 4.657882969246691829e+01
4.693715594332417851e+01 4.349781425405173962e+01
4.693715594332417851e+01 4.993560342741184854e+01
4.693715594332417851e+01 4.405686787091120493e+01
4.693715594332417851e+01 4.715962457303938749e+01
4.693715594332417851e+01 4.520788298784746218e+01
4.693715594332417851e+01 4.616055376437390834e+01
4.693715594332417851e+01 4.350095424593201443e+01
4.693715594332417851e+01 4.798203194037019159e+01
4.693715594332417851e+01 4.654328907200050480e+01
4.693715594332417851e+01 4.482387415283378118e+01
4.693715594332417851e+01 4.471081568412775198e+01
4.693715594332417851e+01 4.440037698147002487e+01
4.693715594332417851e+01 4.820771530586216613e+01
4.693715594332417851e+01 4.991946543987665308e+01
4.693715594332417851e+01 4.426571120786924496e+01
4.693715594332417851e+01 4.570383665476123269e+01
4.693715594332417851e+01 5.030510673757945028e+01
4.693715594332417851e+01 4.969058322391030202e+01
4.693715594332417851e+01 4.376043166781646931e+01
4.693715594332417851e+01 4.271982937354440679e+01
4.693715594332417851e+01 4.309009835933930788e+01
4.693715594332417851e+01 4.551685714037628117e+01
4.693715594332417851e+01 4.356912354763275630e+01
4.693715594332417851e+01 5.336423833455859267e+01
4.693715594332417851e+01 4.434708497990123988e+01
4.693715594332417851e+01 4.936792674691637473e+01
4.693715594332417851e+01 4.832455248289640082e+01
4.693715594332417851e+01 4.430597467878368434e+01
4.693715594332417851e+01 4.224602063100537919e+01
4.693715594332417851e+01 4.544747009780328284e+01
4.693715594332417851e+01 4.677116685737128421e+01
4.693715594332417851e+01 4.348962508040941799e+01
4.693715594332417851e+01 4.874236771748272901e+01
4.693715594332417851e+01 4.576136078410489461e+01
4.693715594332417851e+01 4.245393784107866963e+01
4.693715594332417851e+01 4.547886519308981690e+01
4.693715594332417851e+01 4.743236702473385691e+01
4.693715594332417851e+01 4.821067728186995538e+01
4.693715594332417851e+01 4.657537590295614649e+01
4.693715594332417851e+01 4.619975670718739025e+01
4.693715594332417851e+01 4.391664008437394529e+01
4.693715594332417851e+01 4.566517202050706459e+01
4.693715594332417851e+01 4.525681619639627939e+01
4.693715594332417851e+01 4.639867554933196203e+01
4.693715594332417851e+01 4.000803807726044425e+01
4.693715594332417851e+01 4.371599005692039697e+01
4.693715594332417851e+01 3.990293082498073574e+01
4.693715594332417851e+01 4.550659398271999834e+01
4.693715594332417851e+01 4.594809433632442364e+01
4.693715594332417851e+01 5.008688963551310991e+01
4.693715594332417851e+01 4.324278935593542883e+01
4.693715594332417851e+01 4.265076824506474651e+01
4.693715594332417851e+01 5.251031084530689697e+01
4.693715594332417851e+01 4.505270833361775118e+01
4.693715594332417851e+01 4.338826032911114794e+01
4.693715594332417851e+01 4.359218174302807824e+01
4.693715594332417851e+01 4.781000155739021551e+01
4.693715594332417851e+01 4.514692965680577430e+01
4.693715594332417851e+01 4.145080998548324658e+01
4.693715594332417851e+01 4.478824566623283943e+01
4.693715594332417851e+01 3.945305698607131006e+01
4.693715594332417851e+01 4.187674012876600216e+01
4.693715594332417851e+01 4.714102043104384165e+01
4.693715594332417851e+01 4.392796157365768295e+01
4.693715594332417851e+01 4.219026348493125056e+01
4.693715594332417851e+01 4.882302021105276424e+01
4.693715594332417851e+01 4.554039635073945647e+01
4.693715594332417851e+01 4.244311687546642275e+01
4.693715594332417851e+01 4.401584464394371565e+01
4.693715594332417851e+01 4.733664359267822164e+01
4.693715594332417851e+01 5.080295473514235738e+01
4.693715594332417851e+01 4.833563100106088939e+01
4.693715594332417851e+01 4.870570443806269623e+01
4.693715594332417851e+01 4.454658080944066256e+01
4.693715594332417851e+01 5.079371257399606776e+01
4.693715594332417851e+01 4.630070517159897037e+01
4.693715594332417851e+01 4.566854453832683447e+01
4.693715594332417851e+01 4.426744644722645461e+01
4.693715594332417851e+01 4.586893266960780835e+01
4.693715594332417851e+01 4.480851977013521292e+01
4.693715594332417851e+01 4.149377669022732817e+01
4.693715594332417851e+01 5.079462892112660910e+01
4.693715594332417851e+01 4.794472521275338295e+01
4.693715594332417851e+01 4.857167359631731074e+01
4.693715594332417851e+01 4.201565817242897793e+01
4.693715594332417851e+01 4.189900071068394993e+01
4.693715594332417851e+01 4.850922614459293669e+01
4.693715594332417851e+01 4.608618501308811943e+01
4.693715594332417851e+01 5.482944085032557524e+01
4.693715594332417851e+01 5.123350132651832922e+01
4.693715594332417851e+01 4.339840991100371070e+01
4.693715594332417851e+01 4.671921379331588753e+01
4.693715594332417851e+01 4.483041629203055578e+01
4.693715594332417851e+01 4.434830194979711848e+01
4.693715594332417851e+01 4.635318946505529425e+01
4.693715594332417851e+01 4.620385938233712153e+01
4.693715594332417851e+01 5.000828879869720822e+01
4.693715594332417851e+01 5.065170438151034205e+01
4.693715594332417851e+01 5.101753184006416575e+01
4.693715594332417851e+01 4.103826854736721685e+01
4.693715594332417851e+01 4.596191991647742014e+01
4.693715594332417851e+01 4.005216932155089182e+01
4.693715594332417851e+01 5.476594039367810041e+01
4.693715594332417851e+01 5.142759007543617145e+01
4.693715594332417851e+01 4.871054525287391357e+01
4.693715594332417851e+01 4.591028384249362659e+01
4.693715594332417851e+01 4.753335502411679414e+01
4.693715594332417851e+01 4.381913835894550857e+01
4.693715594332417851e+01 4.278018824287306643e+01
4.693715594332417851e+01 4.467453299644413534e+01
4.693715594332417851e+01 4.880238951675968195e+01
4.693715594332417851e+01 4.371575319300754359e+01
4.693715594332417851e+01 4.504229273487151630e+01
4.693715594332417851e+01 4.638734597688966232e+01
4.693715594332417851e+01 4.688420982568985806e+01
4.693715594332417851e+01 5.243951107077774765e+01
4.693715594332417851e+01 4.681549176036516258e+01
4.693715594332417851e+01 4.928953419486304455e+01
4.693715594332417851e+01 4.339549820420388215e+01
4.693715594332417851e+01 4.404308546813756209e+01
4.693715594332417851e+01 5.011835284102911459e+01
4.693715594332417851e+01 4.606246259659259579e+01
4.693715594332417851e+01 4.622334342387438255e+01
4.693715594332417851e+01 5.076877395493356460e+01
4.693715594332417851e+01 4.822436539152391788e+01
4.693715594332417851e+01 4.044566493224620984e+01
4.693715594332417851e+01 4.650251685330661644e+01
4.693715594332417851e+01 4.843881609168028035e+01
4.693715594332417851e+01 4.925690596563791956e+01
4.693715594332417851e+01 5.335518354708712963e+01
4.693715594332417851e+01 4.933758435699775191e+01
4.693715594332417851e+01 4.950466342864177705e+01
4.693715594332417851e+01 4.193961621449933830e+01
4.693715594332417851e+01 4.983549127167637494e+01
4.693715594332417851e+01 4.332288369339929091e+01
4.693715594332417851e+01 4.353671635099183135e+01
4.693715594332417851e+01 4.656519406337993416e+01
4.693715594332417851e+01 4.585531621709561989e+01
4.693715594332417851e+01 4.421406450298206892e+01
4.693715594332417851e+01 4.204686435076729367e+01
4.693715594332417851e+01 4.018437293737983396e+01
4.693715594332417851e+01 4.949594577007822238e+01
4.693715594332417851e+01 4.516678767687669449e+01
4.693715594332417851e+01 4.449954118427903893e+01
4.693715594332417851e+01 4.177984710212202657e+01
4.693715594332417851e+01 4.934873465139141757e+01
4.693715594332417851e+01 4.837221756056320743e+01
4.693715594332417851e+01 4.251664640599670975e+01
4.693715594332417851e+01 4.874054249374458436e+01
4.693715594332417851e+01 4.134751763047984241e+01
4.693715594332417851e+01 4.097534282984294407e+01
4.693715594332417851e+01 4.630853659552040824e+01
4.693715594332417851e+01 4.873345607050035966e+01
4.693715594332417851e+01 4.465696336991838677e+01
4.693715594332417851e+01 4.756621296254125753e+01
4.693715594332417851e+01 4.795863674023093637e+01
4.693715594332417851e+01 4.395915719798374255e+01
4.693715594332417851e+01 4.789238929681040702e+01
4.693715594332417851e+01 4.772197472893812886e+01
4.693715594332417851e+01 4.850760126248542292e+01
4.693715594332417851e+01 4.709513897371262203e+01
4.693715594332417851e+01 4.553473180116976238e+01
4.693715594332417851e+01 4.837692607978652859e+01
4.693715594332417851e+01 4.221873691803472894e+01
4.693715594332417851e+01 4.003140141034078425e+01
4.693715594332417851e+01 4.549882181157440897e+01
4.693715594332417851e+01 4.003207943244477462e+01
4.693715594332417851e+01 5.385151092052939248e+01
4.693715594332417851e+01 4.884048866267398381e+01
4.693715594332417851e+01 5.000001081768874656e+01
4.693715594332417851e+01 4.759682998906504281e+01
4.693715594332417851e+01 5.179897173681056444e+01
4.693715594332417851e+01 4.811395681020442083e+01
4.693715594332417851e+01 4.863076255143135995e+01
4.693715594332417851e+01 4.357365968218361729e+01
4.693715594332417851e+01 4.743452256171883619e+01
4.693715594332417851e+01 4.732047682119436871e+01
4.693715594332417851e+01 4.453627360236090738e+01
4.693715594332417851e+01 4.466769197206088648e+01
4.693715594332417851e+01 3.990070713019916582e+01
4.693715594332417851e+01 5.047947639625951410e+01
4.693715594332417851e+01 4.594758215351922814e+01
4.693715594332417851e+01 4.670910357901568943e+01
4.693715594332417851e+01 4.513595572336333817e+01
4.693715594332417851e+01 5.119800135543739117e+01
4.693715594332417851e+01 4.244355392418903961e+01
4.693715594332417851e+01 4.380932899980371076e+01
4.693715594332417851e+01 4.106920383488632353e+01
4.693715594332417851e+01 4.553600289139547641e+01
4.693715594332417851e+01 4.595704946459618156e+01
4.693715594332417851e+01 4.579407803098440866e+01
4.693715594332417851e+01 4.717114778489330007e+01
4.693715594332417851e+01 4.487447345401011489e+01
4.693715594332417851e+01 4.796796660572451998e+01
4.693715594332417851e+01 4.857396464188292384e+01
4.693715594332417851e+01 4.854930967528587615e+01
4.693715594332417851e+01 4.645278187679473803e+01
4.693715594332417851e+01 4.525082055777685497e+01
4.693715594332417851e+01 4.580652570696403814e+01
4.693715594332417851e+01 4.822011162076199042e+01
4.693715594332417851e+01 4.429848158069622599e+01
4.693715594332417851e+01 4.901139239376846746e+01
4.693715594332417851e+01 4.364665716211579394e+01
4.693715594332417851e+01 4.402807338980792906e+01
4.693715594332417851e+01 4.136679720160427820e+01
4.693715594332417851e+01 4.709863733018249832e+01
4.693715594332417851e+01 4.627547802851580627e+01
4.693715594332417851e+01 4.359022613101473098e+01
4.693715594332417851e+01 4.724785665774254539e+01
4.693715594332417851e+01 4.445442753080685350e+01
4.693715594332417851e+01 4.576637299874472831e+01
4.693715594332417851e+01 4.543884393937226918e+01
4.693715594332417851e+01 4.421402178263372917e+01
4.693715594332417851e+01 4.372223430620624640e+01
4.693715594332417851e+01 4.464818116418173588e+01
4.693715594332417851e+01 5.037606702937965508e+01
4.693715594332417851e+01 4.549502253077540814e+01
4.693715594332417851e+01 4.728979636278717180e+01
4.693715594332417851e+01 4.437763682817213606e+01
4.693715594332417851e+01 5.027025955208827668e+01
4.693715594332417851e+01 4.700831605246668943e+01
4.693715594332417851e+01 4.818082868170541389e+01
4.693715594332417851e+01 4.679430843060073641e+01
4.693715594332417851e+01 4.546997344216492820e+01
4.693715594332417851e+01 4.860780896563189657e+01
4.693715594332417851e+01 4.532851498032223958e+01
4.693715594332417851e+01 4.282848127488680490e+01
4.693715594332417851e+01 4.574497898278656294e+01
4.693715594332417851e+01 4.321860918669810303e+01
4.693715594332417851e+01 4.915040512705517273e+01
4.693715594332417851e+01 4.460084053595103626e+01
4.693715594332417851e+01 5.412474572244259008e+01
4.693715594332417851e+01 4.200911785983637969e+01
4.693715594332417851e+01 4.176509210283627027e+01
4.693715594332417851e+01 4.675735370543700498e+01
4.693715594332417851e+01 4.412493986957332481e+01
4.693715594332417851e+01 4.294160841811090989e+01
4.693715594332417851e+01 4.997446522576401406e+01
4.693715594332417851e+01 4.346377921454717352e+01
4.693715594332417851e+01 5.148311848350891751e+01
4.693715594332417851e+01 5.250820644971053497e+01
4.693715594332417851e+01 4.643779845532233708e+01
4.693715594332417851e+01 4.723951120243229695e+01
4.693715594332417851e+01 5.129375885220296993e+01
4.693715594332417851e+01 4.729069098012324446e+01
4.693715594332417851e+01 4.447620657391224341e+01
4.693715594332417851e+01 5.331176042203802012e+01
4.693715594332417851e+01 4.731995231029321047e+01
4.693715594332417851e+01 3.825665460300247389e+01
4.693715594332417851e+01 4.818968514263018932e+01
4.693715594332417851e+01 4.580000142614419190e+01
4.693715594332417851e+01 4.865962307810558940e+01
4.693715594332417851e+01 4.995840474121109054e+01
4.693715594332417851e+01 4.226538927052889250e+01
4.693715594332417851e+01 4.573202757952697084e+01
4.693715594332417851e+01 4.227003008912766546e+01
4.693715594332417851e+01 5.006638991550344286e+01
4.693715594332417851e+01 4.709729641577891357e+01
4.693715594332417851e+01 4.778290824241687318e+01
4.693715594332417851e+01 5.169969806875589313e+01
4.693715594332417851e+01 4.635251927706055142e+01
4.693715594332417851e+01 4.695470961100725305e+01
4.693715594332417851e+01 4.765990958393574317e+01
4.693715594332417851e+01 4.734002609992784016e+01
4.693715594332417851e+01 4.819947706461287140e+01
4.693715594332417851e+01 4.520276538576958814e+01
4.693715594332417851e+01 4.662549057060719804e+01
4.693715594332417851e+01 4.871086464930375826e+01
4.693715594332417851e+01 4.833107039461191334e+01
4.693715594332417851e+01 4.191668099460977714e+01
4.693715594332417851e+01 4.502364703240644417e+01
4.693715594332417851e+01 4.372112128696267774e+01
4.693715594332417851e+01 4.756233889941310622e+01
4.693715594332417851e+01 4.429002205923065105e+01
4.693715594332417851e+01 4.220018380658556367e+01
4.693715594332417851e+01 4.901869838194062368e+01
4.693715594332417851e+01 4.982332165657950185e+01
4.693715594332417851e+01 3.792572244488729183e+01
4.693715594332417851e+01 4.375521653483250617e+01
4.693715594332417851e+01 4.353902268125695230e+01
4.693715594332417851e+01 4.438379373796682614e+01
4.693715594332417851e+01 5.118913920021417852e+01
4.693715594332417851e+01 4.626159011496706341e+01
4.693715594332417851e+01 4.569622446665223237e+01
4.693715594332417851e+01 4.717293230621270084e+01
4.693715594332417851e+01 4.626959091992065964e+01
4.693715594332417851e+01 4.349349111071406782e+01
4.693715594332417851e+01 4.898150000370696944e+01
4.693715594332417851e+01 4.834926874653048401e+01
4.693715594332417851e+01 5.044132513785024230e+01
4.693715594332417851e+01 4.373090208372453702e+01
4.693715594332417851e+01 5.025545977337581860e+01
4.693715594332417851e+01 4.322988177685486733e+01
4.693715594332417851e+01 4.907834148503112459e+01
4.693715594332417851e+01 4.475351934356560690e+01
4.693715594332417851e+01 4.306086917700662298e+01
4.693715594332417851e+01 4.430397516970112548e+01
4.693715594332417851e+01 4.556200820166037602e+01
4.693715594332417851e+01 4.492227285143420801e+01
4.693715594332417851e+01 4.341738757526199777e+01
4.693715594332417851e+01 5.141924167234547127e+01
4.693715594332417851e+01 5.020231065589577923e+01
4.693715594332417851e+01 4.370751882980783165e+01
4.693715594332417851e+01 4.444938514969075527e+01
4.693715594332417851e+01 4.701499997047473300e+01
4.693715594332417851e+01 4.459804787008009441e+01
4.693715594332417851e+01 4.448430323208133075e+01
4.693715594332417851e+01 4.671141224839776385e+01
4.693715594332417851e+01 4.330737364403418610e+01
4.693715594332417851e+01 5.093185194749965206e+01
4.693715594332417851e+01 4.470622015806778649e+01
4.693715594332417851e+01 4.504644357496927398e+01
4.693715594332417851e+01 5.423770692068220001e+01
4.693715594332417851e+01 4.049729030281994113e+01
4.693715594332417851e+01 5.335159663857626100e+01
4.693715594332417851e+01 4.311358667848873694e+01
4.693715594332417851e+01 4.719009185628754466e+01
4.693715594332417851e+01 3.803404082347094572e+01
4.693715594332417851e+01 4.099637074033854134e+01
4.693715594332417851e+01 4.457693166410069807e+01
4.693715594332417851e+01 4.583955989927702745e+01
4.693715594332417851e+01 4.046327060759264782e+01
4.693715594332417851e+01 4.919135114765654748e+01
4.693715594332417851e+01 4.308306984426913999e+01
4.693715594332417851e+01 4.471736648106210055e+01
4.693715594332417851e+01 5.139778146072922738e+01
4.693715594332417851e+01 4.847164176031011351e+01
4.693715594332417851e+01 4.681530406644165510e+01
4.693715594332417851e+01 4.746088057124759985e+01
4.693715594332417851e+01 4.483706460378481751e+01
4.693715594332417851e+01 4.368381876554202137e+01
4.693715594332417851e+01 4.524059246981870785e+01
4.693715594332417851e+01 5.267359902727553589e+01
4.693715594332417851e+01 4.561022187400504890e+01
4.693715594332417851e+01 5.136920077720009914e+01
4.693715594332417851e+01 4.262336335306729751e+01
4.693715594332417851e+01 4.311643004167630977e+01
4.693715594332417851e+01 4.302165543499849321e+01
4.693715594332417851e+01 4.221711924606489674e+01
4.693715594332417851e+01 4.766352590203581485e+01
4.693715594332417851e+01 4.287212365909731915e+01
4.693715594332417851e+01 4.039248617113133832e+01
4.693715594332417851e+01 4.537845391588360400e+01
4.693715594332417851e+01 4.988280835517223721e+01
4.693715594332417851e+01 4.443257044951321433e+01
4.693715594332417851e+01 4.554263609526700662e+01
4.693715594332417851e+01 4.787600838055268326e+01
4.693715594332417851e+01 4.452621596018448002e+01
4.693715594332417851e+01 4.948466334199879668e+01
4.693715594332417851e+01 4.525061280874206915e+01
4.693715594332417851e+01 4.860828556590001881e+01
4.693715594332417851e+01 4.687930339185169260e+01
4.693715594332417851e+01 4.136647113446225177e+01
4.693715594332417851e+01 4.710337975248376807e+01
4.693715594332417851e+01 4.777810606100531032e+01
4.693715594332417851e+01 4.111198597809695343e+01
4.693715594332417851e+01 4.888168727083275655e+01
4.693715594332417851e+01 4.514729579888245325e+01
4.693715594332417851e+01 4.495030595800682249e+01
4.693715594332417851e+01 4.431330822613443132e+01
4.693715594332417851e+01 4.260143111070830457e+01
4.693715594332417851e+01 5.067390963140206139e+01
4.693715594332417851e+01 4.906867463486091907e+01
4.693715594332417851e+01 4.261868997847632556e+01
4.693715594332417851e+01 4.805149267452808459e+01
4.693715594332417851e+01 4.773230695644483035e+01
4.693715594332417851e+01 4.581546345051785352e+01
4.693715594332417851e+01 4.459619665735493044e+01
4.693715594332417851e+01 4.264645844104499162e+01
4.693715594332417851e+01 4.636755371406061244e+01
4.693715594332417851e+01 5.075312109430738872e+01
4.693715594332417851e+01 4.734705602421158943e+01
4.693715594332417851e+01 4.730904511291419112e+01
4.693715594332417851e+01 5.104155723272176459e+01
4.693715594332417851e+01 4.240028616722130295e+01
4.693715594332417851e+01 4.417514748335582908e+01
4.693715594332417851e+01 3.796367009119988012e+01
4.693715594332417851e+01 4.938130060003768307e+01
4.693715594332417851e+01 4.051211244946242829e+01
4.693715594332417851e+01 5.804674700473668736e+01
4.693715594332417851e+01 4.098295971001960680e+01
4.693715594332417851e+01 4.124233873209024637e+01
4.693715594332417851e+01 4.319089531259123760e+01
4.693715594332417851e+01 4.534372774199511014e+01
4.693715594332417851e+01 4.257135194134617251e+01
4.693715594332417851e+01 4.526425689864205992e+01
4.693715594332417851e+01 4.849174264683292535e+01
4.693715594332417851e+01 4.320490375464741817e+01
4.693715594332417851e+01 4.659342539579648701e+01
4.693715594332417851e+01 4.790841414737506199e+01
4.693715594332417851e+01 3.893963407205350791e+01
4.693715594332417851e+01 4.097810812375533374e+01
4.693715594332417851e+01 4.903389756166643565e+01
4.693715594332417851e+01 4.625758722336617978e+01
4.693715594332417851e+01 4.715410500693677420e+01
4.693715594332417851e+01 4.470006172164953284e+01
4.693715594332417851e+01 4.640678616301790527e+01
4.693715594332417851e+01 4.524683321562043403e+01
4.693715594332417851e+01 4.950072000222255042e+01
4.693715594332417851e+01 4.713902498881922298e+01
4.693715594332417851e+01 4.964698286621238310e+01
4.693715594332417851e+01 4.704505070245312481e+01
4.693715594332417851e+01 4.391859116749571967e+01
4.693715594332417851e+01 3.972087932177566216e+01
4.693715594332417851e+01 4.050073212599038186e+01
4.693715594332417851e+01 4.323297072208195146e+01
4.693715594332417851e+01 4.481204621700842949e+01
4.693715594332417851e+01 4.355785883330790398e+01
4.693715594332417851e+01 4.333687024988853409e+01
4.693715594332417851e+01 4.440053390364652586e+01
4.693715594332417851e+01 5.066848864130294317e+01
4.693715594332417851e+01 4.801571909283368456e+01
4.693715594332417851e+01 4.912339210494397435e+01
4.693715594332417851e+01 4.603860015583493492e+01
4.693715594332417851e+01 4.869260006088119042e+01
4.693715594332417851e+01 4.486161388406441120e+01
4.693715594332417851e+01 4.059499289507196096e+01
4.693715594332417851e+01 4.265926152236649926e+01
4.693715594332417851e+01 4.856650552665400511e+01
4.693715594332417851e+01 4.693656993407258682e+01
4.693715594332417851e+01 5.062150125927738031e+01
4.693715594332417851e+01 4.527738164959313139e+01
4.693715594332417851e+01 4.871591855918909175e+01
4.693715594332417851e+01 4.494507065937814616e+01
4.693715594332417851e+01 4.280489346231580328e+01
4.693715594332417851e+01 4.473415842812687515e+01
4.693715594332417851e+01 4.974737265009795095e+01
4.693715594332417851e+01 4.276630348010942129e+01
4.693715594332417851e+01 4.688794523208715503e+01
4.693715594332417851e+01 4.538237780414294065e+01
4.693715594332417851e+01 4.787138865695323631e+01
4.693715594332417851e+01 4.159782451919988233e+01
4.693715594332417851e+01 4.520707063191061081e+01
4.693715594332417851e+01 4.785239451588379467e+01
4.693715594332417851e+01 5.011326881078819184e+01
4.693715594332417851e+01 4.772312248714138860e+01
4.693715594332417851e+01 4.875732178829804297e+01
4.693715594332417851e+01 4.184058161067267889e+01
4.693715594332417851e+01 4.236289987386334133e+01
4.693715594332417851e+01 5.004493278149774227e+01
4.693715594332417851e+01 5.093954452671207633e+01
4.693715594332417851e+01 4.346063936286711993e+01
4.693715594332417851e+01 4.472926861744542748e+01
4.693715594332417851e+01 4.399543203992250540e+01
4.693715594332417851e+01 4.280415954525750521e+01
4.693715594332417851e+01 4.796881560041919101e+01
4.693715594332417851e+01 4.108831265925873311e+01
4.693715594332417851e+01 5.363958530394604196e+01
4.693715594332417851e+01 4.584138622499079929e+01
4.693715594332417851e+01 4.252417725106346325e+01
4.693715594332417851e+01 4.526274335725299380e+01
4.693715594332417851e+01 4.821628302405351008e+01
4.693715594332417851e+01 5.012343259489491487e+01
4.693715594332417851e+01 4.909487596112595043e+01
4.693715594332417851e+01 4.148498478115415367e+01
4.693715594332417851e+01 5.408859740083918410e+01
4.693715594332417851e+01 4.198673414193124387e+01
4.693715594332417851e+01 5.210464313951779047e+01
4.693715594332417851e+01 4.715448471671101771e+01
4.693715594332417851e+01 4.579314220712348060e+01
4.693715594332417851e+01 4.500661602240443671e+01
4.693715594332417851e+01 4.245082919024133616e+01
4.693715594332417851e+01 4.425666385623856769e+01
4.693715594332417851e+01 4.564579607048764842e+01
4.693715594332417851e+01 4.361259934866974675e+01
4.693715594332417851e+01 5.032726870594705559e+01
4.693715594332417851e+01 4.408579608054839127e+01
4.693715594332417851e+01 5.018493147032292256e+01
4.693715594332417851e+01 4.875575907313634616e+01
4.693715594332417851e+01 4.455171566769165992e+01
4.693715594332417851e+01 4.178213463116507143e+01
4.693715594332417851e+01 4.125993366251574912e+01
4.693715594332417851e+01 4.881660233481404987e+01
4.693715594332417851e+01 4.723498036596167537e+01
4.693715594332417851e+01 4.563318680974634134e+01
4.693715594332417851e+01 5.517690574824117533e+01
4.693715594332417851e+01 4.272136834798558169e+01
4.693715594332417851e+01 4.333225475094822343e+01
4.693715594332417851e+01 4.163064271640299552e+01
4.693715594332417851e+01 5.096097358363270757e+01
4.693715594332417851e+01 4.447592284738097845e+01
4.693715594332417851e+01 5.035227238527957638e+01
4.693715594332417851e+01 4.254535206069122211e+01
4.693715594332417851e+01 4.400224775718256609e+01
4.693715594332417851e+01 4.904527639984886633e+01
4.693715594332417851e+01 4.678596350594018105e+01
4.693715594332417851e+01 4.751862212503774430e+01
4.693715594332417851e+01 4.468705241644364179e+01
4.693715594332417851e+01 4.902757424371430517e+01
4.693715594332417851e+01 4.373573621522989185e+01
4.693715594332417851e+01 4.393994039369036386e+01
4.693715594332417851e+01 4.656254904374492298e+01
4.693715594332417851e+01 5.211480435411444745e+01
4.693715594332417851e+01 4.836277945183858407e+01
4.693715594332417851e+01 4.796512196962331132e+01
4.693715594332417851e+01 4.864832854192744094e+01
4.693715594332417851e+01 4.868640162288801321e+01
4.693715594332417851e+01 4.476191483883712863e+01
4.693715594332417851e+01 4.375547533181936188e+01
4.693715594332417851e+01 4.328269859398699282e+01
4.693715594332417851e+01 4.573665777106847230e+01
4.693715594332417851e+01 4.890266418323353292e+01
4.693715594332417851e+01 4.457491147182570046e+01
4.693715594332417851e+01 4.723214518182039257e+01
4.693715594332417851e+01 4.606340623394920186e+01
4.693715594332417851e+01 5.036320304360639710e+01
4.693715594332417851e+01 4.457156762705871955e+01
4.693715594332417851e+01 4.600862865310078575e+01
4.693715594332417851e+01 4.187160239968897457e+01
4.693715594332417851e+01 4.194812131417948109e+01
4.693715594332417851e+01 5.130965128406386810e+01
4.693715594332417851e+01 4.405708611518088702e+01
4.693715594332417851e+01 4.223804410865176351e+01
4.693715594332417851e+01 5.015033721861811955e+01
4.693715594332417851e+01 4.869569191579729051e+01
4.693715594332417851e+01 4.481484159401840373e+01
4.693715594332417851e+01 5.164915781861458299e+01
4.693715594332417851e+01 3.943159222248553419e+01
4.693715594332417851e+01 4.585335299456463076e+01
4.693715594332417851e+01 4.441891134030557708e+01
4.693715594332417851e+01 4.559195209169320862e+01
4.693715594332417851e+01 4.692326961078914849e+01
4.693715594332417851e+01 4.313871272599185147e+01
4.693715594332417851e+01 4.486509508547157310e+01
4.693715594332417851e+01 4.575773279493712664e+01
4.693715594332417851e+01 4.875022538309229958e+01
4.693715594332417851e+01 4.344878252417673536e+01
4.693715594332417851e+01 4.666243821549720394e+01
4.693715594332417851e+01 4.326018936504663515e+01
4.693715594332417851e+01 4.646321300953810152e+01
4.693715594332417851e+01 4.122007067801723679e+01
4.693715594332417851e+01 4.901962831179069013e+01
4.693715594332417851e+01 4.767754349660754798e+01
4.693715594332417851e+01 5.076781218718331701e+01
4.693715594332417851e+01 4.799104386958119051e+01
4.693715594332417851e+01 4.232311100730934328e+01
4.693715594332417851e+01 4.524108993815332269e+01
4.693715594332417851e+01 4.656139572065300314e+01
4.693715594332417851e+01 5.079312264927887099e+01
4.693715594332417851e+01 4.739144299449202435e+01
4.693715594332417851e+01 4.343076230307185170e+01
4.693715594332417851e+01 3.872093070738634424e+01
4.693715594332417851e+01 4.639896425992323259e+01
4.693715594332417851e+01 5.352661486542522340e+01
4.693715594332417851e+01 4.911621394704158661e+01
4.693715594332417851e+01 3.885375944256240643e+01
4.693715594332417851e+01 4.422601754334211677e+01
4.693715594332417851e+01 4.402446973785911410e+01
4.693715594332417851e+01 5.303082604577047476e+01
4.693715594332417851e+01 4.789234468768896136e+01
4.693715594332417851e+01 4.612357820111881779e+01
4.693715594332417851e+01 4.812706189892280406e+01
4.693715594332417851e+01 5.480793791683546345e+01
4.693715594332417851e+01 4.652449165892338101e+01
4.693715594332417851e+01 4.272159946975445877e+01
4.693715594332417851e+01 4.669667584817541695e+01
4.693715594332417851e+01 4.373348932621709650e+01
4.693715594332417851e+01 4.708296922112350558e+01
4.693715594332417851e+01 5.037973043998105283e+01
4.693715594332417851e+01 4.399872515534267592e+01
4.693715594332417851e+01 5.141027920145002383e+01
4.693715594332417851e+01 4.020290628553443213e+01
4.693715594332417851e+01 4.297276581932747774e+01
4.693715594332417851e+01 4.563345498563608515e+01
4.693715594332417851e+01 5.108054528323336285e+01
4.693715594332417851e+01 4.649733970920689785e+01
4.693715594332417851e+01 4.999047767943022791e+01
4.693715594332417851e+01 4.424059659373236286e+01
4.693715594332417851e+01 4.614865564819903909e+01
4.693715594332417851e+01 4.876721238062114594e+01
4.693715594332417851e+01 4.794523206163079010e+01
4.693715594332417851e+01 4.147980085314185317e+01
4.693715594332417851e+01 4.817322910019080240e+01
4.693715594332417851e+01 5.191116573012148905e+01
4.693715594332417851e+01 4.474980707924404300e+01
4.693715594332417851e+01 4.466309181113002325e+01
4.693715594332417851e+01 4.530830118109400928e+01
4.693715594332417851e+01 4.390208836484283950e+01
4.693715594332417851e+01 4.419125865584730661e+01
4.693715594332417851e+01 4.807315203764438394e+01
4.693715594332417851e+01 5.392371430737042459e+01
4.693715594332417851e+01 4.420124034663275836e+01
4.693715594332417851e+01 4.648123800138203165e+01
4.693715594332417851e+01 4.356340112748452498e+01
4.693715594332417851e+01 4.305091184412653149e+01
4.693715594332417851e+01 4.343722634104079106e+01
4.693715594332417851e+01 4.636279018629212345e+01
4.693715594332417851e+01 5.130484293251066674e+01
4.693715594332417851e+01 4.536112036844563988e+01
4.693715594332417851e+01 4.597908038306074019e+01
4.693715594332417851e+01 4.422535744977593453e+01
4.693715594332417851e+01 4.592442823658923601e+01
4.693715594332417851e+01 4.483299008514340045e+01
4.693715594332417851e+01 4.756735236371199704e+01
4.693715594332417851e+01 5.078807743879290371e+01
4.693715594332417851e+01 5.197576005656274134e+01
4.693715594332417851e+01 4.838623957581507540e+01
4.693715594332417851e+01 4.316972141782671457e+01
4.693715594332417851e+01 4.567801116968290387e+01
4.693715594332417851e+01 4.693681529699652799e+01
4.693715594332417851e+01 4.657337358208612699e+01
4.693715594332417851e+01 4.462530128804422702e+01
4.693715594332417851e+01 4.787979928056533652e+01
4.693715594332417851e+01 3.960733308727256485e+01
4.693715594332417851e+01 4.354401047557148274e+01
4.693715594332417851e+01 4.840187487030232205e+01
4.693715594332417851e+01 4.578589976320289878e+01
4.693715594332417851e+01 5.188200294945674074e+01
4.693715594332417851e+01 5.170435314409844096e+01
4.693715594332417851e+01 4.218495081046425099e+01
4.693715594332417851e+01 4.581601196936153997e+01
4.693715594332417851e+01 5.107230536501003115e+01
4.693715594332417851e+01 4.812556594156554723e+01
4.693715594332417851e+01 4.515483462037298068e+01
4.693715594332417851e+01 4.595668871039657688e+01
4.693715594332417851e+01 5.531602217756891093e+01
4.693715594332417851e+01 4.455289407477754793e+01
4.693715594332417851e+01 4.737494790175322379e+01
4.693715594332417851e+01 4.709495187543404171e+01
4.693715594332417851e+01 4.142696089444501695e+01
4.693715594332417851e+01 4.509375710318475683e+01
4.693715594332417851e+01 4.806285130398566707e+01
4.693715594332417851e+01 4.631180453085458737e+01
4.693715594332417851e+01 4.279024372566870937e+01
4.693715594332417851e+01 4.817263587572382733e+01
4.693715594332417851e+01 4.272778074939038362e+01
4.693715594332417851e+01 4.450021899993134866e+01
4.693715594332417851e+01 4.840621625366107139e+01
4.693715594332417851e+01 4.406566202078231953e+01
4.693715594332417851e+01 4.290832475399810875e+01
4.693715594332417851e+01 5.149869541669917083e+01
4.693715594332417851e+01 4.639696670017858082e+01
4.693715594332417851e+01 4.778886775929034769e+01
4.693715594332417851e+01 5.435713110068351739e+01
4.693715594332417851e+01 4.219196185752129225e+01
4.693715594332417851e+01 4.775166291514419470e+01
4.693715594332417851e+01 4.471263923063062151e+01
4.693715594332417851e+01 4.251755783303514136e+01
4.693715594332417851e+01 4.710564343199781234e+01
4.693715594332417851e+01 4.670420223609066568e+01
4.693715594332417851e+01 4.440426782172799847e+01
4.693715594332417851e+01 4.850490394262794780e+01
4.693715594332417851e+01 4.134991455108022507e+01
4.693715594332417851e+01 4.271266859166165375e+01
4.693715594332417851e+01 4.606309241136742116e+01
4.693715594332417851e+01 4.620535458506618909e+01
4.693715594332417851e+01 4.444125724500275254e+01
4.693715594332417851e+01 5.002099699803017074e+01
4.693715594332417851e+01 4.068546471514903118e+01
4.693715594332417851e+01 4.916105418456749021e+01
4.693715594332417851e+01 4.491471745242269975e+01
4.693715594332417851e+01 4.396000021445253481e+01
4.693715594332417851e+01 4.827847179780321341e+01
4.693715594332417851e+01 3.890504903168865525e+01
4.693715594332417851e+01 5.022192529176265907e+01
4.693715594332417851e+01 4.409161999969528978e+01
4.693715594332417851e+01 4.602702042562957985e+01
4.693715594332417851e+01 5.264396524218164330e+01
4.693715594332417851e+01 5.129804220075882881e+01
4.693715594332417851e+01 4.380281717926749963e+01
4.693715594332417851e+01 4.625259167908264857e+01
4.693715594332417851e+01 4.186415301423963342e+01
4.693715594332417851e+01 4.692776418762051804e+01
4.693715594332417851e+01 4.319091287935525258e+01
4.693715594332417851e+01 4.517415442390832681e+01
4.693715594332417851e+01 4.758947795111627244e+01
4.693715594332417851e+01 4.556350358365131115e+01
4.693715594332417851e+01 4.619415072975188963e+01
4.693715594332417851e+01 4.510835510554493055e+01
4.693715594332417851e+01 4.427512893765981516e+01
4.693715594332417851e+01 4.150933336254433215e+01
4.693715594332417851e+01 4.882220407022856534e+01
4.693715594332417851e+01 4.953583692031597252e+01
4.693715594332417851e+01 4.409090353766924864e+01
4.693715594332417851e+01 4.413852795202375034e+01
4.693715594332417851e+01 5.008083724627239519e+01
4.693715594332417851e+01 4.224626080995486177e+01
4.693715594332417851e+01 4.288038138129872578e+01
4.693715594332417851e+01 4.475090998877666237e+01
4.693715594332417851e+01 4.768966486171947139e+01
4.693715594332417851e+01 4.456583759457765126e+01
4.693715594332417851e+01 4.698483846621695648e+01
4.693715594332417851e+01 4.808649177502715588e+01
4.693715594332417851e+01 4.798634877906884100e+01
4.693715594332417851e+01 5.268105918061991133e+01
4.693715594332417851e+01 3.872429708636511236e+01
