4.693715594332417851e+01 4.047611563581708083e+01
4.693715594332417851e+01 4.793483894142726598e+01
4.693715594332417851e+01 5.183271035721638498e+01
4.693715594332417851e+01 4.340880630390823569e+01
4.693715594332417851e+01 4.155515481770053299e+01
4.693715594332417851e+01 4.366629850588155648e+01
4.693715594332417851e+01 4.545582209780457816e+01
4.693715594332417851e+01 3.924298361641057653e+01
4.693715594332417851e+01 4.252738244381894361e+01
4.693715594332417851e+01 4.614098049774700172e+01
4.693715594332417851e+01 4.978066876690883902e+01
4.693715594332417851e+01 4.278923253576287067e+01
4.693715594332417851e+01 5.087225745701017843e+01
4.693715594332417851e+01 5.006949093311467180e+01
4.693715594332417851e+01 4.571823825306703526e+01
4.693715594332417851e+01 4.424919098951849605e+01
4.693715594332417851e+01 4.829998639198929311e+01
4.693715594332417851e+01 4.618888071626383152e+01
4.693715594332417851e+01 4.196055639566762352e+01
4.693715594332417851e+01 4.073441127742751888e+01
4.693715594332417851e+01 4.226944515740089514e+01
4.693715594332417851e+01 5.186270183621837759e+01
4.693715594332417851e+01 4.448662125841728709e+01
4.693715594332417851e+01 4.277117909628044146e+01
4.693715594332417851e+01 4.637850436490785455e+01
4.693715594332417851e+01 4.332701869717317322e+01
4.693715594332417851e+01 4.816115231981124367e+01
4.693715594332417851e+01 4.898962252235028814e+01
4.693715594332417851e+01 4.762237888216995430e+01
4.693715594332417851e+01 4.317942588252320490e+01
4.693715594332417851e+01 4.289400741577266274e+01
4.693715594332417851e+01 4.585540748005151102e+01
4.693715594332417851e+01 4.624099294044457054e+01
4.693715594332417851e+01 4.877807325851149756e+01
4.693715594332417851e+01 4.461072303508929338e+01
4.693715594332417851e+01 4.916648237722535697e+01
4.693715594332417851e+01 4.773147532868217269e+01
4.693715594332417851e+01 5.424891834784595801e+01
4.693715594332417851e+01 4.565517432452168833e+01
4.693715594332417851e+01 4.432420483932444455e+01
4.693715594332417851e+01 4.611952348040552607e+01
4.693715594332417851e+01 4.542243717565696670e+01
4.693715594332417851e+01 4.701956050222479178e+01
4.693715594332417851e+01 4.209404107744745716e+01
4.693715594332417851e+01 5.004873684598510408e+01
4.693715594332417851e+01 5.298523772061707859e+01
4.693715594332417851e+01 4.806879783190270672e+01
4.693715594332417851e+01 4.642288932117307354e+01
4.693715594332417851e+01 4.214497665472852361e+01
4.693715594332417851e+01 5.123623512558673809e+01
4.693715594332417851e+01 4.831934178652858236e+01
4.693715594332417851e+01 4.561813573496017682e+01
4.693715594332417851e+01 4.217516877378208306e+01
4.693715594332417851e+01 4.171389223176839067e+01
4.693715594332417851e+01 4.556664937834054996e+01
4.693715594332417851e+01 4.776913094007750260e+01
4.693715594332417851e+01 5.513132194243070217e+01
4.693715594332417851e+01 4.571331433693848822e+01
4.693715594332417851e+01 4.612338524604833623e+01
4.693715594332417851e+01 4.664594503014525628e+01
4.693715594332417851e+01 4.807378041408179570e+01
4.693715594332417851e+01 4.818531487745140396e+01
4.693715594332417851e+01 5.215399940438280879e+01
4.693715594332417851e+01 4.408023441055609482e+01
4.693715594332417851e+01 5.178428493070513383e+01
4.693715594332417851e+01 4.451990524399867866e+01
4.693715594332417851e+01 4.744071994165801698e+01
4.693715594332417851e+01 5.169530600363117401e+01
4.693715594332417851e+01 4.625758323972654296e+01
4.693715594332417851e+01 4.235123881903269449e+01
4.693715594332417851e+01 4.163375702026537084e+01
4.693715594332417851e+01 4.240222510437984482e+01
4.693715594332417851e+01 4.593868498158722957e+01
4.693715594332417851e+01 4.922582745694990081e+01
4.693715594332417851e+01 4.431596081997572156e+01
4.693715594332417851e+01 4.210221218744523242e+01
4.693715594332417851e+01 4.470408009945172978e+01
4.693715594332417851e+01 4.496738468283238177e+01
4.693715594332417851e+01 3.953764841415960518e+01
4.693715594332417851e+01 4.745284196730410287e+01
4.693715594332417851e+01 4.628240001382550162e+01
4.693715594332417851e+01 4.340076904566387839e+01
4.693715594332417851e+01 4.911676979790837549e+01
4.693715594332417851e+01 4.538937100391742518e+01
4.693715594332417851e+01 4.991151403969988820e+01
4.693715594332417851e+01 4.544284993442701648e+01
4.693715594332417851e+01 4.315193964761603951e+01
4.693715594332417851e+01 4.801500199824129567e+01
4.693715594332417851e+01 4.182880764835365994e+01
4.693715594332417851e+01 4.401417055145446966e+01
4.693715594332417851e+01 4.123336953811399752e+01
4.693715594332417851e+01 4.076685032214162163e+01
4.693715594332417851e+01 4.595455194017510081e+01
4.693715594332417851e+01 4.824287780278535109e+01
4.693715594332417851e+01 4.392477237277643098e+01
4.693715594332417851e+01 4.371331528626845397e+01
4.693715594332417851e+01 4.925796521642515557e+01
4.693715594332417851e+01 4.277028255354247932e+01
4.693715594332417851e+01 4.733726217879021192e+01
4.693715594332417851e+01 4.999976073372196339e+01
4.693715594332417851e+01 5.144452428778136266e+01
4.693715594332417851e+01 4.732363207639534153e+01
4.693715594332417851e+01 4.496520798065043323e+01
4.693715594332417851e+01 4.592033738982622992e+01
4.693715594332417851e+01 5.064063813615465648e+01
4.693715594332417851e+01 4.717673218428020476e+01
4.693715594332417851e+01 4.755973887839837744e+01
4.693715594332417851e+01 4.532733957454502871e+01
4.693715594332417851e+01 4.692022145325330484e+01
4.693715594332417851e+01 4.684713894012035240e+01
4.693715594332417851e+01 4.480038397111485438e+01
4.693715594332417851e+01 4.511006439936994639e+01
4.693715594332417851e+01 4.571999126050442186e+01
4.693715594332417851e+01 4.819531964279493508e+01
4.693715594332417851e+01 4.454964012018950825e+01
4.693715594332417851e+01 4.388965563402751968e+01
4.693715594332417851e+01 5.031120626612874247e+01
4.693715594332417851e+01 4.410823080663688245e+01
4.693715594332417851e+01 4.082381451650877580e+01
4.693715594332417851e+01 4.442546925975579342e+01
4.693715594332417851e+01 4.712731361029656796e+01
4.693715594332417851e+01 4.529443852989693653e+01
4.693715594332417851e+01 4.857894085317075650e+01
4.693715594332417851e+01 4.204483336546545758e+01
4.693715594332417851e+01 4.663458792325956637e+01
4.693715594332417851e+01 4.929715255343199942e+01
4.693715594332417851e+01 4.613104300984600314e+01
4.693715594332417851e+01 4.140770038700587463e+01
4.693715594332417851e+01 4.728598718209178742e+01
4.693715594332417851e+01 4.476715902552260218e+01
4.693715594332417851e+01 4.631264624620713732e+01
4.693715594332417851e+01 4.547647052824206071e+01
4.693715594332417851e+01 4.845198653695403124e+01
4.693715594332417851e+01 4.746172392558694497e+01
4.693715594332417851e+01 4.408736478633537814e+01
4.693715594332417851e+01 4.263263616162947756e+01
4.693715594332417851e+01 5.045923133206870403e+01
4.693715594332417851e+01 5.289512355494778717e+01
4.693715594332417851e+01 4.736479660804872083e+01
4.693715594332417851e+01 5.370658103579747689e+01
4.693715594332417851e+01 5.010727321905317666e+01
4.693715594332417851e+01 4.485202319064559617e+01
4.693715594332417851e+01 4.254137473891749011e+01
4.693715594332417851e+01 4.201823736227991901e+01
4.693715594332417851e+01 4.248808587707637230e+01
4.693715594332417851e+01 4.388670753987752704e+01
4.693715594332417851e+01 4.608339836516838517e+01
4.693715594332417851e+01 4.480486274911734768e+01
4.693715594332417851e+01 4.082547437426015335e+01
4.693715594332417851e+01 4.959907334961146574e+01
4.693715594332417851e+01 4.776571393744951877e+01
4.693715594332417851e+01 4.908837278556944028e+01
4.693715594332417851e+01 4.692857657797751614e+01
4.693715594332417851e+01 4.007137690367729022e+01
4.693715594332417851e+01 4.469566679972200518e+01
4.693715594332417851e+01 4.386272141831443605e+01
4.693715594332417851e+01 4.311604295007239784e+01
4.693715594332417851e+01 5.066586144318346641e+01
4.693715594332417851e+01 4.511150356050740839e+01
4.693715594332417851e+01 4.538930318253423479e+01
4.693715594332417851e+01 4.769650712705758622e+01
4.693715594332417851e+01 5.328490447949246800e+01
4.693715594332417851e+01 4.395573731874277001e+01
4.693715594332417851e+01 4.481992299255290391e+01
4.693715594332417851e+01 4.823774857324853116e+01
4.693715594332417851e+01 4.654081063712361299e+01
4.693715594332417851e+01 4.191318269334402657e+01
4.693715594332417851e+01 4.456738548771339481e+01
4.693715594332417851e+01 4.294940201895975918e+01
4.693715594332417851e+01 3.880383910254874991e+01
4.693715594332417851e+01 4.611406957471481860e+01
4.693715594332417851e+01 4.372409039399594377e+01
4.693715594332417851e+01 4.368967951534028060e+01
4.693715594332417851e+01 4.594599868193557768e+01
4.693715594332417851e+01 4.706472181636512175e+01
4.693715594332417851e+01 4.396697610635635556e+01
4.693715594332417851e+01 4.172935844534701744e+01
4.693715594332417851e+01 4.371121100490459099e+01
4.693715594332417851e+01 3.982623589978510381e+01
4.693715594332417851e+01 4.488773856794967543e+01
4.693715594332417851e+01 5.230277490247013361e+01
4.693715594332417851e+01 4.566833635328229946e+01
4.693715594332417851e+01 4.808758195443915895e+01
4.693715594332417851e+01 4.346741289627598093e+01
4.693715594332417851e+01 4.666050423926994029e+01
4.693715594332417851e+01 4.080579082147824010e+01
4.693715594332417851e+01 4.869311089274253845e+01
4.693715594332417851e+01 4.424488433104016849e+01
4.693715594332417851e+01 3.870874175705077391e+01
4.693715594332417851e+01 3.988446382684615799e+01
4.693715594332417851e+01 4.752318876675136750e+01
4.693715594332417851e+01 4.955890943885343347e+01
4.693715594332417851e+01 4.667205631361838414e+01
4.693715594332417851e+01 4.608241016752545960e+01
4.693715594332417851e+01 5.211031444777434984e+01
4.693715594332417851e+01 4.403387950357576841e+01
4.693715594332417851e+01 4.412914180959992194e+01
4.693715594332417851e+01 4.406961486320324894e+01
4.693715594332417851e+01 5.107926575532947311e+01
4.693715594332417851e+01 4.556549610517466675e+01
4.693715594332417851e+01 4.588829971663265894e+01
4.693715594332417851e+01 4.798830679994105708e+01
4.693715594332417851e+01 4.351975708573246493e+01
4.693715594332417851e+01 5.037651490565524881e+01
4.693715594332417851e+01 5.034094574080042150e+01
4.693715594332417851e+01 4.032985288551787306e+01
4.693715594332417851e+01 4.829216383371927179e+01
4.693715594332417851e+01 4.462739583242806418e+01
4.693715594332417851e+01 4.327557586522176081e+01
4.693715594332417851e+01 4.761965476801339747e+01
4.693715594332417851e+01 4.637255405106552786e+01
4.693715594332417851e+01 4.533868849596723294e+01
4.693715594332417851e+01 4.587344541489056837e+01
4.693715594332417851e+01 4.348756878928859493e+01
4.693715594332417851e+01 4.595385411335512060e+01
4.693715594332417851e+01 4.455796805061002885e+01
4.693715594332417851e+01 4.667416143429284858e+01
4.693715594332417851e+01 4.529547034204134803e+01
4.693715594332417851e+01 4.796292353642849093e+01
4.693715594332417851e+01 4.379238314531924203e+01
4.693715594332417851e+01 4.955606981379953879e+01
4.693715594332417851e+01 4.120579972752426556e+01
4.693715594332417851e+01 4.799261234333766168e+01
4.693715594332417851e+01 4.508180915179870851e+01
4.693715594332417851e+01 4.577143536265371182e+01
4.693715594332417851e+01 4.681055373462704949e+01
4.693715594332417851e+01 4.440985953947969023e+01
4.693715594332417851e+01 4.529117134843470893e+01
4.693715594332417851e+01 4.763478205805808585e+01
4.693715594332417851e+01 4.629875535686255716e+01
4.693715594332417851e+01 4.623284871368067428e+01
4.693715594332417851e+01 5.062028476938069588e+01
4.693715594332417851e+01 4.221083703588760727e+01
4.693715594332417851e+01 4.549264696203967873e+01
4.693715594332417851e+01 4.554439970116256120e+01
4.693715594332417851e+01 5.601573686573377131e+01
4.693715594332417851e+01 4.841859981949797032e+01
4.693715594332417851e+01 4.584994469958418506e+01
4.693715594332417851e+01 5.061751942411774507e+01
4.693715594332417851e+01 4.897940862616048463e+01
4.693715594332417851e+01 4.681519907658591961e+01
4.693715594332417851e+01 4.998350793817535731e+01
4.693715594332417851e+01 4.841656287692595839e+01
4.693715594332417851e+01 4.087893968353085228e+01
4.693715594332417851e+01 4.777860222171705118e+01
4.693715594332417851e+01 4.665697523246987544e+01
4.693715594332417851e+01 4.905934310008694155e+01
4.693715594332417851e+01 4.639196376564827062e+01
4.693715594332417851e+01 4.696653295518056126e+01
4.693715594332417851e+01 5.114877337778879252e+01
4.693715594332417851e+01 4.098941609208161196e+01
4.693715594332417851e+01 4.857437975504061711e+01
4.693715594332417851e+01 4.170186393735276909e+01
4.693715594332417851e+01 4.942219758439684085e+01
4.693715594332417851e+01 5.100048682627760144e+01
4.693715594332417851e+01 4.860863080444183026e+01
4.693715594332417851e+01 4.627099294854354383e+01
4.693715594332417851e+01 4.518828866240434650e+01
4.693715594332417851e+01 4.039267110659025661e+01
4.693715594332417851e+01 5.150383932500094630e+01
4.693715594332417851e+01 4.452614245663887260e+01
4.693715594332417851e+01 4.734604957900064193e+01
4.693715594332417851e+01 4.186170426087149821e+01
4.693715594332417851e+01 4.473706115358196911e+01
4.693715594332417851e+01 4.907879923483264406e+01
4.693715594332417851e+01 4.985710141121607819e+01
4.693715594332417851e+01 4.611605431150916701e+01
4.693715594332417851e+01 5.236435421509836630e+01
4.693715594332417851e+01 4.734888303378099295e+01
4.693715594332417851e+01 4.415018634101963357e+01
4.693715594332417851e+01 4.536382334284786566e+01
4.693715594332417851e+01 4.893587563685340314e+01
4.693715594332417851e+01 4.488112809819553206e+01
4.693715594332417851e+01 4.708467537685199744e+01
4.693715594332417851e+01 4.791624750740557914e+01
4.693715594332417851e+01 4.806332239180888877e+01
4.693715594332417851e+01 4.391405420517648395e+01
4.693715594332417851e+01 4.653506286875704490e+01
4.693715594332417851e+01 5.224556442896704311e+01
4.693715594332417851e+01 4.846146334438031289e+01
4.693715594332417851e+01 4.150530604504937315e+01
4.693715594332417851e+01 4.621249432632306053e+01
4.693715594332417851e+01 4.245780363841684846e+01
4.693715594332417851e+01 5.035709403489822478e+01
4.693715594332417851e+01 4.600330356185824598e+01
4.693715594332417851e+01 4.994206798503241629e+01
4.693715594332417851e+01 4.704496648451969065e+01
4.693715594332417851e+01 4.153583696469378594e+01
4.693715594332417851e+01 4.850269160746531583e+01
4.693715594332417851e+01 4.080284243817669676e+01
4.693715594332417851e+01 4.318167634782147957e+01
4.693715594332417851e+01 4.405690005601088188e+01
4.693715594332417851e+01 3.953645378505171948e+01
4.693715594332417851e+01 4.938907564632631164e+01
4.693715594332417851e+01 4.936261026427160914e+01
4.693715594332417851e+01 4.781184242755203684e+01
4.693715594332417851e+01 4.616522010540739984e+01
4.693715594332417851e+01 4.825481290566985848e+01
4.693715594332417851e+01 4.570587995789165348e+01
4.693715594332417851e+01 5.228180428708100891e+01
4.693715594332417851e+01 4.676109018398631179e+01
4.693715594332417851e+01 4.487954029332890826e+01
4.693715594332417851e+01 4.457407631927713254e+01
4.693715594332417851e+01 4.687206342351385047e+01
4.693715594332417851e+01 4.259448696054644756e+01
4.693715594332417851e+01 4.224587189880960381e+01
4.693715594332417851e+01 4.346864602874368444e+01
4.693715594332417851e+01 4.782374678751031638e+01
4.693715594332417851e+01 4.600536231368222673e+01
4.693715594332417851e+01 4.032707661409592248e+01
4.693715594332417851e+01 4.367485426329209730e+01
4.693715594332417851e+01 4.560688575609711393e+01
4.693715594332417851e+01 5.728258836634592654e+01
4.693715594332417851e+01 4.884723875143917837e+01
4.693715594332417851e+01 4.924013324795369329e+01
4.693715594332417851e+01 4.915235079087080550e+01
4.693715594332417851e+01 4.119105056879121207e+01
4.693715594332417851e+01 4.379545435669496811e+01
4.693715594332417851e+01 4.753031950531863714e+01
4.693715594332417851e+01 4.691215777242408791e+01
4.693715594332417851e+01 4.349129154735402381e+01
4.693715594332417851e+01 4.654723579069457173e+01
4.693715594332417851e+01 4.493064528383213485e+01
4.693715594332417851e+01 4.412554072725554732e+01
4.693715594332417851e+01 4.823265137412323611e+01
4.693715594332417851e+01 4.380719352061634453e+01
4.693715594332417851e+01 4.788624527071117853e+01
4.693715594332417851e+01 5.316361443111661345e+01
4.693715594332417851e+01 5.417755487437995754e+01
4.693715594332417851e+01 4.819648522032899507e+01
4.693715594332417851e+01 4.832286142767487291e+01
4.693715594332417851e+01 4.417031428150304606e+01
4.693715594332417851e+01 4.773078390434761076e+01
4.693715594332417851e+01 4.887651059460318237e+01
4.693715594332417851e+01 4.896611432750952986e+01
4.693715594332417851e+01 4.134048840603517760e+01
4.693715594332417851e+01 4.942982364517177984e+01
4.693715594332417851e+01 4.764026382306936824e+01
4.693715594332417851e+01 4.493352829326429543e+01
4.693715594332417851e+01 4.495645854707755262e+01
4.693715594332417851e+01 4.803702521441800144e+01
4.693715594332417851e+01 4.800079705330510649e+01
4.693715594332417851e+01 5.061731600679228649e+01
4.693715594332417851e+01 5.125792926792870929e+01
4.693715594332417851e+01 4.041627033935424862e+01
4.693715594332417851e+01 4.807253206428277537e+01
4.693715594332417851e+01 4.336410262370011992e+01
4.693715594332417851e+01 4.618879719932857597e+01
4.693715594332417851e+01 5.329177503483723655e+01
4.693715594332417851e+01 4.632288310266194031e+01
4.693715594332417851e+01 4.149282412840934597e+01
4.693715594332417851e+01 4.844791968822209327e+01
4.693715594332417851e+01 4.132702128507088446e+01
4.693715594332417851e+01 4.525162662072626318e+01
4.693715594332417851e+01 4.840484943171894372e+01
4.693715594332417851e+01 4.543696613427521669e+01
4.693715594332417851e+01 4.854681123580374447e+01
4.693715594332417851e+01 4.522339017375550441e+01
4.693715594332417851e+01 4.656203697532583874e+01
4.693715594332417851e+01 4.857441124310361147e+01
4.693715594332417851e+01 4.271696890846250483e+01
4.693715594332417851e+01 5.031388514736575246e+01
4.693715594332417851e+01 4.954881758204355435e+01
4.693715594332417851e+01 4.601576554772901773e+01
4.693715594332417851e+01 4.729234101222854747e+01
4.693715594332417851e+01 4.640395433508362544e+01
4.693715594332417851e+01 4.084386608987750833e+01
4.693715594332417851e+01 4.727604676988837440e+01
4.693715594332417851e+01 4.549414140550164376e+01
4.693715594332417851e+01 5.007267202397164141e+01
4.693715594332417851e+01 4.278211259820260892e+01
4.693715594332417851e+01 4.996721131378264857e+01
4.693715594332417851e+01 4.748704508131496738e+01
4.693715594332417851e+01 4.531228129821230510e+01
4.693715594332417851e+01 4.481487218673800754e+01
4.693715594332417851e+01 4.506202091309821611e+01
4.693715594332417851e+01 4.809684908620206301e+01
4.693715594332417851e+01 4.694452142802447980e+01
4.693715594332417851e+01 4.647956360010111609e+01
4.693715594332417851e+01 4.879520144590418340e+01
4.693715594332417851e+01 4.302908440696350567e+01
4.693715594332417851e+01 4.917108295985737954e+01
4.693715594332417851e+01 4.257750775407208721e+01
4.693715594332417851e+01 5.245797662272769912e+01
4.693715594332417851e+01 4.206785271595405362e+01
4.693715594332417851e+01 4.592920581782856004e+01
4.693715594332417851e+01 4.065266737268746766e+01
4.693715594332417851e+01 4.672450504075606403e+01
4.693715594332417851e+01 4.602097387640036175e+01
4.693715594332417851e+01 4.300276532614829250e+01
4.693715594332417851e+01 4.311250837407445147e+01
4.693715594332417851e+01 4.451980186513265636e+01
4.693715594332417851e+01 4.123758085211755997e+01
4.693715594332417851e+01 4.429189961142546395e+01
4.693715594332417851e+01 4.693731759431038597e+01
4.693715594332417851e+01 4.476134174804491295e+01
4.693715594332417851e+01 4.015985282674218837e+01
4.693715594332417851e+01 4.586274005029219580e+01
4.693715594332417851e+01 4.341495875051300146e+01
4.693715594332417851e+01 4.978884136226283630e+01
4.693715594332417851e+01 4.580674254243913879e+01
4.693715594332417851e+01 4.964969449293196391e+01
4.693715594332417851e+01 5.141771584842164344e+01
4.693715594332417851e+01 4.441760558988610796e+01
4.693715594332417851e+01 4.980491943249668196e+01
4.693715594332417851e+01 4.854023423135834747e+01
4.693715594332417851e+01 4.840342103821882347e+01
4.693715594332417851e+01 3.987118171632220509e+01
4.693715594332417851e+01 5.071748836694625595e+01
4.693715594332417851e+01 4.085607644619931023e+01
4.693715594332417851e+01 4.540243750468543027e+01
4.693715594332417851e+01 4.373349766711527309e+01
4.693715594332417851e+01 4.833709604253008507e+01
4.693715594332417851e+01 4.093393325567567587e+01
4.693715594332417851e+01 4.483838533044978902e+01
4.693715594332417851e+01 4.737467195306452084e+01
4.693715594332417851e+01 5.077900351083525265e+01
4.693715594332417851e+01 4.773366822117169050e+01
4.693715594332417851e+01 4.683178737249868817e+01
4.693715594332417851e+01 4.425777386483164832e+01
4.693715594332417851e+01 4.798297745931542124e+01
4.693715594332417851e+01 4.475980841852145886e+01
4.693715594332417851e+01 4.821879941123251712e+01
4.693715594332417851e+01 4.169570356805186151e+01
4.693715594332417851e+01 4.557736812625928735e+01
4.693715594332417851e+01 4.595724502140432577e+01
4.693715594332417851e+01 4.775865976184240225e+01
4.693715594332417851e+01 4.501272678672010130e+01
4.693715594332417851e+01 4.422936153564606343e+01
4.693715594332417851e+01 4.759330235786761421e+01
4.693715594332417851e+01 4.708317894485774957e+01
4.693715594332417851e+01 4.174533925214233676e+01
4.693715594332417851e+01 3.667655462917262099e+01
4.693715594332417851e+01 4.505691350006555496e+01
4.693715594332417851e+01 4.139597549561386813e+01
4.693715594332417851e+01 4.227679010464828480e+01
4.693715594332417851e+01 4.219095418072564030e+01
4.693715594332417851e+01 4.774770097565214400e+01
4.693715594332417851e+01 4.287184462743650215e+01
4.693715594332417851e+01 4.688068872560042166e+01
4.693715594332417851e+01 4.487393422482580974e+01
4.693715594332417851e+01 4.882953005549752135e+01
4.693715594332417851e+01 4.861768119266435662e+01
4.693715594332417851e+01 4.556854420001534578e+01
4.693715594332417851e+01 4.557555894553635767e+01
4.693715594332417851e+01 4.306343201983025892e+01
4.693715594332417851e+01 4.869027543127621982e+01
4.693715594332417851e+01 4.381527921326556907e+01
4.693715594332417851e+01 4.770184881360757601e+01
4.693715594332417851e+01 4.786427659295301851e+01
4.693715594332417851e+01 5.260329437840545097e+01
4.693715594332417851e+01 4.449989416231795047e+01
4.693715594332417851e+01 4.918639625021000228e+01
4.693715594332417851e+01 4.299164772196500195e+01
4.693715594332417851e+01 4.545627964922080366e+01
4.693715594332417851e+01 4.779244966078071144e+01
4.693715594332417851e+01 3.991963340315984254e+01
4.693715594332417851e+01 4.401432698022053103e+01
4.693715594332417851e+01 4.506493666814374421e+01
4.693715594332417851e+01 4.503260243381820516e+01
4.693715594332417851e+01 4.554229688263005471e+01
4.693715594332417851e+01 4.692523245423654998e+01
4.693715594332417851e+01 4.161845683376488125e+01
4.693715594332417851e+01 4.563861489600427035e+01
4.693715594332417851e+01 4.800482979867729227e+01
4.693715594332417851e+01 4.889191266265619618e+01
4.693715594332417851e+01 4.811491143321833874e+01
4.693715594332417851e+01 4.379205881070080864e+01
4.693715594332417851e+01 4.346298928379809468e+01
4.693715594332417851e+01 4.362086154933131610e+01
4.693715594332417851e+01 4.302405476289840180e+01
4.693715594332417851e+01 5.228338758302481892e+01
4.693715594332417851e+01 4.465122390145850062e+01
4.693715594332417851e+01 4.716392438320466596e+01
4.693715594332417851e+01 5.103237222580514754e+01
4.693715594332417851e+01 4.658329364998669320e+01
4.693715594332417851e+01 5.217412785614209980e+01
4.693715594332417851e+01 5.021824493569421577e+01
4.693715594332417851e+01 4.237963601889092047e+01
4.693715594332417851e+01 4.680287566995826154e+01
4.693715594332417851e+01 3.985454467276704804e+01
4.693715594332417851e+01 4.181764067581633526e+01
4.693715594332417851e+01 4.825855295430072545e+01
4.693715594332417851e+01 5.224288258843972699e+01
4.693715594332417851e+01 4.529155290578459159e+01
4.693715594332417851e+01 4.601361233721990374e+01
4.693715594332417851e+01 4.515269794793321978e+01
4.693715594332417851e+01 4.380300105613818573e+01
4.693715594332417851e+01 4.418107418049186919e+01
4.693715594332417851e+01 5.018262542137023274e+01
4.693715594332417851e+01 4.438143567894933028e+01
4.693715594332417851e+01 4.303275740537734606e+01
4.693715594332417851e+01 4.261126985434777481e+01
4.693715594332417851e+01 4.320726014088375422e+01
4.693715594332417851e+01 4.873598249133522131e+01
4.693715594332417851e+01 4.864802359324691139e+01
4.693715594332417851e+01 4.931932953498807137e+01
4.693715594332417851e+01 4.546723697859116697e+01
4.693715594332417851e+01 4.921263599835164371e+01
4.693715594332417851e+01 5.648617864723131277e+01
4.693715594332417851e+01 5.262970473280694250e+01
4.693715594332417851e+01 3.962977319474608606e+01
4.693715594332417851e+01 4.494347723092823088e+01
4.693715594332417851e+01 4.071596592762567468e+01
4.693715594332417851e+01 4.251119432433809209e+01
4.693715594332417851e+01 5.174281120685349578e+01
4.693715594332417851e+01 4.669775790857870135e+01
4.693715594332417851e+01 4.073461864465064508e+01
4.693715594332417851e+01 4.383751495754831495e+01
4.693715594332417851e+01 4.076261976090331984e+01
4.693715594332417851e+01 4.608543547791833106e+01
4.693715594332417851e+01 4.604561524913038539e+01
4.693715594332417851e+01 5.076879207697606233e+01
4.693715594332417851e+01 3.975947254069836845e+01
4.693715594332417851e+01 4.409772284824068578e+01
4.693715594332417851e+01 4.560491953690917910e+01
4.693715594332417851e+01 4.699700141387364738e+01
4.693715594332417851e+01 4.744785744618696555e+01
4.693715594332417851e+01 4.970841932920710349e+01
4.693715594332417851e+01 4.621591824747717681e+01
4.693715594332417851e+01 5.436329124168351967e+01
4.693715594332417851e+01 5.471538330500931124e+01
4.693715594332417851e+01 4.968161365749114111e+01
4.693715594332417851e+01 4.688244714112324374e+01
4.693715594332417851e+01 4.573110337375494794e+01
4.693715594332417851e+01 4.582936956086138025e+01
4.693715594332417851e+01 4.867071269948841916e+01
4.693715594332417851e+01 4.482024165650329195e+01
4.693715594332417851e+01 4.389497745739718937e+01
4.693715594332417851e+01 4.815649968151851112e+01
4.693715594332417851e+01 4.888112443606109281e+01
4.693715594332417851e+01 4.643976183756784337e+01
4.693715594332417851e+01 4.532005293691172909e+01
4.693715594332417851e+01 5.123821438286255159e+01
4.693715594332417851e+01 4.478601984465549890e+01
4.693715594332417851e+01 4.595266499479831879e+01
4.693715594332417851e+01 4.794694054331695554e+01
4.693715594332417851e+01 4.988394151916492092e+01
4.693715594332417851e+01 4.381481356887724132e+01
4.693715594332417851e+01 4.240130060397246581e+01
4.693715594332417851e+01 5.149502729391404898e+01
4.693715594332417851e+01 4.616123844097657525e+01
4.693715594332417851e+01 4.953706698125217400e+01
4.693715594332417851e+01 4.937427452088100210e+01
4.693715594332417851e+01 4.854039129599808433e+01
4.693715594332417851e+01 4.500199205270317293e+01
4.693715594332417851e+01 4.770134333149134420e+01
4.693715594332417851e+01 4.299124204084240830e+01
4.693715594332417851e+01 4.761119070058712310e+01
4.693715594332417851e+01 4.481205332392652707e+01
4.693715594332417851e+01 4.429964597157422190e+01
4.693715594332417851e+01 4.457952520251268425e+01
4.693715594332417851e+01 4.798632904841173286e+01
4.693715594332417851e+01 4.475803251628946811e+01
4.693715594332417851e+01 4.192251169678640821e+01
4.693715594332417851e+01 4.625050338109976167e+01
4.693715594332417851e+01 4.832453170612516402e+01
4.693715594332417851e+01 4.437386746075235777e+01
4.693715594332417851e+01 4.586520598176502972e+01
4.693715594332417851e+01 4.562027195636062515e+01
4.693715594332417851e+01 4.719830406020518154e+01
4.693715594332417851e+01 4.473807326323629496e+01
4.693715594332417851e+01 4.387097934191904613e+01
4.693715594332417851e+01 5.371255246458373733e+01
4.693715594332417851e+01 4.873600827459263485e+01
4.693715594332417851e+01 3.796194939261636137e+01
4.693715594332417851e+01 4.972134324932794414e+01
4.693715594332417851e+01 4.258706183141831048e+01
4.693715594332417851e+01 5.133411161531677891e+01
4.693715594332417851e+01 3.960019077737933202e+01
4.693715594332417851e+01 5.108349106398576112e+01
4.693715594332417851e+01 5.249073122202897679e+01
4.693715594332417851e+01 4.836999016333717805e+01
4.693715594332417851e+01 4.599459196405306471e+01
4.693715594332417851e+01 4.276015870357067428e+01
4.693715594332417851e+01 4.510445386436941817e+01
4.693715594332417851e+01 4.626533389085658854e+01
4.693715594332417851e+01 4.729268920918683250e+01
4.693715594332417851e+01 4.562013708550145452e+01
4.693715594332417851e+01 4.518141060250074048e+01
4.693715594332417851e+01 4.592446714411882880e+01
4.693715594332417851e+01 4.811769989248071511e+01
4.693715594332417851e+01 4.529040041684763906e+01
4.693715594332417851e+01 3.830790640236755706e+01
4.693715594332417851e+01 4.771527935031884482e+01
4.693715594332417851e+01 4.674989813992887377e+01
4.693715594332417851e+01 4.539024718191343055e+01
4.693715594332417851e+01 4.777225427227808296e+01
4.693715594332417851e+01 4.287682604872343006e+01
4.693715594332417851e+01 4.655811320262930764e+01
4.693715594332417851e+01 4.375999688739261728e+01
4.693715594332417851e+01 4.342501307416704748e+01
4.693715594332417851e+01 4.490352945148629260e+01
4.693715594332417851e+01 5.273281281293397171e+01
4.693715594332417851e+01 4.888474981228671368e+01
4.693715594332417851e+01 4.546637210801844020e+01
4.693715594332417851e+01 4.580758593431315262e+01
4.693715594332417851e+01 4.846478211679579573e+01
4.693715594332417851e+01 4.728317817681657687e+01
4.693715594332417851e+01 4.542426657808736223e+01
4.693715594332417851e+01 4.977484124941793198e+01
4.693715594332417851e+01 4.711107006179255308e+01
4.693715594332417851e+01 4.059907819304175547e+01
4.693715594332417851e+01 4.979374034567705820e+01
4.693715594332417851e+01 4.910304786837951951e+01
4.693715594332417851e+01 4.993493362509756395e+01
4.693715594332417851e+01 4.580638652984968218e+01
4.693715594332417851e+01 4.683900964952437107e+01
4.693715594332417851e+01 4.809110967498851608e+01
4.693715594332417851e+01 4.235000606969873616e+01
4.693715594332417851e+01 4.779794547265336035e+01
4.693715594332417851e+01 4.095006104594065732e+01
4.693715594332417851e+01 4.435407118656668501e+01
4.693715594332417851e+01 4.944498563199103813e+01
4.693715594332417851e+01 4.355609089745762930e+01
4.693715594332417851e+01 4.777852638643700089e+01
4.693715594332417851e+01 4.840875542407194843e+01
4.693715594332417851e+01 4.402848961947030659e+01
4.693715594332417851e+01 4.621544917706562927e+01
4.693715594332417851e+01 4.744063754906785846e+01
4.693715594332417851e+01 5.124040648127428454e+01
4.693715594332417851e+01 5.089365256490693668e+01
4.693715594332417851e+01 4.402832148362850262e+01
4.693715594332417851e+01 4.650026589633447571e+01
4.693715594332417851e+01 4.897605508277159458e+01
4.693715594332417851e+01 4.398617920299894024e+01
4.693715594332417851e+01 4.716972188734218463e+01
4.693715594332417851e+01 4.600502228111585623e+01
4.693715594332417851e+01 4.551803138474904387e+01
4.693715594332417851e+01 4.311912374476124654e+01
4.693715594332417851e+01 5.033535346265742305e+01
4.693715594332417851e+01 4.506214209786863734e+01
4.693715594332417851e+01 4.504825503513974638e+01
4.693715594332417851e+01 4.394370622560073514e+01
4.693715594332417851e+01 4.384172887909313232e+01
4.693715594332417851e+01 4.847092065109684000e+01
4.693715594332417851e+01 4.808540878703226440e+01
4.693715594332417851e+01 4.192470470971939278e+01
4.693715594332417851e+01 5.120092345788854260e+01
4.693715594332417851e+01 5.016545980663335769e+01
4.693715594332417851e+01 4.723750884114141968e+01
4.693715594332417851e+01 4.152038461427370919e+01
4.693715594332417851e+01 4.115890486242190605e+01
4.693715594332417851e+01 4.674712488949599276e+01
4.693715594332417851e+01 4.693439583186454200e+01
4.693715594332417851e+01 4.626870441084044216e+01
4.693715594332417851e+01 4.405861893212015445e+01
4.693715594332417851e+01 5.150520539324612201e+01
4.693715594332417851e+01 4.492488657971921384e+01
4.693715594332417851e+01 4.676800949701924992e+01
4.693715594332417851e+01 4.613370647347554865e+01
4.693715594332417851e+01 4.372186380305415554e+01
4.693715594332417851e+01 4.218183721364367500e+01
4.693715594332417851e+01 4.833654366540731928e+01
4.693715594332417851e+01 4.140545485435560380e+01
4.693715594332417851e+01 4.705432639984685039e+01
4.693715594332417851e+01 5.283221102086468335e+01
4.693715594332417851e+01 5.059729727184867443e+01
4.693715594332417851e+01 4.267114881020398798e+01
4.693715594332417851e+01 4.390055506008960862e+01
4.693715594332417851e+01 5.231506137023907144e+01
4.693715594332417851e+01 4.215303469596784680e+01
4.693715594332417851e+01 4.851841597490161462e+01
4.693715594332417851e+01 4.894885871235378971e+01
4.693715594332417851e+01 5.008227732435849333e+01
4.693715594332417851e+01 4.824937954997746203e+01
4.693715594332417851e+01 4.450955205918675262e+01
4.693715594332417851e+01 4.716767072257606941e+01
4.693715594332417851e+01 4.218527708627975414e+01
4.693715594332417851e+01 4.879163681435050393e+01
4.693715594332417851e+01 4.968458891962050927e+01
4.693715594332417851e+01 4.686365105738472181e+01
4.693715594332417851e+01 4.558919686822844852e+01
4.693715594332417851e+01 4.937069830910539991e+01
4.693715594332417851e+01 5.912570579519217517e+01
4.693715594332417851e+01 4.445509276274214727e+01
4.693715594332417851e+01 4.165654913106777713e+01
4.693715594332417851e+01 4.566883204951609798e+01
4.693715594332417851e+01 4.342021801810727766e+01
4.693715594332417851e+01 4.302063965338770402e+01
4.693715594332417851e+01 4.328568106509970903e+01
4.693715594332417851e+01 4.517416169652575064e+01
4.693715594332417851e+01 5.009928750316370127e+01
4.693715594332417851e+01 4.609177370360257697e+01
4.693715594332417851e+01 4.194419767420438916e+01
4.693715594332417851e+01 4.526747206143751612e+01
4.693715594332417851e+01 4.772944832980827101e+01
4.693715594332417851e+01 4.681605741795698350e+01
4.693715594332417851e+01 4.094250052545502427e+01
4.693715594332417851e+01 4.593498969475674443e+01
4.693715594332417851e+01 4.893591692788442060e+01
4.693715594332417851e+01 4.734152481530796308e+01
4.693715594332417851e+01 4.905805584391186613e+01
4.693715594332417851e+01 3.609280419618038849e+01
4.693715594332417851e+01 4.868568184586273162e+01
4.693715594332417851e+01 4.464525780932461174e+01
4.693715594332417851e+01 4.279429622844367742e+01
4.693715594332417851e+01 4.759340528957055483e+01
4.693715594332417851e+01 4.397010699502794751e+01
4.693715594332417851e+01 4.221910921347352996e+01
4.693715594332417851e+01 4.768470318060538204e+01
4.693715594332417851e+01 5.008071083321421213e+01
4.693715594332417851e+01 4.657586421003505706e+01
4.693715594332417851e+01 4.263672737791282685e+01
4.693715594332417851e+01 4.831496467145524321e+01
4.693715594332417851e+01 4.379761541144763726e+01
4.693715594332417851e+01 4.379566783005255104e+01
4.693715594332417851e+01 4.331792494402839111e+01
4.693715594332417851e+01 4.525895752804945715e+01
4.693715594332417851e+01 4.471485907718238195e+01
4.693715594332417851e+01 4.741316361598114781e+01
4.693715594332417851e+01 4.487472920583923752e+01
4.693715594332417851e+01 4.011604769270886095e+01
4.693715594332417851e+01 4.608997610680636114e+01
4.693715594332417851e+01 4.618404361709616524e+01
4.693715594332417851e+01 4.901436701428253429e+01
4.693715594332417851e+01 4.467345433743144412e+01
4.693715594332417851e+01 4.546699903628071127e+01
4.693715594332417851e+01 4.472648217740642451e+01
4.693715594332417851e+01 4.646052160786479135e+01
4.693715594332417851e+01 4.213544805342723976e+01
4.693715594332417851e+01 4.787232093016946521e+01
4.693715594332417851e+01 4.131691221509723277e+01
4.693715594332417851e+01 4.562009134426652679e+01
4.693715594332417851e+01 4.705615496416683641e+01
4.693715594332417851e+01 5.083838973409645234e+01
4.693715594332417851e+01 4.292112638752709586e+01
4.693715594332417851e+01 4.803058215966923683e+01
4.693715594332417851e+01 4.462750425931703546e+01
4.693715594332417851e+01 4.694974015243075627e+01
4.693715594332417851e+01 4.355768250411870923e+01
4.693715594332417851e+01 4.971558354424153237e+01
4.693715594332417851e+01 4.410639799242812842e+01
4.693715594332417851e+01 4.683649372860772786e+01
4.693715594332417851e+01 4.775905070325100610e+01
4.693715594332417851e+01 4.880846671817818105e+01
4.693715594332417851e+01 4.999359613513820477e+01
4.693715594332417851e+01 4.302383101331606952e+01
4.693715594332417851e+01 4.797729590880386752e+01
4.693715594332417851e+01 5.077131623488410384e+01
4.693715594332417851e+01 4.581974337712362910e+01
4.693715594332417851e+01 4.738176418126528233e+01
4.693715594332417851e+01 4.481784272820524251e+01
4.693715594332417851e+01 4.195518365645857273e+01
4.693715594332417851e+01 4.643913343114085990e+01
4.693715594332417851e+01 4.818024396856221614e+01
4.693715594332417851e+01 4.921649628182881742e+01
4.693715594332417851e+01 4.682877426367248574e+01
4.693715594332417851e+01 4.572542194143846217e+01
4.693715594332417851e+01 4.409017249782635872e+01
4.693715594332417851e+01 5.290924459672668689e+01
4.693715594332417851e+01 4.596208841132222034e+01
4.693715594332417851e+01 4.981052454767319659e+01
4.693715594332417851e+01 4.658658373282239751e+01
4.693715594332417851e+01 4.508296568600539445e+01
4.693715594332417851e+01 4.267480717088806585e+01
4.693715594332417851e+01 4.425774452723156571e+01
4.693715594332417851e+01 4.715047679425545368e+01
4.693715594332417851e+01 4.242746475587998845e+01
4.693715594332417851e+01 4.790068774345242275e+01
4.693715594332417851e+01 4.472709988919759638e+01
4.693715594332417851e+01 4.767919693375004897e+01
4.693715594332417851e+01 4.455384972254427112e+01
4.693715594332417851e+01 4.980520586220126944e+01
4.693715594332417851e+01 5.349190229506541527e+01
4.693715594332417851e+01 4.673327064256596941e+01
4.693715594332417851e+01 4.637468299897680168e+01
4.693715594332417851e+01 4.129400475925989156e+01
4.693715594332417851e+01 4.704020443351799941e+01
4.693715594332417851e+01 4.467597260764955536e+01
4.693715594332417851e+01 4.483254944024626099e+01
4.693715594332417851e+01 4.935520816779091291e+01
4.693715594332417851e+01 4.641859508397676848e+01
4.693715594332417851e+01 4.410492269875401661e+01
4.693715594332417851e+01 4.479159534640920981e+01
4.693715594332417851e+01 5.067739760471332744e+01
4.693715594332417851e+01 4.824227105452933984e+01
4.693715594332417851e+01 4.275413581495826776e+01
4.693715594332417851e+01 4.571556797367691161e+01
4.693715594332417851e+01 4.334614342663763864e+01
4.693715594332417851e+01 4.851748864935652250e+01
4.693715594332417851e+01 4.999416208005192175e+01
4.693715594332417851e+01 4.598621101892511120e+01
4.693715594332417851e+01 4.297356391073883231e+01
4.693715594332417851e+01 4.631834052801840329e+01
4.693715594332417851e+01 4.422852797844934969e+01
4.693715594332417851e+01 4.116438467886226249e+01
4.693715594332417851e+01 4.528141229917449806e+01
4.693715594332417851e+01 4.420334543758235668e+01
4.693715594332417851e+01 4.401053793880650034e+01
4.693715594332417851e+01 5.136893310648503075e+01
4.693715594332417851e+01 4.110415749192981139e+01
4.693715594332417851e+01 4.820463600553459571e+01
4.693715594332417851e+01 4.772123481859930649e+01
4.693715594332417851e+01 4.150460635296084178e+01
4.693715594332417851e+01 4.618770930985807155e+01
4.693715594332417851e+01 4.383243526977879156e+01
4.693715594332417851e+01 4.751016405215315785e+01
4.693715594332417851e+01 4.913525579274639199e+01
4.693715594332417851e+01 5.304341145314025141e+01
4.693715594332417851e+01 4.130519782916594096e+01
4.693715594332417851e+01 4.787513095292370480e+01
4.693715594332417851e+01 4.654740049516113487e+01
4.693715594332417851e+01 4.341890175728767076e+01
4.693715594332417851e+01 5.013697763775567751e+01
4.693715594332417851e+01 4.642265215671915968e+01
4.693715594332417851e+01 5.469055143706969346e+01
4.693715594332417851e+01 4.452972787637902741e+01
4.693715594332417851e+01 4.472407193006711879e+01
4.693715594332417851e+01 4.459599594965657587e+01
4.693715594332417851e+01 4.463149056671721837e+01
4.693715594332417851e+01 4.770692412013558226e+01
4.693715594332417851e+01 4.518221060246742837e+01
4.693715594332417851e+01 4.631729142528803322e+01
4.693715594332417851e+01 4.628995751905031142e+01
4.693715594332417851e+01 4.705772481543121444e+01
4.693715594332417851e+01 4.066070599158734211e+01
4.693715594332417851e+01 4.982181143375390064e+01
4.693715594332417851e+01 5.321583920427931957e+01
4.693715594332417851e+01 4.458000342813819827e+01
4.693715594332417851e+01 4.512900055294503687e+01
4.693715594332417851e+01 4.431517404261328608e+01
4.693715594332417851e+01 4.747983216683445562e+01
4.693715594332417851e+01 4.433744063465054808e+01
4.693715594332417851e+01 4.409401268553560271e+01
4.693715594332417851e+01 5.149983324749232594e+01
4.693715594332417851e+01 5.099965135718272080e+01
4.693715594332417851e+01 5.044500386983860807e+01
4.693715594332417851e+01 4.459905926876447069e+01
4.693715594332417851e+01 4.440154675156579600e+01
4.693715594332417851e+01 4.694588786770220423e+01
4.693715594332417851e+01 4.861538245235536237e+01
4.693715594332417851e+01 4.756542535711805897e+01
4.693715594332417851e+01 4.104112018941667372e+01
4.693715594332417851e+01 4.652529703359523694e+01
4.693715594332417851e+01 4.841279866012021671e+01
4.693715594332417851e+01 4.775688864233146802e+01
4.693715594332417851e+01 4.352282787031586508e+01
4.693715594332417851e+01 4.789611279188065396e+01
4.693715594332417851e+01 4.767027150852739936e+01
4.693715594332417851e+01 4.365245222565380345e+01
4.693715594332417851e+01 4.487020053598467229e+01
4.693715594332417851e+01 4.382275708304214845e+01
4.693715594332417851e+01 4.612836333007614797e+01
4.693715594332417851e+01 4.965714482829841359e+01
4.693715594332417851e+01 4.234269060092123738e+01
4.693715594332417851e+01 5.077117636276457091e+01
4.693715594332417851e+01 4.403884035962714449e+01
4.693715594332417851e+01 4.308649823014879132e+01
4.693715594332417851e+01 4.873620227212592226e+01
4.693715594332417851e+01 5.303416786142719985e+01
4.693715594332417851e+01 4.503270060920786477e+01
4.693715594332417851e+01 4.825795966827951133e+01
4.693715594332417851e+01 4.907373791361093396e+01
4.693715594332417851e+01 4.188855879848595976e+01
4.693715594332417851e+01 4.425192830795236887e+01
4.693715594332417851e+01 5.005857454051885469e+01
4.693715594332417851e+01 5.133406697352690884e+01
4.693715594332417851e+01 4.201567821492272259e+01
4.693715594332417851e+01 5.042517122787585038e+01
4.693715594332417851e+01 5.098179993436264823e+01
4.693715594332417851e+01 3.971144412866178897e+01
4.693715594332417851e+01 5.066027653617213389e+01
4.693715594332417851e+01 4.604395333492050213e+01
4.693715594332417851e+01 5.523502513661109958e+01
4.693715594332417851e+01 4.441719974978646945e+01
4.693715594332417851e+01 4.403432061642487128e+01
4.693715594332417851e+01 4.600827155743019148e+01
4.693715594332417851e+01 4.406215462618397538e+01
4.693715594332417851e+01 4.534562475340504051e+01
4.693715594332417851e+01 4.803195915925731185e+01
4.693715594332417851e+01 5.019109265251330498e+01
4.693715594332417851e+01 4.347205515477685367e+01
4.693715594332417851e+01 4.956827379203573969e+01
4.693715594332417851e+01 4.698226557595953778e+01
4.693715594332417851e+01 5.959072345028967277e+01
4.693715594332417851e+01 4.598546351377495967e+01
4.693715594332417851e+01 4.731295754163789269e+01
4.693715594332417851e+01 5.201040954143839201e+01
4.693715594332417851e+01 4.411580926484413823e+01
4.693715594332417851e+01 4.730584814211822220e+01
4.693715594332417851e+01 4.538584142320466697e+01
4.693715594332417851e+01 4.913726355307701255e+01
4.693715594332417851e+01 4.791485295143995415e+01
4.693715594332417851e+01 3.981863433017571197e+01
4.693715594332417851e+01 4.646909127760967806e+01
4.693715594332417851e+01 4.503792311400368931e+01
4.693715594332417851e+01 4.173754272368196183e+01
4.693715594332417851e+01 5.174261379789649595e+01
4.693715594332417851e+01 5.666426931808604195e+01
4.693715594332417851e+01 4.602688269896650297e+01
4.693715594332417851e+01 5.095204155579035188e+01
4.693715594332417851e+01 4.383525059935345780e+01
4.693715594332417851e+01 4.702790410521869546e+01
4.693715594332417851e+01 4.706491592080095643e+01
4.693715594332417851e+01 4.686757675822896374e+01
4.693715594332417851e+01 4.804242802381779143e+01
4.693715594332417851e+01 4.378346821340258543e+01
4.693715594332417851e+01 4.576305222304718967e+01
4.693715594332417851e+01 4.536090701266576275e+01
4.693715594332417851e+01 4.780535165594657343e+01
4.693715594332417851e+01 4.364420360362552742e+01
4.693715594332417851e+01 4.722617000016994382e+01
4.693715594332417851e+01 4.389535781824820759e+01
4.693715594332417851e+01 4.984505311436537056e+01
4.693715594332417851e+01 4.667241039850318174e+01
4.693715594332417851e+01 4.772773879278532405e+01
4.693715594332417851e+01 4.369252492928576714e+01
4.693715594332417851e+01 4.562450939214367196e+01
4.693715594332417851e+01 4.383652656665073977e+01
4.693715594332417851e+01 4.624200128596542925e+01
4.693715594332417851e+01 4.547713259303905176e+01
4.693715594332417851e+01 4.434971212406271945e+01
4.693715594332417851e+01 4.236630953507822994e+01
4.693715594332417851e+01 4.662605580173204345e+01
4.693715594332417851e+01 4.526975399016731672e+01
4.693715594332417851e+01 4.628377972078394009e+01
4.693715594332417851e+01 4.786124075678209522e+01
4.693715594332417851e+01 4.337289740868240528e+01
4.693715594332417851e+01 4.105196780252230582e+01
4.693715594332417851e+01 4.094540850285875422e+01
4.693715594332417851e+01 5.356136628457502979e+01
4.693715594332417851e+01 4.248879974138429816e+01
4.693715594332417851e+01 4.393505097629974898e+01
4.693715594332417851e+01 4.523249337727083486e+01
4.693715594332417851e+01 5.397378005730858064e+01
4.693715594332417851e+01 4.368558650072365879e+01
4.693715594332417851e+01 5.004531400230270322e+01
4.693715594332417851e+01 4.960857629519461653e+01
4.693715594332417851e+01 5.280171993953044307e+01
4.693715594332417851e+01 5.411628986975410527e+01
4.693715594332417851e+01 4.610990212391151033e+01
4.693715594332417851e+01 4.271621006396141951e+01
4.693715594332417851e+01 5.038515170002250443e+01
4.693715594332417851e+01 4.742423657965105122e+01
4.693715594332417851e+01 4.747062600212724703e+01
4.693715594332417851e+01 4.642936114243100576e+01
4.693715594332417851e+01 4.312273109253578696e+01
4.693715594332417851e+01 4.478933050608056732e+01
4.693715594332417851e+01 4.715484790987657959e+01
4.693715594332417851e+01 4.486924227301641821e+01
4.693715594332417851e+01 4.460874276095280067e+01
4.693715594332417851e+01 4.702707436635743221e+01
4.693715594332417851e+01 4.298949420482089323e+01
4.693715594332417851e+01 4.701947879989535295e+01
4.693715594332417851e+01 4.533193763189223091e+01
4.693715594332417851e+01 4.151955664416205138e+01
4.693715594332417851e+01 4.627075377926665567e+01
4.693715594332417851e+01 4.290351533147847363e+01
4.693715594332417851e+01 5.082573366822958860e+01
4.693715594332417851e+01 4.670587110941183795e+01
4.693715594332417851e+01 4.292299458430203885e+01
4.693715594332417851e+01 4.368669458318647969e+01
4.693715594332417851e+01 4.849908413681617247e+01
4.693715594332417851e+01 5.695490688043103233e+01
4.693715594332417851e+01 4.421101151373721905e+01
4.693715594332417851e+01 4.505050234913684193e+01
4.693715594332417851e+01 5.089836342300792893e+01
4.693715594332417851e+01 4.260109800734190344e+01
4.693715594332417851e+01 4.961777355194617201e+01
4.693715594332417851e+01 4.862783426936906750e+01
4.693715594332417851e+01 4.789745962688012781e+01
4.693715594332417851e+01 4.192296429239063826e+01
4.693715594332417851e+01 4.750977906798814843e+01
4.693715594332417851e+01 4.081953233234794709e+01
4.693715594332417851e+01 4.991914086188797484e+01
4.693715594332417851e+01 4.410602890129788989e+01
4.693715594332417851e+01 5.150618880712694647e+01
4.693715594332417851e+01 5.142978179215100454e+01
4.693715594332417851e+01 4.500889621204254354e+01
4.693715594332417851e+01 4.366369057253953656e+01
4.693715594332417851e+01 4.208520092435858118e+01
4.693715594332417851e+01 4.483906827160205211e+01
4.693715594332417851e+01 4.166867303636416864e+01
4.693715594332417851e+01 4.712314898249572792e+01
4.693715594332417851e+01 4.268062915504239641e+01
4.693715594332417851e+01 4.821035104890650302e+01
4.693715594332417851e+01 4.633718424221378029e+01
4.693715594332417851e+01 5.173678852314930054e+01
4.693715594332417851e+01 4.800850612117239535e+01
4.693715594332417851e+01 4.617353814228966513e+01
4.693715594332417851e+01 3.987662717468624862e+01
4.693715594332417851e+01 4.609307053998968939e+01
4.693715594332417851e+01 4.406238572902168471e+01
4.693715594332417851e+01 4.638164022024353983e+01
4.693715594332417851e+01 4.703490762249310819e+01
4.693715594332417851e+01 4.492622513385542504e+01
4.693715594332417851e+01 4.623725052645123412e+01
4.693715594332417851e+01 4.480261467241331275e+01
4.693715594332417851e+01 4.880250155216688768e+01
4.693715594332417851e+01 4.568272107701825746e+01
4.693715594332417851e+01 4.524726655169008893e+01
4.693715594332417851e+01 5.625795329694460634e+01
4.693715594332417851e+01 5.067936210683494380e+01
4.693715594332417851e+01 4.413810636632196349e+01
4.693715594332417851e+01 4.148666317705618667e+01
4.693715594332417851e+01 4.196061500441433623e+01
4.693715594332417851e+01 4.818782888917179719e+01
4.693715594332417851e+01 4.301684770307077343e+01
4.693715594332417851e+01 5.132684788674968956e+01
