4.693715594332417851e+01 4.709545559480178412e+01
4.693715594332417851e+01 4.324782701934172735e+01
4.693715594332417851e+01 4.608759600524417266e+01
4.693715594332417851e+01 4.862464837180426258e+01
4.693715594332417851e+01 4.239468926243080915e+01
4.693715594332417851e+01 4.686262824484565215e+01
4.693715594332417851e+01 4.887346535549274762e+01
4.693715594332417851e+01 4.772238097736645557e+01
4.693715594332417851e+01 4.571257962972487121e+01
4.693715594332417851e+01 4.939440262357675238e+01
4.693715594332417851e+01 4.620093988566234344e+01
4.693715594332417851e+01 4.202993696188782735e+01
4.693715594332417851e+01 4.439017997773182600e+01
4.693715594332417851e+01 4.921502649577917765e+01
4.693715594332417851e+01 4.313152137198993330e+01
4.693715594332417851e+01 4.439409067872617243e+01
4.693715594332417851e+01 4.077828950484879300e+01
4.693715594332417851e+01 4.591641635275578892e+01
4.693715594332417851e+01 4.935942049156417966e+01
4.693715594332417851e+01 4.300263074442260347e+01
4.693715594332417851e+01 5.063059749064564841e+01
4.693715594332417851e+01 4.785447836916970488e+01
4.693715594332417851e+01 4.984201296658992675e+01
4.693715594332417851e+01 4.277867575166091996e+01
4.693715594332417851e+01 4.420067514710597578e+01
4.693715594332417851e+01 4.734736626672261650e+01
4.693715594332417851e+01 5.347828557206846511e+01
4.693715594332417851e+01 5.036518252407919505e+01
4.693715594332417851e+01 4.293156763343603188e+01
4.693715594332417851e+01 4.044463267927212513e+01
4.693715594332417851e+01 4.101477297228444030e+01
4.693715594332417851e+01 4.811782364857202765e+01
4.693715594332417851e+01 4.537449843226482216e+01
4.693715594332417851e+01 4.926770152913493916e+01
4.693715594332417851e+01 4.375912634468128459e+01
4.693715594332417851e+01 4.290010067786555226e+01
4.693715594332417851e+01 4.864181687461002213e+01
4.693715594332417851e+01 4.158839871288000012e+01
4.693715594332417851e+01 4.527299821978316174e+01
4.693715594332417851e+01 4.255199082081939821e+01
4.693715594332417851e+01 4.422576567972286909e+01
4.693715594332417851e+01 4.827124217125216887e+01
4.693715594332417851e+01 4.750716036695639133e+01
4.693715594332417851e+01 4.711007288626149148e+01
4.693715594332417851e+01 5.010111740636707367e+01
4.693715594332417851e+01 3.907905620295431959e+01
4.693715594332417851e+01 4.633865289609329352e+01
4.693715594332417851e+01 4.416776292005653204e+01
4.693715594332417851e+01 4.020138393219838946e+01
4.693715594332417851e+01 4.586088312776741560e+01
4.693715594332417851e+01 4.192216792479326415e+01
4.693715594332417851e+01 4.622018661271252427e+01
4.693715594332417851e+01 4.185102770337042699e+01
4.693715594332417851e+01 4.363574134937692151e+01
4.693715594332417851e+01 5.279397064988681620e+01
4.693715594332417851e+01 4.529953129953467084e+01
4.693715594332417851e+01 4.864919089785384188e+01
4.693715594332417851e+01 4.558146690124807066e+01
4.693715594332417851e+01 4.622622097331243651e+01
4.693715594332417851e+01 4.141748976213562372e+01
4.693715594332417851e+01 4.544885616505118975e+01
4.693715594332417851e+01 4.638214087916511374e+01
4.693715594332417851e+01 4.536241293282630238e+01
4.693715594332417851e+01 4.379981852201495940e+01
4.693715594332417851e+01 4.702455075998715728e+01
4.693715594332417851e+01 5.174072382454006203e+01
4.693715594332417851e+01 4.887874083833544603e+01
4.693715594332417851e+01 4.922839004866198565e+01
4.693715594332417851e+01 4.120663929731129116e+01
4.693715594332417851e+01 4.669785253882162834e+01
4.693715594332417851e+01 5.325462894058665597e+01
4.693715594332417851e+01 4.487809228045592391e+01
4.693715594332417851e+01 4.742248079980946329e+01
4.693715594332417851e+01 4.316586213116872273e+01
4.693715594332417851e+01 4.787094399319274629e+01
4.693715594332417851e+01 4.581486597929935556e+01
4.693715594332417851e+01 4.350498330835233673e+01
4.693715594332417851e+01 4.473259795732872846e+01
4.693715594332417851e+01 4.449513754522540410e+01
4.693715594332417851e+01 4.910713842259164608e+01
4.693715594332417851e+01 4.728429280585979910e+01
4.693715594332417851e+01 4.366806377871058942e+01
4.693715594332417851e+01 4.525992380839462470e+01
4.693715594332417851e+01 4.470523788654811170e+01
4.693715594332417851e+01 4.784226896120362227e+01
4.693715594332417851e+01 4.596122630770852169e+01
4.693715594332417851e+01 4.426342908533752762e+01
4.693715594332417851e+01 4.624415307980617484e+01
4.693715594332417851e+01 4.815826637187561943e+01
4.693715594332417851e+01 4.715336845068378580e+01
4.693715594332417851e+01 4.487813717511281908e+01
4.693715594332417851e+01 4.572834979704790470e+01
4.693715594332417851e+01 4.772126928229754839e+01
4.693715594332417851e+01 4.271369874415048429e+01
4.693715594332417851e+01 4.179551498950644373e+01
4.693715594332417851e+01 4.769260984150451321e+01
4.693715594332417851e+01 4.807688519383375336e+01
4.693715594332417851e+01 5.314455379238000887e+01
4.693715594332417851e+01 4.202936132589762508e+01
4.693715594332417851e+01 4.971023176833890034e+01
4.693715594332417851e+01 5.273307310398575254e+01
4.693715594332417851e+01 4.491927646884816028e+01
4.693715594332417851e+01 4.671142741564902678e+01
4.693715594332417851e+01 4.448206575940410801e+01
4.693715594332417851e+01 4.935225017652410173e+01
4.693715594332417851e+01 5.157689198759593552e+01
4.693715594332417851e+01 4.498822233365036283e+01
4.693715594332417851e+01 4.746020588112503447e+01
4.693715594332417851e+01 4.481647651717020864e+01
4.693715594332417851e+01 4.484329951732378561e+01
4.693715594332417851e+01 4.922931137127500278e+01
4.693715594332417851e+01 4.361087578449294000e+01
4.693715594332417851e+01 5.451608329556125909e+01
4.693715594332417851e+01 4.104216079028157793e+01
4.693715594332417851e+01 4.371090292181801118e+01
4.693715594332417851e+01 4.502208932371912198e+01
4.693715594332417851e+01 4.155299195433173054e+01
4.693715594332417851e+01 4.262241954110749020e+01
4.693715594332417851e+01 4.880844261478325308e+01
4.693715594332417851e+01 4.483027759726191164e+01
4.693715594332417851e+01 4.703454207748092131e+01
4.693715594332417851e+01 4.404241790948428559e+01
4.693715594332417851e+01 4.760591399713130301e+01
4.693715594332417851e+01 5.144206317107369841e+01
4.693715594332417851e+01 4.428931217622158556e+01
4.693715594332417851e+01 4.517635481943894860e+01
4.693715594332417851e+01 4.719619921725688982e+01
4.693715594332417851e+01 4.418245390595518529e+01
4.693715594332417851e+01 4.677399392689270030e+01
4.693715594332417851e+01 4.148896040553513842e+01
4.693715594332417851e+01 4.800498927874907196e+01
4.693715594332417851e+01 4.753999750799056301e+01
4.693715594332417851e+01 4.293236765009993405e+01
4.693715594332417851e+01 4.609126948014146308e+01
4.693715594332417851e+01 4.744297270826807988e+01
4.693715594332417851e+01 4.461107881803825848e+01
4.693715594332417851e+01 4.598823503088444653e+01
4.693715594332417851e+01 4.999299880122355688e+01
4.693715594332417851e+01 4.343695014891734729e+01
4.693715594332417851e+01 4.516739955296791464e+01
4.693715594332417851e+01 4.789134167162518452e+01
4.693715594332417851e+01 4.271942981413587148e+01
4.693715594332417851e+01 4.653674131622156551e+01
4.693715594332417851e+01 4.467030700650967390e+01
4.693715594332417851e+01 4.273760679319576639e+01
4.693715594332417851e+01 4.500954696896614138e+01
4.693715594332417851e+01 4.398799110960879943e+01
4.693715594332417851e+01 4.684955208149225570e+01
4.693715594332417851e+01 4.096168240023049378e+01
4.693715594332417851e+01 5.374401930860665999e+01
4.693715594332417851e+01 4.833850170960835158e+01
4.693715594332417851e+01 4.065265201395251893e+01
4.693715594332417851e+01 4.763436954528516765e+01
4.693715594332417851e+01 4.719698659397648299e+01
4.693715594332417851e+01 4.921959212344614798e+01
4.693715594332417851e+01 4.483398210514618398e+01
4.693715594332417851e+01 4.140391503623369829e+01
4.693715594332417851e+01 4.757550240489727145e+01
4.693715594332417851e+01 4.450454331414552911e+01
4.693715594332417851e+01 5.098965536530381826e+01
4.693715594332417851e+01 4.798088955070335970e+01
4.693715594332417851e+01 4.557884083038347711e+01
4.693715594332417851e+01 4.874423849303363454e+01
4.693715594332417851e+01 4.885672480338821799e+01
4.693715594332417851e+01 4.567877576585824073e+01
4.693715594332417851e+01 4.518172757171161891e+01
4.693715594332417851e+01 4.379832032678364584e+01
4.693715594332417851e+01 4.394476769744145628e+01
4.693715594332417851e+01 4.634476092201609276e+01
4.693715594332417851e+01 4.197453155087093535e+01
4.693715594332417851e+01 4.658423320446730997e+01
4.693715594332417851e+01 5.303393229109959606e+01
4.693715594332417851e+01 4.230111066489567406e+01
4.693715594332417851e+01 4.879260454426660942e+01
4.693715594332417851e+01 4.812440268407025457e+01
4.693715594332417851e+01 5.101916176472180808e+01
4.693715594332417851e+01 4.497558975346713339e+01
4.693715594332417851e+01 4.191567088289405518e+01
4.693715594332417851e+01 4.397950179264063308e+01
4.693715594332417851e+01 5.058893699537203048e+01
4.693715594332417851e+01 4.848608814973596992e+01
4.693715594332417851e+01 4.731042539002709191e+01
4.693715594332417851e+01 4.547001650685064078e+01
4.693715594332417851e+01 4.192666645879067033e+01
4.693715594332417851e+01 4.788118299783110388e+01
4.693715594332417851e+01 5.106290475281564767e+01
4.693715594332417851e+01 4.786430156475432085e+01
4.693715594332417851e+01 5.205484941195000914e+01
4.693715594332417851e+01 4.548885981307520154e+01
4.693715594332417851e+01 4.349437215148566338e+01
4.693715594332417851e+01 5.147001906153444395e+01
4.693715594332417851e+01 4.482189046927276621e+01
4.693715594332417851e+01 4.136371438997678496e+01
4.693715594332417851e+01 4.648229731523924357e+01
4.693715594332417851e+01 4.877869968937640266e+01
4.693715594332417851e+01 3.903681933853561503e+01
4.693715594332417851e+01 5.046969523332161600e+01
4.693715594332417851e+01 4.408047512428192505e+01
4.693715594332417851e+01 4.597613094740872697e+01
4.693715594332417851e+01 4.659066457831645636e+01
4.693715594332417851e+01 4.703152577667814427e+01
4.693715594332417851e+01 4.255761767857175926e+01
4.693715594332417851e+01 5.039493708478129008e+01
4.693715594332417851e+01 4.820582757554438302e+01
4.693715594332417851e+01 4.951900256380486809e+01
4.693715594332417851e+01 4.804655751912449801e+01
4.693715594332417851e+01 4.495181164335471635e+01
4.693715594332417851e+01 4.455795217202325631e+01
4.693715594332417851e+01 4.669632626252884222e+01
4.693715594332417851e+01 4.626592813043772878e+01
4.693715594332417851e+01 4.494047114947504440e+01
4.693715594332417851e+01 4.720373580194622321e+01
4.693715594332417851e+01 4.369443452347638157e+01
4.693715594332417851e+01 4.882231803114030555e+01
4.693715594332417851e+01 4.945132011583457654e+01
4.693715594332417851e+01 4.715733698883177283e+01
4.693715594332417851e+01 4.773054409509409624e+01
4.693715594332417851e+01 4.422014471386954426e+01
4.693715594332417851e+01 4.533720725678637820e+01
4.693715594332417851e+01 4.308469619128059946e+01
4.693715594332417851e+01 4.337475783350511449e+01
4.693715594332417851e+01 4.381385489441287717e+01
4.693715594332417851e+01 4.529945864594520799e+01
4.693715594332417851e+01 5.061808830410049609e+01
4.693715594332417851e+01 4.449287351434319504e+01
4.693715594332417851e+01 4.448535335858669271e+01
4.693715594332417851e+01 4.062286497425520793e+01
4.693715594332417851e+01 4.444754234440910068e+01
4.693715594332417851e+01 4.561049251794229775e+01
4.693715594332417851e+01 4.798066342446329458e+01
4.693715594332417851e+01 4.975384324615444598e+01
4.693715594332417851e+01 4.555171951435496425e+01
4.693715594332417851e+01 4.480734179835843634e+01
4.693715594332417851e+01 5.171269337400510580e+01
4.693715594332417851e+01 4.779348835845376442e+01
4.693715594332417851e+01 4.496456616194728895e+01
4.693715594332417851e+01 5.180155450967834696e+01
4.693715594332417851e+01 4.528297793671933391e+01
4.693715594332417851e+01 4.277674144601416373e+01
4.693715594332417851e+01 4.361959202604092667e+01
4.693715594332417851e+01 4.844064191880849535e+01
4.693715594332417851e+01 4.575812538805129037e+01
4.693715594332417851e+01 4.897735238929251267e+01
4.693715594332417851e+01 4.430024737019308390e+01
4.693715594332417851e+01 3.782255878695939089e+01
4.693715594332417851e+01 4.044460060148807656e+01
4.693715594332417851e+01 5.192285522973654821e+01
4.693715594332417851e+01 4.585732071605506377e+01
4.693715594332417851e+01 4.776714515198437994e+01
4.693715594332417851e+01 4.185359386830314321e+01
4.693715594332417851e+01 4.524596963991779575e+01
4.693715594332417851e+01 4.695073194498272073e+01
4.693715594332417851e+01 5.113550483875329888e+01
4.693715594332417851e+01 4.888989224511927745e+01
4.693715594332417851e+01 4.320234240029164141e+01
4.693715594332417851e+01 4.956920654116812130e+01
4.693715594332417851e+01 4.381285423551256741e+01
4.693715594332417851e+01 4.179246280668463243e+01
4.693715594332417851e+01 4.433545015609183793e+01
4.693715594332417851e+01 4.479346222819583545e+01
4.693715594332417851e+01 4.918886861184059001e+01
4.693715594332417851e+01 4.708652841278313872e+01
4.693715594332417851e+01 4.847888952467404522e+01
4.693715594332417851e+01 4.824314430258349518e+01
4.693715594332417851e+01 4.608658620247688020e+01
4.693715594332417851e+01 4.985771297950866199e+01
4.693715594332417851e+01 4.651938762057475429e+01
4.693715594332417851e+01 4.696029961811391473e+01
4.693715594332417851e+01 5.065652236304062228e+01
4.693715594332417851e+01 4.502694074657162560e+01
4.693715594332417851e+01 4.000433784667926318e+01
4.693715594332417851e+01 4.120684750528508999e+01
4.693715594332417851e+01 4.930122661428993780e+01
4.693715594332417851e+01 4.619044839914279521e+01
4.693715594332417851e+01 4.619278131485265249e+01
4.693715594332417851e+01 4.747465164306269969e+01
4.693715594332417851e+01 4.589701304903895362e+01
4.693715594332417851e+01 4.378258989600487183e+01
4.693715594332417851e+01 4.737834541361369389e+01
4.693715594332417851e+01 4.699730569655292811e+01
4.693715594332417851e+01 4.384880768702261378e+01
4.693715594332417851e+01 4.896393712125135522e+01
4.693715594332417851e+01 4.039635818957477653e+01
4.693715594332417851e+01 5.016713781390549087e+01
4.693715594332417851e+01 4.350540089730726123e+01
4.693715594332417851e+01 4.532863473732871995e+01
4.693715594332417851e+01 4.317605976753781505e+01
4.693715594332417851e+01 4.377523441114105651e+01
4.693715594332417851e+01 4.227882025199074434e+01
4.693715594332417851e+01 5.166928444656248587e+01
4.693715594332417851e+01 4.085372282417398537e+01
4.693715594332417851e+01 4.781168652549759912e+01
4.693715594332417851e+01 4.388067566243935858e+01
4.693715594332417851e+01 4.597530469145565490e+01
4.693715594332417851e+01 4.324129375057418656e+01
4.693715594332417851e+01 4.258940252554091188e+01
4.693715594332417851e+01 5.237619550256678735e+01
4.693715594332417851e+01 5.557191194886986807e+01
4.693715594332417851e+01 4.380417122953578257e+01
4.693715594332417851e+01 4.904320621011595449e+01
4.693715594332417851e+01 4.885609016200015731e+01
4.693715594332417851e+01 4.893050750963055862e+01
4.693715594332417851e+01 4.371126081292391063e+01
4.693715594332417851e+01 4.272043896585128664e+01
4.693715594332417851e+01 4.363634634850356520e+01
4.693715594332417851e+01 4.573332886101628958e+01
4.693715594332417851e+01 4.587460119882549492e+01
4.693715594332417851e+01 4.476644361353342561e+01
4.693715594332417851e+01 4.760539566682773938e+01
4.693715594332417851e+01 4.397474339476337946e+01
4.693715594332417851e+01 5.062139664544778839e+01
4.693715594332417851e+01 4.499985548586619188e+01
4.693715594332417851e+01 4.740366720860905758e+01
4.693715594332417851e+01 4.377034025769044945e+01
4.693715594332417851e+01 4.691111423933362801e+01
4.693715594332417851e+01 4.277269124340409689e+01
4.693715594332417851e+01 4.372109133813118831e+01
4.693715594332417851e+01 4.638091079795477611e+01
4.693715594332417851e+01 4.750582311026636262e+01
4.693715594332417851e+01 4.650736345458493304e+01
4.693715594332417851e+01 4.802639008336679183e+01
4.693715594332417851e+01 4.518052504440295536e+01
4.693715594332417851e+01 5.238899365293457322e+01
4.693715594332417851e+01 4.386296040211381353e+01
4.693715594332417851e+01 4.844707529090045739e+01
4.693715594332417851e+01 4.516586502218016363e+01
4.693715594332417851e+01 4.169476131974871436e+01
4.693715594332417851e+01 4.689720054201080757e+01
4.693715594332417851e+01 5.147537971846432470e+01
4.693715594332417851e+01 4.938335906024337163e+01
4.693715594332417851e+01 5.126356248561249629e+01
4.693715594332417851e+01 4.805581276902785959e+01
4.693715594332417851e+01 4.378167760806269371e+01
4.693715594332417851e+01 4.359412846617273374e+01
4.693715594332417851e+01 4.588365106128273396e+01
4.693715594332417851e+01 4.833918698650470702e+01
4.693715594332417851e+01 4.589637465966480079e+01
4.693715594332417851e+01 4.604915933220327418e+01
4.693715594332417851e+01 5.151826011036047248e+01
4.693715594332417851e+01 4.094395378661929641e+01
4.693715594332417851e+01 4.628235415265258013e+01
4.693715594332417851e+01 5.114394462613540782e+01
4.693715594332417851e+01 4.298781686635727084e+01
4.693715594332417851e+01 4.333981928211168366e+01
4.693715594332417851e+01 4.201883825469325728e+01
4.693715594332417851e+01 5.187341299575054876e+01
4.693715594332417851e+01 4.866236229210997521e+01
4.693715594332417851e+01 4.070766021387849065e+01
4.693715594332417851e+01 4.667984878601399856e+01
4.693715594332417851e+01 4.712289795964295536e+01
4.693715594332417851e+01 4.516114555444107737e+01
4.693715594332417851e+01 4.859553272670927271e+01
4.693715594332417851e+01 4.372559854459201745e+01
4.693715594332417851e+01 4.689872567557000593e+01
4.693715594332417851e+01 4.653424252599876354e+01
4.693715594332417851e+01 4.698689878902870021e+01
4.693715594332417851e+01 4.331369764510384357e+01
4.693715594332417851e+01 4.264101817793309124e+01
4.693715594332417851e+01 5.174847834501994726e+01
4.693715594332417851e+01 4.326906437047307463e+01
4.693715594332417851e+01 4.759262262437327706e+01
4.693715594332417851e+01 4.881382960755909295e+01
4.693715594332417851e+01 4.289029861502713459e+01
4.693715594332417851e+01 4.516677662449288988e+01
4.693715594332417851e+01 4.602163829991191335e+01
4.693715594332417851e+01 4.764526276870353172e+01
4.693715594332417851e+01 4.948240533695366139e+01
4.693715594332417851e+01 4.778463467246063345e+01
4.693715594332417851e+01 4.709794373576892923e+01
4.693715594332417851e+01 4.148718946422514620e+01
4.693715594332417851e+01 4.088458004947727886e+01
4.693715594332417851e+01 4.338293441981372212e+01
4.693715594332417851e+01 4.511774542819135547e+01
4.693715594332417851e+01 4.271810907155326476e+01
4.693715594332417851e+01 3.996976843064387452e+01
4.693715594332417851e+01 4.651790639293203355e+01
4.693715594332417851e+01 4.299895844800509792e+01
4.693715594332417851e+01 4.586694444155335759e+01
4.693715594332417851e+01 4.722634682322036070e+01
4.693715594332417851e+01 4.151007996222276830e+01
4.693715594332417851e+01 5.213641636396610579e+01
4.693715594332417851e+01 4.641813601780185650e+01
4.693715594332417851e+01 4.788035176723042952e+01
4.693715594332417851e+01 5.019620124493903290e+01
4.693715594332417851e+01 4.625233933833339961e+01
4.693715594332417851e+01 4.751677795458973463e+01
4.693715594332417851e+01 4.324787770647007790e+01
4.693715594332417851e+01 4.559270837726410264e+01
4.693715594332417851e+01 4.939264749719361447e+01
4.693715594332417851e+01 4.771124469808018631e+01
4.693715594332417851e+01 4.632489701756870915e+01
4.693715594332417851e+01 5.092155099435053245e+01
4.693715594332417851e+01 4.035168449997723883e+01
4.693715594332417851e+01 4.295312924081312644e+01
4.693715594332417851e+01 4.110032382430130582e+01
4.693715594332417851e+01 4.881464424374954802e+01
4.693715594332417851e+01 4.739039735259727593e+01
4.693715594332417851e+01 4.577287114738842888e+01
4.693715594332417851e+01 5.019774638315850979e+01
4.693715594332417851e+01 5.116160352679290213e+01
4.693715594332417851e+01 4.809131614684433487e+01
4.693715594332417851e+01 4.659842825716064851e+01
4.693715594332417851e+01 4.290558525911314547e+01
4.693715594332417851e+01 4.279146380014339002e+01
4.693715594332417851e+01 4.319029354109554220e+01
4.693715594332417851e+01 4.671111243892006826e+01
4.693715594332417851e+01 4.675779278570232833e+01
4.693715594332417851e+01 4.452795404771137555e+01
4.693715594332417851e+01 4.402304426374029589e+01
4.693715594332417851e+01 4.546430441075943918e+01
4.693715594332417851e+01 4.171559056667214804e+01
4.693715594332417851e+01 4.977858130384243651e+01
4.693715594332417851e+01 4.532877677442142073e+01
4.693715594332417851e+01 4.323075039286680976e+01
4.693715594332417851e+01 5.206518758644302380e+01
4.693715594332417851e+01 4.474768078599989707e+01
4.693715594332417851e+01 4.775160242170510827e+01
4.693715594332417851e+01 5.174313858431979440e+01
4.693715594332417851e+01 4.210954614805470442e+01
4.693715594332417851e+01 4.460066363583998594e+01
4.693715594332417851e+01 4.833271623472229805e+01
4.693715594332417851e+01 3.809771659818461131e+01
4.693715594332417851e+01 5.014482806128385306e+01
4.693715594332417851e+01 4.273742581864588175e+01
4.693715594332417851e+01 5.253509657165613334e+01
4.693715594332417851e+01 4.702129000128621783e+01
4.693715594332417851e+01 5.397406219496211577e+01
4.693715594332417851e+01 4.613231462932559879e+01
4.693715594332417851e+01 4.901106270067114679e+01
4.693715594332417851e+01 4.724003812018953852e+01
4.693715594332417851e+01 4.398620031106646167e+01
4.693715594332417851e+01 4.468241623866783385e+01
4.693715594332417851e+01 5.263388970523163835e+01
4.693715594332417851e+01 4.880346216253965963e+01
4.693715594332417851e+01 4.787936501225900088e+01
4.693715594332417851e+01 5.011651748261066786e+01
4.693715594332417851e+01 4.779635454153623186e+01
4.693715594332417851e+01 4.400580551701911958e+01
4.693715594332417851e+01 4.818562978913782757e+01
4.693715594332417851e+01 4.313060626964712441e+01
4.693715594332417851e+01 4.737126404489021070e+01
4.693715594332417851e+01 4.601271041758214153e+01
4.693715594332417851e+01 4.646996081532862632e+01
4.693715594332417851e+01 4.346380112457866574e+01
4.693715594332417851e+01 4.765034613091258109e+01
4.693715594332417851e+01 4.600754459466428159e+01
4.693715594332417851e+01 4.670491173153215669e+01
4.693715594332417851e+01 4.709415669504704738e+01
4.693715594332417851e+01 4.656392745477885597e+01
4.693715594332417851e+01 4.702358020731497845e+01
4.693715594332417851e+01 4.396688994327784172e+01
4.693715594332417851e+01 4.269334805305625480e+01
4.693715594332417851e+01 4.463804084168362607e+01
4.693715594332417851e+01 4.815054219076207431e+01
4.693715594332417851e+01 4.951893903879619785e+01
4.693715594332417851e+01 4.584536246241805912e+01
4.693715594332417851e+01 4.508769608241374982e+01
4.693715594332417851e+01 4.910002930114318787e+01
4.693715594332417851e+01 5.444206507711498233e+01
4.693715594332417851e+01 4.843386153704506114e+01
4.693715594332417851e+01 4.577220238388886031e+01
4.693715594332417851e+01 4.421648740005480960e+01
4.693715594332417851e+01 4.197289465123838426e+01
4.693715594332417851e+01 4.580235641526801516e+01
4.693715594332417851e+01 4.668697099994633248e+01
4.693715594332417851e+01 3.801231153764758375e+01
4.693715594332417851e+01 4.838135608305199042e+01
4.693715594332417851e+01 4.676620581167992441e+01
4.693715594332417851e+01 4.856051895890517756e+01
4.693715594332417851e+01 4.409769770850207493e+01
4.693715594332417851e+01 4.586979807532450337e+01
4.693715594332417851e+01 4.862069125148568816e+01
4.693715594332417851e+01 5.551846849627018798e+01
4.693715594332417851e+01 4.809168228895222086e+01
4.693715594332417851e+01 5.078680955493363314e+01
4.693715594332417851e+01 4.355120524338494903e+01
4.693715594332417851e+01 4.976682135497314619e+01
4.693715594332417851e+01 4.014387373932427749e+01
4.693715594332417851e+01 4.553694089370246445e+01
4.693715594332417851e+01 4.825715271967317932e+01
4.693715594332417851e+01 4.238413193781588006e+01
4.693715594332417851e+01 5.005803544095413571e+01
4.693715594332417851e+01 4.888800577131121372e+01
4.693715594332417851e+01 4.283365477949418221e+01
4.693715594332417851e+01 4.170116725838023086e+01
4.693715594332417851e+01 4.894506982378889859e+01
4.693715594332417851e+01 4.687892382105275146e+01
4.693715594332417851e+01 4.346088357440592631e+01
4.693715594332417851e+01 4.515296914942407369e+01
4.693715594332417851e+01 4.003565926646904671e+01
4.693715594332417851e+01 4.816663691653420187e+01
4.693715594332417851e+01 4.467678681802880902e+01
4.693715594332417851e+01 4.690664057524281105e+01
4.693715594332417851e+01 4.608480694433188773e+01
4.693715594332417851e+01 5.045887229793841300e+01
4.693715594332417851e+01 5.278563936071687124e+01
4.693715594332417851e+01 4.366681582744654833e+01
4.693715594332417851e+01 4.642089020884559147e+01
4.693715594332417851e+01 4.366351347774570257e+01
4.693715594332417851e+01 5.114097820198902156e+01
4.693715594332417851e+01 4.622634408651169480e+01
4.693715594332417851e+01 4.458683954424211748e+01
4.693715594332417851e+01 4.232932596860015906e+01
4.693715594332417851e+01 4.585623837530265234e+01
4.693715594332417851e+01 5.024086436286066970e+01
4.693715594332417851e+01 4.325115197353824925e+01
4.693715594332417851e+01 5.373531833699307469e+01
4.693715594332417851e+01 4.530514256706356235e+01
4.693715594332417851e+01 4.990084384776010751e+01
4.693715594332417851e+01 4.429429052016736534e+01
4.693715594332417851e+01 4.566412567765426900e+01
4.693715594332417851e+01 5.062679718129244577e+01
4.693715594332417851e+01 5.055814683305111856e+01
4.693715594332417851e+01 4.433687892831125055e+01
4.693715594332417851e+01 4.066244943164063841e+01
4.693715594332417851e+01 4.707635462486918954e+01
4.693715594332417851e+01 4.779343882701893165e+01
4.693715594332417851e+01 4.715834268853293310e+01
4.693715594332417851e+01 4.619968847400166112e+01
4.693715594332417851e+01 4.365451912241269383e+01
4.693715594332417851e+01 4.204093283835378259e+01
4.693715594332417851e+01 4.644384187857137647e+01
4.693715594332417851e+01 4.993023344274299546e+01
4.693715594332417851e+01 4.496887370115437932e+01
4.693715594332417851e+01 4.689333563655419113e+01
4.693715594332417851e+01 4.597688251546585292e+01
4.693715594332417851e+01 4.592232793692698323e+01
4.693715594332417851e+01 4.955336498407675094e+01
4.693715594332417851e+01 4.510903240004246584e+01
4.693715594332417851e+01 4.186782495236473522e+01
4.693715594332417851e+01 4.741420925020978672e+01
4.693715594332417851e+01 4.196666251396163716e+01
4.693715594332417851e+01 4.788570877563848427e+01
4.693715594332417851e+01 4.362470581947167858e+01
4.693715594332417851e+01 4.878807283086016611e+01
4.693715594332417851e+01 3.847593756433604284e+01
4.693715594332417851e+01 4.667506053199961258e+01
4.693715594332417851e+01 4.160956955354403419e+01
4.693715594332417851e+01 4.780524981883314695e+01
4.693715594332417851e+01 4.279561387118900484e+01
4.693715594332417851e+01 4.112550680617138710e+01
4.693715594332417851e+01 4.482299327409795353e+01
4.693715594332417851e+01 5.105278010101133646e+01
4.693715594332417851e+01 4.295364052641397734e+01
4.693715594332417851e+01 5.283426967214322190e+01
4.693715594332417851e+01 4.089011519009951456e+01
4.693715594332417851e+01 4.701951023697357357e+01
4.693715594332417851e+01 4.569185222765720056e+01
4.693715594332417851e+01 4.965868774786549977e+01
4.693715594332417851e+01 4.642324901952054717e+01
4.693715594332417851e+01 4.957031415539007213e+01
4.693715594332417851e+01 4.824342235612913754e+01
4.693715594332417851e+01 4.743384366852573919e+01
4.693715594332417851e+01 5.143146348999886186e+01
4.693715594332417851e+01 4.873276723208810068e+01
4.693715594332417851e+01 4.586661373815844200e+01
4.693715594332417851e+01 4.944644414698991142e+01
4.693715594332417851e+01 5.411428794403702369e+01
4.693715594332417851e+01 4.520243826444840352e+01
4.693715594332417851e+01 4.615642916771133031e+01
4.693715594332417851e+01 4.524490570082019758e+01
4.693715594332417851e+01 4.524124284753712999e+01
4.693715594332417851e+01 4.551150616515899827e+01
4.693715594332417851e+01 4.784636205362833294e+01
4.693715594332417851e+01 4.421049935995016256e+01
4.693715594332417851e+01 4.890670017818218440e+01
4.693715594332417851e+01 4.875241627652970067e+01
4.693715594332417851e+01 4.942817759210837636e+01
4.693715594332417851e+01 4.119886093578219288e+01
4.693715594332417851e+01 4.637690366325651325e+01
4.693715594332417851e+01 4.356797615031115356e+01
4.693715594332417851e+01 4.648221703941236171e+01
4.693715594332417851e+01 4.225217864576611504e+01
4.693715594332417851e+01 4.944441246861114081e+01
4.693715594332417851e+01 4.295226810437017662e+01
4.693715594332417851e+01 4.299280144835374529e+01
4.693715594332417851e+01 4.715956933921972904e+01
4.693715594332417851e+01 4.442136879803874905e+01
4.693715594332417851e+01 4.288788632097807607e+01
4.693715594332417851e+01 4.761334593885942468e+01
4.693715594332417851e+01 4.359651306562426498e+01
4.693715594332417851e+01 4.813278527851630173e+01
4.693715594332417851e+01 4.536829673150462128e+01
4.693715594332417851e+01 4.562253310641735737e+01
4.693715594332417851e+01 4.884421906371471778e+01
4.693715594332417851e+01 4.760238296403114333e+01
4.693715594332417851e+01 5.121315299726739312e+01
4.693715594332417851e+01 4.242029744610140796e+01
4.693715594332417851e+01 4.767043013377992366e+01
4.693715594332417851e+01 4.428801426830166577e+01
4.693715594332417851e+01 4.342708674043051076e+01
4.693715594332417851e+01 4.626155883191419349e+01
4.693715594332417851e+01 4.698019483037232646e+01
4.693715594332417851e+01 4.488673719854021726e+01
4.693715594332417851e+01 4.906347149629306870e+01
4.693715594332417851e+01 4.482937924142042618e+01
4.693715594332417851e+01 5.096315082198356095e+01
4.693715594332417851e+01 5.303145768430795215e+01
4.693715594332417851e+01 5.111208066176589426e+01
4.693715594332417851e+01 4.642319378644702965e+01
4.693715594332417851e+01 4.599659597215154605e+01
4.693715594332417851e+01 5.399263651509421180e+01
4.693715594332417851e+01 4.671681969417822700e+01
4.693715594332417851e+01 4.506517365048430435e+01
4.693715594332417851e+01 5.326544407704984962e+01
4.693715594332417851e+01 4.967449127145690113e+01
4.693715594332417851e+01 4.495600377832013805e+01
4.693715594332417851e+01 4.533756040367543960e+01
4.693715594332417851e+01 5.353504366162483308e+01
4.693715594332417851e+01 4.915204437890778877e+01
4.693715594332417851e+01 4.128168294232245472e+01
4.693715594332417851e+01 4.992075874700191207e+01
4.693715594332417851e+01 4.059513118494354700e+01
4.693715594332417851e+01 4.631531047324497763e+01
4.693715594332417851e+01 4.765405560002609775e+01
4.693715594332417851e+01 4.488044733438017175e+01
4.693715594332417851e+01 4.419751850546566629e+01
4.693715594332417851e+01 4.117886126337639752e+01
4.693715594332417851e+01 5.378649256540103352e+01
4.693715594332417851e+01 4.069414074106924772e+01
4.693715594332417851e+01 4.174339561387929365e+01
4.693715594332417851e+01 4.323430812345310414e+01
4.693715594332417851e+01 4.418678825241663333e+01
4.693715594332417851e+01 4.116292909687736312e+01
4.693715594332417851e+01 4.465444021252591256e+01
4.693715594332417851e+01 4.313670911717141365e+01
4.693715594332417851e+01 4.429769973883765743e+01
4.693715594332417851e+01 4.327577976021550654e+01
4.693715594332417851e+01 4.507967857777799736e+01
4.693715594332417851e+01 5.043915849546306163e+01
4.693715594332417851e+01 4.509039866687512443e+01
4.693715594332417851e+01 4.206239040814509167e+01
4.693715594332417851e+01 4.315267395368231007e+01
4.693715594332417851e+01 4.780350680291353882e+01
4.693715594332417851e+01 4.659648951634783742e+01
4.693715594332417851e+01 4.442242488935835354e+01
4.693715594332417851e+01 4.471260938352364178e+01
4.693715594332417851e+01 4.980256251932198097e+01
4.693715594332417851e+01 4.764388309672978039e+01
4.693715594332417851e+01 4.629672457074025260e+01
4.693715594332417851e+01 5.027677817546040728e+01
4.693715594332417851e+01 4.962960843000213629e+01
4.693715594332417851e+01 4.654401576049061617e+01
4.693715594332417851e+01 4.646083385690684509e+01
4.693715594332417851e+01 4.194629648436340119e+01
4.693715594332417851e+01 4.575317763134327009e+01
4.693715594332417851e+01 4.397100454873398689e+01
4.693715594332417851e+01 4.471374833380557590e+01
4.693715594332417851e+01 4.522135883711388971e+01
4.693715594332417851e+01 4.029173753467753727e+01
4.693715594332417851e+01 3.908915746806059133e+01
4.693715594332417851e+01 4.703508624759546564e+01
4.693715594332417851e+01 4.176073168537283209e+01
4.693715594332417851e+01 5.189830766291657227e+01
4.693715594332417851e+01 4.815630588978309135e+01
4.693715594332417851e+01 4.537483775853646506e+01
4.693715594332417851e+01 4.749228588193128786e+01
4.693715594332417851e+01 4.082846366946280625e+01
4.693715594332417851e+01 4.638090693886357485e+01
4.693715594332417851e+01 5.035055067464060130e+01
4.693715594332417851e+01 5.463917298805387190e+01
4.693715594332417851e+01 4.744819961271187481e+01
4.693715594332417851e+01 4.564685412848266566e+01
4.693715594332417851e+01 5.058640927149325250e+01
4.693715594332417851e+01 4.754036799390883061e+01
4.693715594332417851e+01 4.065970065530856914e+01
4.693715594332417851e+01 4.533520879716858332e+01
4.693715594332417851e+01 4.370854818654748897e+01
4.693715594332417851e+01 4.423350950636449852e+01
4.693715594332417851e+01 4.814695769554388249e+01
4.693715594332417851e+01 4.424355611082718553e+01
4.693715594332417851e+01 4.761273525294753739e+01
4.693715594332417851e+01 4.222640261178642618e+01
4.693715594332417851e+01 4.616706069206684759e+01
4.693715594332417851e+01 4.803050245423525411e+01
4.693715594332417851e+01 4.988006377613115916e+01
4.693715594332417851e+01 4.744497763998963080e+01
4.693715594332417851e+01 4.544298391438034201e+01
4.693715594332417851e+01 3.930066310402286689e+01
4.693715594332417851e+01 4.459861220428887663e+01
4.693715594332417851e+01 4.381478877091999635e+01
4.693715594332417851e+01 4.519837525986398674e+01
4.693715594332417851e+01 4.512000888525334119e+01
4.693715594332417851e+01 4.823595954321124424e+01
4.693715594332417851e+01 4.475911927355708997e+01
4.693715594332417851e+01 4.429121805799042733e+01
4.693715594332417851e+01 4.367513220122641826e+01
4.693715594332417851e+01 4.403744300089079644e+01
4.693715594332417851e+01 4.635024730211949162e+01
4.693715594332417851e+01 5.102154743090009958e+01
4.693715594332417851e+01 4.815543016518434172e+01
4.693715594332417851e+01 4.718464900756183766e+01
4.693715594332417851e+01 5.357595515581986234e+01
4.693715594332417851e+01 5.415687858567222435e+01
4.693715594332417851e+01 4.651345791235115712e+01
4.693715594332417851e+01 4.790519150182520747e+01
4.693715594332417851e+01 4.897375365152046811e+01
4.693715594332417851e+01 4.159879597621651470e+01
4.693715594332417851e+01 4.620666646268392697e+01
4.693715594332417851e+01 4.636303629771748547e+01
4.693715594332417851e+01 5.068196345982197926e+01
4.693715594332417851e+01 4.250450299796663245e+01
4.693715594332417851e+01 5.354648055172822296e+01
4.693715594332417851e+01 4.602521617105431062e+01
4.693715594332417851e+01 4.763036787346729994e+01
4.693715594332417851e+01 5.103391205292869159e+01
4.693715594332417851e+01 4.757781851345949775e+01
4.693715594332417851e+01 4.433500954111172376e+01
4.693715594332417851e+01 4.800446946340520782e+01
4.693715594332417851e+01 4.126395913071934984e+01
4.693715594332417851e+01 4.510281277061511673e+01
4.693715594332417851e+01 4.942027561284994874e+01
4.693715594332417851e+01 4.637773716907231147e+01
4.693715594332417851e+01 4.957320507850268854e+01
4.693715594332417851e+01 4.315975071912590977e+01
4.693715594332417851e+01 4.910150462863726517e+01
4.693715594332417851e+01 4.479246128192905019e+01
4.693715594332417851e+01 5.219589654028102643e+01
4.693715594332417851e+01 4.863689837089762591e+01
4.693715594332417851e+01 4.733544552993362942e+01
4.693715594332417851e+01 4.194580957359325168e+01
4.693715594332417851e+01 4.165156429832777718e+01
4.693715594332417851e+01 4.924942097404390751e+01
4.693715594332417851e+01 4.791224932969137029e+01
4.693715594332417851e+01 4.799739862344637231e+01
4.693715594332417851e+01 4.891321830214125299e+01
4.693715594332417851e+01 4.244070889161547200e+01
4.693715594332417851e+01 4.021000116039990502e+01
4.693715594332417851e+01 4.999742098485302222e+01
4.693715594332417851e+01 4.283960344233558004e+01
4.693715594332417851e+01 5.182607948735905978e+01
4.693715594332417851e+01 3.985747245276995443e+01
4.693715594332417851e+01 5.826856442963195093e+01
4.693715594332417851e+01 5.023320596041676112e+01
4.693715594332417851e+01 4.900083209003358320e+01
4.693715594332417851e+01 4.528822856496773852e+01
4.693715594332417851e+01 4.247875758613525932e+01
4.693715594332417851e+01 4.326554378389332811e+01
4.693715594332417851e+01 4.603435909787224034e+01
4.693715594332417851e+01 4.649023307583709652e+01
4.693715594332417851e+01 4.797929597147910386e+01
4.693715594332417851e+01 4.605996128889371022e+01
4.693715594332417851e+01 4.379160640550330186e+01
4.693715594332417851e+01 4.495655916321427270e+01
4.693715594332417851e+01 4.812580810112984153e+01
4.693715594332417851e+01 4.888043551016072286e+01
4.693715594332417851e+01 5.496257170203248421e+01
4.693715594332417851e+01 4.577261857734090711e+01
4.693715594332417851e+01 4.914687860496061944e+01
4.693715594332417851e+01 4.329621122358611274e+01
4.693715594332417851e+01 4.823020714484307092e+01
4.693715594332417851e+01 4.637118327649199756e+01
4.693715594332417851e+01 5.091062505544573469e+01
4.693715594332417851e+01 5.069152689033702330e+01
4.693715594332417851e+01 4.566914381972651427e+01
4.693715594332417851e+01 4.552152418157646707e+01
4.693715594332417851e+01 4.288856583541902268e+01
4.693715594332417851e+01 4.393346171160863634e+01
4.693715594332417851e+01 4.424666280505829263e+01
4.693715594332417851e+01 4.217833895146453216e+01
4.693715594332417851e+01 5.124559279775975540e+01
4.693715594332417851e+01 4.379447558512320882e+01
4.693715594332417851e+01 4.682326311439520339e+01
4.693715594332417851e+01 4.499623001424444624e+01
4.693715594332417851e+01 4.473665862597607656e+01
4.693715594332417851e+01 5.015759047800421655e+01
4.693715594332417851e+01 4.478103709221169737e+01
4.693715594332417851e+01 4.925722443796821182e+01
4.693715594332417851e+01 4.440089352927936517e+01
4.693715594332417851e+01 4.970199720258019482e+01
4.693715594332417851e+01 4.634647878400181042e+01
4.693715594332417851e+01 4.555829126576323063e+01
4.693715594332417851e+01 4.427081568840201697e+01
4.693715594332417851e+01 5.150886195580812199e+01
4.693715594332417851e+01 4.861888218884925550e+01
4.693715594332417851e+01 4.764837021305942244e+01
4.693715594332417851e+01 5.523766166460360694e+01
4.693715594332417851e+01 4.651731972142722071e+01
4.693715594332417851e+01 4.681780446374605731e+01
4.693715594332417851e+01 4.695083616268305349e+01
4.693715594332417851e+01 4.502404215368362372e+01
4.693715594332417851e+01 5.459487463326451007e+01
4.693715594332417851e+01 4.671209599521014155e+01
4.693715594332417851e+01 4.966332646899115844e+01
4.693715594332417851e+01 4.157335401722833979e+01
4.693715594332417851e+01 4.739991663005190503e+01
4.693715594332417851e+01 4.709624577777666588e+01
4.693715594332417851e+01 4.788806139794508709e+01
4.693715594332417851e+01 4.907110688481683525e+01
4.693715594332417851e+01 4.823931872273334420e+01
4.693715594332417851e+01 4.520368954098333347e+01
4.693715594332417851e+01 4.850382780752619283e+01
4.693715594332417851e+01 4.465670364794610947e+01
4.693715594332417851e+01 4.475821824984737418e+01
4.693715594332417851e+01 5.271586401434973368e+01
4.693715594332417851e+01 4.140028500680210755e+01
4.693715594332417851e+01 5.247070283678324643e+01
4.693715594332417851e+01 4.421492718353963625e+01
4.693715594332417851e+01 4.574036373770053387e+01
4.693715594332417851e+01 4.884455375956481049e+01
4.693715594332417851e+01 4.651478773075496775e+01
4.693715594332417851e+01 4.689702571574747481e+01
4.693715594332417851e+01 5.109943882162763629e+01
4.693715594332417851e+01 4.495342870019873516e+01
4.693715594332417851e+01 4.098678787442801053e+01
4.693715594332417851e+01 4.621886435918453628e+01
4.693715594332417851e+01 4.128202528161459384e+01
4.693715594332417851e+01 4.899873757052490220e+01
4.693715594332417851e+01 4.777393385365515144e+01
4.693715594332417851e+01 4.983662337215950799e+01
4.693715594332417851e+01 4.231779735844074253e+01
4.693715594332417851e+01 4.240864353558324495e+01
4.693715594332417851e+01 5.181573912216797595e+01
4.693715594332417851e+01 4.543259913922410931e+01
4.693715594332417851e+01 4.062272526385585536e+01
4.693715594332417851e+01 5.296346503005856476e+01
4.693715594332417851e+01 4.585786301271861021e+01
4.693715594332417851e+01 4.568539107080108863e+01
4.693715594332417851e+01 4.575758626207639423e+01
4.693715594332417851e+01 4.981305330782544161e+01
4.693715594332417851e+01 4.790940013728710767e+01
4.693715594332417851e+01 4.607938155006382885e+01
4.693715594332417851e+01 4.438948743622982107e+01
4.693715594332417851e+01 5.071672687243581379e+01
4.693715594332417851e+01 4.613616638120409164e+01
4.693715594332417851e+01 3.719556630173529044e+01
4.693715594332417851e+01 4.101582696955713914e+01
4.693715594332417851e+01 4.636733000123837911e+01
4.693715594332417851e+01 5.187109190515360524e+01
4.693715594332417851e+01 5.282967972360660269e+01
4.693715594332417851e+01 4.780994837348209359e+01
4.693715594332417851e+01 4.691735239821988301e+01
4.693715594332417851e+01 4.567207060692967246e+01
4.693715594332417851e+01 4.122192380518426802e+01
4.693715594332417851e+01 4.221678467567364379e+01
4.693715594332417851e+01 4.534349830696036321e+01
4.693715594332417851e+01 5.047563225661034636e+01
4.693715594332417851e+01 4.135776267691735342e+01
4.693715594332417851e+01 4.875032436851173401e+01
4.693715594332417851e+01 4.484411534335896476e+01
4.693715594332417851e+01 4.605739657899031414e+01
4.693715594332417851e+01 4.147279911255099449e+01
4.693715594332417851e+01 4.495667599370631251e+01
4.693715594332417851e+01 4.376985489655149308e+01
4.693715594332417851e+01 4.706095177204018398e+01
4.693715594332417851e+01 4.583535601681240479e+01
4.693715594332417851e+01 4.847071799331936148e+01
4.693715594332417851e+01 4.172615309411968809e+01
4.693715594332417851e+01 4.519776137776103297e+01
4.693715594332417851e+01 4.949825649107270920e+01
4.693715594332417851e+01 5.009949780308443223e+01
4.693715594332417851e+01 4.261488863006039907e+01
4.693715594332417851e+01 4.139377906244938288e+01
4.693715594332417851e+01 4.713674058720022231e+01
4.693715594332417851e+01 5.049827627884289427e+01
4.693715594332417851e+01 5.032970830039502630e+01
4.693715594332417851e+01 4.737723711226101386e+01
4.693715594332417851e+01 4.604870132900685320e+01
4.693715594332417851e+01 4.609725236731035380e+01
4.693715594332417851e+01 4.240263626643456263e+01
4.693715594332417851e+01 4.354519245649234449e+01
4.693715594332417851e+01 4.285160587666874221e+01
4.693715594332417851e+01 5.289929318752532339e+01
4.693715594332417851e+01 4.682337939684258998e+01
4.693715594332417851e+01 5.207784545415754707e+01
4.693715594332417851e+01 4.067060067642071886e+01
4.693715594332417851e+01 4.629113766511130734e+01
4.693715594332417851e+01 4.622260018161816220e+01
4.693715594332417851e+01 4.204906211899697865e+01
4.693715594332417851e+01 4.113935109996189254e+01
4.693715594332417851e+01 4.551019031997311970e+01
4.693715594332417851e+01 4.333450512879601035e+01
4.693715594332417851e+01 4.217258388145766190e+01
4.693715594332417851e+01 4.962178249389192075e+01
4.693715594332417851e+01 5.284031622428788211e+01
4.693715594332417851e+01 4.962965363690801013e+01
4.693715594332417851e+01 4.203533060503268359e+01
4.693715594332417851e+01 4.404568833877454637e+01
4.693715594332417851e+01 4.557183113587437617e+01
4.693715594332417851e+01 4.739066993612328815e+01
4.693715594332417851e+01 4.601359362271502818e+01
4.693715594332417851e+01 4.969734581789415984e+01
4.693715594332417851e+01 4.314871290639997881e+01
4.693715594332417851e+01 4.423547091359225192e+01
4.693715594332417851e+01 4.328763944245892503e+01
4.693715594332417851e+01 4.488080658871405859e+01
4.693715594332417851e+01 4.128772863295816364e+01
4.693715594332417851e+01 4.550541790018576194e+01
4.693715594332417851e+01 5.006942163082275243e+01
4.693715594332417851e+01 4.713083497215767892e+01
4.693715594332417851e+01 4.265554108984640891e+01
4.693715594332417851e+01 4.834479876703154133e+01
4.693715594332417851e+01 4.391385725041990895e+01
4.693715594332417851e+01 4.245253271783695936e+01
4.693715594332417851e+01 4.422902959476552098e+01
4.693715594332417851e+01 4.792331948533774266e+01
4.693715594332417851e+01 4.673252108736713240e+01
4.693715594332417851e+01 4.838380807606208123e+01
4.693715594332417851e+01 4.041622181450442497e+01
4.693715594332417851e+01 4.287181975698960912e+01
4.693715594332417851e+01 4.181340836263904492e+01
4.693715594332417851e+01 4.583340569595339531e+01
4.693715594332417851e+01 4.508589738459330221e+01
4.693715594332417851e+01 4.595785181772949812e+01
4.693715594332417851e+01 4.491714840273709797e+01
4.693715594332417851e+01 4.499953092662077125e+01
4.693715594332417851e+01 4.326752548925147579e+01
4.693715594332417851e+01 4.451394868403789218e+01
4.693715594332417851e+01 4.686578914076606139e+01
4.693715594332417851e+01 4.758425848929822166e+01
4.693715594332417851e+01 4.700768892146942335e+01
4.693715594332417851e+01 4.586489770126154042e+01
4.693715594332417851e+01 4.409136600865100064e+01
4.693715594332417851e+01 4.820497004480863978e+01
4.693715594332417851e+01 5.368408248263622795e+01
4.693715594332417851e+01 4.219166622440829428e+01
4.693715594332417851e+01 4.719807733964927365e+01
4.693715594332417851e+01 4.699337702350608481e+01
4.693715594332417851e+01 4.380184270706812555e+01
4.693715594332417851e+01 4.688640299701601322e+01
4.693715594332417851e+01 4.641036571522879228e+01
4.693715594332417851e+01 4.186434648563955818e+01
4.693715594332417851e+01 5.450956822998472973e+01
4.693715594332417851e+01 3.809451185423885988e+01
4.693715594332417851e+01 4.794154015620583209e+01
4.693715594332417851e+01 4.462636572885714514e+01
4.693715594332417851e+01 4.577993266917886928e+01
4.693715594332417851e+01 4.820501588730185460e+01
4.693715594332417851e+01 4.454044614228469356e+01
4.693715594332417851e+01 4.268309768965050210e+01
4.693715594332417851e+01 4.540471643271249036e+01
4.693715594332417851e+01 4.527536578033237191e+01
4.693715594332417851e+01 4.355544374032234600e+01
4.693715594332417851e+01 4.358046690356617603e+01
4.693715594332417851e+01 4.632942471803536222e+01
4.693715594332417851e+01 4.975685128314233907e+01
4.693715594332417851e+01 3.774808313461218745e+01
4.693715594332417851e+01 4.640203674743614926e+01
4.693715594332417851e+01 4.733371119556781537e+01
4.693715594332417851e+01 4.708654709557161766e+01
4.693715594332417851e+01 4.742805829742443535e+01
4.693715594332417851e+01 4.672802417262499119e+01
4.693715594332417851e+01 4.573995277858003305e+01
4.693715594332417851e+01 5.029888072172866487e+01
4.693715594332417851e+01 4.941177044215062608e+01
4.693715594332417851e+01 4.416926891052879256e+01
4.693715594332417851e+01 4.311211371788973423e+01
4.693715594332417851e+01 4.544242390076901472e+01
4.693715594332417851e+01 4.273189923531338508e+01
4.693715594332417851e+01 4.306438469173323114e+01
4.693715594332417851e+01 4.057473145643751167e+01
4.693715594332417851e+01 5.167985089996998482e+01
4.693715594332417851e+01 4.822385350701074458e+01
4.693715594332417851e+01 4.550360495240140324e+01
4.693715594332417851e+01 4.560398887982420746e+01
4.693715594332417851e+01 4.202895804538072611e+01
4.693715594332417851e+01 4.293218123714943601e+01
4.693715594332417851e+01 4.409445144208088152e+01
4.693715594332417851e+01 4.350846489715064536e+01
4.693715594332417851e+01 5.255200701892010073e+01
4.693715594332417851e+01 4.217217137752332690e+01
4.693715594332417851e+01 4.697107969573615804e+01
4.693715594332417851e+01 4.374420006281209083e+01
4.693715594332417851e+01 4.695744999457726010e+01
4.693715594332417851e+01 4.973942883175428875e+01
4.693715594332417851e+01 4.047964637596618331e+01
4.693715594332417851e+01 4.018961950513595127e+01
4.693715594332417851e+01 4.490899980889188470e+01
4.693715594332417851e+01 4.572759141747096123e+01
4.693715594332417851e+01 4.695063630250849940e+01
4.693715594332417851e+01 5.710699845939515740e+01
4.693715594332417851e+01 4.434872724175027514e+01
4.693715594332417851e+01 4.407366277667539123e+01
4.693715594332417851e+01 4.905838534414588992e+01
4.693715594332417851e+01 4.866188648659827720e+01
4.693715594332417851e+01 4.021314875209115058e+01
4.693715594332417851e+01 4.932539866309401333e+01
4.693715594332417851e+01 5.155015958975639734e+01
4.693715594332417851e+01 4.779599118954742210e+01
4.693715594332417851e+01 4.829315668403579309e+01
4.693715594332417851e+01 4.759842636488719592e+01
4.693715594332417851e+01 4.842626440019630252e+01
4.693715594332417851e+01 4.646466620870994291e+01
4.693715594332417851e+01 4.269409571484629851e+01
4.693715594332417851e+01 4.579901200509438297e+01
4.693715594332417851e+01 4.157430923041111726e+01
4.693715594332417851e+01 4.669775962857809049e+01
4.693715594332417851e+01 4.780637451683763572e+01
4.693715594332417851e+01 4.675381428149361795e+01
4.693715594332417851e+01 5.178230964960037852e+01
4.693715594332417851e+01 4.165054010332255530e+01
4.693715594332417851e+01 4.438739117598748152e+01
4.693715594332417851e+01 4.622338316429842564e+01
4.693715594332417851e+01 4.582784545072284033e+01
4.693715594332417851e+01 4.647141259241738709e+01
4.693715594332417851e+01 4.694056046370037905e+01
4.693715594332417851e+01 4.567960044539183428e+01
4.693715594332417851e+01 4.690966389217409471e+01
4.693715594332417851e+01 5.385388891358796570e+01
4.693715594332417851e+01 4.392431733940824046e+01
