4.693715594332417851e+01 5.177413583530875485e+01
4.693715594332417851e+01 4.810581162507599373e+01
4.693715594332417851e+01 4.707058409442828406e+01
4.693715594332417851e+01 4.659531923925590746e+01
4.693715594332417851e+01 4.434698473568294474e+01
4.693715594332417851e+01 4.526667672701193368e+01
4.693715594332417851e+01 4.900487663334515531e+01
4.693715594332417851e+01 4.751385982063985125e+01
4.693715594332417851e+01 4.900813959606014691e+01
4.693715594332417851e+01 4.409334409522201526e+01
4.693715594332417851e+01 4.390807494353938267e+01
4.693715594332417851e+01 5.319350538044738386e+01
4.693715594332417851e+01 4.626284357857157659e+01
4.693715594332417851e+01 4.172103664359078579e+01
4.693715594332417851e+01 4.161381476695697046e+01
4.693715594332417851e+01 4.987935279810798761e+01
4.693715594332417851e+01 5.162969576742076327e+01
4.693715594332417851e+01 5.065439355428057411e+01
4.693715594332417851e+01 4.792391840616522813e+01
4.693715594332417851e+01 5.619189999130398405e+01
4.693715594332417851e+01 4.880157869961352191e+01
4.693715594332417851e+01 4.580144556693675639e+01
4.693715594332417851e+01 5.181185696802089069e+01
4.693715594332417851e+01 5.161185123100544558e+01
4.693715594332417851e+01 4.171537376038949674e+01
4.693715594332417851e+01 4.944219434633189536e+01
4.693715594332417851e+01 4.471928445293853116e+01
4.693715594332417851e+01 4.751979905324369469e+01
4.693715594332417851e+01 4.407211683548955961e+01
4.693715594332417851e+01 4.605566480108533511e+01
4.693715594332417851e+01 4.260183779110040092e+01
4.693715594332417851e+01 4.963692282142109491e+01
4.693715594332417851e+01 4.569934024302037301e+01
4.693715594332417851e+01 4.931628933482462429e+01
4.693715594332417851e+01 4.447831751865223993e+01
4.693715594332417851e+01 4.867507445071425565e+01
4.693715594332417851e+01 4.267587715231067591e+01
4.693715594332417851e+01 4.682081073536192406e+01
4.693715594332417851e+01 5.116361595813653906e+01
4.693715594332417851e+01 4.428759930950859314e+01
4.693715594332417851e+01 4.638612349283415881e+01
4.693715594332417851e+01 4.051923904648953112e+01
4.693715594332417851e+01 4.864582740866629251e+01
4.693715594332417851e+01 4.477671150452896143e+01
4.693715594332417851e+01 4.954268593880119909e+01
4.693715594332417851e+01 4.680552808032082623e+01
4.693715594332417851e+01 4.316028729830831878e+01
4.693715594332417851e+01 4.339905773725857330e+01
4.693715594332417851e+01 4.559083617891695894e+01
4.693715594332417851e+01 4.415207126527606363e+01
4.693715594332417851e+01 5.154310516901119854e+01
4.693715594332417851e+01 4.240490150887981002e+01
4.693715594332417851e+01 4.525570562763129345e+01
4.693715594332417851e+01 4.139929022239789447e+01
4.693715594332417851e+01 4.735527292176720238e+01
4.693715594332417851e+01 4.952236017104129218e+01
4.693715594332417851e+01 4.471331067867998854e+01
4.693715594332417851e+01 3.752079964975444426e+01
4.693715594332417851e+01 4.674050700905510780e+01
4.693715594332417851e+01 4.890973577426122887e+01
4.693715594332417851e+01 5.687680102991548381e+01
4.693715594332417851e+01 5.202306273649659119e+01
4.693715594332417851e+01 4.715440153105456034e+01
4.693715594332417851e+01 4.637013726817230008e+01
4.693715594332417851e+01 4.146381765078677972e+01
4.693715594332417851e+01 4.336869198568791006e+01
4.693715594332417851e+01 4.680749472058562333e+01
4.693715594332417851e+01 4.136205869232558996e+01
4.693715594332417851e+01 4.633314716792066434e+01
4.693715594332417851e+01 4.637647954544795681e+01
4.693715594332417851e+01 4.849408705847207557e+01
4.693715594332417851e+01 5.503459957116501755e+01
4.693715594332417851e+01 4.364969515012376178e+01
4.693715594332417851e+01 4.501423353253630921e+01
4.693715594332417851e+01 4.691741459874056375e+01
4.693715594332417851e+01 4.587991470655927628e+01
4.693715594332417851e+01 4.966985195703422562e+01
4.693715594332417851e+01 4.756759928796365955e+01
4.693715594332417851e+01 4.958740046286486347e+01
4.693715594332417851e+01 4.752298777088373072e+01
4.693715594332417851e+01 4.939385887196996094e+01
4.693715594332417851e+01 4.443720493029577057e+01
4.693715594332417851e+01 4.633105196838381801e+01
4.693715594332417851e+01 4.365460391486421798e+01
4.693715594332417851e+01 4.413265139181834229e+01
4.693715594332417851e+01 3.854979747685735703e+01
4.693715594332417851e+01 4.514787005387398722e+01
4.693715594332417851e+01 4.833802026345042435e+01
4.693715594332417851e+01 4.549925155612728389e+01
4.693715594332417851e+01 4.202464906513488785e+01
4.693715594332417851e+01 4.021760956668863685e+01
4.693715594332417851e+01 4.600707634377269528e+01
4.693715594332417851e+01 4.825266991272805939e+01
4.693715594332417851e+01 4.954148584867110827e+01
4.693715594332417851e+01 4.707619907968750539e+01
4.693715594332417851e+01 5.108917109728957229e+01
4.693715594332417851e+01 4.881994252957598945e+01
4.693715594332417851e+01 4.714610260391277308e+01
4.693715594332417851e+01 4.682183155413058273e+01
4.693715594332417851e+01 4.726158160181525147e+01
4.693715594332417851e+01 4.466031273813889868e+01
4.693715594332417851e+01 4.470303127612640992e+01
4.693715594332417851e+01 4.042133416841978288e+01
4.693715594332417851e+01 4.177885958746046668e+01
4.693715594332417851e+01 4.666144163413651569e+01
4.693715594332417851e+01 4.433562484107058310e+01
4.693715594332417851e+01 4.539117360767521347e+01
4.693715594332417851e+01 5.235198166888339699e+01
4.693715594332417851e+01 4.330680799233164180e+01
4.693715594332417851e+01 4.766136033371100211e+01
4.693715594332417851e+01 4.506712132703945173e+01
4.693715594332417851e+01 5.071913944897772808e+01
4.693715594332417851e+01 4.750929632169732031e+01
4.693715594332417851e+01 4.614981317200161470e+01
4.693715594332417851e+01 4.361943905555074252e+01
4.693715594332417851e+01 4.368324107845983661e+01
4.693715594332417851e+01 4.021710951095584363e+01
4.693715594332417851e+01 4.122884490937963164e+01
4.693715594332417851e+01 4.932522932647230363e+01
4.693715594332417851e+01 4.678002100102012406e+01
4.693715594332417851e+01 4.995379443444293344e+01
4.693715594332417851e+01 4.402324979747115918e+01
4.693715594332417851e+01 4.323319045330227794e+01
4.693715594332417851e+01 4.053708140258259363e+01
4.693715594332417851e+01 4.525990354811673200e+01
4.693715594332417851e+01 5.514007116733618119e+01
4.693715594332417851e+01 5.389204662740685592e+01
4.693715594332417851e+01 4.296125488639916767e+01
4.693715594332417851e+01 4.748429172459617575e+01
4.693715594332417851e+01 4.241774522424859839e+01
4.693715594332417851e+01 4.238669835644836326e+01
4.693715594332417851e+01 4.510527755815765261e+01
4.693715594332417851e+01 4.365555902733829186e+01
4.693715594332417851e+01 4.616776119861047079e+01
4.693715594332417851e+01 4.632734483696198424e+01
4.693715594332417851e+01 4.805808361978869669e+01
4.693715594332417851e+01 4.454597636865484134e+01
4.693715594332417851e+01 4.485635220302529547e+01
4.693715594332417851e+01 4.833808621219134949e+01
4.693715594332417851e+01 4.300514134724591031e+01
4.693715594332417851e+01 4.599155943429516924e+01
4.693715594332417851e+01 4.443528397628659121e+01
4.693715594332417851e+01 4.496233744755258499e+01
4.693715594332417851e+01 4.520213181974440886e+01
4.693715594332417851e+01 4.501180451045945574e+01
4.693715594332417851e+01 4.590714823965065250e+01
4.693715594332417851e+01 3.896027254339532675e+01
4.693715594332417851e+01 4.464421708384275433e+01
4.693715594332417851e+01 4.233313719967538447e+01
4.693715594332417851e+01 4.578773373320046858e+01
4.693715594332417851e+01 4.294120155554516316e+01
4.693715594332417851e+01 5.037840816194388793e+01
4.693715594332417851e+01 4.597054084002553509e+01
4.693715594332417851e+01 4.591573742286401227e+01
4.693715594332417851e+01 4.650667994989998277e+01
4.693715594332417851e+01 4.923531812819832965e+01
4.693715594332417851e+01 4.427422014781299708e+01
4.693715594332417851e+01 4.418987017450311328e+01
4.693715594332417851e+01 4.312145977373358363e+01
4.693715594332417851e+01 4.460269315494341669e+01
4.693715594332417851e+01 4.594867404499553487e+01
4.693715594332417851e+01 4.441577056230977405e+01
4.693715594332417851e+01 4.430075224803885447e+01
4.693715594332417851e+01 4.399718142252103803e+01
4.693715594332417851e+01 4.799758077700520431e+01
4.693715594332417851e+01 4.528841078168751011e+01
4.693715594332417851e+01 4.740387224840414859e+01
4.693715594332417851e+01 4.543176113685454709e+01
4.693715594332417851e+01 4.661309444658586898e+01
4.693715594332417851e+01 4.093665810885357814e+01
4.693715594332417851e+01 4.459280362787762186e+01
4.693715594332417851e+01 5.142636835082964808e+01
4.693715594332417851e+01 4.396545719004177499e+01
4.693715594332417851e+01 4.789922905010828202e+01
4.693715594332417851e+01 4.225203466536333963e+01
4.693715594332417851e+01 4.705607948587754663e+01
4.693715594332417851e+01 4.098846193422117778e+01
4.693715594332417851e+01 4.555083394459054347e+01
4.693715594332417851e+01 4.553971824075085806e+01
4.693715594332417851e+01 4.457273102168036161e+01
4.693715594332417851e+01 4.495503188973674469e+01
4.693715594332417851e+01 4.581630504530720316e+01
4.693715594332417851e+01 5.209641869504279299e+01
4.693715594332417851e+01 4.219478945586084961e+01
4.693715594332417851e+01 4.957131185850223432e+01
4.693715594332417851e+01 5.228153918077238416e+01
4.693715594332417851e+01 4.996193929029116276e+01
4.693715594332417851e+01 4.395010075321035714e+01
4.693715594332417851e+01 5.374341210828463034e+01
4.693715594332417851e+01 4.916618050174955101e+01
4.693715594332417851e+01 4.841771847337788159e+01
4.693715594332417851e+01 4.464590895441932616e+01
4.693715594332417851e+01 4.613295677277135809e+01
4.693715594332417851e+01 4.512693219294610003e+01
4.693715594332417851e+01 5.369279879198274585e+01
4.693715594332417851e+01 4.629417087114330798e+01
4.693715594332417851e+01 5.167051069063309399e+01
4.693715594332417851e+01 4.794500003916986230e+01
4.693715594332417851e+01 4.686499783238090799e+01
4.693715594332417851e+01 4.626706963435617581e+01
4.693715594332417851e+01 4.563503209027489760e+01
4.693715594332417851e+01 4.667618851715927519e+01
4.693715594332417851e+01 4.508091512324164540e+01
4.693715594332417851e+01 5.005918558137423702e+01
4.693715594332417851e+01 4.868174393162350810e+01
4.693715594332417851e+01 4.415406962179734052e+01
4.693715594332417851e+01 4.904010001894306470e+01
4.693715594332417851e+01 4.380267397931433493e+01
4.693715594332417851e+01 4.014906459237798231e+01
4.693715594332417851e+01 4.207348378205720962e+01
4.693715594332417851e+01 4.442346186704909883e+01
4.693715594332417851e+01 5.187951197406938775e+01
4.693715594332417851e+01 4.792680468571234087e+01
4.693715594332417851e+01 5.327060030833507653e+01
4.693715594332417851e+01 4.456264353701971004e+01
4.693715594332417851e+01 4.768596985175553016e+01
4.693715594332417851e+01 4.685415335637867429e+01
4.693715594332417851e+01 4.121877002114144517e+01
4.693715594332417851e+01 4.815463739498886042e+01
4.693715594332417851e+01 4.915647166473902985e+01
4.693715594332417851e+01 4.595142380813734917e+01
4.693715594332417851e+01 4.566538694459815417e+01
4.693715594332417851e+01 5.688040108618516655e+01
4.693715594332417851e+01 4.949503050158415363e+01
4.693715594332417851e+01 4.627086431713861003e+01
4.693715594332417851e+01 4.153070533752136839e+01
4.693715594332417851e+01 4.934526382963960600e+01
4.693715594332417851e+01 4.262852263590236390e+01
4.693715594332417851e+01 4.314344098342400713e+01
4.693715594332417851e+01 4.275220872920175452e+01
4.693715594332417851e+01 4.570775202244536217e+01
4.693715594332417851e+01 4.886595394269022563e+01
4.693715594332417851e+01 4.701511017458151542e+01
4.693715594332417851e+01 4.162076320725141443e+01
4.693715594332417851e+01 4.872013307167657814e+01
4.693715594332417851e+01 4.952131014475909865e+01
4.693715594332417851e+01 4.585830231785842415e+01
4.693715594332417851e+01 4.617171970259163771e+01
4.693715594332417851e+01 4.484891151017017563e+01
4.693715594332417851e+01 4.602211874784376278e+01
4.693715594332417851e+01 4.244813435280264713e+01
4.693715594332417851e+01 4.665078185231524088e+01
4.693715594332417851e+01 4.454321600087175170e+01
4.693715594332417851e+01 4.140435243222074746e+01
4.693715594332417851e+01 4.211088809917937681e+01
4.693715594332417851e+01 4.298875004183837234e+01
4.693715594332417851e+01 4.602474679900228693e+01
4.693715594332417851e+01 4.741471775002645472e+01
4.693715594332417851e+01 4.494864896538460641e+01
4.693715594332417851e+01 5.280608198901965977e+01
4.693715594332417851e+01 4.467771096584709767e+01
4.693715594332417851e+01 4.728837439050150238e+01
4.693715594332417851e+01 4.558306990032074424e+01
4.693715594332417851e+01 4.785937766613190547e+01
4.693715594332417851e+01 5.225681592506501971e+01
4.693715594332417851e+01 4.151564543048739608e+01
4.693715594332417851e+01 4.421785417973122634e+01
4.693715594332417851e+01 4.731697744264581473e+01
4.693715594332417851e+01 4.591096238732186663e+01
4.693715594332417851e+01 4.478598366294435351e+01
4.693715594332417851e+01 4.706990940607790463e+01
4.693715594332417851e+01 5.411417926832834979e+01
4.693715594332417851e+01 4.872747656152385076e+01
4.693715594332417851e+01 4.974743617870435486e+01
4.693715594332417851e+01 4.718123378983073479e+01
4.693715594332417851e+01 4.648802701301708140e+01
4.693715594332417851e+01 4.287434349094121444e+01
4.693715594332417851e+01 4.677791877629758233e+01
4.693715594332417851e+01 4.599645082543482033e+01
4.693715594332417851e+01 4.384993894928808800e+01
4.693715594332417851e+01 4.773169476670538103e+01
4.693715594332417851e+01 4.143556459064065933e+01
4.693715594332417851e+01 4.779583926777586811e+01
4.693715594332417851e+01 4.591750396083531882e+01
4.693715594332417851e+01 4.463524232147117488e+01
4.693715594332417851e+01 4.784908505274034951e+01
4.693715594332417851e+01 4.898675419091748040e+01
4.693715594332417851e+01 4.518479372119396231e+01
4.693715594332417851e+01 4.507006652500085409e+01
4.693715594332417851e+01 4.977527811253819578e+01
4.693715594332417851e+01 4.344889805451951759e+01
4.693715594332417851e+01 4.129104995579373849e+01
4.693715594332417851e+01 4.805521548753680605e+01
4.693715594332417851e+01 5.110214460296219130e+01
4.693715594332417851e+01 4.644396934292525714e+01
4.693715594332417851e+01 4.677685137201694232e+01
4.693715594332417851e+01 4.581479938456516976e+01
4.693715594332417851e+01 4.603094532568722030e+01
4.693715594332417851e+01 4.112665701323498268e+01
4.693715594332417851e+01 4.242082187053949127e+01
4.693715594332417851e+01 4.808924316732579740e+01
4.693715594332417851e+01 4.626930879118802409e+01
4.693715594332417851e+01 4.645000866335197998e+01
4.693715594332417851e+01 4.648531681766489498e+01
4.693715594332417851e+01 4.665452343960030390e+01
4.693715594332417851e+01 4.539443833610523882e+01
4.693715594332417851e+01 4.463939583269358735e+01
4.693715594332417851e+01 4.064162172351274194e+01
4.693715594332417851e+01 4.372448584536834204e+01
4.693715594332417851e+01 5.163262245411949891e+01
4.693715594332417851e+01 4.279061537954770955e+01
4.693715594332417851e+01 4.544517351210400591e+01
4.693715594332417851e+01 4.800231265324524799e+01
4.693715594332417851e+01 4.791756820000069439e+01
4.693715594332417851e+01 4.577772365541673594e+01
4.693715594332417851e+01 4.565287538586728999e+01
4.693715594332417851e+01 5.228639140089188686e+01
4.693715594332417851e+01 4.800596157938298347e+01
4.693715594332417851e+01 5.108418399907348828e+01
4.693715594332417851e+01 4.784304628215707567e+01
4.693715594332417851e+01 4.482672960161321640e+01
4.693715594332417851e+01 5.181315632711040564e+01
4.693715594332417851e+01 4.462474787688515931e+01
4.693715594332417851e+01 4.494480388094223855e+01
4.693715594332417851e+01 4.206281271850775028e+01
4.693715594332417851e+01 5.028302557433101327e+01
4.693715594332417851e+01 4.437636169469023883e+01
4.693715594332417851e+01 4.188438042611747392e+01
4.693715594332417851e+01 4.141843323663736243e+01
4.693715594332417851e+01 4.712759504078348982e+01
4.693715594332417851e+01 4.317684990108924836e+01
4.693715594332417851e+01 5.066626519209133761e+01
4.693715594332417851e+01 5.046882057352105022e+01
4.693715594332417851e+01 4.916610120609021806e+01
4.693715594332417851e+01 4.299294460038096588e+01
4.693715594332417851e+01 4.617765698126108020e+01
4.693715594332417851e+01 3.985549065282891235e+01
4.693715594332417851e+01 4.554449971005200837e+01
4.693715594332417851e+01 4.343874157204025011e+01
4.693715594332417851e+01 4.613958485388417330e+01
4.693715594332417851e+01 4.922444404358890324e+01
4.693715594332417851e+01 4.707692393563208810e+01
4.693715594332417851e+01 5.107965029586035399e+01
4.693715594332417851e+01 4.473214842400200553e+01
4.693715594332417851e+01 4.385752597696384925e+01
4.693715594332417851e+01 4.629465109410697465e+01
4.693715594332417851e+01 3.777731355314045203e+01
4.693715594332417851e+01 4.381546312839608959e+01
4.693715594332417851e+01 4.815584013285678111e+01
4.693715594332417851e+01 4.369643805799477576e+01
4.693715594332417851e+01 4.481524704998852116e+01
4.693715594332417851e+01 4.718752050826785904e+01
4.693715594332417851e+01 5.187023571018661272e+01
4.693715594332417851e+01 4.422054409286265297e+01
4.693715594332417851e+01 4.447913805815217358e+01
4.693715594332417851e+01 4.704656673434287484e+01
4.693715594332417851e+01 4.948389856882862858e+01
4.693715594332417851e+01 4.575614872788586496e+01
4.693715594332417851e+01 4.672759135331259728e+01
4.693715594332417851e+01 5.252558521942653869e+01
4.693715594332417851e+01 5.056832253032965241e+01
4.693715594332417851e+01 4.426698026582750600e+01
4.693715594332417851e+01 4.438511765343145754e+01
4.693715594332417851e+01 5.060654494065082076e+01
4.693715594332417851e+01 4.353710079334087624e+01
4.693715594332417851e+01 5.015687964292018108e+01
4.693715594332417851e+01 4.878560822335460756e+01
4.693715594332417851e+01 4.667692089313729298e+01
4.693715594332417851e+01 4.719886033152521776e+01
4.693715594332417851e+01 4.307114184376263211e+01
4.693715594332417851e+01 4.354925565738778204e+01
4.693715594332417851e+01 4.993368407253029773e+01
4.693715594332417851e+01 3.780641367939420405e+01
4.693715594332417851e+01 4.999769266024490832e+01
4.693715594332417851e+01 5.076106595789328679e+01
4.693715594332417851e+01 4.424737650823109902e+01
4.693715594332417851e+01 4.676692829159100029e+01
4.693715594332417851e+01 4.868483140445973589e+01
4.693715594332417851e+01 5.395981040076711821e+01
4.693715594332417851e+01 4.688343190275399053e+01
4.693715594332417851e+01 4.414727797463930870e+01
4.693715594332417851e+01 4.348938529803750441e+01
4.693715594332417851e+01 4.545913948435948981e+01
4.693715594332417851e+01 5.243275970901748906e+01
4.693715594332417851e+01 4.567300468726722329e+01
4.693715594332417851e+01 4.703599581438143673e+01
4.693715594332417851e+01 4.478824156109489962e+01
4.693715594332417851e+01 4.352044465021306507e+01
4.693715594332417851e+01 5.005309551813098778e+01
4.693715594332417851e+01 4.784459822436328835e+01
4.693715594332417851e+01 4.985734627801384988e+01
4.693715594332417851e+01 5.194751913351431938e+01
4.693715594332417851e+01 4.648125322518299640e+01
4.693715594332417851e+01 4.904910226477940682e+01
4.693715594332417851e+01 4.823547713045758201e+01
4.693715594332417851e+01 4.359910973388002020e+01
4.693715594332417851e+01 4.386789366172049398e+01
4.693715594332417851e+01 4.761912823858270372e+01
4.693715594332417851e+01 4.545467115581284645e+01
4.693715594332417851e+01 4.286077118377354367e+01
4.693715594332417851e+01 4.541510412190147861e+01
4.693715594332417851e+01 4.905745050375342942e+01
4.693715594332417851e+01 4.325165841632777841e+01
4.693715594332417851e+01 5.195653379112629011e+01
4.693715594332417851e+01 4.903134915716208297e+01
4.693715594332417851e+01 4.772712591284597039e+01
4.693715594332417851e+01 4.284143234695472557e+01
4.693715594332417851e+01 4.368632990039409236e+01
4.693715594332417851e+01 5.113280106577746409e+01
4.693715594332417851e+01 4.597390309527968810e+01
4.693715594332417851e+01 4.225247010240955348e+01
4.693715594332417851e+01 5.211835796955658395e+01
4.693715594332417851e+01 4.773457551994043513e+01
4.693715594332417851e+01 4.574032031173608459e+01
4.693715594332417851e+01 4.613469629123887472e+01
4.693715594332417851e+01 4.645839466125970318e+01
4.693715594332417851e+01 4.472654120288879653e+01
4.693715594332417851e+01 4.576577425436568802e+01
4.693715594332417851e+01 4.947348868802858846e+01
4.693715594332417851e+01 4.099657787599196013e+01
4.693715594332417851e+01 4.434000611140658066e+01
4.693715594332417851e+01 3.853414322770569811e+01
4.693715594332417851e+01 4.263628298080890033e+01
4.693715594332417851e+01 4.693116779804944372e+01
4.693715594332417851e+01 4.257301741941390816e+01
4.693715594332417851e+01 4.058230318754244337e+01
4.693715594332417851e+01 4.329509527095645893e+01
4.693715594332417851e+01 5.461222848412700159e+01
4.693715594332417851e+01 3.891785836251878550e+01
4.693715594332417851e+01 4.536941426764386875e+01
4.693715594332417851e+01 4.051456937852083939e+01
4.693715594332417851e+01 4.417813212844168191e+01
4.693715594332417851e+01 4.655091361690853091e+01
4.693715594332417851e+01 4.523657421999977402e+01
4.693715594332417851e+01 4.178068702844123550e+01
4.693715594332417851e+01 4.880310291867149175e+01
4.693715594332417851e+01 5.025140655693667924e+01
4.693715594332417851e+01 5.096145119180862082e+01
4.693715594332417851e+01 4.107762235799982165e+01
4.693715594332417851e+01 4.059783837783330540e+01
4.693715594332417851e+01 4.515239417395849841e+01
4.693715594332417851e+01 4.245349553325032588e+01
4.693715594332417851e+01 3.970173413716026545e+01
4.693715594332417851e+01 4.583313112039156323e+01
4.693715594332417851e+01 4.872777521858438377e+01
4.693715594332417851e+01 5.147856631638404679e+01
4.693715594332417851e+01 5.191329538889178252e+01
4.693715594332417851e+01 4.829182771811544939e+01
4.693715594332417851e+01 4.557121292959941172e+01
4.693715594332417851e+01 4.341413408091423776e+01
4.693715594332417851e+01 4.447619642900168202e+01
4.693715594332417851e+01 4.840858831667012652e+01
4.693715594332417851e+01 4.389847047592154183e+01
4.693715594332417851e+01 4.650742496107852730e+01
4.693715594332417851e+01 4.220283187321501828e+01
4.693715594332417851e+01 4.687366785552390525e+01
4.693715594332417851e+01 4.293065761066317521e+01
4.693715594332417851e+01 4.329640085309261366e+01
4.693715594332417851e+01 4.576355950125579142e+01
4.693715594332417851e+01 4.702766356781120294e+01
4.693715594332417851e+01 4.389071469871912967e+01
4.693715594332417851e+01 4.521117927855181762e+01
4.693715594332417851e+01 4.822981856255034216e+01
4.693715594332417851e+01 4.203281072964166754e+01
4.693715594332417851e+01 4.298790211704394437e+01
4.693715594332417851e+01 4.937151489711172303e+01
4.693715594332417851e+01 4.367390519268997906e+01
4.693715594332417851e+01 5.154420520317226817e+01
4.693715594332417851e+01 4.779218913963786264e+01
4.693715594332417851e+01 4.596457150216981802e+01
4.693715594332417851e+01 4.932226281582161675e+01
4.693715594332417851e+01 4.781914010955501482e+01
4.693715594332417851e+01 5.216177123910105706e+01
4.693715594332417851e+01 4.514946179414606320e+01
4.693715594332417851e+01 4.769400095722400579e+01
4.693715594332417851e+01 3.753346909886826666e+01
4.693715594332417851e+01 4.796432562730155524e+01
4.693715594332417851e+01 5.026996469720908323e+01
4.693715594332417851e+01 5.020536883561150177e+01
4.693715594332417851e+01 4.282672912875798232e+01
4.693715594332417851e+01 4.753375416023096278e+01
4.693715594332417851e+01 5.051651856089848280e+01
4.693715594332417851e+01 4.778837531754344070e+01
4.693715594332417851e+01 4.377325302860921141e+01
4.693715594332417851e+01 5.132602545007091521e+01
4.693715594332417851e+01 4.921690382986118806e+01
4.693715594332417851e+01 5.149863854575730215e+01
4.693715594332417851e+01 5.025087894910126352e+01
4.693715594332417851e+01 4.973263934980506207e+01
4.693715594332417851e+01 4.708295474847506057e+01
4.693715594332417851e+01 5.522225160564174473e+01
4.693715594332417851e+01 4.690761347338940368e+01
4.693715594332417851e+01 4.805386028170233459e+01
4.693715594332417851e+01 4.501602317240532614e+01
4.693715594332417851e+01 4.132794167586817480e+01
4.693715594332417851e+01 5.223715589827472883e+01
4.693715594332417851e+01 4.965079213109063261e+01
4.693715594332417851e+01 4.634905500942443979e+01
4.693715594332417851e+01 4.787547231811871029e+01
4.693715594332417851e+01 4.510292581601527218e+01
4.693715594332417851e+01 4.310769449996124791e+01
4.693715594332417851e+01 4.831742825104877426e+01
4.693715594332417851e+01 4.092015906833735528e+01
4.693715594332417851e+01 5.728643380144450248e+01
4.693715594332417851e+01 4.816180505762329744e+01
4.693715594332417851e+01 4.364863027906883985e+01
4.693715594332417851e+01 4.450280041409637732e+01
4.693715594332417851e+01 4.985480615789976611e+01
4.693715594332417851e+01 4.834577957595049469e+01
4.693715594332417851e+01 5.174389249998000651e+01
4.693715594332417851e+01 4.467683587463681505e+01
4.693715594332417851e+01 4.955422083514776688e+01
4.693715594332417851e+01 4.294218112002279497e+01
4.693715594332417851e+01 4.483479627133804257e+01
4.693715594332417851e+01 4.306815965468965857e+01
4.693715594332417851e+01 5.434952145458942141e+01
4.693715594332417851e+01 5.084887982231165182e+01
4.693715594332417851e+01 4.234596263603948785e+01
4.693715594332417851e+01 4.627184443958065430e+01
4.693715594332417851e+01 4.446458350940854132e+01
4.693715594332417851e+01 4.868682332156016912e+01
4.693715594332417851e+01 4.329705466697065930e+01
4.693715594332417851e+01 4.947859911685812051e+01
4.693715594332417851e+01 4.286434027925180601e+01
4.693715594332417851e+01 4.342308336800473256e+01
4.693715594332417851e+01 4.187995311088014461e+01
4.693715594332417851e+01 5.006761959308952470e+01
4.693715594332417851e+01 5.115141424906899204e+01
4.693715594332417851e+01 4.486893992470078274e+01
4.693715594332417851e+01 4.488800561637327036e+01
4.693715594332417851e+01 5.101930982880909227e+01
4.693715594332417851e+01 4.813675519498904265e+01
4.693715594332417851e+01 4.238068184529701199e+01
4.693715594332417851e+01 4.431589394592154463e+01
4.693715594332417851e+01 5.003318825787478374e+01
4.693715594332417851e+01 4.635796262183846039e+01
4.693715594332417851e+01 4.498799921868226193e+01
4.693715594332417851e+01 4.534232482143437437e+01
4.693715594332417851e+01 5.100745499374142611e+01
4.693715594332417851e+01 4.166059099820293454e+01
4.693715594332417851e+01 4.793447933606655198e+01
4.693715594332417851e+01 4.832352200760414007e+01
4.693715594332417851e+01 3.917304484799833375e+01
4.693715594332417851e+01 4.210446508103568419e+01
4.693715594332417851e+01 4.295838548608860918e+01
4.693715594332417851e+01 4.537412625395248966e+01
4.693715594332417851e+01 4.405049299281171926e+01
4.693715594332417851e+01 4.594571412792081588e+01
4.693715594332417851e+01 4.752597714768897674e+01
4.693715594332417851e+01 4.581694166086540321e+01
4.693715594332417851e+01 4.136241674305752269e+01
4.693715594332417851e+01 5.284263330449141449e+01
4.693715594332417851e+01 4.529683071710792319e+01
4.693715594332417851e+01 4.465077948753695125e+01
4.693715594332417851e+01 4.491119911615349736e+01
4.693715594332417851e+01 5.158042476596920523e+01
4.693715594332417851e+01 5.196111217039217678e+01
4.693715594332417851e+01 5.118507695935180379e+01
4.693715594332417851e+01 4.612133243094101687e+01
4.693715594332417851e+01 4.621883525567433537e+01
4.693715594332417851e+01 4.474232419014708739e+01
4.693715594332417851e+01 4.599446078781318192e+01
4.693715594332417851e+01 4.561707193268676974e+01
4.693715594332417851e+01 4.401110428143267939e+01
4.693715594332417851e+01 4.653296663087220253e+01
4.693715594332417851e+01 5.059446348840620544e+01
4.693715594332417851e+01 4.352955172235519399e+01
4.693715594332417851e+01 5.291222214689745584e+01
4.693715594332417851e+01 4.996108684814652179e+01
4.693715594332417851e+01 4.225738539742205546e+01
4.693715594332417851e+01 4.322965878874401113e+01
4.693715594332417851e+01 4.787027321226190679e+01
4.693715594332417851e+01 4.430950250698069226e+01
4.693715594332417851e+01 4.584445450320421145e+01
4.693715594332417851e+01 4.515458728054232296e+01
4.693715594332417851e+01 4.896448229348828107e+01
4.693715594332417851e+01 4.525167906109061278e+01
4.693715594332417851e+01 5.222966489824730729e+01
4.693715594332417851e+01 4.305892156783062319e+01
4.693715594332417851e+01 5.165719412889176709e+01
4.693715594332417851e+01 4.503992867405596456e+01
4.693715594332417851e+01 3.821761590144937770e+01
4.693715594332417851e+01 4.524108809236946627e+01
4.693715594332417851e+01 5.309051457961289344e+01
4.693715594332417851e+01 4.390788471064999499e+01
4.693715594332417851e+01 4.434496950556723505e+01
4.693715594332417851e+01 4.946619012719560970e+01
4.693715594332417851e+01 4.537281776850021231e+01
4.693715594332417851e+01 4.636643479668153844e+01
4.693715594332417851e+01 4.477040856835667881e+01
4.693715594332417851e+01 4.571987711779358676e+01
4.693715594332417851e+01 4.119839440529100472e+01
4.693715594332417851e+01 4.520027468738437904e+01
4.693715594332417851e+01 4.599033363670771024e+01
4.693715594332417851e+01 4.608897840228953413e+01
4.693715594332417851e+01 4.341053111937293352e+01
4.693715594332417851e+01 4.685253670235221080e+01
4.693715594332417851e+01 4.226308714614911821e+01
4.693715594332417851e+01 4.723388112482439283e+01
4.693715594332417851e+01 4.953979972174052904e+01
4.693715594332417851e+01 4.136336626315613785e+01
4.693715594332417851e+01 4.934475345972751370e+01
4.693715594332417851e+01 4.302247501750250791e+01
4.693715594332417851e+01 4.176720301338986729e+01
4.693715594332417851e+01 5.004958556690689164e+01
4.693715594332417851e+01 4.772758455799534261e+01
4.693715594332417851e+01 4.616864875043411587e+01
4.693715594332417851e+01 4.757276021974153224e+01
4.693715594332417851e+01 4.780273335075284535e+01
4.693715594332417851e+01 4.107091611078256932e+01
4.693715594332417851e+01 4.900715258070919589e+01
4.693715594332417851e+01 4.839143545319524975e+01
4.693715594332417851e+01 4.250500783872774235e+01
4.693715594332417851e+01 4.668039993123343123e+01
4.693715594332417851e+01 4.562713633111743405e+01
4.693715594332417851e+01 4.283860884763308974e+01
4.693715594332417851e+01 4.456634205273594063e+01
4.693715594332417851e+01 4.753413955656255041e+01
4.693715594332417851e+01 4.035599564990179999e+01
4.693715594332417851e+01 4.832121567099429882e+01
4.693715594332417851e+01 4.788855221839509824e+01
4.693715594332417851e+01 4.539859796464394748e+01
4.693715594332417851e+01 4.687318825042367365e+01
4.693715594332417851e+01 4.357009563060146462e+01
4.693715594332417851e+01 4.708379234769120814e+01
4.693715594332417851e+01 4.752827555652343960e+01
4.693715594332417851e+01 4.208985663830300439e+01
4.693715594332417851e+01 4.834604457346945594e+01
4.693715594332417851e+01 4.702812546216733836e+01
4.693715594332417851e+01 4.541704362643425696e+01
4.693715594332417851e+01 4.425357926786058016e+01
4.693715594332417851e+01 4.431242155070037825e+01
4.693715594332417851e+01 4.372690945907750404e+01
4.693715594332417851e+01 4.656981781312661184e+01
4.693715594332417851e+01 5.022756801001629157e+01
4.693715594332417851e+01 4.816665153228804286e+01
4.693715594332417851e+01 4.783811907556962240e+01
4.693715594332417851e+01 3.974059294521895680e+01
4.693715594332417851e+01 5.054750236565919863e+01
4.693715594332417851e+01 4.737572941490982004e+01
4.693715594332417851e+01 4.665427965866673077e+01
4.693715594332417851e+01 3.886681718878761416e+01
4.693715594332417851e+01 5.137960092349410957e+01
4.693715594332417851e+01 4.370924829928193844e+01
4.693715594332417851e+01 4.835526090555779177e+01
4.693715594332417851e+01 4.369066545476238872e+01
4.693715594332417851e+01 5.026967709367210801e+01
4.693715594332417851e+01 5.463005356728383077e+01
4.693715594332417851e+01 4.889294506958717079e+01
4.693715594332417851e+01 4.184011384057593830e+01
4.693715594332417851e+01 4.762963338925545997e+01
4.693715594332417851e+01 4.570440141314215765e+01
4.693715594332417851e+01 4.495741735944725548e+01
4.693715594332417851e+01 4.643408285659095469e+01
4.693715594332417851e+01 4.802637426079996885e+01
4.693715594332417851e+01 4.689703921054449154e+01
4.693715594332417851e+01 4.182840042414773052e+01
4.693715594332417851e+01 4.588845826429661656e+01
4.693715594332417851e+01 4.856425222273948350e+01
4.693715594332417851e+01 4.589311598200860232e+01
4.693715594332417851e+01 4.959580056118893765e+01
4.693715594332417851e+01 4.667873978208622532e+01
4.693715594332417851e+01 4.531742667384200018e+01
4.693715594332417851e+01 4.911070994088034780e+01
4.693715594332417851e+01 4.558111918192987844e+01
4.693715594332417851e+01 5.157559137031449836e+01
4.693715594332417851e+01 4.211905427201228491e+01
4.693715594332417851e+01 4.555132825315079970e+01
4.693715594332417851e+01 4.584078244939613000e+01
4.693715594332417851e+01 4.542509784623064206e+01
4.693715594332417851e+01 4.989351743020232277e+01
4.693715594332417851e+01 4.471540794953774878e+01
4.693715594332417851e+01 4.613245816880902339e+01
4.693715594332417851e+01 4.662846209772410333e+01
4.693715594332417851e+01 4.909933905231906692e+01
4.693715594332417851e+01 4.768294892060973922e+01
4.693715594332417851e+01 4.406420577240476177e+01
4.693715594332417851e+01 5.041254156676539822e+01
4.693715594332417851e+01 4.233960316558988524e+01
4.693715594332417851e+01 5.018614346297557205e+01
4.693715594332417851e+01 4.468338678374700379e+01
4.693715594332417851e+01 4.425100391482150997e+01
4.693715594332417851e+01 4.763175518517533646e+01
4.693715594332417851e+01 4.147790823136735128e+01
4.693715594332417851e+01 4.324284712662215213e+01
4.693715594332417851e+01 4.861946915824852056e+01
4.693715594332417851e+01 4.770242421712591607e+01
4.693715594332417851e+01 4.876066694841439642e+01
4.693715594332417851e+01 4.368034001361802865e+01
4.693715594332417851e+01 4.371069793044114959e+01
4.693715594332417851e+01 5.356788351692441097e+01
4.693715594332417851e+01 4.244998516131177979e+01
4.693715594332417851e+01 4.252597117756516099e+01
4.693715594332417851e+01 4.805431310954659097e+01
4.693715594332417851e+01 4.308185823147889693e+01
4.693715594332417851e+01 3.930577846476474235e+01
4.693715594332417851e+01 4.489924451717877929e+01
4.693715594332417851e+01 4.814638191770099240e+01
4.693715594332417851e+01 4.734641785513744594e+01
4.693715594332417851e+01 4.884525762960654305e+01
4.693715594332417851e+01 4.711473782206402205e+01
4.693715594332417851e+01 4.297930328138211564e+01
4.693715594332417851e+01 4.886607837440125479e+01
4.693715594332417851e+01 4.451647249071661605e+01
4.693715594332417851e+01 4.352658949909635311e+01
4.693715594332417851e+01 5.686670039808234378e+01
4.693715594332417851e+01 4.900889095167932652e+01
4.693715594332417851e+01 4.591630387922099032e+01
4.693715594332417851e+01 4.431313287191773043e+01
4.693715594332417851e+01 4.559288394477650286e+01
4.693715594332417851e+01 4.111547094632702937e+01
4.693715594332417851e+01 3.981249788641496679e+01
4.693715594332417851e+01 4.701245394997579297e+01
4.693715594332417851e+01 4.860723465207117755e+01
4.693715594332417851e+01 4.890502442900403679e+01
4.693715594332417851e+01 4.943612109350299022e+01
4.693715594332417851e+01 4.927045406560135632e+01
4.693715594332417851e+01 5.008262881475951644e+01
4.693715594332417851e+01 5.217754878614940850e+01
4.693715594332417851e+01 5.035323194279659020e+01
4.693715594332417851e+01 5.212014646315500954e+01
4.693715594332417851e+01 4.574347732690940660e+01
4.693715594332417851e+01 4.370650600084481852e+01
4.693715594332417851e+01 4.496595119713145294e+01
4.693715594332417851e+01 4.369681004223178178e+01
4.693715594332417851e+01 4.757877832825662523e+01
4.693715594332417851e+01 4.307801567539344489e+01
4.693715594332417851e+01 5.191610099554348068e+01
4.693715594332417851e+01 4.631104977694879210e+01
4.693715594332417851e+01 4.634790623406151155e+01
4.693715594332417851e+01 4.415526994396621063e+01
4.693715594332417851e+01 5.221038272773241573e+01
4.693715594332417851e+01 4.836901733480709709e+01
4.693715594332417851e+01 4.679669903986507506e+01
4.693715594332417851e+01 5.106323955411425430e+01
4.693715594332417851e+01 4.499393388161416851e+01
4.693715594332417851e+01 5.241703936748494641e+01
4.693715594332417851e+01 4.798515728494963639e+01
4.693715594332417851e+01 4.866146949609902350e+01
4.693715594332417851e+01 4.379414619190636415e+01
4.693715594332417851e+01 5.074817189960492669e+01
4.693715594332417851e+01 4.674264735602404386e+01
4.693715594332417851e+01 4.750862579016971665e+01
4.693715594332417851e+01 4.464472659657892706e+01
4.693715594332417851e+01 4.476382279576756673e+01
4.693715594332417851e+01 4.503200104696532691e+01
4.693715594332417851e+01 4.839115514183867361e+01
4.693715594332417851e+01 5.336532791600363623e+01
4.693715594332417851e+01 4.758425698700426665e+01
4.693715594332417851e+01 5.067796376791541491e+01
4.693715594332417851e+01 4.600650649073912035e+01
4.693715594332417851e+01 4.487882839307140870e+01
4.693715594332417851e+01 4.435923875008419515e+01
4.693715594332417851e+01 3.978361041878775950e+01
4.693715594332417851e+01 4.858053995298931937e+01
4.693715594332417851e+01 4.318330184515846781e+01
4.693715594332417851e+01 4.599471348941684568e+01
4.693715594332417851e+01 4.433337052877907780e+01
4.693715594332417851e+01 4.744794114753650405e+01
4.693715594332417851e+01 4.666714716750073677e+01
4.693715594332417851e+01 4.455837167586210512e+01
4.693715594332417851e+01 4.700262083946381608e+01
4.693715594332417851e+01 4.764202848170324955e+01
4.693715594332417851e+01 4.708924130711981348e+01
4.693715594332417851e+01 4.695191127691762034e+01
4.693715594332417851e+01 4.838847519208327697e+01
4.693715594332417851e+01 4.360791443747899621e+01
4.693715594332417851e+01 4.682247127320128044e+01
4.693715594332417851e+01 4.744849806415575699e+01
4.693715594332417851e+01 4.923917744196835855e+01
4.693715594332417851e+01 4.118178646547590205e+01
4.693715594332417851e+01 4.705543442697496914e+01
4.693715594332417851e+01 4.260404170238764721e+01
4.693715594332417851e+01 4.215048920983544889e+01
4.693715594332417851e+01 5.482723078810454354e+01
4.693715594332417851e+01 5.067492669028219154e+01
4.693715594332417851e+01 4.386218455968638352e+01
4.693715594332417851e+01 4.746496561015301552e+01
4.693715594332417851e+01 5.517460773442208932e+01
4.693715594332417851e+01 4.385771899699263088e+01
4.693715594332417851e+01 5.450956332872380017e+01
4.693715594332417851e+01 3.891372492040777331e+01
4.693715594332417851e+01 4.713869541609197000e+01
4.693715594332417851e+01 4.831233177861466999e+01
4.693715594332417851e+01 5.139483684793283658e+01
4.693715594332417851e+01 4.446428066959268222e+01
4.693715594332417851e+01 4.774364142925202259e+01
4.693715594332417851e+01 4.973988978408631567e+01
4.693715594332417851e+01 4.180187345264535281e+01
4.693715594332417851e+01 4.900286398283575551e+01
4.693715594332417851e+01 4.668315626616941927e+01
4.693715594332417851e+01 4.389612802720204598e+01
4.693715594332417851e+01 5.131572828861973790e+01
4.693715594332417851e+01 5.156115594399495450e+01
4.693715594332417851e+01 4.691891722383500962e+01
4.693715594332417851e+01 4.569082731326653857e+01
4.693715594332417851e+01 4.317155606949687296e+01
4.693715594332417851e+01 4.628169950334307714e+01
4.693715594332417851e+01 4.611553462210152787e+01
4.693715594332417851e+01 4.660295991632784762e+01
4.693715594332417851e+01 4.051508427963267422e+01
4.693715594332417851e+01 4.569118600453087709e+01
4.693715594332417851e+01 4.896399466786293431e+01
4.693715594332417851e+01 4.953588491492725154e+01
4.693715594332417851e+01 4.359413912844198080e+01
4.693715594332417851e+01 4.761390800357874298e+01
4.693715594332417851e+01 5.056924178306875461e+01
4.693715594332417851e+01 4.758536547856818544e+01
4.693715594332417851e+01 4.512415396640346188e+01
4.693715594332417851e+01 4.746817411749859161e+01
4.693715594332417851e+01 4.987664733275651940e+01
4.693715594332417851e+01 4.345491224579315315e+01
4.693715594332417851e+01 4.268148265243078754e+01
4.693715594332417851e+01 5.050026465817663279e+01
4.693715594332417851e+01 4.779380623804161132e+01
4.693715594332417851e+01 4.410807892242502959e+01
4.693715594332417851e+01 4.328821648361684282e+01
4.693715594332417851e+01 4.714789989956119598e+01
4.693715594332417851e+01 4.375432158162783480e+01
4.693715594332417851e+01 4.948151535071842488e+01
4.693715594332417851e+01 4.127583558769185146e+01
4.693715594332417851e+01 5.248059293814183235e+01
4.693715594332417851e+01 4.730060691311547316e+01
4.693715594332417851e+01 5.169851724230924361e+01
4.693715594332417851e+01 5.234280754372696265e+01
4.693715594332417851e+01 4.465333181766898463e+01
4.693715594332417851e+01 4.887187150989771567e+01
4.693715594332417851e+01 4.292090439065623286e+01
4.693715594332417851e+01 4.722207004464242175e+01
4.693715594332417851e+01 4.528649393333215301e+01
4.693715594332417851e+01 4.251686371018573141e+01
4.693715594332417851e+01 4.892506496143828087e+01
4.693715594332417851e+01 4.597915168239074291e+01
4.693715594332417851e+01 4.300073002065012417e+01
4.693715594332417851e+01 4.746368534743146483e+01
4.693715594332417851e+01 4.852539169874729197e+01
4.693715594332417851e+01 4.206630953519292859e+01
4.693715594332417851e+01 4.711110195248490129e+01
4.693715594332417851e+01 4.929087527535762803e+01
4.693715594332417851e+01 4.731821428275587493e+01
4.693715594332417851e+01 4.210269934921003454e+01
4.693715594332417851e+01 5.452647386936023821e+01
4.693715594332417851e+01 5.080545263759979946e+01
4.693715594332417851e+01 4.656403797948093626e+01
4.693715594332417851e+01 4.950746673920480845e+01
4.693715594332417851e+01 4.387846078077902945e+01
4.693715594332417851e+01 4.282218724067465132e+01
4.693715594332417851e+01 4.206887970337206895e+01
4.693715594332417851e+01 4.544973492110057833e+01
4.693715594332417851e+01 4.724984274629914438e+01
4.693715594332417851e+01 4.377696309950691500e+01
4.693715594332417851e+01 4.842678723748087322e+01
4.693715594332417851e+01 4.935030244006284761e+01
4.693715594332417851e+01 4.474768763906558888e+01
4.693715594332417851e+01 4.684458868092918493e+01
4.693715594332417851e+01 4.705070206356187157e+01
4.693715594332417851e+01 4.700094395437156436e+01
4.693715594332417851e+01 4.880889968891794695e+01
4.693715594332417851e+01 4.364631222016733858e+01
4.693715594332417851e+01 4.865857508533417786e+01
4.693715594332417851e+01 4.450357112391382941e+01
4.693715594332417851e+01 4.428983896249346230e+01
4.693715594332417851e+01 4.420641157463759896e+01
4.693715594332417851e+01 4.458801909060576207e+01
4.693715594332417851e+01 3.828595004860557083e+01
4.693715594332417851e+01 4.236112107569681484e+01
4.693715594332417851e+01 4.110423650377469329e+01
4.693715594332417851e+01 4.265329433281752358e+01
4.693715594332417851e+01 4.465054319660183779e+01
4.693715594332417851e+01 5.024833927692330349e+01
4.693715594332417851e+01 4.882375239893189445e+01
4.693715594332417851e+01 4.612100681418348103e+01
4.693715594332417851e+01 4.735905153677565949e+01
4.693715594332417851e+01 4.518898910157194138e+01
4.693715594332417851e+01 5.283100275594542694e+01
4.693715594332417851e+01 4.314502063289317846e+01
4.693715594332417851e+01 5.278966471164830665e+01
4.693715594332417851e+01 4.742912528166851871e+01
4.693715594332417851e+01 4.655340531926650272e+01
4.693715594332417851e+01 4.419442400374519764e+01
4.693715594332417851e+01 5.020381676364571177e+01
4.693715594332417851e+01 5.166920706851154677e+01
4.693715594332417851e+01 4.251394820617784376e+01
4.693715594332417851e+01 4.925625236668405194e+01
4.693715594332417851e+01 4.540512773821569681e+01
4.693715594332417851e+01 4.670211796515841485e+01
4.693715594332417851e+01 4.833772263551788484e+01
4.693715594332417851e+01 4.875633200483748908e+01
4.693715594332417851e+01 4.679567710175875561e+01
4.693715594332417851e+01 5.637036995764091785e+01
4.693715594332417851e+01 4.220044405337967675e+01
4.693715594332417851e+01 4.843429135074658376e+01
4.693715594332417851e+01 4.458572932249569476e+01
4.693715594332417851e+01 4.398328574280326109e+01
4.693715594332417851e+01 4.106632537604333777e+01
4.693715594332417851e+01 4.355630354688404537e+01
4.693715594332417851e+01 4.763472529974754366e+01
4.693715594332417851e+01 4.686056022946009847e+01
4.693715594332417851e+01 4.836196554938685921e+01
4.693715594332417851e+01 4.884966053819064058e+01
4.693715594332417851e+01 4.892096045575927121e+01
4.693715594332417851e+01 4.585640619303621435e+01
4.693715594332417851e+01 4.482386220223147433e+01
4.693715594332417851e+01 4.585144060458478066e+01
4.693715594332417851e+01 5.054713658104685692e+01
4.693715594332417851e+01 5.271241799444266718e+01
4.693715594332417851e+01 4.880465717883480181e+01
4.693715594332417851e+01 4.464504164476472425e+01
4.693715594332417851e+01 4.435588192055551815e+01
4.693715594332417851e+01 4.573103954323266152e+01
4.693715594332417851e+01 3.923416173951870434e+01
4.693715594332417851e+01 4.913701020144600307e+01
4.693715594332417851e+01 4.818128225997406133e+01
4.693715594332417851e+01 4.594757494750960092e+01
4.693715594332417851e+01 5.018005909782669960e+01
4.693715594332417851e+01 4.655400213949128840e+01
4.693715594332417851e+01 4.617725799083272875e+01
4.693715594332417851e+01 4.477468047083360148e+01
4.693715594332417851e+01 4.707034770311649652e+01
4.693715594332417851e+01 4.479842902222021905e+01
4.693715594332417851e+01 5.221757602680373367e+01
4.693715594332417851e+01 4.922389632862139308e+01
4.693715594332417851e+01 4.461241566433599814e+01
4.693715594332417851e+01 4.691750092433766639e+01
4.693715594332417851e+01 4.712817384958255928e+01
4.693715594332417851e+01 4.426595937322679220e+01
4.693715594332417851e+01 4.292657861046269119e+01
4.693715594332417851e+01 4.482705440735102798e+01
4.693715594332417851e+01 4.659050946679133887e+01
4.693715594332417851e+01 4.835461574991705191e+01
4.693715594332417851e+01 4.186615395040153942e+01
4.693715594332417851e+01 4.525463812046648826e+01
4.693715594332417851e+01 4.688068911463302157e+01
4.693715594332417851e+01 4.770899165480399517e+01
4.693715594332417851e+01 4.163144552549461253e+01
4.693715594332417851e+01 4.525281463456217779e+01
4.693715594332417851e+01 5.042531145222591249e+01
4.693715594332417851e+01 4.399044642968365082e+01
4.693715594332417851e+01 4.526480030930220977e+01
4.693715594332417851e+01 4.682782430224985859e+01
4.693715594332417851e+01 4.846207949305089357e+01
4.693715594332417851e+01 4.846571256731876076e+01
4.693715594332417851e+01 4.553795795680807146e+01
4.693715594332417851e+01 4.421550127222828763e+01
4.693715594332417851e+01 4.551509621414506057e+01
4.693715594332417851e+01 4.657074332917252946e+01
4.693715594332417851e+01 5.192428784257646868e+01
4.693715594332417851e+01 4.952164174253331907e+01
4.693715594332417851e+01 4.538783916017522557e+01
4.693715594332417851e+01 4.510022957871009197e+01
4.693715594332417851e+01 4.257627681268492381e+01
4.693715594332417851e+01 4.827526058812445342e+01
4.693715594332417851e+01 4.135006138856979163e+01
4.693715594332417851e+01 4.670990631449977570e+01
4.693715594332417851e+01 5.202577098785813092e+01
4.693715594332417851e+01 4.670487695156931096e+01
4.693715594332417851e+01 5.088316177254151995e+01
4.693715594332417851e+01 4.192661166643850379e+01
4.693715594332417851e+01 4.251517007757991706e+01
4.693715594332417851e+01 4.255582797980353860e+01
4.693715594332417851e+01 4.616829212312858033e+01
4.693715594332417851e+01 4.565914475098360015e+01
4.693715594332417851e+01 4.568697629671109439e+01
4.693715594332417851e+01 4.618446758275513275e+01
4.693715594332417851e+01 4.638361067040533214e+01
4.693715594332417851e+01 4.152522712276283556e+01
4.693715594332417851e+01 5.030683055441478047e+01
4.693715594332417851e+01 4.348833745956520147e+01
4.693715594332417851e+01 4.632373410530272650e+01
4.693715594332417851e+01 4.630108067510001035e+01
4.693715594332417851e+01 4.265258572493827671e+01
4.693715594332417851e+01 4.650544626182245622e+01
4.693715594332417851e+01 4.596255474849850486e+01
4.693715594332417851e+01 4.311173406633357530e+01
4.693715594332417851e+01 5.056219101679359795e+01
4.693715594332417851e+01 4.093897221024832334e+01
4.693715594332417851e+01 4.416601075938149279e+01
4.693715594332417851e+01 4.895244678870152200e+01
4.693715594332417851e+01 4.793110891259739503e+01
4.693715594332417851e+01 4.108930811303896746e+01
4.693715594332417851e+01 4.640619248105726768e+01
4.693715594332417851e+01 4.833504288292260753e+01
4.693715594332417851e+01 4.658630756676418372e+01
4.693715594332417851e+01 4.682107090621023104e+01
4.693715594332417851e+01 4.651727513721204588e+01
4.693715594332417851e+01 4.928649332613910872e+01
4.693715594332417851e+01 4.907990807256100396e+01
4.693715594332417851e+01 4.739891470735979340e+01
4.693715594332417851e+01 4.514840119555689313e+01
4.693715594332417851e+01 4.825729550636456366e+01
4.693715594332417851e+01 4.446420568505030246e+01
4.693715594332417851e+01 4.535605287520596818e+01
4.693715594332417851e+01 5.024750350812507804e+01
4.693715594332417851e+01 4.850617825997266408e+01
4.693715594332417851e+01 4.442792245506734616e+01
4.693715594332417851e+01 4.335955013905717692e+01
4.693715594332417851e+01 4.802100647381777065e+01
4.693715594332417851e+01 4.731091902160880380e+01
4.693715594332417851e+01 4.874482192204800413e+01
4.693715594332417851e+01 4.868574472922068708e+01
4.693715594332417851e+01 4.115634620799048804e+01
4.693715594332417851e+01 5.148731931660381633e+01
4.693715594332417851e+01 4.862058039141377463e+01
4.693715594332417851e+01 4.230785950245100935e+01
4.693715594332417851e+01 4.723371168542506382e+01
4.693715594332417851e+01 4.843826794422530924e+01
4.693715594332417851e+01 4.458882119905796060e+01
4.693715594332417851e+01 4.200635066324760203e+01
4.693715594332417851e+01 4.884193668187281645e+01
4.693715594332417851e+01 4.238021687243318070e+01
