4.693715594332417851e+01 4.458326757601714974e+01
4.693715594332417851e+01 4.197665294322086282e+01
4.693715594332417851e+01 4.601607079064253725e+01
4.693715594332417851e+01 4.687818933278074240e+01
4.693715594332417851e+01 4.624913886013690245e+01
4.693715594332417851e+01 5.076426405565987920e+01
4.693715594332417851e+01 4.787925360235321648e+01
4.693715594332417851e+01 5.053655712314937887e+01
4.693715594332417851e+01 4.157139342817364991e+01
4.693715594332417851e+01 4.830032585318738825e+01
4.693715594332417851e+01 5.093913887430820608e+01
4.693715594332417851e+01 4.021011732228514290e+01
4.693715594332417851e+01 3.837016742397873514e+01
4.693715594332417851e+01 4.995315511778406403e+01
4.693715594332417851e+01 4.895800148614197411e+01
4.693715594332417851e+01 4.924351230961905657e+01
4.693715594332417851e+01 4.992659485198959146e+01
4.693715594332417851e+01 4.067368449588651913e+01
4.693715594332417851e+01 5.535610038680223255e+01
4.693715594332417851e+01 4.404808099502160701e+01
4.693715594332417851e+01 4.696509458907048185e+01
4.693715594332417851e+01 4.723265343281995143e+01
4.693715594332417851e+01 4.643834291854238217e+01
4.693715594332417851e+01 5.102602886241142244e+01
4.693715594332417851e+01 4.502199715124635304e+01
4.693715594332417851e+01 5.158354119234335400e+01
4.693715594332417851e+01 5.307601079599869109e+01
4.693715594332417851e+01 4.909598058036255708e+01
4.693715594332417851e+01 4.395893719939912359e+01
4.693715594332417851e+01 4.713247962848188877e+01
4.693715594332417851e+01 4.805059554734117455e+01
4.693715594332417851e+01 4.761344811851857628e+01
4.693715594332417851e+01 4.716179191383597669e+01
4.693715594332417851e+01 4.625596467057102501e+01
4.693715594332417851e+01 4.390859253869469825e+01
4.693715594332417851e+01 4.536026466346706343e+01
4.693715594332417851e+01 4.523132950760635396e+01
4.693715594332417851e+01 5.206404796693308867e+01
4.693715594332417851e+01 4.847722050334508737e+01
4.693715594332417851e+01 4.363004996391166657e+01
4.693715594332417851e+01 4.244512216481579259e+01
4.693715594332417851e+01 4.324971091853601024e+01
4.693715594332417851e+01 4.648339704956111973e+01
4.693715594332417851e+01 4.379256074307911462e+01
4.693715594332417851e+01 5.180745578309677768e+01
4.693715594332417851e+01 4.397016267365320630e+01
4.693715594332417851e+01 4.353294575510373932e+01
4.693715594332417851e+01 4.946865883622189131e+01
4.693715594332417851e+01 5.037207445414552609e+01
4.693715594332417851e+01 4.236078917082306816e+01
4.693715594332417851e+01 4.930774769552223091e+01
4.693715594332417851e+01 3.821308216931387847e+01
4.693715594332417851e+01 4.331338905222239077e+01
4.693715594332417851e+01 4.246089283932005998e+01
4.693715594332417851e+01 4.860608988969077160e+01
4.693715594332417851e+01 5.026792595663648910e+01
4.693715594332417851e+01 4.196534561808513075e+01
4.693715594332417851e+01 4.997967405010643205e+01
4.693715594332417851e+01 4.553988729898698296e+01
4.693715594332417851e+01 5.022980857222353279e+01
4.693715594332417851e+01 3.880262603631976503e+01
4.693715594332417851e+01 4.042044047817118013e+01
4.693715594332417851e+01 4.384497105940896233e+01
4.693715594332417851e+01 4.341169587618304604e+01
4.693715594332417851e+01 4.649633327700876606e+01
4.693715594332417851e+01 4.378197761913116892e+01
4.693715594332417851e+01 4.493618112263552433e+01
4.693715594332417851e+01 4.986206867330241010e+01
4.693715594332417851e+01 4.641597649248133450e+01
4.693715594332417851e+01 4.958146642272946281e+01
4.693715594332417851e+01 4.381479320736931271e+01
4.693715594332417851e+01 4.770407287234853300e+01
4.693715594332417851e+01 4.125087085445062485e+01
4.693715594332417851e+01 4.584899176292432088e+01
4.693715594332417851e+01 4.762784182078021900e+01
4.693715594332417851e+01 4.328661969753527217e+01
4.693715594332417851e+01 4.465572340739800694e+01
4.693715594332417851e+01 4.855279107439906738e+01
4.693715594332417851e+01 4.837581392781947898e+01
4.693715594332417851e+01 5.295858456349485976e+01
4.693715594332417851e+01 4.606792801392254688e+01
4.693715594332417851e+01 4.329397739132640055e+01
4.693715594332417851e+01 4.644869651457069182e+01
4.693715594332417851e+01 4.630636277471459294e+01
4.693715594332417851e+01 4.894091920859649747e+01
4.693715594332417851e+01 4.444077786677535613e+01
4.693715594332417851e+01 4.492827674178406738e+01
4.693715594332417851e+01 4.604391035864364312e+01
4.693715594332417851e+01 4.936395223809892485e+01
4.693715594332417851e+01 4.315203141179163993e+01
4.693715594332417851e+01 4.377856614832615634e+01
4.693715594332417851e+01 4.219134207115376967e+01
4.693715594332417851e+01 4.692123664061249144e+01
4.693715594332417851e+01 4.688536906272874205e+01
4.693715594332417851e+01 4.326570623268281679e+01
4.693715594332417851e+01 4.416616532176131216e+01
4.693715594332417851e+01 4.650772261473129987e+01
4.693715594332417851e+01 5.125291369133251607e+01
4.693715594332417851e+01 4.664842764167661926e+01
4.693715594332417851e+01 4.221689152917036836e+01
4.693715594332417851e+01 4.245213090664763200e+01
4.693715594332417851e+01 4.548021130976959370e+01
4.693715594332417851e+01 4.946211688952828922e+01
4.693715594332417851e+01 4.480416977560143721e+01
4.693715594332417851e+01 4.217696054729682942e+01
4.693715594332417851e+01 4.336995945096563077e+01
4.693715594332417851e+01 5.045793654895695823e+01
4.693715594332417851e+01 4.390791645317710845e+01
4.693715594332417851e+01 4.260743183515980803e+01
4.693715594332417851e+01 4.183721860261889702e+01
4.693715594332417851e+01 4.390589461778590419e+01
4.693715594332417851e+01 4.493603817043574367e+01
4.693715594332417851e+01 4.486074155169737310e+01
4.693715594332417851e+01 4.225478195991684771e+01
4.693715594332417851e+01 4.860020339290451119e+01
4.693715594332417851e+01 5.093718558210502323e+01
4.693715594332417851e+01 4.769531181304880363e+01
4.693715594332417851e+01 4.271262582845440647e+01
4.693715594332417851e+01 4.608145192137656210e+01
4.693715594332417851e+01 4.581017752576381952e+01
4.693715594332417851e+01 4.214557614864474999e+01
4.693715594332417851e+01 4.409798850018285776e+01
4.693715594332417851e+01 4.186274941170923114e+01
4.693715594332417851e+01 4.249984314672163777e+01
4.693715594332417851e+01 4.144350665060233041e+01
4.693715594332417851e+01 4.348725517595622136e+01
4.693715594332417851e+01 4.308911549711345401e+01
4.693715594332417851e+01 4.666342653455107836e+01
4.693715594332417851e+01 4.268710033717377428e+01
4.693715594332417851e+01 4.783950419533960741e+01
4.693715594332417851e+01 4.110621923910865405e+01
4.693715594332417851e+01 4.825643251724024196e+01
4.693715594332417851e+01 4.424934200894694669e+01
4.693715594332417851e+01 4.838972193371134978e+01
4.693715594332417851e+01 4.657645700207760342e+01
4.693715594332417851e+01 4.859728469219921010e+01
4.693715594332417851e+01 4.857529977251934383e+01
4.693715594332417851e+01 4.285107491424108872e+01
4.693715594332417851e+01 4.592408553205723365e+01
4.693715594332417851e+01 4.676085006390984944e+01
4.693715594332417851e+01 4.873419535991719442e+01
4.693715594332417851e+01 4.598479154318139450e+01
4.693715594332417851e+01 4.994958276249263918e+01
4.693715594332417851e+01 5.402946219501637160e+01
4.693715594332417851e+01 4.377004398179627742e+01
4.693715594332417851e+01 3.808235908432700256e+01
4.693715594332417851e+01 4.465161068034099401e+01
4.693715594332417851e+01 4.995927959242921901e+01
4.693715594332417851e+01 4.399867956524871460e+01
4.693715594332417851e+01 3.957993250476387459e+01
4.693715594332417851e+01 4.234176914578861073e+01
4.693715594332417851e+01 4.928721381772689369e+01
4.693715594332417851e+01 4.782510798424829801e+01
4.693715594332417851e+01 4.834957080852156963e+01
4.693715594332417851e+01 4.353848872479693455e+01
4.693715594332417851e+01 4.109718392764188621e+01
4.693715594332417851e+01 4.810730306339749518e+01
4.693715594332417851e+01 4.772801491539570407e+01
4.693715594332417851e+01 3.553315846312408155e+01
4.693715594332417851e+01 4.582407156726984709e+01
4.693715594332417851e+01 4.284420351495492696e+01
4.693715594332417851e+01 4.825199555568894993e+01
4.693715594332417851e+01 4.227136696824021556e+01
4.693715594332417851e+01 4.282353083885079315e+01
4.693715594332417851e+01 5.412697354922629955e+01
4.693715594332417851e+01 4.587403517392677088e+01
4.693715594332417851e+01 5.355547751206675144e+01
4.693715594332417851e+01 4.366176694693818661e+01
4.693715594332417851e+01 4.982778516432048832e+01
4.693715594332417851e+01 4.907201686980953781e+01
4.693715594332417851e+01 4.718083126605479549e+01
4.693715594332417851e+01 4.727124529661619334e+01
4.693715594332417851e+01 4.439503282269828333e+01
4.693715594332417851e+01 4.952541934657500633e+01
4.693715594332417851e+01 4.141322205850279659e+01
4.693715594332417851e+01 4.744395093665023921e+01
4.693715594332417851e+01 4.757531468124624752e+01
4.693715594332417851e+01 4.519535520097296910e+01
4.693715594332417851e+01 4.707936473079274009e+01
4.693715594332417851e+01 4.466132127758750414e+01
4.693715594332417851e+01 4.678349283401630032e+01
4.693715594332417851e+01 4.607869053158710670e+01
4.693715594332417851e+01 5.044465976072147129e+01
4.693715594332417851e+01 4.052738899051183097e+01
4.693715594332417851e+01 4.509683834197272745e+01
4.693715594332417851e+01 4.852912144511202541e+01
4.693715594332417851e+01 4.095313727997979214e+01
4.693715594332417851e+01 4.960421819933660714e+01
4.693715594332417851e+01 4.103716031828953703e+01
4.693715594332417851e+01 4.848915477626648141e+01
4.693715594332417851e+01 4.506337205587884398e+01
4.693715594332417851e+01 4.604828273613401990e+01
4.693715594332417851e+01 4.990914479126645631e+01
4.693715594332417851e+01 4.360206754028442333e+01
4.693715594332417851e+01 4.719113599602289355e+01
4.693715594332417851e+01 4.920522195062057591e+01
4.693715594332417851e+01 4.684712879610375325e+01
4.693715594332417851e+01 5.063983561823598478e+01
4.693715594332417851e+01 4.952921259755706984e+01
4.693715594332417851e+01 5.016469151934789750e+01
4.693715594332417851e+01 5.160931255571158971e+01
4.693715594332417851e+01 4.714884972640318495e+01
4.693715594332417851e+01 4.406501295865083279e+01
4.693715594332417851e+01 4.267758736598523939e+01
4.693715594332417851e+01 4.853572177522994480e+01
4.693715594332417851e+01 4.352834702340445006e+01
4.693715594332417851e+01 4.532759098542998544e+01
4.693715594332417851e+01 4.041070912061173459e+01
4.693715594332417851e+01 4.858953503464397983e+01
4.693715594332417851e+01 4.205415097160485516e+01
4.693715594332417851e+01 4.233898914490470133e+01
4.693715594332417851e+01 4.434740585635142196e+01
4.693715594332417851e+01 4.540019992979780028e+01
4.693715594332417851e+01 4.982267688719780807e+01
4.693715594332417851e+01 5.138592414285133714e+01
4.693715594332417851e+01 4.687909078765322590e+01
4.693715594332417851e+01 4.404112361297102041e+01
4.693715594332417851e+01 4.272590931605881082e+01
4.693715594332417851e+01 5.037931857640228372e+01
4.693715594332417851e+01 5.023898759675462600e+01
4.693715594332417851e+01 4.191017025637360405e+01
4.693715594332417851e+01 4.107837847013579591e+01
4.693715594332417851e+01 4.721851257000380286e+01
4.693715594332417851e+01 4.082619012275714709e+01
4.693715594332417851e+01 4.158912620496038670e+01
4.693715594332417851e+01 4.368474060092054145e+01
4.693715594332417851e+01 4.791146649995278750e+01
4.693715594332417851e+01 4.218515382403747793e+01
4.693715594332417851e+01 4.420808337987957515e+01
4.693715594332417851e+01 4.522028961958042004e+01
4.693715594332417851e+01 4.583570488228895812e+01
4.693715594332417851e+01 4.583542609780937482e+01
4.693715594332417851e+01 4.861585635793178994e+01
4.693715594332417851e+01 4.498798771766903570e+01
4.693715594332417851e+01 4.759844046567722842e+01
4.693715594332417851e+01 4.721601734650987936e+01
4.693715594332417851e+01 4.576014327808180582e+01
4.693715594332417851e+01 4.772485482180540828e+01
4.693715594332417851e+01 4.425573376283088578e+01
4.693715594332417851e+01 4.211926492083256335e+01
4.693715594332417851e+01 4.508449110410497696e+01
4.693715594332417851e+01 4.285114154219644433e+01
4.693715594332417851e+01 3.970550317025179510e+01
4.693715594332417851e+01 4.435541260486503035e+01
4.693715594332417851e+01 5.268497616365782932e+01
4.693715594332417851e+01 4.055600379908154451e+01
4.693715594332417851e+01 4.298875123305544577e+01
4.693715594332417851e+01 4.446500254036527622e+01
4.693715594332417851e+01 5.138022087047309583e+01
4.693715594332417851e+01 4.182423727722262896e+01
4.693715594332417851e+01 4.771066505982516048e+01
4.693715594332417851e+01 4.750042472616388523e+01
4.693715594332417851e+01 5.061662755518189272e+01
4.693715594332417851e+01 4.507222251658239287e+01
4.693715594332417851e+01 4.904854869600898581e+01
4.693715594332417851e+01 4.156025088643177412e+01
4.693715594332417851e+01 4.871238394251123793e+01
4.693715594332417851e+01 4.248110591086963694e+01
4.693715594332417851e+01 4.214935857247998996e+01
4.693715594332417851e+01 4.627338064687197061e+01
4.693715594332417851e+01 4.693462137667616929e+01
4.693715594332417851e+01 4.213223446709454834e+01
4.693715594332417851e+01 4.102484603702385613e+01
4.693715594332417851e+01 4.707428166707396855e+01
4.693715594332417851e+01 4.552649691867705428e+01
4.693715594332417851e+01 4.703256515646236124e+01
4.693715594332417851e+01 4.459360847896876834e+01
4.693715594332417851e+01 4.141813453133567435e+01
4.693715594332417851e+01 4.327459397297440802e+01
4.693715594332417851e+01 4.946697481526662443e+01
4.693715594332417851e+01 4.825341798107838542e+01
4.693715594332417851e+01 4.819642421938029742e+01
4.693715594332417851e+01 4.117186413200106898e+01
4.693715594332417851e+01 4.795926321429749351e+01
4.693715594332417851e+01 4.317846736461908819e+01
4.693715594332417851e+01 5.059974491455731993e+01
4.693715594332417851e+01 4.566780488462017473e+01
4.693715594332417851e+01 4.999650029646565486e+01
4.693715594332417851e+01 4.668869872254553854e+01
4.693715594332417851e+01 4.597051486678043375e+01
4.693715594332417851e+01 4.263911076112802334e+01
4.693715594332417851e+01 4.041254287468547091e+01
4.693715594332417851e+01 4.531379644166683107e+01
4.693715594332417851e+01 4.860150293782196229e+01
4.693715594332417851e+01 5.006752341618062019e+01
4.693715594332417851e+01 4.991736153635078921e+01
4.693715594332417851e+01 5.233882369211239904e+01
4.693715594332417851e+01 4.890168877955537141e+01
4.693715594332417851e+01 4.435843685038853579e+01
4.693715594332417851e+01 3.732426405646086920e+01
4.693715594332417851e+01 4.200996666472320840e+01
4.693715594332417851e+01 4.576622178644523586e+01
4.693715594332417851e+01 3.934575129779858571e+01
4.693715594332417851e+01 4.447056160515143119e+01
4.693715594332417851e+01 4.742739332748561765e+01
4.693715594332417851e+01 4.185038050888226024e+01
4.693715594332417851e+01 4.094860621717066351e+01
4.693715594332417851e+01 4.218533030640339376e+01
4.693715594332417851e+01 4.463860113408444619e+01
4.693715594332417851e+01 5.035685556385075046e+01
4.693715594332417851e+01 4.532175327028441814e+01
4.693715594332417851e+01 4.865540857192346635e+01
4.693715594332417851e+01 4.479868172121810233e+01
4.693715594332417851e+01 4.025219995025245368e+01
4.693715594332417851e+01 4.936534886810073885e+01
4.693715594332417851e+01 4.300061460011301051e+01
4.693715594332417851e+01 5.377389952592856304e+01
4.693715594332417851e+01 4.419514094704900486e+01
4.693715594332417851e+01 4.642899482726777904e+01
4.693715594332417851e+01 4.640619602328078486e+01
4.693715594332417851e+01 4.701859170265623078e+01
4.693715594332417851e+01 4.290466614804003598e+01
4.693715594332417851e+01 4.419357425993946009e+01
4.693715594332417851e+01 4.787607777704099732e+01
4.693715594332417851e+01 3.971708139836557905e+01
4.693715594332417851e+01 4.134296737536924837e+01
4.693715594332417851e+01 4.312290760484765428e+01
4.693715594332417851e+01 4.635777069605120460e+01
4.693715594332417851e+01 4.322282175577088026e+01
4.693715594332417851e+01 4.031191695971568834e+01
4.693715594332417851e+01 4.766568305701531472e+01
4.693715594332417851e+01 4.377075775274411029e+01
4.693715594332417851e+01 4.953527327155965310e+01
4.693715594332417851e+01 4.624349410969900021e+01
4.693715594332417851e+01 4.292443354573855174e+01
4.693715594332417851e+01 4.914566697390365846e+01
4.693715594332417851e+01 4.229078633145395116e+01
4.693715594332417851e+01 4.546600287563111209e+01
4.693715594332417851e+01 4.787984080298174661e+01
4.693715594332417851e+01 4.597985909450022035e+01
4.693715594332417851e+01 5.051600987229993933e+01
4.693715594332417851e+01 4.623235887179791348e+01
4.693715594332417851e+01 4.621973064496016548e+01
4.693715594332417851e+01 4.325661079506204487e+01
4.693715594332417851e+01 4.886078217841919979e+01
4.693715594332417851e+01 4.856108670012445572e+01
4.693715594332417851e+01 4.655405634090227096e+01
4.693715594332417851e+01 5.119158042608629700e+01
4.693715594332417851e+01 5.268791331016496571e+01
4.693715594332417851e+01 4.686110962565379623e+01
4.693715594332417851e+01 4.816277586117384857e+01
4.693715594332417851e+01 4.677805740743757212e+01
4.693715594332417851e+01 4.441249422822357928e+01
4.693715594332417851e+01 4.708838386731736847e+01
4.693715594332417851e+01 4.503495173582229683e+01
4.693715594332417851e+01 5.307887222195126498e+01
4.693715594332417851e+01 4.509709634140875778e+01
4.693715594332417851e+01 4.677579011715790358e+01
4.693715594332417851e+01 4.126152010896651490e+01
4.693715594332417851e+01 4.998896220361062603e+01
4.693715594332417851e+01 4.733714999001352908e+01
4.693715594332417851e+01 4.652926481901397437e+01
4.693715594332417851e+01 5.099569679398945254e+01
4.693715594332417851e+01 4.566455909045453154e+01
4.693715594332417851e+01 4.287100301746604458e+01
4.693715594332417851e+01 5.024523665778623638e+01
4.693715594332417851e+01 4.411096936432547722e+01
4.693715594332417851e+01 4.270208557696020080e+01
4.693715594332417851e+01 4.456750195280586269e+01
4.693715594332417851e+01 4.596428201237824140e+01
4.693715594332417851e+01 4.595521569219226166e+01
4.693715594332417851e+01 5.181702206302067282e+01
4.693715594332417851e+01 4.443746165993713504e+01
4.693715594332417851e+01 4.381860976335178037e+01
4.693715594332417851e+01 4.881518604582890219e+01
4.693715594332417851e+01 4.847991649651140023e+01
4.693715594332417851e+01 5.064265937173555443e+01
4.693715594332417851e+01 4.517810018608916067e+01
4.693715594332417851e+01 4.733917200296648531e+01
4.693715594332417851e+01 4.149054919676368058e+01
4.693715594332417851e+01 4.978679335826576846e+01
4.693715594332417851e+01 4.855051517658239391e+01
4.693715594332417851e+01 4.899515929789591695e+01
4.693715594332417851e+01 5.459113310945472364e+01
4.693715594332417851e+01 4.705480766673005633e+01
4.693715594332417851e+01 4.392274478510004343e+01
4.693715594332417851e+01 4.829538160101054700e+01
4.693715594332417851e+01 4.931638757889528790e+01
4.693715594332417851e+01 4.132613841756833040e+01
4.693715594332417851e+01 4.814777698483243995e+01
4.693715594332417851e+01 4.420990026907032444e+01
4.693715594332417851e+01 4.164957488628554216e+01
4.693715594332417851e+01 4.414998796788520963e+01
4.693715594332417851e+01 4.049481504756031569e+01
4.693715594332417851e+01 4.619490508009315732e+01
4.693715594332417851e+01 4.635367335027286373e+01
4.693715594332417851e+01 4.037947180686719406e+01
4.693715594332417851e+01 4.603596135796180278e+01
4.693715594332417851e+01 4.723661277207062881e+01
4.693715594332417851e+01 5.013400681325445163e+01
4.693715594332417851e+01 4.481921018313988725e+01
4.693715594332417851e+01 4.559797180229242741e+01
4.693715594332417851e+01 4.540181726282679620e+01
4.693715594332417851e+01 4.126800451513732781e+01
4.693715594332417851e+01 4.830489390796751792e+01
4.693715594332417851e+01 4.435792058770351787e+01
4.693715594332417851e+01 4.165808423989867038e+01
4.693715594332417851e+01 4.786600697292880824e+01
4.693715594332417851e+01 5.053370188902736970e+01
4.693715594332417851e+01 4.838553204145483022e+01
4.693715594332417851e+01 4.591018742385379880e+01
4.693715594332417851e+01 4.282187843512599557e+01
4.693715594332417851e+01 4.190787415990922682e+01
4.693715594332417851e+01 4.788104925064383366e+01
4.693715594332417851e+01 4.298995840270713131e+01
4.693715594332417851e+01 4.953967284165010909e+01
4.693715594332417851e+01 3.924726523145974966e+01
4.693715594332417851e+01 4.552307664457022440e+01
4.693715594332417851e+01 5.158435793087580379e+01
4.693715594332417851e+01 4.537122049122638856e+01
4.693715594332417851e+01 4.738439939405569135e+01
4.693715594332417851e+01 4.353977551516959466e+01
4.693715594332417851e+01 4.565168250736591915e+01
4.693715594332417851e+01 5.294671788308232152e+01
4.693715594332417851e+01 4.914704106048660748e+01
4.693715594332417851e+01 4.420801326798988384e+01
4.693715594332417851e+01 4.204930362754057427e+01
4.693715594332417851e+01 4.134737980966799853e+01
4.693715594332417851e+01 3.858322024617981327e+01
4.693715594332417851e+01 4.711895375853082157e+01
4.693715594332417851e+01 4.706109343216057539e+01
4.693715594332417851e+01 4.362270737107446195e+01
4.693715594332417851e+01 4.407534942424905466e+01
4.693715594332417851e+01 4.272797078605385934e+01
4.693715594332417851e+01 4.326930607792820638e+01
4.693715594332417851e+01 4.325688906234979925e+01
4.693715594332417851e+01 4.988617917682444869e+01
4.693715594332417851e+01 4.298115140580373605e+01
4.693715594332417851e+01 4.422800315786368230e+01
4.693715594332417851e+01 4.559605538552511916e+01
4.693715594332417851e+01 4.183799774013949246e+01
4.693715594332417851e+01 4.585201289571206473e+01
4.693715594332417851e+01 4.332945962633771586e+01
4.693715594332417851e+01 5.021222159153978026e+01
4.693715594332417851e+01 4.674036739762131987e+01
4.693715594332417851e+01 4.575277510845221229e+01
4.693715594332417851e+01 4.895932879403157045e+01
4.693715594332417851e+01 4.401518728382560397e+01
4.693715594332417851e+01 4.023785340356176476e+01
4.693715594332417851e+01 4.268904225276786235e+01
4.693715594332417851e+01 4.625587896010494404e+01
4.693715594332417851e+01 4.823225523993871633e+01
4.693715594332417851e+01 4.601648296950656203e+01
4.693715594332417851e+01 4.291405709856786643e+01
4.693715594332417851e+01 4.462324531184553678e+01
4.693715594332417851e+01 4.554452280870335557e+01
4.693715594332417851e+01 5.070393287777994118e+01
4.693715594332417851e+01 4.484479086925119162e+01
4.693715594332417851e+01 4.279796290755412969e+01
4.693715594332417851e+01 4.041466815731705964e+01
4.693715594332417851e+01 4.685210142612491069e+01
4.693715594332417851e+01 4.627791467011923743e+01
4.693715594332417851e+01 4.736838407988135202e+01
4.693715594332417851e+01 5.076261211301640941e+01
4.693715594332417851e+01 4.888481777390840222e+01
4.693715594332417851e+01 5.050773991198366275e+01
4.693715594332417851e+01 4.919725258716439953e+01
4.693715594332417851e+01 4.519854288828562972e+01
4.693715594332417851e+01 4.763261884038712424e+01
4.693715594332417851e+01 4.283583270209917515e+01
4.693715594332417851e+01 4.763837535341434659e+01
4.693715594332417851e+01 4.664534303532363424e+01
4.693715594332417851e+01 4.644131443742234922e+01
4.693715594332417851e+01 5.091189248705043724e+01
4.693715594332417851e+01 4.827905491623954504e+01
4.693715594332417851e+01 4.623108913444877999e+01
4.693715594332417851e+01 4.467599645256666463e+01
4.693715594332417851e+01 4.809561999963804624e+01
4.693715594332417851e+01 4.651031204195852098e+01
4.693715594332417851e+01 4.330960418782184718e+01
4.693715594332417851e+01 4.950773640237538586e+01
4.693715594332417851e+01 4.572924613514172876e+01
4.693715594332417851e+01 4.094105485225946239e+01
4.693715594332417851e+01 3.953896203856367464e+01
4.693715594332417851e+01 4.681216851732443729e+01
4.693715594332417851e+01 4.448557845863933125e+01
4.693715594332417851e+01 4.382734334447251001e+01
4.693715594332417851e+01 4.163835311886619195e+01
4.693715594332417851e+01 4.211984050174160643e+01
4.693715594332417851e+01 4.431515883377954879e+01
4.693715594332417851e+01 4.961401990123219718e+01
4.693715594332417851e+01 4.800631584635143412e+01
4.693715594332417851e+01 4.697644444091278615e+01
4.693715594332417851e+01 4.775516385838792388e+01
4.693715594332417851e+01 4.845918661973296793e+01
4.693715594332417851e+01 4.752890941329065555e+01
4.693715594332417851e+01 4.435137566515557950e+01
4.693715594332417851e+01 5.829146034831481415e+01
4.693715594332417851e+01 4.733592260084711256e+01
4.693715594332417851e+01 4.380931033999551971e+01
4.693715594332417851e+01 4.567701416425686745e+01
4.693715594332417851e+01 5.041670675843797511e+01
4.693715594332417851e+01 5.076642156316043497e+01
4.693715594332417851e+01 4.918017139991226117e+01
4.693715594332417851e+01 4.462870169082131611e+01
4.693715594332417851e+01 4.703577715973598572e+01
4.693715594332417851e+01 4.471504080224535471e+01
4.693715594332417851e+01 4.719712517409941199e+01
4.693715594332417851e+01 4.474380495818537185e+01
4.693715594332417851e+01 5.087277623685378103e+01
4.693715594332417851e+01 4.286859813166760347e+01
4.693715594332417851e+01 4.608303843816469225e+01
4.693715594332417851e+01 4.686275292681158788e+01
4.693715594332417851e+01 4.766763545754981379e+01
4.693715594332417851e+01 4.629434939234114665e+01
4.693715594332417851e+01 4.722373761399364867e+01
4.693715594332417851e+01 5.140089144002740795e+01
4.693715594332417851e+01 4.480924242301588833e+01
4.693715594332417851e+01 4.958160988218243403e+01
4.693715594332417851e+01 4.112711342193455266e+01
4.693715594332417851e+01 4.585817001876065291e+01
4.693715594332417851e+01 5.369990874282695614e+01
4.693715594332417851e+01 4.923973110468567427e+01
4.693715594332417851e+01 5.116949156368163187e+01
4.693715594332417851e+01 5.185043947464877334e+01
4.693715594332417851e+01 4.629810404964960924e+01
4.693715594332417851e+01 4.410618078712077761e+01
4.693715594332417851e+01 4.646336186979178251e+01
4.693715594332417851e+01 4.659805761115114819e+01
4.693715594332417851e+01 4.922260811003445014e+01
4.693715594332417851e+01 4.742872448997724177e+01
4.693715594332417851e+01 4.394070111750380647e+01
4.693715594332417851e+01 5.248551358936242650e+01
4.693715594332417851e+01 5.136875397785014741e+01
4.693715594332417851e+01 5.111892000716506601e+01
4.693715594332417851e+01 3.832380154546845574e+01
4.693715594332417851e+01 4.573411017806979828e+01
4.693715594332417851e+01 4.384059429456427637e+01
4.693715594332417851e+01 4.602887703473748360e+01
4.693715594332417851e+01 4.909718475372375224e+01
4.693715594332417851e+01 4.404731643520793227e+01
4.693715594332417851e+01 4.699163690525013948e+01
4.693715594332417851e+01 5.027846623593190856e+01
4.693715594332417851e+01 4.340135747519321541e+01
4.693715594332417851e+01 4.434820055032655262e+01
4.693715594332417851e+01 4.939138864676889540e+01
4.693715594332417851e+01 4.677357787213841078e+01
4.693715594332417851e+01 4.755411414847590379e+01
4.693715594332417851e+01 4.277697374152441512e+01
4.693715594332417851e+01 4.408195476149336400e+01
4.693715594332417851e+01 3.944377814008765171e+01
4.693715594332417851e+01 4.519897495683702004e+01
4.693715594332417851e+01 4.373241448011592070e+01
4.693715594332417851e+01 4.292361164890729697e+01
4.693715594332417851e+01 4.821512436626326092e+01
4.693715594332417851e+01 4.790958745810726072e+01
4.693715594332417851e+01 4.957406804506091191e+01
4.693715594332417851e+01 4.243233621925098475e+01
4.693715594332417851e+01 4.376489596593503961e+01
4.693715594332417851e+01 4.921747713796740697e+01
4.693715594332417851e+01 3.920104593132879245e+01
4.693715594332417851e+01 3.928995624264652520e+01
4.693715594332417851e+01 4.399665949602316317e+01
4.693715594332417851e+01 4.710259469902038632e+01
4.693715594332417851e+01 4.623651089877569831e+01
4.693715594332417851e+01 4.942981628475081379e+01
4.693715594332417851e+01 4.582120198922002885e+01
4.693715594332417851e+01 4.696237340125820481e+01
4.693715594332417851e+01 4.302914666399477994e+01
4.693715594332417851e+01 4.700487456488487226e+01
4.693715594332417851e+01 4.931100773942669235e+01
4.693715594332417851e+01 4.329737205051536364e+01
4.693715594332417851e+01 4.439687602754955975e+01
4.693715594332417851e+01 4.313235174478464273e+01
4.693715594332417851e+01 4.542192353697488016e+01
4.693715594332417851e+01 4.562956434415546170e+01
4.693715594332417851e+01 4.283924569424820561e+01
4.693715594332417851e+01 4.468197602559723691e+01
4.693715594332417851e+01 5.184819101242445072e+01
4.693715594332417851e+01 4.711952911677737887e+01
4.693715594332417851e+01 4.914232259005285641e+01
4.693715594332417851e+01 4.461506730235347362e+01
4.693715594332417851e+01 4.305577444233170326e+01
4.693715594332417851e+01 4.768674857690854196e+01
4.693715594332417851e+01 4.411782930385333401e+01
4.693715594332417851e+01 4.442547349398604695e+01
4.693715594332417851e+01 4.458826550444894110e+01
4.693715594332417851e+01 4.507097266062299923e+01
4.693715594332417851e+01 4.568388517551134242e+01
4.693715594332417851e+01 4.534323872548031886e+01
4.693715594332417851e+01 4.885295824169560319e+01
4.693715594332417851e+01 4.660781084048031886e+01
4.693715594332417851e+01 4.685684277832837097e+01
4.693715594332417851e+01 4.492840578717037658e+01
4.693715594332417851e+01 4.768506471281074255e+01
4.693715594332417851e+01 4.687479844981898225e+01
4.693715594332417851e+01 4.453809748667774215e+01
4.693715594332417851e+01 4.460581720414964479e+01
4.693715594332417851e+01 4.471730281331781498e+01
4.693715594332417851e+01 5.031609057219922221e+01
4.693715594332417851e+01 4.834050193696452880e+01
4.693715594332417851e+01 4.563842872422727481e+01
4.693715594332417851e+01 4.654660655949575698e+01
4.693715594332417851e+01 4.648263811679048985e+01
4.693715594332417851e+01 4.144665923175124789e+01
4.693715594332417851e+01 4.206471131707752420e+01
4.693715594332417851e+01 4.969787952811799414e+01
4.693715594332417851e+01 4.692704191801435343e+01
4.693715594332417851e+01 4.577780241228214209e+01
4.693715594332417851e+01 5.148851219725303707e+01
4.693715594332417851e+01 4.855734645327331833e+01
4.693715594332417851e+01 4.427721031189774692e+01
4.693715594332417851e+01 5.287057101199511067e+01
4.693715594332417851e+01 4.481599047977569228e+01
4.693715594332417851e+01 4.815947588574663740e+01
4.693715594332417851e+01 4.520947286999031434e+01
4.693715594332417851e+01 4.459144612653371809e+01
4.693715594332417851e+01 4.629868036717484614e+01
4.693715594332417851e+01 4.329794607282218522e+01
4.693715594332417851e+01 4.408870929226411306e+01
4.693715594332417851e+01 5.043119265186516031e+01
4.693715594332417851e+01 4.966564273814207553e+01
4.693715594332417851e+01 4.427669427162187787e+01
4.693715594332417851e+01 4.247577512091868357e+01
4.693715594332417851e+01 4.733255032061219225e+01
4.693715594332417851e+01 5.299138733526520184e+01
4.693715594332417851e+01 4.748350361466115288e+01
4.693715594332417851e+01 4.749673785716751695e+01
4.693715594332417851e+01 4.080392622859271512e+01
4.693715594332417851e+01 5.074303283523552466e+01
4.693715594332417851e+01 5.308522053336726287e+01
4.693715594332417851e+01 4.053048337680620250e+01
4.693715594332417851e+01 4.719954135991078914e+01
4.693715594332417851e+01 5.209085593799317593e+01
4.693715594332417851e+01 4.513871150740983040e+01
4.693715594332417851e+01 4.909159223824730134e+01
4.693715594332417851e+01 4.345773834185722961e+01
4.693715594332417851e+01 4.380547145551383181e+01
4.693715594332417851e+01 4.783203901232095490e+01
4.693715594332417851e+01 4.700221288811937370e+01
4.693715594332417851e+01 4.447298620394201407e+01
4.693715594332417851e+01 4.424553744839904112e+01
4.693715594332417851e+01 4.247551404449032475e+01
4.693715594332417851e+01 4.188798538578101471e+01
4.693715594332417851e+01 3.993568573069263294e+01
4.693715594332417851e+01 4.472930834775010567e+01
4.693715594332417851e+01 4.605446868228294477e+01
4.693715594332417851e+01 5.026381072535927075e+01
4.693715594332417851e+01 4.123813256332079646e+01
4.693715594332417851e+01 4.348930307558462260e+01
4.693715594332417851e+01 4.383011154100042717e+01
4.693715594332417851e+01 4.725808415772596760e+01
4.693715594332417851e+01 4.336802467398921124e+01
4.693715594332417851e+01 4.600834966477770394e+01
4.693715594332417851e+01 4.646941936306497212e+01
4.693715594332417851e+01 4.750207387516606872e+01
4.693715594332417851e+01 4.890471792515150895e+01
4.693715594332417851e+01 4.424381631580852314e+01
4.693715594332417851e+01 4.304668517859769139e+01
4.693715594332417851e+01 4.602772192569427290e+01
4.693715594332417851e+01 4.222808637377769969e+01
4.693715594332417851e+01 4.184457247439170402e+01
4.693715594332417851e+01 4.849124005277352722e+01
4.693715594332417851e+01 4.122291395585553886e+01
4.693715594332417851e+01 4.283249786072201459e+01
4.693715594332417851e+01 4.288654805121035452e+01
4.693715594332417851e+01 4.893146783155252422e+01
4.693715594332417851e+01 4.154382447205532713e+01
4.693715594332417851e+01 4.556209820806952138e+01
4.693715594332417851e+01 4.907992424699181555e+01
4.693715594332417851e+01 5.156212380738530499e+01
4.693715594332417851e+01 4.787577082899203162e+01
4.693715594332417851e+01 4.371030142668221430e+01
4.693715594332417851e+01 4.588237556945836104e+01
4.693715594332417851e+01 4.824029323314712769e+01
4.693715594332417851e+01 5.056389803447611797e+01
4.693715594332417851e+01 4.597739634025839450e+01
4.693715594332417851e+01 4.631886502552338669e+01
4.693715594332417851e+01 4.656221739275883209e+01
4.693715594332417851e+01 4.863474703231144503e+01
4.693715594332417851e+01 5.058712737194553455e+01
4.693715594332417851e+01 4.851396830702017837e+01
4.693715594332417851e+01 4.705627516545951750e+01
4.693715594332417851e+01 5.017302413327328736e+01
4.693715594332417851e+01 4.504236577495277061e+01
4.693715594332417851e+01 4.722695016033247128e+01
4.693715594332417851e+01 4.645043442428409719e+01
4.693715594332417851e+01 4.819936663798004872e+01
4.693715594332417851e+01 4.591561956269346467e+01
4.693715594332417851e+01 4.457269766554956902e+01
4.693715594332417851e+01 4.595535270045894549e+01
4.693715594332417851e+01 4.538052090601269839e+01
4.693715594332417851e+01 4.333646924051697624e+01
4.693715594332417851e+01 4.526630563635007576e+01
4.693715594332417851e+01 4.267174806981978463e+01
4.693715594332417851e+01 5.098044938727204567e+01
4.693715594332417851e+01 4.775440998320762986e+01
4.693715594332417851e+01 4.853587414181988891e+01
4.693715594332417851e+01 4.705266161984280160e+01
4.693715594332417851e+01 4.925539331627548023e+01
4.693715594332417851e+01 4.725580973322268363e+01
4.693715594332417851e+01 4.844835895035795659e+01
4.693715594332417851e+01 4.308628576274949040e+01
4.693715594332417851e+01 4.453626431678299014e+01
4.693715594332417851e+01 4.870008257509335436e+01
4.693715594332417851e+01 4.709326252619160158e+01
4.693715594332417851e+01 4.800824653044213619e+01
4.693715594332417851e+01 4.724950837877154441e+01
4.693715594332417851e+01 4.813977373691793105e+01
4.693715594332417851e+01 4.227086254364542128e+01
4.693715594332417851e+01 4.470420191260460996e+01
4.693715594332417851e+01 4.221827818275464494e+01
4.693715594332417851e+01 4.788671125699448794e+01
4.693715594332417851e+01 4.784624465307263108e+01
4.693715594332417851e+01 4.237856058690069005e+01
4.693715594332417851e+01 4.641636170729864119e+01
4.693715594332417851e+01 5.242716432389374859e+01
4.693715594332417851e+01 4.420066268596116288e+01
4.693715594332417851e+01 4.342321578632719792e+01
4.693715594332417851e+01 4.707266419407601177e+01
4.693715594332417851e+01 4.503389888023473731e+01
4.693715594332417851e+01 4.720720637569979772e+01
4.693715594332417851e+01 5.184429878879013387e+01
4.693715594332417851e+01 4.420987671665695018e+01
4.693715594332417851e+01 4.694140334426327144e+01
4.693715594332417851e+01 5.470572308513614956e+01
4.693715594332417851e+01 5.273929750878632916e+01
4.693715594332417851e+01 4.363552743693353619e+01
4.693715594332417851e+01 4.838335937364342954e+01
4.693715594332417851e+01 4.605375198198599662e+01
4.693715594332417851e+01 4.414008495000979337e+01
4.693715594332417851e+01 4.236286457182340826e+01
4.693715594332417851e+01 4.436691518209980956e+01
4.693715594332417851e+01 4.617688185103852305e+01
4.693715594332417851e+01 4.519148670700349868e+01
4.693715594332417851e+01 4.392896260822377741e+01
4.693715594332417851e+01 5.253725740431498537e+01
4.693715594332417851e+01 4.934001011984732088e+01
4.693715594332417851e+01 4.534846917283969958e+01
4.693715594332417851e+01 4.992173623679292405e+01
4.693715594332417851e+01 4.068260491564184633e+01
4.693715594332417851e+01 4.487538478960995292e+01
4.693715594332417851e+01 4.461069563804276328e+01
4.693715594332417851e+01 4.873357607026082405e+01
4.693715594332417851e+01 4.865548369321204092e+01
4.693715594332417851e+01 4.273620120435101200e+01
4.693715594332417851e+01 4.404144989645539709e+01
4.693715594332417851e+01 4.646228057909317499e+01
4.693715594332417851e+01 4.677460305291056386e+01
4.693715594332417851e+01 5.168682971164769668e+01
4.693715594332417851e+01 4.688001387228448635e+01
4.693715594332417851e+01 4.383502277192960861e+01
4.693715594332417851e+01 5.134515895432679145e+01
4.693715594332417851e+01 5.092623734131299784e+01
4.693715594332417851e+01 4.387507504618709930e+01
4.693715594332417851e+01 4.117215402781978639e+01
4.693715594332417851e+01 4.778875375933915848e+01
4.693715594332417851e+01 4.780791465742051827e+01
4.693715594332417851e+01 4.533766761563538239e+01
4.693715594332417851e+01 4.292797800171166500e+01
4.693715594332417851e+01 4.453449678500260944e+01
4.693715594332417851e+01 4.986233311272799540e+01
4.693715594332417851e+01 5.142850494564378749e+01
4.693715594332417851e+01 4.471757051053867826e+01
4.693715594332417851e+01 5.108434414543835089e+01
4.693715594332417851e+01 5.168062255952697370e+01
4.693715594332417851e+01 4.545591120809105234e+01
4.693715594332417851e+01 4.874741958608711911e+01
4.693715594332417851e+01 4.724803071420817702e+01
4.693715594332417851e+01 4.398338078244513127e+01
4.693715594332417851e+01 4.201811208721233015e+01
4.693715594332417851e+01 5.260193875444847578e+01
4.693715594332417851e+01 5.048215562548473656e+01
4.693715594332417851e+01 4.312354289787960226e+01
4.693715594332417851e+01 4.592840007935446778e+01
4.693715594332417851e+01 4.613256973405762551e+01
4.693715594332417851e+01 4.487828462419938091e+01
4.693715594332417851e+01 5.122526439872484616e+01
4.693715594332417851e+01 5.577086628685660941e+01
4.693715594332417851e+01 4.135962700606540920e+01
4.693715594332417851e+01 4.429646754254837049e+01
4.693715594332417851e+01 4.530710998408957124e+01
4.693715594332417851e+01 4.733513996597062601e+01
4.693715594332417851e+01 4.385866491076902207e+01
4.693715594332417851e+01 4.519305631870739148e+01
4.693715594332417851e+01 4.385671221771580264e+01
4.693715594332417851e+01 4.749187855663755897e+01
4.693715594332417851e+01 4.411405073829772050e+01
4.693715594332417851e+01 4.821608197282564134e+01
4.693715594332417851e+01 4.700040234475697787e+01
4.693715594332417851e+01 5.028171483792358032e+01
4.693715594332417851e+01 5.082487243088407070e+01
4.693715594332417851e+01 4.500920915632465125e+01
4.693715594332417851e+01 4.805509208451830006e+01
4.693715594332417851e+01 4.649144842846868642e+01
4.693715594332417851e+01 5.207008754730180300e+01
4.693715594332417851e+01 4.334336226296868944e+01
4.693715594332417851e+01 4.101753835855683405e+01
4.693715594332417851e+01 5.068159503823510903e+01
4.693715594332417851e+01 5.336296641085226611e+01
4.693715594332417851e+01 4.746940882841944642e+01
4.693715594332417851e+01 4.147659000972916488e+01
4.693715594332417851e+01 4.657912943301196407e+01
4.693715594332417851e+01 4.103518385131047808e+01
4.693715594332417851e+01 4.867165384562088093e+01
4.693715594332417851e+01 4.317274339270617389e+01
4.693715594332417851e+01 5.091809185227237577e+01
4.693715594332417851e+01 4.146033361664138539e+01
4.693715594332417851e+01 4.875981157657567167e+01
4.693715594332417851e+01 4.385926252970848083e+01
4.693715594332417851e+01 4.876266833886933938e+01
4.693715594332417851e+01 4.528336961211243050e+01
4.693715594332417851e+01 4.504490464258946503e+01
4.693715594332417851e+01 4.815376789324334794e+01
4.693715594332417851e+01 4.609207449397214162e+01
4.693715594332417851e+01 4.783681476038150038e+01
4.693715594332417851e+01 4.336727658529054708e+01
4.693715594332417851e+01 4.301917339970515997e+01
4.693715594332417851e+01 4.650754170094170803e+01
4.693715594332417851e+01 4.303770864611247760e+01
4.693715594332417851e+01 4.226520338287505751e+01
4.693715594332417851e+01 4.510636882643934342e+01
4.693715594332417851e+01 5.164232366215718173e+01
4.693715594332417851e+01 4.649724279282825989e+01
4.693715594332417851e+01 4.400802459072353656e+01
4.693715594332417851e+01 4.683552879773880306e+01
4.693715594332417851e+01 4.707120295875698446e+01
4.693715594332417851e+01 4.556508373181121385e+01
4.693715594332417851e+01 4.651203925406392159e+01
4.693715594332417851e+01 4.112989734377077156e+01
4.693715594332417851e+01 4.683766239115258401e+01
4.693715594332417851e+01 4.656587296833479428e+01
4.693715594332417851e+01 4.492659042292889637e+01
4.693715594332417851e+01 4.663494066553008111e+01
4.693715594332417851e+01 5.275449082814454016e+01
4.693715594332417851e+01 4.659254655679897184e+01
4.693715594332417851e+01 4.152193045468050769e+01
4.693715594332417851e+01 4.797358765146186954e+01
4.693715594332417851e+01 4.790635812054340903e+01
4.693715594332417851e+01 4.424187963711925420e+01
4.693715594332417851e+01 4.240187823734096639e+01
4.693715594332417851e+01 4.858575126938450950e+01
4.693715594332417851e+01 4.720426184055216368e+01
4.693715594332417851e+01 4.426108833735041515e+01
4.693715594332417851e+01 4.870129954642931125e+01
4.693715594332417851e+01 4.801610507986078602e+01
4.693715594332417851e+01 5.006576225848957762e+01
4.693715594332417851e+01 4.511720732274273615e+01
4.693715594332417851e+01 4.507655969523732864e+01
4.693715594332417851e+01 4.481551376101409545e+01
4.693715594332417851e+01 4.989259941668340304e+01
4.693715594332417851e+01 4.540374595581820927e+01
4.693715594332417851e+01 4.711271619450751302e+01
4.693715594332417851e+01 4.344546518146803038e+01
4.693715594332417851e+01 4.408843666385713078e+01
4.693715594332417851e+01 4.809597989459622625e+01
4.693715594332417851e+01 4.218344699833233591e+01
4.693715594332417851e+01 4.407525420185024245e+01
4.693715594332417851e+01 4.088739491099013890e+01
4.693715594332417851e+01 4.694789607912587570e+01
4.693715594332417851e+01 4.609959898843752768e+01
4.693715594332417851e+01 4.623287716510250078e+01
4.693715594332417851e+01 4.779272356405726896e+01
4.693715594332417851e+01 4.440946545961944736e+01
4.693715594332417851e+01 4.538675715125869914e+01
4.693715594332417851e+01 4.471148869962550521e+01
4.693715594332417851e+01 4.724868632233530263e+01
4.693715594332417851e+01 4.454678645691766548e+01
4.693715594332417851e+01 4.755212321158083455e+01
4.693715594332417851e+01 5.804561407896152048e+01
4.693715594332417851e+01 4.091380223051669418e+01
4.693715594332417851e+01 3.809031963484105177e+01
4.693715594332417851e+01 4.767270755398399729e+01
4.693715594332417851e+01 4.269340782803229928e+01
4.693715594332417851e+01 4.489450478895201258e+01
4.693715594332417851e+01 4.300836512486082341e+01
4.693715594332417851e+01 4.331151814428105951e+01
4.693715594332417851e+01 4.518237943527865497e+01
4.693715594332417851e+01 4.469023586679896454e+01
4.693715594332417851e+01 5.053450637933028844e+01
4.693715594332417851e+01 4.745748245476144689e+01
4.693715594332417851e+01 4.498050208320756127e+01
4.693715594332417851e+01 4.178957359256637005e+01
4.693715594332417851e+01 4.296044668895380880e+01
4.693715594332417851e+01 4.994668467934492639e+01
4.693715594332417851e+01 4.609318547983860981e+01
4.693715594332417851e+01 5.418512447691842482e+01
4.693715594332417851e+01 5.057978286357718645e+01
4.693715594332417851e+01 4.862654289135463159e+01
4.693715594332417851e+01 4.709258104723696903e+01
4.693715594332417851e+01 4.918471320166502636e+01
4.693715594332417851e+01 5.355011768830687657e+01
4.693715594332417851e+01 4.795551234661726170e+01
4.693715594332417851e+01 4.988490608207276011e+01
4.693715594332417851e+01 4.871142309351412791e+01
4.693715594332417851e+01 5.146707475098012452e+01
4.693715594332417851e+01 4.844126485237165980e+01
4.693715594332417851e+01 4.766831686801129564e+01
4.693715594332417851e+01 4.722725051586620282e+01
4.693715594332417851e+01 4.605703238114666931e+01
4.693715594332417851e+01 4.679860980025124206e+01
4.693715594332417851e+01 4.535736829264151737e+01
4.693715594332417851e+01 4.725857943337928901e+01
4.693715594332417851e+01 4.772420045953812462e+01
4.693715594332417851e+01 5.312852938185397988e+01
4.693715594332417851e+01 5.185112650125990541e+01
4.693715594332417851e+01 4.283968043604416209e+01
4.693715594332417851e+01 4.764468744336062400e+01
4.693715594332417851e+01 4.913547185030760289e+01
4.693715594332417851e+01 4.515734634816588766e+01
4.693715594332417851e+01 4.504862859889109217e+01
4.693715594332417851e+01 5.210360514885083205e+01
4.693715594332417851e+01 4.500959486864246628e+01
4.693715594332417851e+01 4.696149201752699298e+01
4.693715594332417851e+01 5.001656449769479451e+01
4.693715594332417851e+01 4.464813464112073405e+01
4.693715594332417851e+01 4.806949075309191244e+01
4.693715594332417851e+01 4.458270431994287719e+01
4.693715594332417851e+01 4.970887869656614555e+01
4.693715594332417851e+01 5.027094132285087369e+01
4.693715594332417851e+01 4.010432710546488977e+01
4.693715594332417851e+01 4.633790093178644298e+01
4.693715594332417851e+01 4.189845310041710746e+01
4.693715594332417851e+01 4.347400093505991236e+01
4.693715594332417851e+01 4.614920483041242960e+01
4.693715594332417851e+01 4.674916880977816902e+01
4.693715594332417851e+01 4.586890056590898723e+01
4.693715594332417851e+01 5.100892418224392344e+01
4.693715594332417851e+01 4.416400259363507530e+01
4.693715594332417851e+01 4.849461165145881836e+01
4.693715594332417851e+01 4.466448273175714689e+01
4.693715594332417851e+01 4.713534219886907550e+01
4.693715594332417851e+01 4.780201282944847208e+01
4.693715594332417851e+01 4.159369171055446657e+01
4.693715594332417851e+01 4.515916060192107295e+01
4.693715594332417851e+01 5.150731853633138257e+01
4.693715594332417851e+01 4.837663539785518196e+01
4.693715594332417851e+01 4.716542256639800001e+01
4.693715594332417851e+01 4.403339082628117751e+01
4.693715594332417851e+01 4.834664990823419828e+01
4.693715594332417851e+01 5.091015466410961920e+01
4.693715594332417851e+01 5.218304108395282270e+01
4.693715594332417851e+01 4.149163110852239811e+01
4.693715594332417851e+01 4.961993946827112723e+01
4.693715594332417851e+01 4.660303646398084965e+01
4.693715594332417851e+01 4.064655035801700933e+01
4.693715594332417851e+01 4.416124245085388367e+01
4.693715594332417851e+01 4.560580676824847757e+01
4.693715594332417851e+01 4.565421926347737269e+01
4.693715594332417851e+01 5.083511428648374419e+01
4.693715594332417851e+01 4.027178680457166138e+01
4.693715594332417851e+01 4.329731666540295976e+01
4.693715594332417851e+01 4.907569365732400257e+01
4.693715594332417851e+01 4.662916654761592383e+01
4.693715594332417851e+01 5.001741677802866803e+01
4.693715594332417851e+01 4.320578587331778664e+01
4.693715594332417851e+01 4.586121615572399435e+01
4.693715594332417851e+01 4.268912044488183000e+01
4.693715594332417851e+01 4.464613778623795781e+01
4.693715594332417851e+01 4.926265664443954506e+01
4.693715594332417851e+01 3.860124943493541139e+01
4.693715594332417851e+01 5.129810217887484924e+01
4.693715594332417851e+01 4.162482226343421843e+01
4.693715594332417851e+01 4.862023080580981826e+01
4.693715594332417851e+01 4.731687122370831844e+01
4.693715594332417851e+01 4.944127867057992631e+01
4.693715594332417851e+01 4.509709790490905590e+01
4.693715594332417851e+01 4.783382421487597469e+01
4.693715594332417851e+01 4.501077657481287986e+01
4.693715594332417851e+01 4.317880245786140136e+01
4.693715594332417851e+01 4.046951253490220068e+01
4.693715594332417851e+01 4.790749801346208159e+01
4.693715594332417851e+01 4.542309560694253179e+01
4.693715594332417851e+01 4.866145050755657309e+01
4.693715594332417851e+01 4.173768279586149532e+01
4.693715594332417851e+01 4.835843027045110176e+01
4.693715594332417851e+01 4.817665981016499899e+01
4.693715594332417851e+01 4.336864248396182120e+01
4.693715594332417851e+01 4.581794884002716373e+01
4.693715594332417851e+01 4.705926761374421119e+01
4.693715594332417851e+01 5.304707419946473124e+01
4.693715594332417851e+01 4.268206805187836039e+01
4.693715594332417851e+01 5.001719128823449978e+01
4.693715594332417851e+01 5.429362678066194547e+01
4.693715594332417851e+01 4.290194537903619221e+01
4.693715594332417851e+01 4.573134703470333307e+01
4.693715594332417851e+01 4.637310542793289869e+01
4.693715594332417851e+01 4.566095909944929332e+01
4.693715594332417851e+01 4.730620851349066669e+01
4.693715594332417851e+01 4.551772430128512070e+01
4.693715594332417851e+01 4.314086740707183765e+01
4.693715594332417851e+01 4.586632579074225191e+01
4.693715594332417851e+01 4.805385913637071127e+01
4.693715594332417851e+01 4.780917276958535922e+01
4.693715594332417851e+01 4.309269300855063278e+01
4.693715594332417851e+01 4.481528877295578894e+01
4.693715594332417851e+01 5.115756124727438703e+01
4.693715594332417851e+01 4.297592262950549014e+01
4.693715594332417851e+01 4.521736018078468078e+01
4.693715594332417851e+01 4.898918794478691296e+01
4.693715594332417851e+01 4.695900489893813301e+01
4.693715594332417851e+01 4.788492659664792939e+01
4.693715594332417851e+01 5.216450391498204908e+01
4.693715594332417851e+01 4.547229092026586983e+01
4.693715594332417851e+01 4.280357231865316692e+01
4.693715594332417851e+01 5.186814787935375648e+01
4.693715594332417851e+01 4.068581329100648247e+01
4.693715594332417851e+01 4.690173337941221376e+01
4.693715594332417851e+01 4.488626650174077071e+01
4.693715594332417851e+01 4.611595551644858659e+01
