4.693715594332417851e+01 4.817242236808840516e+01
4.693715594332417851e+01 4.557513630682385042e+01
4.693715594332417851e+01 4.423224936453641476e+01
4.693715594332417851e+01 4.619154840915798133e+01
4.693715594332417851e+01 5.590511252011359744e+01
4.693715594332417851e+01 4.669973818897970830e+01
4.693715594332417851e+01 4.602110484480752461e+01
4.693715594332417851e+01 4.991268620701110592e+01
4.693715594332417851e+01 4.695035853363523159e+01
4.693715594332417851e+01 4.144328488313249892e+01
4.693715594332417851e+01 4.676182643064337441e+01
4.693715594332417851e+01 4.098898001117071743e+01
4.693715594332417851e+01 4.828499263441933920e+01
4.693715594332417851e+01 4.012567042328115718e+01
4.693715594332417851e+01 4.923725620431190464e+01
4.693715594332417851e+01 4.322286420316347488e+01
4.693715594332417851e+01 4.479226350225947328e+01
4.693715594332417851e+01 4.370362890797964894e+01
4.693715594332417851e+01 4.713046814091890724e+01
4.693715594332417851e+01 3.970403484660326399e+01
4.693715594332417851e+01 4.459271583986691212e+01
4.693715594332417851e+01 4.794821204983779950e+01
4.693715594332417851e+01 4.748531946650150104e+01
4.693715594332417851e+01 4.632958982872296616e+01
4.693715594332417851e+01 5.001728106928986506e+01
4.693715594332417851e+01 4.694624919937171370e+01
4.693715594332417851e+01 4.660619550354793716e+01
4.693715594332417851e+01 4.762844607481903125e+01
4.693715594332417851e+01 4.770924001826205085e+01
4.693715594332417851e+01 4.933852566844576160e+01
4.693715594332417851e+01 4.818577420095996899e+01
4.693715594332417851e+01 4.751322013473285466e+01
4.693715594332417851e+01 4.957751246613445772e+01
4.693715594332417851e+01 4.707505619117197426e+01
4.693715594332417851e+01 4.866637696919477207e+01
4.693715594332417851e+01 4.363863130728407924e+01
4.693715594332417851e+01 4.818688465933594500e+01
4.693715594332417851e+01 4.680151751052039089e+01
4.693715594332417851e+01 4.735126375420573908e+01
4.693715594332417851e+01 4.122742213840913905e+01
4.693715594332417851e+01 4.738664269786801242e+01
4.693715594332417851e+01 4.602169187001008765e+01
4.693715594332417851e+01 4.797106741184818191e+01
4.693715594332417851e+01 4.869048800792092635e+01
4.693715594332417851e+01 4.611058154504836182e+01
4.693715594332417851e+01 4.751709574195881913e+01
4.693715594332417851e+01 4.312912097722224303e+01
4.693715594332417851e+01 4.252450624246680633e+01
4.693715594332417851e+01 4.832849282762001053e+01
4.693715594332417851e+01 4.153989417948966434e+01
4.693715594332417851e+01 4.331368466015644003e+01
4.693715594332417851e+01 4.296336305412217627e+01
4.693715594332417851e+01 5.109191697919096953e+01
4.693715594332417851e+01 4.436097917650810274e+01
4.693715594332417851e+01 4.339600241945957038e+01
4.693715594332417851e+01 4.614919404980190620e+01
4.693715594332417851e+01 4.570978748611592124e+01
4.693715594332417851e+01 4.474459857645074834e+01
4.693715594332417851e+01 4.690843859732257215e+01
4.693715594332417851e+01 4.664088695724144173e+01
4.693715594332417851e+01 4.435361945202301115e+01
4.693715594332417851e+01 4.914394290533606835e+01
4.693715594332417851e+01 4.494713241176268070e+01
4.693715594332417851e+01 5.082688619067456415e+01
4.693715594332417851e+01 4.769173158562691128e+01
4.693715594332417851e+01 4.536711049725452938e+01
4.693715594332417851e+01 4.437865256846845341e+01
4.693715594332417851e+01 4.425330369929486096e+01
4.693715594332417851e+01 4.583341353748218694e+01
4.693715594332417851e+01 4.311966484699946278e+01
4.693715594332417851e+01 4.483498661766835625e+01
4.693715594332417851e+01 4.762100656268624022e+01
4.693715594332417851e+01 4.644043610969021074e+01
4.693715594332417851e+01 4.786913225052771281e+01
4.693715594332417851e+01 4.549210752163136817e+01
4.693715594332417851e+01 4.783652271809625489e+01
4.693715594332417851e+01 4.947782567040275126e+01
4.693715594332417851e+01 4.689644019290378907e+01
4.693715594332417851e+01 4.510765668942644879e+01
4.693715594332417851e+01 4.229890762286027694e+01
4.693715594332417851e+01 4.765221490107767721e+01
4.693715594332417851e+01 4.417170163357420876e+01
4.693715594332417851e+01 4.521656022401674591e+01
4.693715594332417851e+01 4.564348995902238215e+01
4.693715594332417851e+01 4.594722898792358023e+01
4.693715594332417851e+01 4.721540991841619217e+01
4.693715594332417851e+01 4.498339397131304196e+01
4.693715594332417851e+01 4.288843634218688550e+01
4.693715594332417851e+01 5.244929032236771604e+01
4.693715594332417851e+01 5.118756128509343739e+01
4.693715594332417851e+01 4.220962377838073820e+01
4.693715594332417851e+01 4.518100347271849415e+01
4.693715594332417851e+01 5.227209798293068843e+01
4.693715594332417851e+01 4.447610780768038552e+01
4.693715594332417851e+01 4.585499510575352389e+01
4.693715594332417851e+01 4.977372199358512717e+01
4.693715594332417851e+01 5.125936572564675942e+01
4.693715594332417851e+01 4.125029725603358344e+01
4.693715594332417851e+01 4.469103397374102116e+01
4.693715594332417851e+01 5.113736510881775388e+01
4.693715594332417851e+01 4.698337850085740541e+01
4.693715594332417851e+01 4.871757696152704398e+01
4.693715594332417851e+01 5.051648524248354732e+01
4.693715594332417851e+01 4.803836117531691485e+01
4.693715594332417851e+01 4.579383596884436258e+01
4.693715594332417851e+01 5.119325458956183184e+01
4.693715594332417851e+01 5.061561750965032758e+01
4.693715594332417851e+01 5.540699571062047113e+01
4.693715594332417851e+01 4.722836639570802930e+01
4.693715594332417851e+01 4.876130853039336444e+01
4.693715594332417851e+01 4.962472576431700588e+01
4.693715594332417851e+01 4.790227169246595196e+01
4.693715594332417851e+01 4.874980709178323934e+01
4.693715594332417851e+01 4.884069040926027583e+01
4.693715594332417851e+01 4.242972639829297066e+01
4.693715594332417851e+01 4.426202093786145753e+01
4.693715594332417851e+01 4.721919362549220978e+01
4.693715594332417851e+01 4.416117473847715047e+01
4.693715594332417851e+01 4.567439925507525089e+01
4.693715594332417851e+01 4.670488571461905281e+01
4.693715594332417851e+01 4.883116903622475746e+01
4.693715594332417851e+01 4.216139705371951152e+01
4.693715594332417851e+01 4.489181936566984632e+01
4.693715594332417851e+01 4.785531039967115419e+01
4.693715594332417851e+01 4.253721888372101745e+01
4.693715594332417851e+01 4.233703555588054002e+01
4.693715594332417851e+01 4.538813345937622046e+01
4.693715594332417851e+01 4.731935067640892356e+01
4.693715594332417851e+01 4.035560992683014092e+01
4.693715594332417851e+01 4.779623203332186421e+01
4.693715594332417851e+01 4.381707686934362300e+01
4.693715594332417851e+01 5.094020827836205001e+01
4.693715594332417851e+01 4.406700791188146837e+01
4.693715594332417851e+01 4.311478992093284290e+01
4.693715594332417851e+01 4.825257512312264652e+01
4.693715594332417851e+01 4.834515644330958395e+01
4.693715594332417851e+01 4.752095034529002504e+01
4.693715594332417851e+01 4.511192959042525530e+01
4.693715594332417851e+01 4.476870925609732410e+01
4.693715594332417851e+01 4.419065373271104846e+01
4.693715594332417851e+01 4.747099516841991829e+01
4.693715594332417851e+01 4.024602114808158149e+01
4.693715594332417851e+01 4.856810719050413638e+01
4.693715594332417851e+01 4.707449852788136724e+01
4.693715594332417851e+01 4.666155406992783128e+01
4.693715594332417851e+01 4.769425287516057210e+01
4.693715594332417851e+01 4.202515022240311282e+01
4.693715594332417851e+01 4.745652408454699867e+01
4.693715594332417851e+01 4.307365123540492391e+01
4.693715594332417851e+01 4.726368608171257080e+01
4.693715594332417851e+01 4.854105557307162400e+01
4.693715594332417851e+01 4.598683458011164760e+01
4.693715594332417851e+01 4.894505013435632179e+01
4.693715594332417851e+01 4.802499635047335147e+01
4.693715594332417851e+01 4.773562950996576149e+01
4.693715594332417851e+01 4.678693218212066540e+01
4.693715594332417851e+01 5.045757291009257983e+01
4.693715594332417851e+01 5.139087703440995369e+01
4.693715594332417851e+01 4.536299971434127798e+01
4.693715594332417851e+01 4.983178196755376632e+01
4.693715594332417851e+01 4.582553378966568403e+01
4.693715594332417851e+01 4.608957354042674837e+01
4.693715594332417851e+01 5.060681976435489560e+01
4.693715594332417851e+01 4.695426943457069768e+01
4.693715594332417851e+01 4.801666668299827734e+01
4.693715594332417851e+01 4.267854042739955389e+01
4.693715594332417851e+01 4.851694345770916783e+01
4.693715594332417851e+01 4.171727283174151779e+01
4.693715594332417851e+01 4.470744819679664772e+01
4.693715594332417851e+01 4.752622756636541368e+01
4.693715594332417851e+01 4.339271118594236043e+01
4.693715594332417851e+01 4.730530974455255944e+01
4.693715594332417851e+01 4.086038346941064248e+01
4.693715594332417851e+01 4.736025373654094750e+01
4.693715594332417851e+01 4.623607824270249012e+01
4.693715594332417851e+01 4.826867164974595426e+01
4.693715594332417851e+01 4.331745105297960663e+01
4.693715594332417851e+01 4.544853533109967714e+01
4.693715594332417851e+01 4.559758622889290791e+01
4.693715594332417851e+01 4.315728511131099054e+01
4.693715594332417851e+01 4.291673254805472482e+01
4.693715594332417851e+01 4.793562975035387552e+01
4.693715594332417851e+01 4.731810354302524502e+01
4.693715594332417851e+01 5.079579139553158029e+01
4.693715594332417851e+01 4.248909682816209710e+01
4.693715594332417851e+01 4.884224360067093329e+01
4.693715594332417851e+01 4.566774236766525519e+01
4.693715594332417851e+01 4.741385418346175840e+01
4.693715594332417851e+01 4.502828512322430754e+01
4.693715594332417851e+01 4.511266230179828796e+01
4.693715594332417851e+01 4.679464928401921497e+01
4.693715594332417851e+01 4.825557233943896307e+01
4.693715594332417851e+01 4.495693881057157171e+01
4.693715594332417851e+01 5.235270762671444800e+01
4.693715594332417851e+01 3.994948347030033631e+01
4.693715594332417851e+01 4.831756093211489400e+01
4.693715594332417851e+01 4.742928722149033405e+01
4.693715594332417851e+01 4.663349673773029025e+01
4.693715594332417851e+01 4.770333219258561286e+01
4.693715594332417851e+01 4.367606146698474845e+01
4.693715594332417851e+01 4.679240957077264795e+01
4.693715594332417851e+01 4.318827665274872629e+01
4.693715594332417851e+01 3.957549269779930512e+01
4.693715594332417851e+01 4.562083775084389714e+01
4.693715594332417851e+01 4.725270539503974021e+01
4.693715594332417851e+01 4.683136638987255651e+01
4.693715594332417851e+01 4.651534095771884836e+01
4.693715594332417851e+01 5.183499223875656980e+01
4.693715594332417851e+01 4.155106320568601319e+01
4.693715594332417851e+01 4.732110700473503329e+01
4.693715594332417851e+01 4.201369419946228589e+01
4.693715594332417851e+01 4.430954865938548437e+01
4.693715594332417851e+01 4.075454820704766234e+01
4.693715594332417851e+01 4.533393997935625919e+01
4.693715594332417851e+01 4.833433736507431178e+01
4.693715594332417851e+01 4.570315531933121633e+01
4.693715594332417851e+01 4.426271342219030203e+01
4.693715594332417851e+01 4.722928957015738405e+01
4.693715594332417851e+01 4.943686972058733176e+01
4.693715594332417851e+01 4.046221924250990298e+01
4.693715594332417851e+01 4.844858436661026246e+01
4.693715594332417851e+01 4.899087523375779085e+01
4.693715594332417851e+01 4.431268832066930230e+01
4.693715594332417851e+01 5.472493441724055430e+01
4.693715594332417851e+01 4.543839254662724869e+01
4.693715594332417851e+01 3.747038584224946334e+01
4.693715594332417851e+01 4.520512990272825249e+01
4.693715594332417851e+01 4.594649766538048397e+01
4.693715594332417851e+01 4.953855567094412038e+01
4.693715594332417851e+01 4.033179568480029076e+01
4.693715594332417851e+01 4.713718176172960028e+01
4.693715594332417851e+01 4.213310948835447789e+01
4.693715594332417851e+01 4.253648994066558942e+01
4.693715594332417851e+01 4.320614201709965840e+01
4.693715594332417851e+01 4.799054320292071196e+01
4.693715594332417851e+01 3.696424984043055417e+01
4.693715594332417851e+01 5.081657969064013969e+01
4.693715594332417851e+01 4.586925131281703472e+01
4.693715594332417851e+01 4.714914733527318447e+01
4.693715594332417851e+01 4.505653530319117550e+01
4.693715594332417851e+01 5.331030390094046822e+01
4.693715594332417851e+01 5.200728847237695618e+01
4.693715594332417851e+01 4.888856093136783443e+01
4.693715594332417851e+01 4.530821604361016597e+01
4.693715594332417851e+01 4.505388062592015785e+01
4.693715594332417851e+01 4.498835374710596113e+01
4.693715594332417851e+01 4.421705434038702265e+01
4.693715594332417851e+01 4.009489401562159827e+01
4.693715594332417851e+01 4.746663144278110735e+01
4.693715594332417851e+01 5.120795852205827003e+01
4.693715594332417851e+01 4.636806176670029345e+01
4.693715594332417851e+01 4.335952598992156481e+01
4.693715594332417851e+01 4.519730701939538875e+01
4.693715594332417851e+01 4.554622311972868687e+01
4.693715594332417851e+01 4.536939220622949165e+01
4.693715594332417851e+01 5.297496754125508289e+01
4.693715594332417851e+01 5.031867332144600624e+01
4.693715594332417851e+01 4.434904477412970891e+01
4.693715594332417851e+01 4.349909585444951432e+01
4.693715594332417851e+01 4.435549968679741539e+01
4.693715594332417851e+01 5.421068158115970448e+01
4.693715594332417851e+01 4.972431308520819471e+01
4.693715594332417851e+01 4.524382600513947494e+01
4.693715594332417851e+01 4.730640378137227486e+01
4.693715594332417851e+01 4.780948228305940972e+01
4.693715594332417851e+01 4.330030213967020103e+01
4.693715594332417851e+01 4.252383665818148728e+01
4.693715594332417851e+01 4.762544793482567940e+01
4.693715594332417851e+01 4.600228434954254908e+01
4.693715594332417851e+01 4.672945629309667481e+01
4.693715594332417851e+01 4.646909953054620246e+01
4.693715594332417851e+01 4.395693570923634752e+01
4.693715594332417851e+01 4.410247489982592128e+01
4.693715594332417851e+01 4.703897768567229321e+01
4.693715594332417851e+01 3.899574786136044224e+01
4.693715594332417851e+01 4.695645856269721463e+01
4.693715594332417851e+01 4.394379154870084392e+01
4.693715594332417851e+01 4.599553021298401490e+01
4.693715594332417851e+01 4.685663876082723078e+01
4.693715594332417851e+01 4.395409533617746689e+01
4.693715594332417851e+01 4.646417573923879019e+01
4.693715594332417851e+01 4.937651418009639315e+01
4.693715594332417851e+01 4.605747088723472160e+01
4.693715594332417851e+01 4.744484935752422672e+01
4.693715594332417851e+01 4.910435688639611840e+01
4.693715594332417851e+01 4.808117145371372914e+01
4.693715594332417851e+01 4.018586423769855287e+01
4.693715594332417851e+01 5.106038331629224558e+01
4.693715594332417851e+01 4.788518352386644494e+01
4.693715594332417851e+01 5.361940742007602267e+01
4.693715594332417851e+01 4.995647337921732856e+01
4.693715594332417851e+01 4.608959205097966105e+01
4.693715594332417851e+01 4.839922406069217686e+01
4.693715594332417851e+01 4.590799778041905910e+01
4.693715594332417851e+01 5.593077510944157638e+01
4.693715594332417851e+01 4.506256139697578789e+01
4.693715594332417851e+01 5.327593349050525973e+01
4.693715594332417851e+01 4.863643312947728958e+01
4.693715594332417851e+01 4.257683755692696081e+01
4.693715594332417851e+01 4.893576908963867567e+01
4.693715594332417851e+01 5.216147324413344677e+01
4.693715594332417851e+01 4.035613120675006371e+01
4.693715594332417851e+01 4.717958226360863705e+01
4.693715594332417851e+01 4.734323016330608880e+01
4.693715594332417851e+01 4.556029249181084140e+01
4.693715594332417851e+01 4.536768790612720892e+01
4.693715594332417851e+01 4.171161068249234205e+01
4.693715594332417851e+01 4.589552711597517742e+01
4.693715594332417851e+01 4.721653121120986185e+01
4.693715594332417851e+01 4.160981347099568950e+01
4.693715594332417851e+01 4.957923111254278581e+01
4.693715594332417851e+01 5.105167260262602014e+01
4.693715594332417851e+01 4.603060679289413315e+01
4.693715594332417851e+01 5.079648671459726472e+01
4.693715594332417851e+01 5.215558371162815376e+01
4.693715594332417851e+01 4.720295764068543320e+01
4.693715594332417851e+01 5.335180941200346183e+01
4.693715594332417851e+01 4.344365590871313287e+01
4.693715594332417851e+01 4.458399984051434473e+01
4.693715594332417851e+01 4.644738026387322805e+01
4.693715594332417851e+01 4.162822875228191322e+01
4.693715594332417851e+01 4.411267123709497184e+01
4.693715594332417851e+01 4.640840231577274011e+01
4.693715594332417851e+01 4.576770397283075198e+01
4.693715594332417851e+01 4.512071350588105645e+01
4.693715594332417851e+01 4.861143835996829665e+01
4.693715594332417851e+01 4.307797481520884020e+01
4.693715594332417851e+01 3.801578476959723218e+01
4.693715594332417851e+01 4.734960255476374158e+01
4.693715594332417851e+01 4.650525281403354683e+01
4.693715594332417851e+01 4.048251377546660734e+01
4.693715594332417851e+01 5.291934641816323648e+01
4.693715594332417851e+01 4.676465028878312324e+01
4.693715594332417851e+01 4.120776434843205038e+01
4.693715594332417851e+01 4.266162021233770929e+01
4.693715594332417851e+01 4.814301382788729455e+01
4.693715594332417851e+01 4.395892696606854599e+01
4.693715594332417851e+01 4.567010597134723326e+01
4.693715594332417851e+01 4.858781784456625985e+01
4.693715594332417851e+01 4.556163369851532963e+01
4.693715594332417851e+01 4.787660640045746874e+01
4.693715594332417851e+01 4.353647677177303166e+01
4.693715594332417851e+01 5.102932135806705105e+01
4.693715594332417851e+01 4.277907221427341966e+01
4.693715594332417851e+01 4.167545393641341178e+01
4.693715594332417851e+01 4.367404477556090114e+01
4.693715594332417851e+01 4.558253030810966777e+01
4.693715594332417851e+01 4.943030241611424458e+01
4.693715594332417851e+01 4.933712554511639325e+01
4.693715594332417851e+01 4.831749657352288807e+01
4.693715594332417851e+01 4.672025000874870670e+01
4.693715594332417851e+01 4.496962649374508203e+01
4.693715594332417851e+01 4.385606925891845265e+01
4.693715594332417851e+01 4.783282542095520284e+01
4.693715594332417851e+01 4.731800392669752142e+01
4.693715594332417851e+01 4.862848579279185657e+01
4.693715594332417851e+01 4.582353959396474608e+01
4.693715594332417851e+01 4.979202462110849581e+01
4.693715594332417851e+01 4.867677465850505314e+01
4.693715594332417851e+01 4.582093224042405666e+01
4.693715594332417851e+01 4.482633657616246836e+01
4.693715594332417851e+01 4.079799844330495517e+01
4.693715594332417851e+01 4.836149710973003124e+01
4.693715594332417851e+01 4.693303908833988913e+01
4.693715594332417851e+01 4.544983357344474229e+01
4.693715594332417851e+01 5.158511481245444941e+01
4.693715594332417851e+01 4.853698312241120760e+01
4.693715594332417851e+01 4.492477336956419975e+01
4.693715594332417851e+01 4.407310562250012254e+01
4.693715594332417851e+01 4.987303986798963251e+01
4.693715594332417851e+01 4.753284166950908229e+01
4.693715594332417851e+01 4.201257805892352337e+01
4.693715594332417851e+01 4.867721068552938846e+01
4.693715594332417851e+01 4.215456683641559010e+01
4.693715594332417851e+01 4.186099228701054642e+01
4.693715594332417851e+01 4.659666512983286424e+01
4.693715594332417851e+01 4.545539789143157350e+01
4.693715594332417851e+01 4.526347175336263717e+01
4.693715594332417851e+01 4.763334589417122800e+01
4.693715594332417851e+01 4.246495765636376518e+01
4.693715594332417851e+01 4.306881018027853969e+01
4.693715594332417851e+01 4.959155622057433277e+01
4.693715594332417851e+01 4.254701015566246980e+01
4.693715594332417851e+01 4.345693937082403124e+01
4.693715594332417851e+01 4.723716660636917197e+01
4.693715594332417851e+01 4.624781907067733044e+01
4.693715594332417851e+01 4.542915579717448082e+01
4.693715594332417851e+01 4.150611799303491267e+01
4.693715594332417851e+01 4.381071075116759062e+01
4.693715594332417851e+01 4.373281924478857263e+01
4.693715594332417851e+01 4.635150581653173418e+01
4.693715594332417851e+01 4.490193708113483240e+01
4.693715594332417851e+01 4.705487530669849150e+01
4.693715594332417851e+01 4.378212175452175359e+01
4.693715594332417851e+01 4.433433453942289759e+01
4.693715594332417851e+01 4.810026493663614389e+01
4.693715594332417851e+01 4.337649340846138557e+01
4.693715594332417851e+01 4.742179360150850442e+01
4.693715594332417851e+01 4.598109661445433005e+01
4.693715594332417851e+01 4.760556049851891203e+01
4.693715594332417851e+01 4.854452982430289154e+01
4.693715594332417851e+01 4.429777039047946374e+01
4.693715594332417851e+01 4.713725897767206874e+01
4.693715594332417851e+01 4.320717506503304861e+01
4.693715594332417851e+01 4.309875652881267882e+01
4.693715594332417851e+01 4.831397748091420397e+01
4.693715594332417851e+01 4.758535656141404502e+01
4.693715594332417851e+01 4.279440193203363663e+01
4.693715594332417851e+01 4.450629471676071347e+01
4.693715594332417851e+01 4.728158077668548032e+01
4.693715594332417851e+01 4.174124671947306098e+01
4.693715594332417851e+01 4.682877049496516975e+01
4.693715594332417851e+01 4.590991900867204834e+01
4.693715594332417851e+01 4.962268350892161806e+01
4.693715594332417851e+01 4.399318713099039257e+01
4.693715594332417851e+01 5.110304513931316706e+01
4.693715594332417851e+01 5.196874197403960238e+01
4.693715594332417851e+01 4.614176478955290861e+01
4.693715594332417851e+01 4.514105135153770476e+01
4.693715594332417851e+01 4.861081158922057455e+01
4.693715594332417851e+01 4.351994206991445679e+01
4.693715594332417851e+01 4.221934178271555282e+01
4.693715594332417851e+01 4.629992267140121243e+01
4.693715594332417851e+01 4.795303204842885236e+01
4.693715594332417851e+01 4.730444327886019096e+01
4.693715594332417851e+01 4.945653302362010351e+01
4.693715594332417851e+01 4.376225007687880009e+01
4.693715594332417851e+01 4.309006871011810347e+01
4.693715594332417851e+01 4.612820449737477446e+01
4.693715594332417851e+01 4.704526625213347302e+01
4.693715594332417851e+01 4.387316699348527749e+01
4.693715594332417851e+01 4.450221188162747410e+01
4.693715594332417851e+01 4.686305239351605678e+01
4.693715594332417851e+01 4.984633374851304666e+01
4.693715594332417851e+01 5.041266240845432378e+01
4.693715594332417851e+01 4.682623044640958199e+01
4.693715594332417851e+01 4.338575733803408241e+01
4.693715594332417851e+01 4.540027790842039224e+01
4.693715594332417851e+01 4.769537825955098498e+01
4.693715594332417851e+01 4.462593388350915546e+01
4.693715594332417851e+01 4.290350496676726522e+01
4.693715594332417851e+01 4.451117337724070921e+01
4.693715594332417851e+01 4.301441125593279935e+01
4.693715594332417851e+01 3.998699350648149675e+01
4.693715594332417851e+01 4.223580624128970129e+01
4.693715594332417851e+01 4.733795886692527688e+01
4.693715594332417851e+01 4.709863929764668455e+01
4.693715594332417851e+01 4.751107173876064138e+01
4.693715594332417851e+01 4.848668916685574004e+01
4.693715594332417851e+01 4.532101191006648833e+01
4.693715594332417851e+01 4.350535842272037002e+01
4.693715594332417851e+01 4.848413189754097630e+01
4.693715594332417851e+01 4.643558229160368001e+01
4.693715594332417851e+01 4.281066612155628803e+01
4.693715594332417851e+01 5.832104740977730728e+01
4.693715594332417851e+01 4.633711352380647952e+01
4.693715594332417851e+01 4.817695172570222439e+01
4.693715594332417851e+01 5.088404052432957059e+01
4.693715594332417851e+01 4.296782364944260024e+01
4.693715594332417851e+01 4.559252979407745698e+01
4.693715594332417851e+01 4.735983887913009482e+01
4.693715594332417851e+01 5.284398303830899124e+01
4.693715594332417851e+01 4.707514541722366630e+01
4.693715594332417851e+01 4.741418495866405181e+01
4.693715594332417851e+01 4.717584944395014901e+01
4.693715594332417851e+01 4.602914738882914492e+01
4.693715594332417851e+01 4.570086841395894339e+01
4.693715594332417851e+01 4.343521487917767132e+01
4.693715594332417851e+01 4.358071852223528708e+01
4.693715594332417851e+01 4.487506047619232419e+01
4.693715594332417851e+01 4.200727678109664254e+01
4.693715594332417851e+01 4.935988180268445547e+01
4.693715594332417851e+01 5.083951129294199234e+01
4.693715594332417851e+01 4.726687646880634475e+01
4.693715594332417851e+01 4.979445294768104446e+01
4.693715594332417851e+01 4.312992292984230147e+01
4.693715594332417851e+01 4.303134109525961293e+01
4.693715594332417851e+01 3.858203840671240670e+01
4.693715594332417851e+01 4.900961933773356094e+01
4.693715594332417851e+01 4.551974588466682548e+01
4.693715594332417851e+01 4.180434346186295613e+01
4.693715594332417851e+01 4.527705690307551123e+01
4.693715594332417851e+01 4.715613861345667601e+01
4.693715594332417851e+01 4.501601980748051091e+01
4.693715594332417851e+01 4.353673796598886270e+01
4.693715594332417851e+01 5.085526193109406279e+01
4.693715594332417851e+01 4.742730277486531065e+01
4.693715594332417851e+01 5.130880085193745543e+01
4.693715594332417851e+01 5.420143650635571930e+01
4.693715594332417851e+01 4.322486869192840686e+01
4.693715594332417851e+01 4.330191442487649311e+01
4.693715594332417851e+01 4.832031569792700054e+01
4.693715594332417851e+01 4.598249582596584872e+01
4.693715594332417851e+01 4.761113585265455583e+01
4.693715594332417851e+01 4.592148755486169875e+01
4.693715594332417851e+01 3.972756253796766401e+01
4.693715594332417851e+01 5.021065371513295617e+01
4.693715594332417851e+01 4.324690662886244752e+01
4.693715594332417851e+01 4.838033404582197505e+01
4.693715594332417851e+01 4.864991545632435077e+01
4.693715594332417851e+01 4.223463818108038481e+01
4.693715594332417851e+01 4.367351138277865630e+01
4.693715594332417851e+01 5.048502833663558675e+01
4.693715594332417851e+01 4.683012267622694935e+01
4.693715594332417851e+01 4.245318227398433208e+01
4.693715594332417851e+01 4.244009109058487894e+01
4.693715594332417851e+01 4.669424749577054001e+01
4.693715594332417851e+01 4.413570521520261281e+01
4.693715594332417851e+01 4.689569762933075481e+01
4.693715594332417851e+01 5.282391722219382046e+01
4.693715594332417851e+01 4.472990797862401280e+01
4.693715594332417851e+01 4.927155103771003297e+01
4.693715594332417851e+01 4.013120686083608035e+01
4.693715594332417851e+01 4.434899345061290887e+01
4.693715594332417851e+01 4.642748646683195801e+01
4.693715594332417851e+01 4.708314154703323595e+01
4.693715594332417851e+01 4.618163344741014953e+01
4.693715594332417851e+01 4.519731690585937400e+01
4.693715594332417851e+01 4.560368165472870317e+01
4.693715594332417851e+01 4.288826330653654395e+01
4.693715594332417851e+01 4.640696066813607956e+01
4.693715594332417851e+01 4.689403409321870697e+01
4.693715594332417851e+01 4.141127897331806196e+01
4.693715594332417851e+01 4.873656993682313043e+01
4.693715594332417851e+01 4.606065421211790323e+01
4.693715594332417851e+01 4.030993515513766567e+01
4.693715594332417851e+01 5.249463684051843870e+01
4.693715594332417851e+01 4.618483621024016372e+01
4.693715594332417851e+01 4.648767126161443741e+01
4.693715594332417851e+01 4.608175930875483317e+01
4.693715594332417851e+01 4.848547039526401647e+01
4.693715594332417851e+01 4.576581294475377604e+01
4.693715594332417851e+01 4.451296974686755448e+01
4.693715594332417851e+01 4.342979559072446705e+01
4.693715594332417851e+01 4.604180754023443001e+01
4.693715594332417851e+01 4.615419485410675549e+01
4.693715594332417851e+01 4.197663273011129093e+01
4.693715594332417851e+01 4.390510026947928424e+01
4.693715594332417851e+01 4.572971416163916558e+01
4.693715594332417851e+01 4.850935693905356061e+01
4.693715594332417851e+01 4.708610004934750748e+01
4.693715594332417851e+01 5.202649464956237324e+01
4.693715594332417851e+01 4.674896540731589312e+01
4.693715594332417851e+01 4.292546851754707404e+01
4.693715594332417851e+01 5.305140568115364630e+01
4.693715594332417851e+01 4.776322851971902139e+01
4.693715594332417851e+01 4.447624618268699237e+01
4.693715594332417851e+01 4.280095257465620051e+01
4.693715594332417851e+01 4.453406658466774815e+01
4.693715594332417851e+01 4.408020059269968272e+01
4.693715594332417851e+01 4.540175695031688718e+01
4.693715594332417851e+01 4.810201732375842454e+01
4.693715594332417851e+01 4.199762733923530789e+01
4.693715594332417851e+01 4.223568033790409260e+01
4.693715594332417851e+01 4.311324253856224686e+01
4.693715594332417851e+01 4.341801433454532599e+01
4.693715594332417851e+01 4.411786698390551464e+01
4.693715594332417851e+01 4.339090018572521501e+01
4.693715594332417851e+01 4.629936348589996697e+01
4.693715594332417851e+01 5.211490391828444046e+01
4.693715594332417851e+01 4.249736203844143745e+01
4.693715594332417851e+01 4.364459361219936540e+01
4.693715594332417851e+01 4.452566059045909697e+01
4.693715594332417851e+01 4.135769205967055484e+01
4.693715594332417851e+01 3.996113270861781075e+01
4.693715594332417851e+01 4.390284044419811238e+01
4.693715594332417851e+01 5.209267087233551763e+01
4.693715594332417851e+01 4.365278962061624668e+01
4.693715594332417851e+01 4.526260238426942095e+01
4.693715594332417851e+01 4.714058151237770744e+01
4.693715594332417851e+01 4.988032543197346769e+01
4.693715594332417851e+01 4.092186765067860676e+01
4.693715594332417851e+01 4.527122168281315595e+01
4.693715594332417851e+01 4.617037042825746340e+01
4.693715594332417851e+01 4.534115301045297031e+01
4.693715594332417851e+01 4.678548133426131272e+01
4.693715594332417851e+01 4.718630838391537452e+01
4.693715594332417851e+01 4.887118422207893076e+01
4.693715594332417851e+01 3.642265950926829987e+01
4.693715594332417851e+01 4.908768237893576014e+01
4.693715594332417851e+01 4.823091489909842267e+01
4.693715594332417851e+01 5.087166125846741238e+01
4.693715594332417851e+01 4.467701333458588664e+01
4.693715594332417851e+01 4.492246432128022349e+01
4.693715594332417851e+01 4.742360490312670152e+01
4.693715594332417851e+01 4.264472144327100267e+01
4.693715594332417851e+01 4.783450134622857775e+01
4.693715594332417851e+01 4.597613687048881559e+01
4.693715594332417851e+01 4.064346265873634678e+01
4.693715594332417851e+01 4.431811250768863175e+01
4.693715594332417851e+01 3.960439506258425268e+01
4.693715594332417851e+01 4.336868627490052575e+01
4.693715594332417851e+01 4.700047031829674182e+01
4.693715594332417851e+01 4.643880078672096801e+01
4.693715594332417851e+01 4.376294742855802866e+01
4.693715594332417851e+01 4.454447718120287902e+01
4.693715594332417851e+01 5.149803973955551584e+01
4.693715594332417851e+01 4.634795344489817381e+01
4.693715594332417851e+01 4.523511640235439302e+01
4.693715594332417851e+01 4.624817425731986020e+01
4.693715594332417851e+01 4.563533076627103924e+01
4.693715594332417851e+01 4.650726553073167224e+01
4.693715594332417851e+01 4.147300030690661288e+01
4.693715594332417851e+01 4.412063205545701550e+01
4.693715594332417851e+01 4.079843079432335884e+01
4.693715594332417851e+01 4.675028065066442906e+01
4.693715594332417851e+01 4.538013645384000938e+01
4.693715594332417851e+01 5.262175059407360322e+01
4.693715594332417851e+01 4.183085849759600450e+01
4.693715594332417851e+01 4.524214829668704851e+01
4.693715594332417851e+01 5.130943875151703537e+01
4.693715594332417851e+01 4.913836773067892949e+01
4.693715594332417851e+01 4.750190442395994950e+01
4.693715594332417851e+01 4.405910895445342845e+01
4.693715594332417851e+01 4.584507846150643928e+01
4.693715594332417851e+01 4.227633687931705708e+01
4.693715594332417851e+01 4.165404721109636910e+01
4.693715594332417851e+01 4.739214003458214108e+01
4.693715594332417851e+01 4.872056502219728458e+01
4.693715594332417851e+01 4.430748732028285275e+01
4.693715594332417851e+01 4.601254801658404858e+01
4.693715594332417851e+01 4.044939604758152285e+01
4.693715594332417851e+01 4.939533854969458559e+01
4.693715594332417851e+01 4.591462266862036046e+01
4.693715594332417851e+01 4.669850030343748415e+01
4.693715594332417851e+01 4.900328791127811456e+01
4.693715594332417851e+01 4.759728985509543264e+01
4.693715594332417851e+01 4.721628177942641713e+01
4.693715594332417851e+01 4.277460977418030552e+01
4.693715594332417851e+01 4.888929650000923033e+01
4.693715594332417851e+01 5.089334390936662089e+01
4.693715594332417851e+01 4.574551872308162359e+01
4.693715594332417851e+01 4.709013157800077209e+01
4.693715594332417851e+01 5.123860925144025913e+01
4.693715594332417851e+01 4.349512691407007026e+01
4.693715594332417851e+01 4.509707012651847435e+01
4.693715594332417851e+01 4.176479517167932443e+01
4.693715594332417851e+01 5.002881612956215207e+01
4.693715594332417851e+01 4.143849512854232842e+01
4.693715594332417851e+01 4.463430868849189892e+01
4.693715594332417851e+01 5.134067424625704490e+01
4.693715594332417851e+01 4.611279759632961373e+01
4.693715594332417851e+01 4.551780382598842323e+01
4.693715594332417851e+01 4.402418818889239560e+01
4.693715594332417851e+01 4.627124645327288022e+01
4.693715594332417851e+01 4.641764305873871166e+01
4.693715594332417851e+01 4.752858787047616573e+01
4.693715594332417851e+01 4.702866528332405949e+01
4.693715594332417851e+01 4.218432173335837376e+01
4.693715594332417851e+01 4.198966592504910977e+01
4.693715594332417851e+01 4.537377044208363941e+01
4.693715594332417851e+01 4.653352629255068251e+01
4.693715594332417851e+01 4.236659044220111525e+01
4.693715594332417851e+01 4.872845088005755088e+01
4.693715594332417851e+01 4.375650272755613912e+01
4.693715594332417851e+01 4.260239159601533032e+01
4.693715594332417851e+01 4.020072396957566951e+01
4.693715594332417851e+01 4.718242793352007425e+01
4.693715594332417851e+01 4.553550184826166713e+01
4.693715594332417851e+01 4.963205544540510772e+01
4.693715594332417851e+01 4.314639533693706852e+01
4.693715594332417851e+01 4.253722909995637025e+01
4.693715594332417851e+01 3.868049171630283922e+01
4.693715594332417851e+01 4.572287258206149829e+01
4.693715594332417851e+01 5.554677872439903297e+01
4.693715594332417851e+01 4.707173589501999089e+01
4.693715594332417851e+01 4.457853616258366714e+01
4.693715594332417851e+01 3.989904925085529186e+01
4.693715594332417851e+01 4.087594472283564073e+01
4.693715594332417851e+01 4.888159165795170225e+01
4.693715594332417851e+01 4.354202844893956836e+01
4.693715594332417851e+01 4.565997862779353511e+01
4.693715594332417851e+01 4.780138128820854604e+01
4.693715594332417851e+01 4.445988039111053070e+01
4.693715594332417851e+01 4.559666319240382393e+01
4.693715594332417851e+01 4.984356184041136828e+01
4.693715594332417851e+01 4.846499906172293493e+01
4.693715594332417851e+01 5.406656517248261196e+01
4.693715594332417851e+01 4.457354970804555450e+01
4.693715594332417851e+01 5.287412002587561943e+01
4.693715594332417851e+01 4.935591849786026586e+01
4.693715594332417851e+01 4.415226350158740587e+01
4.693715594332417851e+01 4.690146254497483369e+01
4.693715594332417851e+01 4.859641376605890173e+01
4.693715594332417851e+01 4.814256094809395847e+01
4.693715594332417851e+01 4.837977087085327810e+01
4.693715594332417851e+01 5.436546919834605518e+01
4.693715594332417851e+01 4.324821514516908394e+01
4.693715594332417851e+01 4.969859590683885386e+01
4.693715594332417851e+01 4.215757193490559018e+01
4.693715594332417851e+01 4.820871532955937511e+01
4.693715594332417851e+01 4.938519176161021562e+01
4.693715594332417851e+01 4.437612715234543259e+01
4.693715594332417851e+01 4.170484927212724102e+01
4.693715594332417851e+01 4.171614724290775911e+01
4.693715594332417851e+01 4.458246551718247019e+01
4.693715594332417851e+01 4.831198023848622825e+01
4.693715594332417851e+01 4.398622931971232219e+01
4.693715594332417851e+01 5.012187873399464877e+01
4.693715594332417851e+01 5.311123156418646118e+01
4.693715594332417851e+01 4.523450315452471671e+01
4.693715594332417851e+01 4.035820800779112005e+01
4.693715594332417851e+01 4.319105881480158615e+01
4.693715594332417851e+01 4.692080629508070899e+01
4.693715594332417851e+01 4.818898057344432573e+01
4.693715594332417851e+01 4.522686162611620375e+01
4.693715594332417851e+01 4.800466948103063203e+01
4.693715594332417851e+01 4.491395662267569833e+01
4.693715594332417851e+01 4.133393168498771075e+01
4.693715594332417851e+01 4.418477715665893868e+01
4.693715594332417851e+01 5.328045731638324156e+01
4.693715594332417851e+01 4.694598269857891637e+01
4.693715594332417851e+01 4.701875451180846710e+01
4.693715594332417851e+01 4.745944215564548330e+01
4.693715594332417851e+01 4.767903840103048196e+01
4.693715594332417851e+01 4.345579079123381661e+01
4.693715594332417851e+01 4.639593768550563624e+01
4.693715594332417851e+01 4.794788036582745860e+01
4.693715594332417851e+01 4.850077034396979769e+01
4.693715594332417851e+01 4.603193301753818645e+01
4.693715594332417851e+01 5.103616447867843675e+01
4.693715594332417851e+01 4.719921200453492816e+01
4.693715594332417851e+01 4.933985810454535681e+01
4.693715594332417851e+01 4.859948538724686529e+01
4.693715594332417851e+01 4.861036329266717360e+01
4.693715594332417851e+01 5.277959552656978559e+01
4.693715594332417851e+01 4.523540928083450297e+01
4.693715594332417851e+01 4.284395198744361011e+01
4.693715594332417851e+01 5.452509276579321806e+01
4.693715594332417851e+01 4.320600051454120916e+01
4.693715594332417851e+01 4.348292752606952405e+01
4.693715594332417851e+01 4.593888800893770252e+01
4.693715594332417851e+01 4.091636755271601089e+01
4.693715594332417851e+01 4.921054472696594217e+01
4.693715594332417851e+01 4.667767392992370645e+01
4.693715594332417851e+01 4.301899794132859256e+01
4.693715594332417851e+01 4.395058159239785311e+01
4.693715594332417851e+01 4.894157418263494463e+01
4.693715594332417851e+01 3.716467228655238841e+01
4.693715594332417851e+01 4.806506297993776400e+01
4.693715594332417851e+01 4.492681136351274063e+01
4.693715594332417851e+01 4.357493230052278932e+01
4.693715594332417851e+01 4.364758687004329829e+01
4.693715594332417851e+01 4.496288075997013323e+01
4.693715594332417851e+01 4.526602383024309972e+01
4.693715594332417851e+01 4.607284628292890716e+01
4.693715594332417851e+01 4.667529343647089490e+01
4.693715594332417851e+01 4.862219427569618801e+01
4.693715594332417851e+01 5.116067767350875073e+01
4.693715594332417851e+01 4.758044914566740857e+01
4.693715594332417851e+01 4.229794081246614468e+01
4.693715594332417851e+01 4.029310898912629568e+01
4.693715594332417851e+01 4.605975020855651536e+01
4.693715594332417851e+01 4.374820572484552628e+01
4.693715594332417851e+01 4.124577673929776012e+01
4.693715594332417851e+01 3.959958527876680279e+01
4.693715594332417851e+01 4.775316149208964589e+01
4.693715594332417851e+01 4.785496434548636557e+01
4.693715594332417851e+01 4.637759186974226111e+01
4.693715594332417851e+01 4.203789104022848733e+01
4.693715594332417851e+01 4.358184955031943275e+01
4.693715594332417851e+01 5.427343528353099344e+01
4.693715594332417851e+01 4.413783912480876381e+01
4.693715594332417851e+01 4.602842794906401735e+01
4.693715594332417851e+01 4.230378820052835920e+01
4.693715594332417851e+01 4.638882881891791499e+01
4.693715594332417851e+01 4.520364236188471807e+01
4.693715594332417851e+01 4.500936378543994465e+01
4.693715594332417851e+01 4.187529518605897749e+01
4.693715594332417851e+01 4.758093883279835268e+01
4.693715594332417851e+01 4.464106982407449919e+01
4.693715594332417851e+01 4.315019956785656774e+01
4.693715594332417851e+01 4.473014847886639700e+01
4.693715594332417851e+01 4.703683902430228159e+01
4.693715594332417851e+01 4.896363031635905116e+01
4.693715594332417851e+01 4.622535436040649159e+01
4.693715594332417851e+01 4.992376106820356796e+01
4.693715594332417851e+01 4.226035903787681747e+01
4.693715594332417851e+01 4.200242199611237481e+01
4.693715594332417851e+01 4.755317174046692941e+01
4.693715594332417851e+01 4.423995947232520365e+01
4.693715594332417851e+01 4.794912109227659869e+01
4.693715594332417851e+01 4.850838210053919397e+01
4.693715594332417851e+01 4.705424503423980553e+01
4.693715594332417851e+01 4.541307305714246922e+01
4.693715594332417851e+01 4.380792505055607222e+01
4.693715594332417851e+01 4.766758700664689741e+01
4.693715594332417851e+01 4.702618401753645117e+01
4.693715594332417851e+01 4.733420511118586660e+01
4.693715594332417851e+01 5.122276032867357287e+01
4.693715594332417851e+01 4.587488620929872241e+01
4.693715594332417851e+01 4.631256813128082683e+01
4.693715594332417851e+01 4.235806476883915650e+01
4.693715594332417851e+01 4.175969835379081729e+01
4.693715594332417851e+01 4.201945119792238614e+01
4.693715594332417851e+01 4.484466813078600467e+01
4.693715594332417851e+01 4.498536993468430012e+01
4.693715594332417851e+01 4.763054210737175964e+01
4.693715594332417851e+01 4.490285196265436696e+01
4.693715594332417851e+01 4.294990822147125442e+01
4.693715594332417851e+01 5.313557649083546153e+01
4.693715594332417851e+01 5.029794203478896009e+01
4.693715594332417851e+01 4.426272635910864039e+01
4.693715594332417851e+01 4.441605601319007945e+01
4.693715594332417851e+01 4.528917910236804545e+01
4.693715594332417851e+01 4.580746451381613582e+01
4.693715594332417851e+01 4.441541498897235130e+01
4.693715594332417851e+01 4.944127718490172896e+01
4.693715594332417851e+01 4.435138650783277114e+01
4.693715594332417851e+01 4.255293400277668781e+01
4.693715594332417851e+01 4.839452279955960989e+01
4.693715594332417851e+01 4.869920121125572621e+01
4.693715594332417851e+01 4.790925442993244587e+01
4.693715594332417851e+01 4.478262177139147582e+01
4.693715594332417851e+01 4.186344851077979712e+01
4.693715594332417851e+01 4.744269413847219141e+01
4.693715594332417851e+01 4.837986663039362156e+01
4.693715594332417851e+01 4.780898657023205089e+01
4.693715594332417851e+01 4.421630415679583592e+01
4.693715594332417851e+01 4.741053092899112897e+01
4.693715594332417851e+01 4.660174982625389362e+01
4.693715594332417851e+01 4.544162329138161738e+01
4.693715594332417851e+01 4.310143738363512966e+01
4.693715594332417851e+01 4.657205326407223822e+01
4.693715594332417851e+01 4.803557104517046383e+01
4.693715594332417851e+01 5.039345933728364457e+01
4.693715594332417851e+01 4.416609312208822757e+01
4.693715594332417851e+01 4.034512163724684086e+01
4.693715594332417851e+01 4.849502044284770363e+01
4.693715594332417851e+01 4.789367021117678291e+01
4.693715594332417851e+01 4.453780915336582780e+01
4.693715594332417851e+01 5.451624555723854826e+01
4.693715594332417851e+01 4.294882863287732988e+01
4.693715594332417851e+01 4.584493048726874775e+01
4.693715594332417851e+01 4.583385075773016837e+01
4.693715594332417851e+01 4.385060154802599897e+01
4.693715594332417851e+01 4.650998084264526256e+01
4.693715594332417851e+01 3.894937011578429775e+01
4.693715594332417851e+01 4.358640106559564487e+01
4.693715594332417851e+01 4.795255601292309677e+01
4.693715594332417851e+01 4.705949056959664745e+01
4.693715594332417851e+01 4.643021941172364819e+01
4.693715594332417851e+01 4.866829168337797284e+01
4.693715594332417851e+01 4.581746708926211653e+01
4.693715594332417851e+01 4.345460455739330996e+01
4.693715594332417851e+01 5.052323377763062240e+01
4.693715594332417851e+01 4.774558908161228032e+01
4.693715594332417851e+01 4.791585049173406929e+01
4.693715594332417851e+01 4.951837415736697778e+01
4.693715594332417851e+01 5.086220647134299355e+01
4.693715594332417851e+01 4.427835822720440717e+01
4.693715594332417851e+01 4.023745478811997600e+01
4.693715594332417851e+01 5.310453135897343202e+01
4.693715594332417851e+01 4.753841408157381210e+01
4.693715594332417851e+01 4.021159664505767495e+01
4.693715594332417851e+01 4.578691009643468846e+01
4.693715594332417851e+01 4.195776642560257130e+01
4.693715594332417851e+01 4.983317953661020283e+01
4.693715594332417851e+01 4.346329172009204456e+01
4.693715594332417851e+01 4.554189393969668487e+01
4.693715594332417851e+01 5.146728655858859725e+01
4.693715594332417851e+01 4.532037233016136923e+01
4.693715594332417851e+01 4.662587957338951128e+01
4.693715594332417851e+01 3.915090106602088582e+01
4.693715594332417851e+01 4.832391624883441494e+01
4.693715594332417851e+01 5.132254071796238293e+01
4.693715594332417851e+01 4.612356034381030412e+01
4.693715594332417851e+01 4.149939363271955983e+01
4.693715594332417851e+01 5.124513231158866944e+01
4.693715594332417851e+01 4.651355368560749781e+01
4.693715594332417851e+01 4.387520678160391441e+01
4.693715594332417851e+01 4.570673889265152923e+01
4.693715594332417851e+01 4.829521952419401742e+01
4.693715594332417851e+01 4.901704117935890537e+01
4.693715594332417851e+01 4.667592762582043520e+01
4.693715594332417851e+01 4.097555933258770011e+01
4.693715594332417851e+01 4.354479097971951518e+01
4.693715594332417851e+01 4.893279218115998219e+01
4.693715594332417851e+01 5.619487371140825616e+01
4.693715594332417851e+01 4.390720676124764310e+01
4.693715594332417851e+01 4.365908080123606538e+01
4.693715594332417851e+01 4.220310314945655250e+01
4.693715594332417851e+01 4.411608084060245716e+01
4.693715594332417851e+01 4.218348095895288452e+01
4.693715594332417851e+01 4.874747308380430866e+01
4.693715594332417851e+01 3.954240416923906309e+01
4.693715594332417851e+01 4.782868958310023544e+01
4.693715594332417851e+01 4.401913031860682679e+01
4.693715594332417851e+01 4.649432685155125711e+01
4.693715594332417851e+01 4.925294383201371318e+01
4.693715594332417851e+01 4.418824117807743335e+01
4.693715594332417851e+01 4.556929369735391333e+01
4.693715594332417851e+01 4.679901928628662944e+01
4.693715594332417851e+01 4.730761119476552068e+01
4.693715594332417851e+01 4.523408888127799088e+01
4.693715594332417851e+01 3.968511288534332948e+01
4.693715594332417851e+01 4.365516536221164046e+01
4.693715594332417851e+01 4.555121335589932841e+01
4.693715594332417851e+01 5.405228366376919524e+01
4.693715594332417851e+01 4.897743483021984900e+01
4.693715594332417851e+01 4.511549009710515179e+01
4.693715594332417851e+01 5.131341994523711492e+01
4.693715594332417851e+01 4.660648134673543552e+01
4.693715594332417851e+01 4.338680099310486327e+01
4.693715594332417851e+01 4.246814910662475029e+01
4.693715594332417851e+01 4.451598160195387521e+01
4.693715594332417851e+01 4.644458600907015722e+01
4.693715594332417851e+01 4.406166000448095588e+01
4.693715594332417851e+01 4.790512546399087768e+01
4.693715594332417851e+01 4.534842523565531991e+01
4.693715594332417851e+01 4.876169794256068712e+01
4.693715594332417851e+01 4.822501621317303488e+01
4.693715594332417851e+01 4.616099247334545197e+01
4.693715594332417851e+01 4.241831154379470092e+01
4.693715594332417851e+01 4.386411039688890412e+01
4.693715594332417851e+01 4.714830738864094428e+01
4.693715594332417851e+01 4.751797236911816213e+01
4.693715594332417851e+01 5.057473195748453776e+01
4.693715594332417851e+01 4.484597628078844878e+01
4.693715594332417851e+01 4.362600001598143962e+01
4.693715594332417851e+01 5.205062132835921318e+01
4.693715594332417851e+01 4.676940731134473594e+01
4.693715594332417851e+01 4.385671172864554279e+01
4.693715594332417851e+01 4.265723941992474977e+01
4.693715594332417851e+01 4.757835359739733860e+01
4.693715594332417851e+01 4.926730677198711561e+01
4.693715594332417851e+01 4.769078046316688102e+01
4.693715594332417851e+01 5.019839571130336964e+01
4.693715594332417851e+01 4.060824498847473762e+01
4.693715594332417851e+01 4.655254099074343088e+01
4.693715594332417851e+01 4.912613135744805248e+01
4.693715594332417851e+01 4.358818184613605951e+01
4.693715594332417851e+01 4.708499785502525725e+01
4.693715594332417851e+01 5.375673824511563481e+01
4.693715594332417851e+01 4.871051084821930033e+01
4.693715594332417851e+01 4.552176214158266276e+01
4.693715594332417851e+01 4.579225605114148578e+01
4.693715594332417851e+01 4.708428120177886456e+01
4.693715594332417851e+01 4.478903736253300139e+01
4.693715594332417851e+01 5.310314829735714426e+01
4.693715594332417851e+01 4.266720143602747584e+01
4.693715594332417851e+01 4.400006826680796479e+01
4.693715594332417851e+01 3.801246077531340006e+01
4.693715594332417851e+01 4.661624114818773990e+01
4.693715594332417851e+01 4.761200227917586858e+01
4.693715594332417851e+01 4.141296883025358255e+01
4.693715594332417851e+01 4.870708361649843710e+01
4.693715594332417851e+01 4.840154613584207510e+01
4.693715594332417851e+01 4.530352026113869357e+01
4.693715594332417851e+01 4.237339587470178515e+01
4.693715594332417851e+01 4.121425077650315671e+01
4.693715594332417851e+01 4.585818552738042797e+01
4.693715594332417851e+01 4.727361220691134491e+01
4.693715594332417851e+01 4.455620156377921859e+01
4.693715594332417851e+01 4.838139157143015012e+01
4.693715594332417851e+01 4.708301997680656825e+01
4.693715594332417851e+01 4.067656313423793790e+01
4.693715594332417851e+01 4.720871095864566769e+01
4.693715594332417851e+01 4.593657412189810429e+01
4.693715594332417851e+01 4.735251241405814682e+01
4.693715594332417851e+01 4.713936548991358677e+01
4.693715594332417851e+01 4.060385511479862686e+01
4.693715594332417851e+01 4.273139520807826131e+01
4.693715594332417851e+01 4.725006367487063841e+01
4.693715594332417851e+01 5.035537664999414886e+01
4.693715594332417851e+01 4.595621588449215977e+01
4.693715594332417851e+01 4.751536637508772287e+01
4.693715594332417851e+01 5.109331883086019843e+01
4.693715594332417851e+01 5.116106478975976302e+01
4.693715594332417851e+01 4.192286779368161831e+01
4.693715594332417851e+01 4.173328614395995118e+01
4.693715594332417851e+01 4.484573918239543389e+01
4.693715594332417851e+01 4.636895481109760908e+01
4.693715594332417851e+01 4.861717731937957865e+01
4.693715594332417851e+01 4.766761779632708595e+01
4.693715594332417851e+01 4.527973808352810892e+01
4.693715594332417851e+01 4.405184919773136443e+01
4.693715594332417851e+01 4.532126947687373786e+01
4.693715594332417851e+01 4.561695403961238071e+01
4.693715594332417851e+01 4.764900318556427550e+01
4.693715594332417851e+01 4.207530920385606521e+01
4.693715594332417851e+01 4.267826924671894773e+01
4.693715594332417851e+01 5.036347600189202467e+01
4.693715594332417851e+01 5.050972414053293136e+01
4.693715594332417851e+01 4.214907986412821117e+01
4.693715594332417851e+01 4.404567839740992952e+01
4.693715594332417851e+01 5.187037285149148857e+01
4.693715594332417851e+01 4.781623385917630031e+01
4.693715594332417851e+01 4.211910716180768333e+01
4.693715594332417851e+01 4.237313084933028051e+01
4.693715594332417851e+01 4.611681974112245541e+01
4.693715594332417851e+01 4.469256651771507194e+01
4.693715594332417851e+01 4.622154111482240779e+01
4.693715594332417851e+01 4.428008585477188319e+01
4.693715594332417851e+01 5.166407353715268869e+01
4.693715594332417851e+01 4.010158087319331344e+01
4.693715594332417851e+01 4.443447405198088518e+01
4.693715594332417851e+01 4.523204529347223257e+01
4.693715594332417851e+01 4.625858804539453928e+01
4.693715594332417851e+01 4.825386359161321082e+01
