4.693715594332417851e+01 4.659365584096332924e+01
4.693715594332417851e+01 4.786281241420397237e+01
4.693715594332417851e+01 4.675551681903075263e+01
4.693715594332417851e+01 5.148184476501808149e+01
4.693715594332417851e+01 4.360622835263752961e+01
4.693715594332417851e+01 3.866524773228631062e+01
4.693715594332417851e+01 4.580882479159317455e+01
4.693715594332417851e+01 4.638476900925819990e+01
4.693715594332417851e+01 4.853172656523801010e+01
4.693715594332417851e+01 4.471960452244321260e+01
4.693715594332417851e+01 4.770360079771909767e+01
4.693715594332417851e+01 4.408885300428796228e+01
4.693715594332417851e+01 4.339382166038001287e+01
4.693715594332417851e+01 4.974639350026378537e+01
4.693715594332417851e+01 4.690626334989200785e+01
4.693715594332417851e+01 4.075954215141680237e+01
4.693715594332417851e+01 4.563542635925056601e+01
4.693715594332417851e+01 4.117064244975382081e+01
4.693715594332417851e+01 4.748930662402668901e+01
4.693715594332417851e+01 4.770253497629624917e+01
4.693715594332417851e+01 5.339944795006008604e+01
4.693715594332417851e+01 4.349146237737205212e+01
4.693715594332417851e+01 4.484612776986806892e+01
4.693715594332417851e+01 4.755859601204165443e+01
4.693715594332417851e+01 4.240167090398129091e+01
4.693715594332417851e+01 4.424332975168496063e+01
4.693715594332417851e+01 3.933572811345982956e+01
4.693715594332417851e+01 4.790589106466100588e+01
4.693715594332417851e+01 4.249657898215600937e+01
4.693715594332417851e+01 5.018606109042246288e+01
4.693715594332417851e+01 4.685993828571997000e+01
4.693715594332417851e+01 5.276125781291729311e+01
4.693715594332417851e+01 4.419167524442188721e+01
4.693715594332417851e+01 4.471552195476213853e+01
4.693715594332417851e+01 4.569959581281467109e+01
4.693715594332417851e+01 4.469349555451821487e+01
4.693715594332417851e+01 4.200179061993558349e+01
4.693715594332417851e+01 4.923632860923800081e+01
4.693715594332417851e+01 4.137097369898570776e+01
4.693715594332417851e+01 4.023165757527687703e+01
4.693715594332417851e+01 3.992981280071461470e+01
4.693715594332417851e+01 4.494746963498901238e+01
4.693715594332417851e+01 5.064165752698736611e+01
4.693715594332417851e+01 4.468701977310804097e+01
4.693715594332417851e+01 4.518869324545310207e+01
4.693715594332417851e+01 5.029895602728769433e+01
4.693715594332417851e+01 4.838543462897241909e+01
4.693715594332417851e+01 4.432411834608227963e+01
4.693715594332417851e+01 4.455645022222200424e+01
4.693715594332417851e+01 4.640598061833933485e+01
4.693715594332417851e+01 4.616506425248455514e+01
4.693715594332417851e+01 4.420370988140489033e+01
4.693715594332417851e+01 3.921436267633456652e+01
4.693715594332417851e+01 4.308904721098183899e+01
4.693715594332417851e+01 4.396681496000226730e+01
4.693715594332417851e+01 4.549203892444180752e+01
4.693715594332417851e+01 5.298138961026205607e+01
4.693715594332417851e+01 4.621504159986906046e+01
4.693715594332417851e+01 4.979912116023096758e+01
4.693715594332417851e+01 4.299484137346215817e+01
4.693715594332417851e+01 4.052014755780625421e+01
4.693715594332417851e+01 4.425189591868654304e+01
4.693715594332417851e+01 4.603222649249811838e+01
4.693715594332417851e+01 4.052868478677751085e+01
4.693715594332417851e+01 4.491244275093920635e+01
4.693715594332417851e+01 4.561262316456669197e+01
4.693715594332417851e+01 4.749549031393139842e+01
4.693715594332417851e+01 4.468971409730617950e+01
4.693715594332417851e+01 4.065074458057513596e+01
4.693715594332417851e+01 4.362058070634456897e+01
4.693715594332417851e+01 5.052902678659481950e+01
4.693715594332417851e+01 4.679859581076643593e+01
4.693715594332417851e+01 4.615982313014222882e+01
4.693715594332417851e+01 4.724608061065395503e+01
4.693715594332417851e+01 4.966949442739424114e+01
4.693715594332417851e+01 4.298692716818077741e+01
4.693715594332417851e+01 4.342760154897854363e+01
4.693715594332417851e+01 4.766547003296921758e+01
4.693715594332417851e+01 4.488706264835276727e+01
4.693715594332417851e+01 4.521719143046862399e+01
4.693715594332417851e+01 4.644588232644564130e+01
4.693715594332417851e+01 4.551771875911075682e+01
4.693715594332417851e+01 5.125734388136575603e+01
4.693715594332417851e+01 4.812000158220584467e+01
4.693715594332417851e+01 5.212114792163112043e+01
4.693715594332417851e+01 4.143532195315359701e+01
4.693715594332417851e+01 4.549704301167164999e+01
4.693715594332417851e+01 4.622722777056330301e+01
4.693715594332417851e+01 4.467171681454917120e+01
4.693715594332417851e+01 3.958097318429761913e+01
4.693715594332417851e+01 3.777949547755046211e+01
4.693715594332417851e+01 4.614557170340906822e+01
4.693715594332417851e+01 4.695191576752780094e+01
4.693715594332417851e+01 4.536494129514827023e+01
4.693715594332417851e+01 4.869687323531136514e+01
4.693715594332417851e+01 4.368250359956935824e+01
4.693715594332417851e+01 4.989510403422914209e+01
4.693715594332417851e+01 4.440577689150133978e+01
4.693715594332417851e+01 4.574662024665976645e+01
4.693715594332417851e+01 4.863052329410518126e+01
4.693715594332417851e+01 5.081248832691724715e+01
4.693715594332417851e+01 5.414028096351261610e+01
4.693715594332417851e+01 4.604148347519974038e+01
4.693715594332417851e+01 4.930315681202090872e+01
4.693715594332417851e+01 4.241129587576291726e+01
4.693715594332417851e+01 4.498972105600159921e+01
4.693715594332417851e+01 4.877415029789931822e+01
4.693715594332417851e+01 4.404142232596549178e+01
4.693715594332417851e+01 4.629062083515048442e+01
4.693715594332417851e+01 4.893624411512058714e+01
4.693715594332417851e+01 4.466240075627584361e+01
4.693715594332417851e+01 4.412225926423094791e+01
4.693715594332417851e+01 3.943147786490301598e+01
4.693715594332417851e+01 4.698165597369308699e+01
4.693715594332417851e+01 4.460799565793876553e+01
4.693715594332417851e+01 4.306985442075833248e+01
4.693715594332417851e+01 4.662410057986306811e+01
4.693715594332417851e+01 4.756782490059613622e+01
4.693715594332417851e+01 4.667580826084356715e+01
4.693715594332417851e+01 5.290985714725459133e+01
4.693715594332417851e+01 4.463188239700583182e+01
4.693715594332417851e+01 4.375408762829806619e+01
4.693715594332417851e+01 4.512488743131847002e+01
4.693715594332417851e+01 5.054610615645911054e+01
4.693715594332417851e+01 4.959600415357857628e+01
4.693715594332417851e+01 4.356455254119280340e+01
4.693715594332417851e+01 5.088483937053367612e+01
4.693715594332417851e+01 4.514051704101103724e+01
4.693715594332417851e+01 4.979300051110096348e+01
4.693715594332417851e+01 4.771579522307878563e+01
4.693715594332417851e+01 4.356840940342780755e+01
4.693715594332417851e+01 5.139014959363230162e+01
4.693715594332417851e+01 4.881269327822234771e+01
4.693715594332417851e+01 4.585158484051647321e+01
4.693715594332417851e+01 4.873587445478153768e+01
4.693715594332417851e+01 4.877557958675826910e+01
4.693715594332417851e+01 5.193788570793373083e+01
4.693715594332417851e+01 4.180025983545949231e+01
4.693715594332417851e+01 4.795821766179757617e+01
4.693715594332417851e+01 4.823568503202841384e+01
4.693715594332417851e+01 4.216036433512334725e+01
4.693715594332417851e+01 5.030147586319854724e+01
4.693715594332417851e+01 4.628094355310518182e+01
4.693715594332417851e+01 4.623202840239506628e+01
4.693715594332417851e+01 4.373530707216080060e+01
4.693715594332417851e+01 5.064905077118937271e+01
4.693715594332417851e+01 4.718335072650829431e+01
4.693715594332417851e+01 4.782567351486229512e+01
4.693715594332417851e+01 4.747712997333240992e+01
4.693715594332417851e+01 4.392934916983020344e+01
4.693715594332417851e+01 4.887637388744240496e+01
4.693715594332417851e+01 4.306965661217834906e+01
4.693715594332417851e+01 4.643464211637240879e+01
4.693715594332417851e+01 5.151026746452932770e+01
4.693715594332417851e+01 4.600894218939301794e+01
4.693715594332417851e+01 4.733724544625574282e+01
4.693715594332417851e+01 4.610560337152057286e+01
4.693715594332417851e+01 4.752136293720208471e+01
4.693715594332417851e+01 4.798303746935324909e+01
4.693715594332417851e+01 5.157840497403543623e+01
4.693715594332417851e+01 4.487162100539743648e+01
4.693715594332417851e+01 4.531408173689891328e+01
4.693715594332417851e+01 4.672611865599488823e+01
4.693715594332417851e+01 4.645063722451646271e+01
4.693715594332417851e+01 4.915814980526724298e+01
4.693715594332417851e+01 4.982381010751677763e+01
4.693715594332417851e+01 3.875211393921026826e+01
4.693715594332417851e+01 4.422450888567937710e+01
4.693715594332417851e+01 4.545953399583915910e+01
4.693715594332417851e+01 4.847604892230289408e+01
4.693715594332417851e+01 3.778533166038943136e+01
4.693715594332417851e+01 4.186494497555558070e+01
4.693715594332417851e+01 4.633967408881044747e+01
4.693715594332417851e+01 4.461789665202422128e+01
4.693715594332417851e+01 4.727481251852665167e+01
4.693715594332417851e+01 3.886692461905276019e+01
4.693715594332417851e+01 4.397169034534173448e+01
4.693715594332417851e+01 4.417738526102584729e+01
4.693715594332417851e+01 4.729197634511182713e+01
4.693715594332417851e+01 4.441706734331194184e+01
4.693715594332417851e+01 5.042646203077595857e+01
4.693715594332417851e+01 4.718016637260564039e+01
4.693715594332417851e+01 5.137515030721232279e+01
4.693715594332417851e+01 4.885834369083217155e+01
4.693715594332417851e+01 5.177686189302547604e+01
4.693715594332417851e+01 4.180335561390565147e+01
4.693715594332417851e+01 4.988825189590073705e+01
4.693715594332417851e+01 4.274555715825214719e+01
4.693715594332417851e+01 4.279260559328319147e+01
4.693715594332417851e+01 4.532735546514339831e+01
4.693715594332417851e+01 4.455054583200606544e+01
4.693715594332417851e+01 3.881232696930737092e+01
4.693715594332417851e+01 4.663550476912881493e+01
4.693715594332417851e+01 4.037566923205821467e+01
4.693715594332417851e+01 4.372353163289562872e+01
4.693715594332417851e+01 5.026990210448865781e+01
4.693715594332417851e+01 4.435975890139320654e+01
4.693715594332417851e+01 4.053896897384318265e+01
4.693715594332417851e+01 4.401489193268114519e+01
4.693715594332417851e+01 4.602945638007057028e+01
4.693715594332417851e+01 4.979565425096737386e+01
4.693715594332417851e+01 4.986154701392185018e+01
4.693715594332417851e+01 4.269742830229691322e+01
4.693715594332417851e+01 3.952662890931027562e+01
4.693715594332417851e+01 4.086527006651380134e+01
4.693715594332417851e+01 4.179367619517274335e+01
4.693715594332417851e+01 5.018243869862173767e+01
4.693715594332417851e+01 4.523901176775965638e+01
4.693715594332417851e+01 4.399165501692035463e+01
4.693715594332417851e+01 4.490958386923146151e+01
4.693715594332417851e+01 4.273541322946641685e+01
4.693715594332417851e+01 4.620617589788916035e+01
4.693715594332417851e+01 4.794267436357261403e+01
4.693715594332417851e+01 4.330168304229985665e+01
4.693715594332417851e+01 5.275915258480942782e+01
4.693715594332417851e+01 5.026535290499651865e+01
4.693715594332417851e+01 4.342710749433801709e+01
4.693715594332417851e+01 4.497658237163875583e+01
4.693715594332417851e+01 4.342419216206839394e+01
4.693715594332417851e+01 4.957721652079679586e+01
4.693715594332417851e+01 3.818159074122087304e+01
4.693715594332417851e+01 4.276740917251895269e+01
4.693715594332417851e+01 4.968093754118039129e+01
4.693715594332417851e+01 4.633988150193319910e+01
4.693715594332417851e+01 4.166193567364058481e+01
4.693715594332417851e+01 4.551738848687381278e+01
4.693715594332417851e+01 4.829065156817716087e+01
4.693715594332417851e+01 4.285330698248408510e+01
4.693715594332417851e+01 4.814503958020418395e+01
4.693715594332417851e+01 4.769743927387009563e+01
4.693715594332417851e+01 4.307042012016466259e+01
4.693715594332417851e+01 4.443237196399587674e+01
4.693715594332417851e+01 5.433855231342304393e+01
4.693715594332417851e+01 4.351498304588319854e+01
4.693715594332417851e+01 4.183311278661114585e+01
4.693715594332417851e+01 4.276667744189412446e+01
4.693715594332417851e+01 4.729555693600666899e+01
4.693715594332417851e+01 4.434162550212821685e+01
4.693715594332417851e+01 4.671782055907349474e+01
4.693715594332417851e+01 4.811352462095094751e+01
4.693715594332417851e+01 4.685146870335386637e+01
4.693715594332417851e+01 4.367134145597140105e+01
4.693715594332417851e+01 4.920087791230623964e+01
4.693715594332417851e+01 5.303439350485530213e+01
4.693715594332417851e+01 4.314549694753994658e+01
4.693715594332417851e+01 4.690370144229999028e+01
4.693715594332417851e+01 5.004127755889650331e+01
4.693715594332417851e+01 4.869756217853252878e+01
4.693715594332417851e+01 5.413217916707887412e+01
4.693715594332417851e+01 4.328073290133411177e+01
4.693715594332417851e+01 4.582672474070766100e+01
4.693715594332417851e+01 4.632490321229923325e+01
4.693715594332417851e+01 4.875150780566878694e+01
4.693715594332417851e+01 4.386039356799943789e+01
4.693715594332417851e+01 4.344272437179147772e+01
4.693715594332417851e+01 4.468218816311123476e+01
4.693715594332417851e+01 4.154071571944654551e+01
4.693715594332417851e+01 4.962067460591021018e+01
4.693715594332417851e+01 4.896084071592702003e+01
4.693715594332417851e+01 4.905323792599802601e+01
4.693715594332417851e+01 4.636819460850738039e+01
4.693715594332417851e+01 3.934666408602963372e+01
4.693715594332417851e+01 4.379896260507331363e+01
4.693715594332417851e+01 5.045416144453387375e+01
4.693715594332417851e+01 4.683821936321178470e+01
4.693715594332417851e+01 4.598440816022193189e+01
4.693715594332417851e+01 4.581093118044280743e+01
4.693715594332417851e+01 5.123160641525643655e+01
4.693715594332417851e+01 4.182294094250602967e+01
4.693715594332417851e+01 5.160716485482490867e+01
4.693715594332417851e+01 4.287748394814852304e+01
4.693715594332417851e+01 5.023091460188505408e+01
4.693715594332417851e+01 4.846983112489093770e+01
4.693715594332417851e+01 4.535950185928552258e+01
4.693715594332417851e+01 4.970733431735341412e+01
4.693715594332417851e+01 4.542936547160342542e+01
4.693715594332417851e+01 4.637211163350648491e+01
4.693715594332417851e+01 5.208872745232321222e+01
4.693715594332417851e+01 4.792277697657907964e+01
4.693715594332417851e+01 4.516305944247497450e+01
4.693715594332417851e+01 4.788318058680292211e+01
4.693715594332417851e+01 4.446010668361694940e+01
4.693715594332417851e+01 4.339103235689395177e+01
4.693715594332417851e+01 4.245254205791618318e+01
4.693715594332417851e+01 4.407150531768472490e+01
4.693715594332417851e+01 4.686948265387651702e+01
4.693715594332417851e+01 5.310676676083475201e+01
4.693715594332417851e+01 4.009570170898913233e+01
4.693715594332417851e+01 4.488460617300990663e+01
4.693715594332417851e+01 5.315197051587653476e+01
4.693715594332417851e+01 4.011022127023776562e+01
4.693715594332417851e+01 4.492198723490043477e+01
4.693715594332417851e+01 4.338622173822309236e+01
4.693715594332417851e+01 4.828938671303828301e+01
4.693715594332417851e+01 5.550383894996314638e+01
4.693715594332417851e+01 4.867196389270609558e+01
4.693715594332417851e+01 4.761269205721399800e+01
4.693715594332417851e+01 4.668738388526424643e+01
4.693715594332417851e+01 4.599252316111184768e+01
4.693715594332417851e+01 4.119792750274108784e+01
4.693715594332417851e+01 5.119004176547286278e+01
4.693715594332417851e+01 4.588891931996754181e+01
4.693715594332417851e+01 4.472011679082964974e+01
4.693715594332417851e+01 4.706540492537391174e+01
4.693715594332417851e+01 4.751823171986919192e+01
4.693715594332417851e+01 4.693613064619731290e+01
4.693715594332417851e+01 4.527464239712952576e+01
4.693715594332417851e+01 5.127579891763014786e+01
4.693715594332417851e+01 4.461809751834086768e+01
4.693715594332417851e+01 4.835806697287496547e+01
4.693715594332417851e+01 4.357649647029309392e+01
4.693715594332417851e+01 4.580666280660097556e+01
4.693715594332417851e+01 3.952535410328268028e+01
4.693715594332417851e+01 4.610104690496839908e+01
4.693715594332417851e+01 4.643615510918372991e+01
4.693715594332417851e+01 4.498776088160988706e+01
4.693715594332417851e+01 4.671103326096139341e+01
4.693715594332417851e+01 5.100978581262875622e+01
4.693715594332417851e+01 4.622136175120371604e+01
4.693715594332417851e+01 5.238531267895083943e+01
4.693715594332417851e+01 4.633100859887047562e+01
4.693715594332417851e+01 4.997609410660378160e+01
4.693715594332417851e+01 4.977519279311432143e+01
4.693715594332417851e+01 4.495223256377727239e+01
4.693715594332417851e+01 4.946714307352816320e+01
4.693715594332417851e+01 5.009639801826151739e+01
4.693715594332417851e+01 4.092044429686060170e+01
4.693715594332417851e+01 4.534812426287400200e+01
4.693715594332417851e+01 4.648725212449691924e+01
4.693715594332417851e+01 4.490356909880091507e+01
4.693715594332417851e+01 4.574195333802884988e+01
4.693715594332417851e+01 4.802152571238339362e+01
4.693715594332417851e+01 5.004216359039349982e+01
4.693715594332417851e+01 4.265768702060245232e+01
4.693715594332417851e+01 4.613508141726129708e+01
4.693715594332417851e+01 4.708211634657154576e+01
4.693715594332417851e+01 4.661999676674997062e+01
4.693715594332417851e+01 4.513814245941178882e+01
4.693715594332417851e+01 4.814914749051042975e+01
4.693715594332417851e+01 4.308431898801789828e+01
4.693715594332417851e+01 4.615228711574908260e+01
4.693715594332417851e+01 4.810069832578312088e+01
4.693715594332417851e+01 4.450979319277710289e+01
4.693715594332417851e+01 4.499227984909754952e+01
4.693715594332417851e+01 5.200512861942974041e+01
4.693715594332417851e+01 4.815464027710760320e+01
4.693715594332417851e+01 4.337299165117951816e+01
4.693715594332417851e+01 4.256376486932747127e+01
4.693715594332417851e+01 4.626666870225717787e+01
4.693715594332417851e+01 4.157107520439455328e+01
4.693715594332417851e+01 4.669331791543947929e+01
4.693715594332417851e+01 5.013420978429683572e+01
4.693715594332417851e+01 5.667357052208529922e+01
4.693715594332417851e+01 5.096826088242192299e+01
4.693715594332417851e+01 4.192401382227780005e+01
4.693715594332417851e+01 4.981248380099079753e+01
4.693715594332417851e+01 4.529587027628283380e+01
4.693715594332417851e+01 4.569965497120554687e+01
4.693715594332417851e+01 4.736083566808606804e+01
4.693715594332417851e+01 4.701426615163616418e+01
4.693715594332417851e+01 4.750415236428781895e+01
4.693715594332417851e+01 4.550155349172509744e+01
4.693715594332417851e+01 4.591467474177147068e+01
4.693715594332417851e+01 4.716360401107358058e+01
4.693715594332417851e+01 4.657353034527873348e+01
4.693715594332417851e+01 4.852913936622756097e+01
4.693715594332417851e+01 4.634049643263830376e+01
4.693715594332417851e+01 4.535174986743422210e+01
4.693715594332417851e+01 4.230435308031486841e+01
4.693715594332417851e+01 4.774904203123736579e+01
4.693715594332417851e+01 4.342414353205293764e+01
4.693715594332417851e+01 4.413472067966527135e+01
4.693715594332417851e+01 4.534257168920437664e+01
4.693715594332417851e+01 4.747738047944916673e+01
4.693715594332417851e+01 4.292211724838896458e+01
4.693715594332417851e+01 4.318474771276266466e+01
4.693715594332417851e+01 3.838915954508785688e+01
4.693715594332417851e+01 4.269854575768732730e+01
4.693715594332417851e+01 4.818877892884880509e+01
4.693715594332417851e+01 4.114159874100130310e+01
4.693715594332417851e+01 4.787139915223535525e+01
4.693715594332417851e+01 5.244068429230605943e+01
4.693715594332417851e+01 4.666312071450820298e+01
4.693715594332417851e+01 4.442224937537591956e+01
4.693715594332417851e+01 4.793486607818197598e+01
4.693715594332417851e+01 4.452290368037205326e+01
4.693715594332417851e+01 5.004827523934388722e+01
4.693715594332417851e+01 4.704180866932712490e+01
4.693715594332417851e+01 4.327874112313784138e+01
4.693715594332417851e+01 4.286579364484833832e+01
4.693715594332417851e+01 4.442100880795439366e+01
4.693715594332417851e+01 4.598471019446882480e+01
4.693715594332417851e+01 5.362326173378371408e+01
4.693715594332417851e+01 4.630422159300339757e+01
4.693715594332417851e+01 5.052875132909073130e+01
4.693715594332417851e+01 4.882900402010889707e+01
4.693715594332417851e+01 4.511034962403910242e+01
4.693715594332417851e+01 4.511045686953716682e+01
4.693715594332417851e+01 4.997242393899433921e+01
4.693715594332417851e+01 4.826258245778094391e+01
4.693715594332417851e+01 4.239149087270975969e+01
4.693715594332417851e+01 4.421970976193539116e+01
4.693715594332417851e+01 4.529836874353427589e+01
4.693715594332417851e+01 4.655086972538114054e+01
4.693715594332417851e+01 5.080026681219542439e+01
4.693715594332417851e+01 4.194294772593561049e+01
4.693715594332417851e+01 4.508973508698858268e+01
4.693715594332417851e+01 5.063355342011291071e+01
4.693715594332417851e+01 4.848842710505028464e+01
4.693715594332417851e+01 4.730167205680317011e+01
4.693715594332417851e+01 5.059517053064688241e+01
4.693715594332417851e+01 5.309868014472777986e+01
4.693715594332417851e+01 4.089235658917931460e+01
4.693715594332417851e+01 4.503395482286568097e+01
4.693715594332417851e+01 5.075111509803661392e+01
4.693715594332417851e+01 4.815136021071275962e+01
4.693715594332417851e+01 4.889863504225237278e+01
4.693715594332417851e+01 5.056736904304133873e+01
4.693715594332417851e+01 4.745705234370340264e+01
4.693715594332417851e+01 4.721746827948901881e+01
4.693715594332417851e+01 4.230901175460058994e+01
4.693715594332417851e+01 4.669631274586835445e+01
4.693715594332417851e+01 4.408296865807168530e+01
4.693715594332417851e+01 4.770789171812965179e+01
4.693715594332417851e+01 4.581165553789399780e+01
4.693715594332417851e+01 4.688736222991919078e+01
4.693715594332417851e+01 4.649595963009037547e+01
4.693715594332417851e+01 5.285610904794759790e+01
4.693715594332417851e+01 5.180604972817377529e+01
4.693715594332417851e+01 4.768494049015993852e+01
4.693715594332417851e+01 5.562931145384953879e+01
4.693715594332417851e+01 4.806226783948829251e+01
4.693715594332417851e+01 4.981166916981008796e+01
4.693715594332417851e+01 4.473266661983432613e+01
4.693715594332417851e+01 4.367714483957563942e+01
4.693715594332417851e+01 4.164898317745250012e+01
4.693715594332417851e+01 4.522167024470719099e+01
4.693715594332417851e+01 4.342590369498330460e+01
4.693715594332417851e+01 4.381761435032707652e+01
4.693715594332417851e+01 4.702795557682879490e+01
4.693715594332417851e+01 4.760660479473332174e+01
4.693715594332417851e+01 4.105906427719611429e+01
4.693715594332417851e+01 4.574697579097998101e+01
4.693715594332417851e+01 4.170968766206572553e+01
4.693715594332417851e+01 4.422551824464222392e+01
4.693715594332417851e+01 4.817345028377144445e+01
4.693715594332417851e+01 4.783992928674070555e+01
4.693715594332417851e+01 4.173388256338760272e+01
4.693715594332417851e+01 4.285537791536685148e+01
4.693715594332417851e+01 4.398856133462412288e+01
4.693715594332417851e+01 5.105381528582061890e+01
4.693715594332417851e+01 4.536894099722902496e+01
4.693715594332417851e+01 4.611099821657256825e+01
4.693715594332417851e+01 4.593627522664808538e+01
4.693715594332417851e+01 4.654386055686417478e+01
4.693715594332417851e+01 4.814798156796896933e+01
4.693715594332417851e+01 4.133989089916080673e+01
4.693715594332417851e+01 4.672575059910591477e+01
4.693715594332417851e+01 4.580241655480068630e+01
4.693715594332417851e+01 4.768066570904824175e+01
4.693715594332417851e+01 4.268299907694000694e+01
4.693715594332417851e+01 4.757236352887571940e+01
4.693715594332417851e+01 4.833619274039060087e+01
4.693715594332417851e+01 4.366899499715543698e+01
4.693715594332417851e+01 5.268394412090665924e+01
4.693715594332417851e+01 4.527215899226034423e+01
4.693715594332417851e+01 4.466028429249277565e+01
4.693715594332417851e+01 4.258926523247352236e+01
4.693715594332417851e+01 4.584199038931684100e+01
4.693715594332417851e+01 4.567952099234520347e+01
4.693715594332417851e+01 4.283079146241954049e+01
4.693715594332417851e+01 4.795085471529108645e+01
4.693715594332417851e+01 4.488229563795006527e+01
4.693715594332417851e+01 4.933731856082380318e+01
4.693715594332417851e+01 4.462397417983336112e+01
4.693715594332417851e+01 4.990541064830357953e+01
4.693715594332417851e+01 4.727956219843226648e+01
4.693715594332417851e+01 4.542958233139364665e+01
4.693715594332417851e+01 4.152296583875174463e+01
4.693715594332417851e+01 5.214832583986437697e+01
4.693715594332417851e+01 3.891251881303579552e+01
4.693715594332417851e+01 4.928943123098427748e+01
4.693715594332417851e+01 4.849396150728293975e+01
4.693715594332417851e+01 4.525715850934993512e+01
4.693715594332417851e+01 4.436157845152172996e+01
4.693715594332417851e+01 4.967401826363934703e+01
4.693715594332417851e+01 5.169130181708234772e+01
4.693715594332417851e+01 4.670112957448908730e+01
4.693715594332417851e+01 5.141517363774140392e+01
4.693715594332417851e+01 4.854497559434515352e+01
4.693715594332417851e+01 4.282841427113417154e+01
4.693715594332417851e+01 4.205435261705058281e+01
4.693715594332417851e+01 4.529592960756400544e+01
4.693715594332417851e+01 4.418256646490869599e+01
4.693715594332417851e+01 4.432562919085929565e+01
4.693715594332417851e+01 5.296125777811456459e+01
4.693715594332417851e+01 4.922940454769472751e+01
4.693715594332417851e+01 4.498856612360947338e+01
4.693715594332417851e+01 4.516318639254219391e+01
4.693715594332417851e+01 4.402776376380857926e+01
4.693715594332417851e+01 4.774004316944272830e+01
4.693715594332417851e+01 4.556703476282450538e+01
4.693715594332417851e+01 4.976739921580546167e+01
4.693715594332417851e+01 4.740555136279467519e+01
4.693715594332417851e+01 4.840577041634008992e+01
4.693715594332417851e+01 5.043905110337861686e+01
4.693715594332417851e+01 4.736485899638471153e+01
4.693715594332417851e+01 4.971785580707400953e+01
4.693715594332417851e+01 4.521762817004261592e+01
4.693715594332417851e+01 4.270780598098527037e+01
4.693715594332417851e+01 4.023111258162274595e+01
4.693715594332417851e+01 5.232659222667451360e+01
4.693715594332417851e+01 4.994925892543791690e+01
4.693715594332417851e+01 4.789829995118704886e+01
4.693715594332417851e+01 4.559335675224886586e+01
4.693715594332417851e+01 4.686275019442217626e+01
4.693715594332417851e+01 4.352320093189396744e+01
4.693715594332417851e+01 4.547778468636185778e+01
4.693715594332417851e+01 4.171940570732736120e+01
4.693715594332417851e+01 4.888209429554654406e+01
4.693715594332417851e+01 4.907788457981671826e+01
4.693715594332417851e+01 4.498396635441891078e+01
4.693715594332417851e+01 4.881785433691453591e+01
4.693715594332417851e+01 4.620925640869884887e+01
4.693715594332417851e+01 4.371602932572631062e+01
4.693715594332417851e+01 4.628452020412322554e+01
4.693715594332417851e+01 4.450062702367191747e+01
4.693715594332417851e+01 4.142976349119690127e+01
4.693715594332417851e+01 4.406442217997943089e+01
4.693715594332417851e+01 4.604549972240620548e+01
4.693715594332417851e+01 4.761994042818601969e+01
4.693715594332417851e+01 4.515536974762535749e+01
4.693715594332417851e+01 4.891334634087077404e+01
4.693715594332417851e+01 4.311049272898843299e+01
4.693715594332417851e+01 4.530595225066696941e+01
4.693715594332417851e+01 4.974132874830437601e+01
4.693715594332417851e+01 4.798431981756246500e+01
4.693715594332417851e+01 4.249874040252147722e+01
4.693715594332417851e+01 4.610118758062212407e+01
4.693715594332417851e+01 4.606322365790720852e+01
4.693715594332417851e+01 4.779716887169090711e+01
4.693715594332417851e+01 4.711718180749835483e+01
4.693715594332417851e+01 4.932574031715220997e+01
4.693715594332417851e+01 5.137811727189176736e+01
4.693715594332417851e+01 3.883904897690347724e+01
4.693715594332417851e+01 4.243494140163262074e+01
4.693715594332417851e+01 4.972027678943001661e+01
4.693715594332417851e+01 5.012414975788738047e+01
4.693715594332417851e+01 4.706200533036570732e+01
4.693715594332417851e+01 3.892918246523169046e+01
4.693715594332417851e+01 4.521233860863779341e+01
4.693715594332417851e+01 4.903090022147074478e+01
4.693715594332417851e+01 4.826832277042257857e+01
4.693715594332417851e+01 4.396667107728583801e+01
4.693715594332417851e+01 4.871089396972235619e+01
4.693715594332417851e+01 4.461430425112378373e+01
4.693715594332417851e+01 4.449359112167451968e+01
4.693715594332417851e+01 4.577069642599630583e+01
4.693715594332417851e+01 4.723044467199333241e+01
4.693715594332417851e+01 4.288079440657372743e+01
4.693715594332417851e+01 4.709696901059263041e+01
4.693715594332417851e+01 3.897010806592108878e+01
4.693715594332417851e+01 5.013616210372317283e+01
4.693715594332417851e+01 4.144393738344974309e+01
4.693715594332417851e+01 4.198156407461113560e+01
4.693715594332417851e+01 5.149552386547861715e+01
4.693715594332417851e+01 4.141078026814486179e+01
4.693715594332417851e+01 4.942172414379560763e+01
4.693715594332417851e+01 5.218721925841615672e+01
4.693715594332417851e+01 4.307319490488389135e+01
4.693715594332417851e+01 4.687506346963832016e+01
4.693715594332417851e+01 5.253412568480437983e+01
4.693715594332417851e+01 4.987993292940633694e+01
4.693715594332417851e+01 4.932718304082050764e+01
4.693715594332417851e+01 4.873623105863214988e+01
4.693715594332417851e+01 4.593590970261958972e+01
4.693715594332417851e+01 5.181843169765345181e+01
4.693715594332417851e+01 4.788871272400518819e+01
4.693715594332417851e+01 4.253309014934623633e+01
4.693715594332417851e+01 4.602422331291118240e+01
4.693715594332417851e+01 5.419257318075676721e+01
4.693715594332417851e+01 3.781150345680857328e+01
4.693715594332417851e+01 4.164090605769697362e+01
4.693715594332417851e+01 5.014378143483963157e+01
4.693715594332417851e+01 4.462251344882989201e+01
4.693715594332417851e+01 4.870465670215781984e+01
4.693715594332417851e+01 4.807082108332256354e+01
4.693715594332417851e+01 5.484364908781224557e+01
4.693715594332417851e+01 4.462464811524783670e+01
4.693715594332417851e+01 4.387701963269381622e+01
4.693715594332417851e+01 4.245755742206863914e+01
4.693715594332417851e+01 5.176288337997181799e+01
4.693715594332417851e+01 4.440723132755064029e+01
4.693715594332417851e+01 4.619346673068230302e+01
4.693715594332417851e+01 4.838413247939262618e+01
4.693715594332417851e+01 4.116808600129468232e+01
4.693715594332417851e+01 4.684845803805725950e+01
4.693715594332417851e+01 4.989312182273768315e+01
4.693715594332417851e+01 4.724128525445219395e+01
4.693715594332417851e+01 4.864847557901679664e+01
4.693715594332417851e+01 5.043501404469665772e+01
4.693715594332417851e+01 5.166193408531623987e+01
4.693715594332417851e+01 4.426741520848943168e+01
4.693715594332417851e+01 4.317688257241417915e+01
4.693715594332417851e+01 4.553204175101584639e+01
4.693715594332417851e+01 4.116370341917936315e+01
4.693715594332417851e+01 5.397383473768844908e+01
4.693715594332417851e+01 4.799150617146807463e+01
4.693715594332417851e+01 4.635131083312372624e+01
4.693715594332417851e+01 4.441449094653053464e+01
4.693715594332417851e+01 4.259233924887717393e+01
4.693715594332417851e+01 4.863205747355589637e+01
4.693715594332417851e+01 4.427686667928628594e+01
4.693715594332417851e+01 5.031443785551624615e+01
4.693715594332417851e+01 4.810079025458782098e+01
4.693715594332417851e+01 4.509092317888699597e+01
4.693715594332417851e+01 4.580226746885426792e+01
4.693715594332417851e+01 4.346465450671263397e+01
4.693715594332417851e+01 5.380261967432917203e+01
4.693715594332417851e+01 4.852859801704362752e+01
4.693715594332417851e+01 4.596162843491184447e+01
4.693715594332417851e+01 4.763059055421427246e+01
4.693715594332417851e+01 4.322358305613589380e+01
4.693715594332417851e+01 4.612329565874840398e+01
4.693715594332417851e+01 4.645181980136258915e+01
4.693715594332417851e+01 4.682879700370517639e+01
4.693715594332417851e+01 4.572167469923051897e+01
4.693715594332417851e+01 4.544645392210344426e+01
4.693715594332417851e+01 4.436108841556350058e+01
4.693715594332417851e+01 4.932557127655218210e+01
4.693715594332417851e+01 4.290818983079261528e+01
4.693715594332417851e+01 4.943445952229153306e+01
4.693715594332417851e+01 4.551193361357374556e+01
4.693715594332417851e+01 5.012067704497724918e+01
4.693715594332417851e+01 4.517756590352673385e+01
4.693715594332417851e+01 4.917800964182958268e+01
4.693715594332417851e+01 4.600522345199883745e+01
4.693715594332417851e+01 4.510220041246260791e+01
4.693715594332417851e+01 4.582672685624544329e+01
4.693715594332417851e+01 4.829221000037374267e+01
4.693715594332417851e+01 4.594198779540042210e+01
4.693715594332417851e+01 4.415368071024299468e+01
4.693715594332417851e+01 4.995113713369523367e+01
4.693715594332417851e+01 4.668194053467345839e+01
4.693715594332417851e+01 4.369553717703136897e+01
4.693715594332417851e+01 4.567604096454839890e+01
4.693715594332417851e+01 4.622037212389174954e+01
4.693715594332417851e+01 4.630989039251892336e+01
4.693715594332417851e+01 5.165561012346747560e+01
4.693715594332417851e+01 4.509451956641302672e+01
4.693715594332417851e+01 5.098993094133163595e+01
4.693715594332417851e+01 4.663856724775724416e+01
4.693715594332417851e+01 5.438154592730091252e+01
4.693715594332417851e+01 4.760891344498320166e+01
4.693715594332417851e+01 4.585255097467643992e+01
4.693715594332417851e+01 4.894347352187536160e+01
4.693715594332417851e+01 4.348429293598553613e+01
4.693715594332417851e+01 4.630103512327210069e+01
4.693715594332417851e+01 4.635291214718737507e+01
4.693715594332417851e+01 4.677504702409220272e+01
4.693715594332417851e+01 4.789499459161807238e+01
4.693715594332417851e+01 4.339266330756184686e+01
4.693715594332417851e+01 4.262089626496412365e+01
4.693715594332417851e+01 4.796138905048726997e+01
4.693715594332417851e+01 4.339278626652364323e+01
4.693715594332417851e+01 4.570943873558989878e+01
4.693715594332417851e+01 4.423973026500386396e+01
4.693715594332417851e+01 4.740104149622458607e+01
4.693715594332417851e+01 5.290272417934253468e+01
4.693715594332417851e+01 4.679774608116188972e+01
4.693715594332417851e+01 4.637585113173707896e+01
4.693715594332417851e+01 4.736504107431993305e+01
4.693715594332417851e+01 4.971939910806453611e+01
4.693715594332417851e+01 5.173292046681532241e+01
4.693715594332417851e+01 4.528948685586855305e+01
4.693715594332417851e+01 4.700882770042549197e+01
4.693715594332417851e+01 4.242993503310386672e+01
4.693715594332417851e+01 4.264633208573709311e+01
4.693715594332417851e+01 4.410184252382261860e+01
4.693715594332417851e+01 4.628355214260957951e+01
4.693715594332417851e+01 4.780575513507541530e+01
4.693715594332417851e+01 4.547018569798241572e+01
4.693715594332417851e+01 5.101656806238182185e+01
4.693715594332417851e+01 4.431488886769665214e+01
4.693715594332417851e+01 5.066568850322533990e+01
4.693715594332417851e+01 4.927879481795451966e+01
4.693715594332417851e+01 4.396201444549794957e+01
4.693715594332417851e+01 4.308603113828682751e+01
4.693715594332417851e+01 4.908201732302705267e+01
4.693715594332417851e+01 4.506943845692802597e+01
4.693715594332417851e+01 4.205806160335563249e+01
4.693715594332417851e+01 4.944681070575520465e+01
4.693715594332417851e+01 5.088342786745587887e+01
4.693715594332417851e+01 4.692697355768039102e+01
4.693715594332417851e+01 4.420928446162864844e+01
4.693715594332417851e+01 4.405408977811816129e+01
4.693715594332417851e+01 4.734325854422156254e+01
4.693715594332417851e+01 4.298922924513637867e+01
4.693715594332417851e+01 4.429260441159561879e+01
4.693715594332417851e+01 5.060053032345067692e+01
4.693715594332417851e+01 4.522782499494576314e+01
4.693715594332417851e+01 4.684719724791224138e+01
4.693715594332417851e+01 4.109171016813376554e+01
4.693715594332417851e+01 4.317651068343347731e+01
4.693715594332417851e+01 5.012736711621410279e+01
4.693715594332417851e+01 4.693804098824704596e+01
4.693715594332417851e+01 4.728593659654816150e+01
4.693715594332417851e+01 4.340743846854980603e+01
4.693715594332417851e+01 4.725226591821697042e+01
4.693715594332417851e+01 4.807101305530012070e+01
4.693715594332417851e+01 4.395899911927466519e+01
4.693715594332417851e+01 4.697510629152343142e+01
4.693715594332417851e+01 4.744986059089269048e+01
4.693715594332417851e+01 4.472946644599630162e+01
4.693715594332417851e+01 4.836753638709527081e+01
4.693715594332417851e+01 5.110709099735113625e+01
4.693715594332417851e+01 4.438778095387399247e+01
4.693715594332417851e+01 5.065980136801649536e+01
4.693715594332417851e+01 4.656348820532715393e+01
4.693715594332417851e+01 4.406259056053036005e+01
4.693715594332417851e+01 4.568724170979783139e+01
4.693715594332417851e+01 4.710835363415220911e+01
4.693715594332417851e+01 4.758615825643887121e+01
4.693715594332417851e+01 4.343123155771997546e+01
4.693715594332417851e+01 5.321379027813910767e+01
4.693715594332417851e+01 4.891624291292106363e+01
4.693715594332417851e+01 4.719666652585187450e+01
4.693715594332417851e+01 4.903301942759180321e+01
4.693715594332417851e+01 4.315431177071474167e+01
4.693715594332417851e+01 4.526973617801191807e+01
4.693715594332417851e+01 4.548589670154385090e+01
4.693715594332417851e+01 4.953247197040224137e+01
4.693715594332417851e+01 4.369454041135403344e+01
4.693715594332417851e+01 4.273939063396047544e+01
4.693715594332417851e+01 4.529077524626396922e+01
4.693715594332417851e+01 4.774659776626335628e+01
4.693715594332417851e+01 4.760281897160380993e+01
4.693715594332417851e+01 4.852432362108050512e+01
4.693715594332417851e+01 4.310950132388058620e+01
4.693715594332417851e+01 4.837087499717716810e+01
4.693715594332417851e+01 4.401818236890295566e+01
4.693715594332417851e+01 4.652528084965471322e+01
4.693715594332417851e+01 4.404479474734827704e+01
4.693715594332417851e+01 4.375439452815815855e+01
4.693715594332417851e+01 4.680603164644515601e+01
4.693715594332417851e+01 4.662487881430932646e+01
4.693715594332417851e+01 4.316018469980793526e+01
4.693715594332417851e+01 5.263855836735663729e+01
4.693715594332417851e+01 5.036387249820246836e+01
4.693715594332417851e+01 4.489600937059425689e+01
4.693715594332417851e+01 4.282944551543183564e+01
4.693715594332417851e+01 4.626915510766421136e+01
4.693715594332417851e+01 4.927863125144170908e+01
4.693715594332417851e+01 4.554864278792596366e+01
4.693715594332417851e+01 4.320525673204326722e+01
4.693715594332417851e+01 4.650241789407294135e+01
4.693715594332417851e+01 4.771203408834820436e+01
4.693715594332417851e+01 4.548678673243237114e+01
4.693715594332417851e+01 5.292839396473935665e+01
4.693715594332417851e+01 5.059606394460868728e+01
4.693715594332417851e+01 4.708796360267946568e+01
4.693715594332417851e+01 4.872820731066571653e+01
4.693715594332417851e+01 4.213722084993683836e+01
4.693715594332417851e+01 4.660730644209380102e+01
4.693715594332417851e+01 4.197658212796472554e+01
4.693715594332417851e+01 4.830577103129862593e+01
4.693715594332417851e+01 4.753348584192740844e+01
4.693715594332417851e+01 4.946313296522233571e+01
4.693715594332417851e+01 4.579317248898988879e+01
4.693715594332417851e+01 4.214581863068209344e+01
4.693715594332417851e+01 4.994541597482162842e+01
4.693715594332417851e+01 5.003234302174379877e+01
4.693715594332417851e+01 4.911629771051338622e+01
4.693715594332417851e+01 4.747496013889256261e+01
4.693715594332417851e+01 4.136597955304427643e+01
4.693715594332417851e+01 4.487499202034312162e+01
4.693715594332417851e+01 5.210511042479677002e+01
4.693715594332417851e+01 4.643866952513241131e+01
4.693715594332417851e+01 4.280217106700292362e+01
4.693715594332417851e+01 4.702359205708739154e+01
4.693715594332417851e+01 4.808469041088402207e+01
4.693715594332417851e+01 4.629447998182671853e+01
4.693715594332417851e+01 4.571645271791356180e+01
4.693715594332417851e+01 5.122714792549143681e+01
4.693715594332417851e+01 4.462233101793901824e+01
4.693715594332417851e+01 4.219566260344404185e+01
4.693715594332417851e+01 4.693988077148726035e+01
4.693715594332417851e+01 4.153323069343716156e+01
4.693715594332417851e+01 5.162183609273124318e+01
4.693715594332417851e+01 4.615248956844551032e+01
4.693715594332417851e+01 4.400031283624056755e+01
4.693715594332417851e+01 4.458485434984307716e+01
4.693715594332417851e+01 4.297809523818077793e+01
4.693715594332417851e+01 4.847586084673244500e+01
4.693715594332417851e+01 4.930476836191213863e+01
4.693715594332417851e+01 5.193006223271208199e+01
4.693715594332417851e+01 4.423775661665200687e+01
4.693715594332417851e+01 4.455504641553957157e+01
4.693715594332417851e+01 4.404928146985613324e+01
4.693715594332417851e+01 4.047335474020768231e+01
4.693715594332417851e+01 4.787998522510602584e+01
4.693715594332417851e+01 4.628166437459592686e+01
4.693715594332417851e+01 5.058892872898691451e+01
4.693715594332417851e+01 4.715577083095722344e+01
4.693715594332417851e+01 5.033795094300471362e+01
4.693715594332417851e+01 4.574872032133094990e+01
4.693715594332417851e+01 4.833689721769635383e+01
4.693715594332417851e+01 5.095382926849794814e+01
4.693715594332417851e+01 4.217341905326777862e+01
4.693715594332417851e+01 3.688906580554601078e+01
4.693715594332417851e+01 4.442326160702996418e+01
4.693715594332417851e+01 4.530016978479409318e+01
4.693715594332417851e+01 4.881041998654240643e+01
4.693715594332417851e+01 4.368110937882516964e+01
4.693715594332417851e+01 4.308319141672532027e+01
4.693715594332417851e+01 4.830097460191237246e+01
4.693715594332417851e+01 4.388121289357930976e+01
4.693715594332417851e+01 4.885499430697653622e+01
4.693715594332417851e+01 4.272059403539678613e+01
4.693715594332417851e+01 4.634957716778327352e+01
4.693715594332417851e+01 5.097088138431982429e+01
4.693715594332417851e+01 4.453097662282858948e+01
4.693715594332417851e+01 4.685237655375369314e+01
4.693715594332417851e+01 4.498979169150113933e+01
4.693715594332417851e+01 5.145310162224404849e+01
4.693715594332417851e+01 4.458045058032956831e+01
4.693715594332417851e+01 4.996853816153505790e+01
4.693715594332417851e+01 4.721940238994035610e+01
4.693715594332417851e+01 5.145774561253966795e+01
4.693715594332417851e+01 4.390586485160491748e+01
4.693715594332417851e+01 4.824046374467201304e+01
4.693715594332417851e+01 4.774678442622733598e+01
4.693715594332417851e+01 4.482754426773779244e+01
4.693715594332417851e+01 4.371626625885161133e+01
4.693715594332417851e+01 4.544334249707693374e+01
4.693715594332417851e+01 4.595999045210882628e+01
4.693715594332417851e+01 4.432108210999190590e+01
4.693715594332417851e+01 5.068241380406520591e+01
4.693715594332417851e+01 4.658857098436471489e+01
4.693715594332417851e+01 4.577745506620723859e+01
4.693715594332417851e+01 4.482934389123334995e+01
4.693715594332417851e+01 4.023503808235469847e+01
4.693715594332417851e+01 4.504396377472164659e+01
4.693715594332417851e+01 5.593031043631123111e+01
4.693715594332417851e+01 5.171795593990105999e+01
4.693715594332417851e+01 5.098492858754530488e+01
4.693715594332417851e+01 4.749044346500789970e+01
4.693715594332417851e+01 4.922693316168141564e+01
4.693715594332417851e+01 5.356713261569051099e+01
4.693715594332417851e+01 4.164157649375925985e+01
4.693715594332417851e+01 5.100101043611461904e+01
4.693715594332417851e+01 4.650041824898328002e+01
4.693715594332417851e+01 4.348614816151459195e+01
4.693715594332417851e+01 4.489623467759574993e+01
4.693715594332417851e+01 4.161420287752653735e+01
4.693715594332417851e+01 5.301068278349857366e+01
4.693715594332417851e+01 4.511478373088244354e+01
4.693715594332417851e+01 4.847524126638269593e+01
4.693715594332417851e+01 4.828555229959346917e+01
4.693715594332417851e+01 4.712192076412915753e+01
4.693715594332417851e+01 5.097045948598810128e+01
4.693715594332417851e+01 5.128873689780863288e+01
4.693715594332417851e+01 4.719246524993444325e+01
4.693715594332417851e+01 5.034336871004897063e+01
4.693715594332417851e+01 4.571571637341268257e+01
4.693715594332417851e+01 4.637224136714824851e+01
4.693715594332417851e+01 4.083378226589699977e+01
4.693715594332417851e+01 4.357034952570636932e+01
4.693715594332417851e+01 4.004995324450084127e+01
4.693715594332417851e+01 4.351093834085803991e+01
4.693715594332417851e+01 4.219185473644148487e+01
4.693715594332417851e+01 4.573516067709314825e+01
4.693715594332417851e+01 4.836853833172347805e+01
4.693715594332417851e+01 4.650901339977134086e+01
4.693715594332417851e+01 4.683351446172103039e+01
4.693715594332417851e+01 5.285929557692056591e+01
4.693715594332417851e+01 4.582183015517379232e+01
4.693715594332417851e+01 4.861032016177988879e+01
4.693715594332417851e+01 4.327924282519452248e+01
4.693715594332417851e+01 4.350632603122344477e+01
4.693715594332417851e+01 4.538944665365303166e+01
4.693715594332417851e+01 4.979104301728762749e+01
4.693715594332417851e+01 4.838861136590688972e+01
4.693715594332417851e+01 4.326795838485372769e+01
4.693715594332417851e+01 4.155232892351465068e+01
4.693715594332417851e+01 4.438321645889527645e+01
4.693715594332417851e+01 4.924699251265047906e+01
4.693715594332417851e+01 4.331734418400507280e+01
4.693715594332417851e+01 4.299180710080537438e+01
4.693715594332417851e+01 4.465164950597655746e+01
4.693715594332417851e+01 4.748322433636288764e+01
4.693715594332417851e+01 5.144548670198436469e+01
4.693715594332417851e+01 5.264507277679899033e+01
4.693715594332417851e+01 4.915841596677561398e+01
4.693715594332417851e+01 4.538027986400501135e+01
4.693715594332417851e+01 4.556836550814026765e+01
4.693715594332417851e+01 4.438134339994599031e+01
4.693715594332417851e+01 4.477760903943868698e+01
4.693715594332417851e+01 4.659314181326710269e+01
4.693715594332417851e+01 4.891048074427008885e+01
4.693715594332417851e+01 4.823951693132750052e+01
4.693715594332417851e+01 4.476073524076097954e+01
4.693715594332417851e+01 4.929571344876959671e+01
4.693715594332417851e+01 4.720138909043392772e+01
4.693715594332417851e+01 4.622893508432319010e+01
4.693715594332417851e+01 4.616866415424492232e+01
4.693715594332417851e+01 4.438519720420125481e+01
4.693715594332417851e+01 4.651473952515408428e+01
4.693715594332417851e+01 4.574785529570181097e+01
4.693715594332417851e+01 4.661448602563431365e+01
4.693715594332417851e+01 4.186642542015363944e+01
4.693715594332417851e+01 4.987948841217410489e+01
4.693715594332417851e+01 5.570299791830333191e+01
4.693715594332417851e+01 4.827364459422077658e+01
4.693715594332417851e+01 4.334989434053449031e+01
4.693715594332417851e+01 4.243889967132052021e+01
4.693715594332417851e+01 4.874878747286538072e+01
4.693715594332417851e+01 4.341512167808751599e+01
4.693715594332417851e+01 4.038662451905438644e+01
4.693715594332417851e+01 4.387641918653751816e+01
4.693715594332417851e+01 4.895006906588250217e+01
4.693715594332417851e+01 4.446145622337613901e+01
4.693715594332417851e+01 5.268737685282875560e+01
4.693715594332417851e+01 4.272523522670996243e+01
4.693715594332417851e+01 4.356059802008486770e+01
4.693715594332417851e+01 5.847039397946651462e+01
4.693715594332417851e+01 4.321714069531250146e+01
4.693715594332417851e+01 4.728842110948274069e+01
4.693715594332417851e+01 4.884363575775076072e+01
4.693715594332417851e+01 4.621281003691092337e+01
4.693715594332417851e+01 5.005321740918866169e+01
4.693715594332417851e+01 4.472555691844041803e+01
4.693715594332417851e+01 4.454772480125841128e+01
4.693715594332417851e+01 4.637960489144579412e+01
4.693715594332417851e+01 4.576693609222233761e+01
4.693715594332417851e+01 4.625737591097083623e+01
4.693715594332417851e+01 4.620516017023515332e+01
4.693715594332417851e+01 4.642536730813265677e+01
4.693715594332417851e+01 4.277100460400898641e+01
4.693715594332417851e+01 4.408588934367757162e+01
4.693715594332417851e+01 4.459811924641184078e+01
4.693715594332417851e+01 4.271219778883439488e+01
4.693715594332417851e+01 4.843929173275159172e+01
4.693715594332417851e+01 4.409933197664021520e+01
4.693715594332417851e+01 5.122763332616604259e+01
4.693715594332417851e+01 4.637527896037304487e+01
4.693715594332417851e+01 4.595729824772936922e+01
4.693715594332417851e+01 5.514999732311343195e+01
4.693715594332417851e+01 4.509855914450972136e+01
4.693715594332417851e+01 4.773574428775653899e+01
4.693715594332417851e+01 4.168427546507577119e+01
4.693715594332417851e+01 4.490582624014175650e+01
4.693715594332417851e+01 5.262764220971453710e+01
4.693715594332417851e+01 5.041548637380179798e+01
4.693715594332417851e+01 4.212514777575228209e+01
4.693715594332417851e+01 4.692112016903201521e+01
4.693715594332417851e+01 4.723775835118317445e+01
4.693715594332417851e+01 4.737053806493133834e+01
4.693715594332417851e+01 4.526840136673101256e+01
4.693715594332417851e+01 4.748160993726614976e+01
4.693715594332417851e+01 4.986151991571419018e+01
4.693715594332417851e+01 4.575311694699605169e+01
4.693715594332417851e+01 3.803885376143740160e+01
4.693715594332417851e+01 4.211145196653190226e+01
4.693715594332417851e+01 5.146875753420096800e+01
4.693715594332417851e+01 4.575999764454693519e+01
4.693715594332417851e+01 4.252522658682264023e+01
4.693715594332417851e+01 4.466153390633441234e+01
4.693715594332417851e+01 4.736490816787503633e+01
4.693715594332417851e+01 4.541679669823545140e+01
4.693715594332417851e+01 4.441141807676910247e+01
4.693715594332417851e+01 4.797153561782490527e+01
4.693715594332417851e+01 4.566921410783734814e+01
4.693715594332417851e+01 4.329074292930145162e+01
4.693715594332417851e+01 4.841221185320269171e+01
4.693715594332417851e+01 4.769785892186473575e+01
4.693715594332417851e+01 4.631779249388459618e+01
4.693715594332417851e+01 4.407937981996702348e+01
4.693715594332417851e+01 4.906662650554577709e+01
4.693715594332417851e+01 4.332008171530560503e+01
4.693715594332417851e+01 4.843707931842415348e+01
4.693715594332417851e+01 4.522735783681054045e+01
4.693715594332417851e+01 4.320810830076226949e+01
4.693715594332417851e+01 4.434318071485360235e+01
4.693715594332417851e+01 4.677031600384717791e+01
4.693715594332417851e+01 4.624113076607322625e+01
4.693715594332417851e+01 5.106954045148153654e+01
4.693715594332417851e+01 4.329627826800410872e+01
4.693715594332417851e+01 4.359726455507672682e+01
4.693715594332417851e+01 5.098797217526990977e+01
4.693715594332417851e+01 4.290602300192598761e+01
4.693715594332417851e+01 4.194343336040779491e+01
4.693715594332417851e+01 5.338964973899641109e+01
4.693715594332417851e+01 4.587946934276917688e+01
4.693715594332417851e+01 4.346695097025846621e+01
4.693715594332417851e+01 4.151635044544883613e+01
4.693715594332417851e+01 4.244075762495961612e+01
4.693715594332417851e+01 4.180644142363355087e+01
4.693715594332417851e+01 4.490517421979046020e+01
4.693715594332417851e+01 4.999555417969315840e+01
