4.693715594332417851e+01 5.226787987104085431e+01
4.693715594332417851e+01 4.113545322214880429e+01
4.693715594332417851e+01 4.418385610480810044e+01
4.693715594332417851e+01 4.801270892952843639e+01
4.693715594332417851e+01 4.273979015132249515e+01
4.693715594332417851e+01 4.819181923256696365e+01
4.693715594332417851e+01 4.863240402726931677e+01
4.693715594332417851e+01 4.368884053520414312e+01
4.693715594332417851e+01 4.764195961783866551e+01
4.693715594332417851e+01 4.916573810544872458e+01
4.693715594332417851e+01 4.511101348104701714e+01
4.693715594332417851e+01 4.307957760085866283e+01
4.693715594332417851e+01 4.546453507013875139e+01
4.693715594332417851e+01 4.837860842053124344e+01
4.693715594332417851e+01 4.291120127166444576e+01
4.693715594332417851e+01 4.703318467874581188e+01
4.693715594332417851e+01 4.481558829064227467e+01
4.693715594332417851e+01 3.771091352606276814e+01
4.693715594332417851e+01 4.324078401451869524e+01
4.693715594332417851e+01 4.490295541402210233e+01
4.693715594332417851e+01 4.238939878357577129e+01
4.693715594332417851e+01 4.378322081282624367e+01
4.693715594332417851e+01 4.614905037507691077e+01
4.693715594332417851e+01 4.225535080803252441e+01
4.693715594332417851e+01 4.481054995475413705e+01
4.693715594332417851e+01 4.338101135365955940e+01
4.693715594332417851e+01 4.713279601626343407e+01
4.693715594332417851e+01 4.769273995877557581e+01
4.693715594332417851e+01 4.364370153760670945e+01
4.693715594332417851e+01 4.156251574038993368e+01
4.693715594332417851e+01 4.088148255787215390e+01
4.693715594332417851e+01 4.239867339306641725e+01
4.693715594332417851e+01 5.078440517327717174e+01
4.693715594332417851e+01 5.342265308894165798e+01
4.693715594332417851e+01 4.248952267062725241e+01
4.693715594332417851e+01 5.087320549939617109e+01
4.693715594332417851e+01 4.752626971816608403e+01
4.693715594332417851e+01 4.696550413701075399e+01
4.693715594332417851e+01 5.385923989707416126e+01
4.693715594332417851e+01 4.644821888468392501e+01
4.693715594332417851e+01 4.865429215033840649e+01
4.693715594332417851e+01 4.975153218574008918e+01
4.693715594332417851e+01 4.847447418648397388e+01
4.693715594332417851e+01 4.391156726536457455e+01
4.693715594332417851e+01 4.279874782848666825e+01
4.693715594332417851e+01 4.645256092311331741e+01
4.693715594332417851e+01 4.359177335415877508e+01
4.693715594332417851e+01 4.282760561462996662e+01
4.693715594332417851e+01 4.231239071545228114e+01
4.693715594332417851e+01 5.250362954355552603e+01
4.693715594332417851e+01 5.752788274159599524e+01
4.693715594332417851e+01 4.050065258579133598e+01
4.693715594332417851e+01 4.888738316615109625e+01
4.693715594332417851e+01 4.395866245521970939e+01
4.693715594332417851e+01 4.835911975872155466e+01
4.693715594332417851e+01 4.366272012777505296e+01
4.693715594332417851e+01 4.194163190864051671e+01
4.693715594332417851e+01 4.381680272954655209e+01
4.693715594332417851e+01 4.285871037995902810e+01
4.693715594332417851e+01 4.672189853221566125e+01
4.693715594332417851e+01 4.474230261056874980e+01
4.693715594332417851e+01 4.701322831219673049e+01
4.693715594332417851e+01 4.573837330370997023e+01
4.693715594332417851e+01 4.755450419936095585e+01
4.693715594332417851e+01 4.412536531560586184e+01
4.693715594332417851e+01 4.700628217540733544e+01
4.693715594332417851e+01 4.595085497441390743e+01
4.693715594332417851e+01 4.674025400101578498e+01
4.693715594332417851e+01 5.707499763805520843e+01
4.693715594332417851e+01 4.824399948141093830e+01
4.693715594332417851e+01 4.559776353522121184e+01
4.693715594332417851e+01 4.285361994283032061e+01
4.693715594332417851e+01 4.506885774951512502e+01
4.693715594332417851e+01 4.832745024552781388e+01
4.693715594332417851e+01 4.809480137746402306e+01
4.693715594332417851e+01 4.897420953034679059e+01
4.693715594332417851e+01 4.858706711430047420e+01
4.693715594332417851e+01 4.794436107955583282e+01
4.693715594332417851e+01 4.626206141848390985e+01
4.693715594332417851e+01 4.772023046464251195e+01
4.693715594332417851e+01 4.506288456410629095e+01
4.693715594332417851e+01 4.823474897143990603e+01
4.693715594332417851e+01 4.752290813775702105e+01
4.693715594332417851e+01 4.496503962270723775e+01
4.693715594332417851e+01 4.805322454827523870e+01
4.693715594332417851e+01 5.437648607979935633e+01
4.693715594332417851e+01 4.474400620719699617e+01
4.693715594332417851e+01 4.696624865081745526e+01
4.693715594332417851e+01 4.942052893132596125e+01
4.693715594332417851e+01 4.790063477090502175e+01
4.693715594332417851e+01 4.135172958246761965e+01
4.693715594332417851e+01 4.748235703530754392e+01
4.693715594332417851e+01 4.689726044640042346e+01
4.693715594332417851e+01 4.213884194131807703e+01
4.693715594332417851e+01 4.566436191380528697e+01
4.693715594332417851e+01 4.354159822520571055e+01
4.693715594332417851e+01 5.012471908947786403e+01
4.693715594332417851e+01 4.777084204166652626e+01
4.693715594332417851e+01 4.010353397743077863e+01
4.693715594332417851e+01 4.153200193637589877e+01
4.693715594332417851e+01 4.711251632418710500e+01
4.693715594332417851e+01 4.374422227357354842e+01
4.693715594332417851e+01 5.765993896317696255e+01
4.693715594332417851e+01 4.383834552286714370e+01
4.693715594332417851e+01 5.067862575323557905e+01
4.693715594332417851e+01 4.507534306142002833e+01
4.693715594332417851e+01 4.693083871031905119e+01
4.693715594332417851e+01 4.595335958516055541e+01
4.693715594332417851e+01 4.324813451793748698e+01
4.693715594332417851e+01 4.754968735496269971e+01
4.693715594332417851e+01 5.040964442603321061e+01
4.693715594332417851e+01 4.477690904863347043e+01
4.693715594332417851e+01 4.730931281449445436e+01
4.693715594332417851e+01 4.697740788989455751e+01
4.693715594332417851e+01 4.708604996583338931e+01
4.693715594332417851e+01 4.686006722355698173e+01
4.693715594332417851e+01 4.889477246108145891e+01
4.693715594332417851e+01 4.971682641358111709e+01
4.693715594332417851e+01 4.510410737868897968e+01
4.693715594332417851e+01 4.276606429833593381e+01
4.693715594332417851e+01 5.282845353442870362e+01
4.693715594332417851e+01 4.573949619921629761e+01
4.693715594332417851e+01 4.807348568545261003e+01
4.693715594332417851e+01 5.090468721481448711e+01
4.693715594332417851e+01 5.153839557278204353e+01
4.693715594332417851e+01 4.736116698843581219e+01
4.693715594332417851e+01 4.139739809956005701e+01
4.693715594332417851e+01 4.520990722786468297e+01
4.693715594332417851e+01 4.696321500402366667e+01
4.693715594332417851e+01 4.932688463682832491e+01
4.693715594332417851e+01 5.030294974594703206e+01
4.693715594332417851e+01 4.444185575429527546e+01
4.693715594332417851e+01 4.825728794436972890e+01
4.693715594332417851e+01 5.279866271333791872e+01
4.693715594332417851e+01 4.496603167154040648e+01
4.693715594332417851e+01 4.720858223002516496e+01
4.693715594332417851e+01 5.260872881776157328e+01
4.693715594332417851e+01 4.175902934833758451e+01
4.693715594332417851e+01 3.770750413738278439e+01
4.693715594332417851e+01 4.449394686906035901e+01
4.693715594332417851e+01 4.267088010657592179e+01
4.693715594332417851e+01 3.878710212743780517e+01
4.693715594332417851e+01 4.465836198373266797e+01
4.693715594332417851e+01 4.817127770405331688e+01
4.693715594332417851e+01 4.992713980217355640e+01
4.693715594332417851e+01 4.359249206643111307e+01
4.693715594332417851e+01 4.820195082793447483e+01
4.693715594332417851e+01 4.463602031370918155e+01
4.693715594332417851e+01 4.599557757586506312e+01
4.693715594332417851e+01 4.622808864700420628e+01
4.693715594332417851e+01 4.555725347050162100e+01
4.693715594332417851e+01 4.585336535827292437e+01
4.693715594332417851e+01 4.370240193657937056e+01
4.693715594332417851e+01 4.121930061983258042e+01
4.693715594332417851e+01 4.726903836420814287e+01
4.693715594332417851e+01 5.231850678237631769e+01
4.693715594332417851e+01 4.587547082863682846e+01
4.693715594332417851e+01 4.724179951448920178e+01
4.693715594332417851e+01 4.316920308231742354e+01
4.693715594332417851e+01 4.511606202998610371e+01
4.693715594332417851e+01 4.696975936395803330e+01
4.693715594332417851e+01 4.483262683759900824e+01
4.693715594332417851e+01 4.706909566106936893e+01
4.693715594332417851e+01 4.721331853461477834e+01
4.693715594332417851e+01 4.840943674989179613e+01
4.693715594332417851e+01 4.410693386866905286e+01
4.693715594332417851e+01 4.531887900799101487e+01
4.693715594332417851e+01 4.418022855155248863e+01
4.693715594332417851e+01 4.290758772168759805e+01
4.693715594332417851e+01 4.917071336507709844e+01
4.693715594332417851e+01 4.568038219675605660e+01
4.693715594332417851e+01 4.942589251955113383e+01
4.693715594332417851e+01 4.516091511220940191e+01
4.693715594332417851e+01 4.540327606736130406e+01
4.693715594332417851e+01 4.721279142588823419e+01
4.693715594332417851e+01 4.304488068930434252e+01
4.693715594332417851e+01 4.693480575684297662e+01
4.693715594332417851e+01 4.618204615070717978e+01
4.693715594332417851e+01 4.502036004992910279e+01
4.693715594332417851e+01 4.615443939718063149e+01
4.693715594332417851e+01 4.696766923164771868e+01
4.693715594332417851e+01 5.101065616424373417e+01
4.693715594332417851e+01 4.951856702499083696e+01
4.693715594332417851e+01 4.606755913632134991e+01
4.693715594332417851e+01 4.852257628618468033e+01
4.693715594332417851e+01 4.557747119872988151e+01
4.693715594332417851e+01 5.120066908071162715e+01
4.693715594332417851e+01 4.782588508671349814e+01
4.693715594332417851e+01 4.314292690973210398e+01
4.693715594332417851e+01 3.995049003108745467e+01
4.693715594332417851e+01 4.843670982890427013e+01
4.693715594332417851e+01 4.424506936108154775e+01
4.693715594332417851e+01 4.804475782435442710e+01
4.693715594332417851e+01 5.207605484926452277e+01
4.693715594332417851e+01 5.195507963841319565e+01
4.693715594332417851e+01 4.700749034492809386e+01
4.693715594332417851e+01 4.437426651169067782e+01
4.693715594332417851e+01 5.062581683659611542e+01
4.693715594332417851e+01 4.606400222603711825e+01
4.693715594332417851e+01 4.749224881695104017e+01
4.693715594332417851e+01 4.358160161733601257e+01
4.693715594332417851e+01 4.348110965105550463e+01
4.693715594332417851e+01 4.121404972413225920e+01
4.693715594332417851e+01 5.605953111390490307e+01
4.693715594332417851e+01 4.569889577095039357e+01
4.693715594332417851e+01 4.884595792077301724e+01
4.693715594332417851e+01 4.542694850215924163e+01
4.693715594332417851e+01 4.555768611019923497e+01
4.693715594332417851e+01 4.847655160847229894e+01
4.693715594332417851e+01 4.600462201213162672e+01
4.693715594332417851e+01 4.659387140484680145e+01
4.693715594332417851e+01 5.138207753814828749e+01
4.693715594332417851e+01 4.285092204973211949e+01
4.693715594332417851e+01 4.251229263124950819e+01
4.693715594332417851e+01 5.241062555662300326e+01
4.693715594332417851e+01 4.508024614123853979e+01
4.693715594332417851e+01 5.012138647873949537e+01
4.693715594332417851e+01 4.763815688097762546e+01
4.693715594332417851e+01 4.105918969702563004e+01
4.693715594332417851e+01 4.149328856970174684e+01
4.693715594332417851e+01 4.511573333021648580e+01
4.693715594332417851e+01 4.260208520631368856e+01
4.693715594332417851e+01 4.809510970314646983e+01
4.693715594332417851e+01 4.840330358572336422e+01
4.693715594332417851e+01 4.683735200325870096e+01
4.693715594332417851e+01 4.458206964953291163e+01
4.693715594332417851e+01 4.659616832267855813e+01
4.693715594332417851e+01 3.994124440245052909e+01
4.693715594332417851e+01 4.450143267192087393e+01
4.693715594332417851e+01 5.066565583754655222e+01
4.693715594332417851e+01 4.902969496757798140e+01
4.693715594332417851e+01 4.416105458321391808e+01
4.693715594332417851e+01 4.385760502079656220e+01
4.693715594332417851e+01 4.418080937869221714e+01
4.693715594332417851e+01 5.162083246175767925e+01
4.693715594332417851e+01 4.723331820267178927e+01
4.693715594332417851e+01 4.813701730273474055e+01
4.693715594332417851e+01 4.175796279768295705e+01
4.693715594332417851e+01 4.697918917848912912e+01
4.693715594332417851e+01 4.943933137103164910e+01
4.693715594332417851e+01 4.236258086159649139e+01
4.693715594332417851e+01 4.693483849481864922e+01
4.693715594332417851e+01 4.692115782545398162e+01
4.693715594332417851e+01 4.536844145781713422e+01
4.693715594332417851e+01 4.979459864931218505e+01
4.693715594332417851e+01 4.803781232741206964e+01
4.693715594332417851e+01 4.665200099679346124e+01
4.693715594332417851e+01 4.890805108055432271e+01
4.693715594332417851e+01 4.631536428933625871e+01
4.693715594332417851e+01 4.861606732774936290e+01
4.693715594332417851e+01 4.301509609121141864e+01
4.693715594332417851e+01 4.762869293726356545e+01
4.693715594332417851e+01 4.744696984804010498e+01
4.693715594332417851e+01 4.823045569278833966e+01
4.693715594332417851e+01 4.812245050345867980e+01
4.693715594332417851e+01 4.839213499107874839e+01
4.693715594332417851e+01 4.806802939103997119e+01
4.693715594332417851e+01 4.555356378471792311e+01
4.693715594332417851e+01 4.818262015776024754e+01
4.693715594332417851e+01 4.635729082381266863e+01
4.693715594332417851e+01 4.194768371698842202e+01
4.693715594332417851e+01 4.587864682991032339e+01
4.693715594332417851e+01 4.702702663096866331e+01
4.693715594332417851e+01 4.795449371512817294e+01
4.693715594332417851e+01 4.466480661773451288e+01
4.693715594332417851e+01 4.665372055587992861e+01
4.693715594332417851e+01 4.441239954084615249e+01
4.693715594332417851e+01 5.048229658920446639e+01
4.693715594332417851e+01 4.602526674257547512e+01
4.693715594332417851e+01 4.356015970792750380e+01
4.693715594332417851e+01 4.348208588824632415e+01
4.693715594332417851e+01 4.269289702064590841e+01
4.693715594332417851e+01 5.176102132818612489e+01
4.693715594332417851e+01 4.773405767337184358e+01
4.693715594332417851e+01 4.888748171790793151e+01
4.693715594332417851e+01 5.007197091109343035e+01
4.693715594332417851e+01 5.064336251918176401e+01
4.693715594332417851e+01 4.425058034994037115e+01
4.693715594332417851e+01 4.019123628405908022e+01
4.693715594332417851e+01 3.795943882083204102e+01
4.693715594332417851e+01 4.615923924920022614e+01
4.693715594332417851e+01 4.429326124524683195e+01
4.693715594332417851e+01 4.147314238338441328e+01
4.693715594332417851e+01 4.644548469845687322e+01
4.693715594332417851e+01 4.633445441259355135e+01
4.693715594332417851e+01 4.945509209332495715e+01
4.693715594332417851e+01 4.517777427324226380e+01
4.693715594332417851e+01 4.480859515352680944e+01
4.693715594332417851e+01 3.794831970341558502e+01
4.693715594332417851e+01 4.776328497902842685e+01
4.693715594332417851e+01 5.210320080071723936e+01
4.693715594332417851e+01 4.686932325163734703e+01
4.693715594332417851e+01 4.277766394688780593e+01
4.693715594332417851e+01 5.038693418972719229e+01
4.693715594332417851e+01 4.640693640959473498e+01
4.693715594332417851e+01 4.646384193963862685e+01
4.693715594332417851e+01 4.689791114923007598e+01
4.693715594332417851e+01 5.118168872748812248e+01
4.693715594332417851e+01 4.733079209191613757e+01
4.693715594332417851e+01 5.287871398709303605e+01
4.693715594332417851e+01 4.964136639825284192e+01
4.693715594332417851e+01 4.305876162700238297e+01
4.693715594332417851e+01 4.858953417645471973e+01
4.693715594332417851e+01 4.705247836392857863e+01
4.693715594332417851e+01 4.853710075047929706e+01
4.693715594332417851e+01 5.232515618831595106e+01
4.693715594332417851e+01 4.666387903284798711e+01
4.693715594332417851e+01 4.378407760572898866e+01
4.693715594332417851e+01 4.709498487663804411e+01
4.693715594332417851e+01 4.141497724246290346e+01
4.693715594332417851e+01 4.580846112384026014e+01
4.693715594332417851e+01 5.019625977286984408e+01
4.693715594332417851e+01 5.228541636151686589e+01
4.693715594332417851e+01 5.008592408599525214e+01
4.693715594332417851e+01 4.378620604922715387e+01
4.693715594332417851e+01 4.492702273148382375e+01
4.693715594332417851e+01 4.617541852342727537e+01
4.693715594332417851e+01 4.262327285540462185e+01
4.693715594332417851e+01 4.845503967374412468e+01
4.693715594332417851e+01 4.345022585751790700e+01
4.693715594332417851e+01 5.641083754738037470e+01
4.693715594332417851e+01 4.313247718985915924e+01
4.693715594332417851e+01 4.393475825964675607e+01
4.693715594332417851e+01 4.403964905291248755e+01
4.693715594332417851e+01 4.741001479387290374e+01
4.693715594332417851e+01 4.224286802132016305e+01
4.693715594332417851e+01 4.694071299742723369e+01
4.693715594332417851e+01 4.771729110087029824e+01
4.693715594332417851e+01 4.865312387533077043e+01
4.693715594332417851e+01 4.625918573525475352e+01
4.693715594332417851e+01 4.201189067812411793e+01
4.693715594332417851e+01 4.954312707388516657e+01
4.693715594332417851e+01 5.197636322792077834e+01
4.693715594332417851e+01 4.288937477995136049e+01
4.693715594332417851e+01 5.094506539345238139e+01
4.693715594332417851e+01 4.535150587067337824e+01
4.693715594332417851e+01 4.604783632183933406e+01
4.693715594332417851e+01 4.831932598734339024e+01
4.693715594332417851e+01 4.799222158863388898e+01
4.693715594332417851e+01 4.422805240696389717e+01
4.693715594332417851e+01 4.360897406780829044e+01
4.693715594332417851e+01 4.500376155099729658e+01
4.693715594332417851e+01 4.633764484726759036e+01
4.693715594332417851e+01 5.299249647569951094e+01
4.693715594332417851e+01 4.931020975311636079e+01
4.693715594332417851e+01 4.299707694721890761e+01
4.693715594332417851e+01 5.006641889141066315e+01
4.693715594332417851e+01 4.493327819388483846e+01
4.693715594332417851e+01 5.126884328111164280e+01
4.693715594332417851e+01 4.381992969652522163e+01
4.693715594332417851e+01 4.243136133166295565e+01
4.693715594332417851e+01 4.453211167101857626e+01
4.693715594332417851e+01 4.348792835935770995e+01
4.693715594332417851e+01 5.205535968863119933e+01
4.693715594332417851e+01 4.047447374527223474e+01
4.693715594332417851e+01 4.283099575260281711e+01
4.693715594332417851e+01 5.128748149310390403e+01
4.693715594332417851e+01 4.787902980027108413e+01
4.693715594332417851e+01 4.466615591404917041e+01
4.693715594332417851e+01 4.293004678458925838e+01
4.693715594332417851e+01 5.005834308714371872e+01
4.693715594332417851e+01 3.699344033748361227e+01
4.693715594332417851e+01 4.337361105554742124e+01
4.693715594332417851e+01 4.437703100989543259e+01
4.693715594332417851e+01 4.500399735671129520e+01
4.693715594332417851e+01 4.455208821210948145e+01
4.693715594332417851e+01 4.746765981315778049e+01
4.693715594332417851e+01 4.838790812945972419e+01
4.693715594332417851e+01 4.693662019493547888e+01
4.693715594332417851e+01 4.607975163853155465e+01
4.693715594332417851e+01 4.660419994500126961e+01
4.693715594332417851e+01 4.429647629844431123e+01
4.693715594332417851e+01 4.708391235726389112e+01
4.693715594332417851e+01 5.410597576709222523e+01
4.693715594332417851e+01 4.898782524603166166e+01
4.693715594332417851e+01 5.225651841398849484e+01
4.693715594332417851e+01 4.710091806870935471e+01
4.693715594332417851e+01 4.763887160004564691e+01
4.693715594332417851e+01 4.891243294287140486e+01
4.693715594332417851e+01 4.483295388502546786e+01
4.693715594332417851e+01 4.091473108785879731e+01
4.693715594332417851e+01 4.601880924131693007e+01
4.693715594332417851e+01 4.541276010315087319e+01
4.693715594332417851e+01 4.014944251116855867e+01
4.693715594332417851e+01 4.207804935640520938e+01
4.693715594332417851e+01 4.500360367935132899e+01
4.693715594332417851e+01 4.622590232300076707e+01
4.693715594332417851e+01 4.032281669587564465e+01
4.693715594332417851e+01 3.772341303494121689e+01
4.693715594332417851e+01 4.446179137593550479e+01
4.693715594332417851e+01 4.632044669892076172e+01
4.693715594332417851e+01 4.344019699114220856e+01
4.693715594332417851e+01 5.084206838446360877e+01
4.693715594332417851e+01 4.520546855378489681e+01
4.693715594332417851e+01 5.045420368333516592e+01
4.693715594332417851e+01 5.003740674715857750e+01
4.693715594332417851e+01 4.648013987031281147e+01
4.693715594332417851e+01 4.417097357079779840e+01
4.693715594332417851e+01 4.785403530533273653e+01
4.693715594332417851e+01 5.049105474432779062e+01
4.693715594332417851e+01 4.944515223967825790e+01
4.693715594332417851e+01 4.502971990430998517e+01
4.693715594332417851e+01 5.127678332572934750e+01
4.693715594332417851e+01 4.403471879368729702e+01
4.693715594332417851e+01 5.135274744535167457e+01
4.693715594332417851e+01 4.295813815130424018e+01
4.693715594332417851e+01 4.535777708451627177e+01
4.693715594332417851e+01 4.851215572573069323e+01
4.693715594332417851e+01 4.265550680330488831e+01
4.693715594332417851e+01 5.050618954533842242e+01
4.693715594332417851e+01 4.482061215428601741e+01
4.693715594332417851e+01 4.921658962046613794e+01
4.693715594332417851e+01 4.509629393999269809e+01
4.693715594332417851e+01 4.516620576970325374e+01
4.693715594332417851e+01 4.783743428495830585e+01
4.693715594332417851e+01 4.099980439439533342e+01
4.693715594332417851e+01 4.697680403716236697e+01
4.693715594332417851e+01 4.128620481813933196e+01
4.693715594332417851e+01 4.809025510824908878e+01
4.693715594332417851e+01 4.614300369536727686e+01
4.693715594332417851e+01 4.716446137073410938e+01
4.693715594332417851e+01 4.697437065662160904e+01
4.693715594332417851e+01 5.160043923203916449e+01
4.693715594332417851e+01 4.399259839528032501e+01
4.693715594332417851e+01 4.267706217945733727e+01
4.693715594332417851e+01 4.233621833858220640e+01
4.693715594332417851e+01 5.211881037061761646e+01
4.693715594332417851e+01 4.487191688487278896e+01
4.693715594332417851e+01 4.936345168100012160e+01
4.693715594332417851e+01 4.661037356906194873e+01
4.693715594332417851e+01 4.416620015287089274e+01
4.693715594332417851e+01 4.580519933512353958e+01
4.693715594332417851e+01 4.712947064440519540e+01
4.693715594332417851e+01 4.609233408497715345e+01
4.693715594332417851e+01 5.210771851323060844e+01
4.693715594332417851e+01 4.571621369358970099e+01
4.693715594332417851e+01 4.638981511395812873e+01
4.693715594332417851e+01 4.566503247703357715e+01
4.693715594332417851e+01 4.215337836952846828e+01
4.693715594332417851e+01 4.453393958613127523e+01
4.693715594332417851e+01 4.762580074826539089e+01
4.693715594332417851e+01 4.573849872397229177e+01
4.693715594332417851e+01 4.104351139935608472e+01
4.693715594332417851e+01 5.008471509380510867e+01
4.693715594332417851e+01 5.454737029828098116e+01
4.693715594332417851e+01 5.025729434242961702e+01
4.693715594332417851e+01 4.998401018662770667e+01
4.693715594332417851e+01 4.750530204092848408e+01
4.693715594332417851e+01 4.253879553048773943e+01
4.693715594332417851e+01 5.261724160168597564e+01
4.693715594332417851e+01 4.295906583853133043e+01
4.693715594332417851e+01 5.117874878699172569e+01
4.693715594332417851e+01 4.821472435529895506e+01
4.693715594332417851e+01 4.398095324427993091e+01
4.693715594332417851e+01 4.679350767767920161e+01
4.693715594332417851e+01 4.490360843658093870e+01
4.693715594332417851e+01 5.013812555274841998e+01
4.693715594332417851e+01 5.109679483702191760e+01
4.693715594332417851e+01 5.031498795408631253e+01
4.693715594332417851e+01 4.336254400721933422e+01
4.693715594332417851e+01 4.204218732269708880e+01
4.693715594332417851e+01 4.777845065219514709e+01
4.693715594332417851e+01 4.870509724846835553e+01
4.693715594332417851e+01 4.272145976747444251e+01
4.693715594332417851e+01 4.525308314337870286e+01
4.693715594332417851e+01 4.721714852728272405e+01
4.693715594332417851e+01 4.577956113166458607e+01
4.693715594332417851e+01 4.164721439929902402e+01
4.693715594332417851e+01 4.864941715393727861e+01
4.693715594332417851e+01 5.181183304864379124e+01
4.693715594332417851e+01 4.528275169866715544e+01
4.693715594332417851e+01 5.501586064521796260e+01
4.693715594332417851e+01 4.960646184063765673e+01
4.693715594332417851e+01 4.743532241545273109e+01
4.693715594332417851e+01 4.261603449034336677e+01
4.693715594332417851e+01 4.844121846377439056e+01
4.693715594332417851e+01 4.351316635957223866e+01
4.693715594332417851e+01 5.014466910810747891e+01
4.693715594332417851e+01 4.878838074126107927e+01
4.693715594332417851e+01 4.304481891789976089e+01
4.693715594332417851e+01 5.016828797038743204e+01
4.693715594332417851e+01 4.745219993720473894e+01
4.693715594332417851e+01 4.696451651821390527e+01
4.693715594332417851e+01 4.954944953788661621e+01
4.693715594332417851e+01 5.338466574916729002e+01
4.693715594332417851e+01 4.802119955948907659e+01
4.693715594332417851e+01 4.764046995478719282e+01
4.693715594332417851e+01 5.252868174423491610e+01
4.693715594332417851e+01 4.131864183636395893e+01
4.693715594332417851e+01 4.722750915502737001e+01
4.693715594332417851e+01 3.828814247716402974e+01
4.693715594332417851e+01 4.999529839495355787e+01
4.693715594332417851e+01 4.534689821601349280e+01
4.693715594332417851e+01 4.551514313005797163e+01
4.693715594332417851e+01 4.914417211261964269e+01
4.693715594332417851e+01 5.556371593023293798e+01
4.693715594332417851e+01 4.610126693388940566e+01
4.693715594332417851e+01 4.477197791777683733e+01
4.693715594332417851e+01 4.551218048353078416e+01
4.693715594332417851e+01 4.005451742488697420e+01
4.693715594332417851e+01 4.446647991304357816e+01
4.693715594332417851e+01 5.295878211491999821e+01
4.693715594332417851e+01 4.459658848229020123e+01
4.693715594332417851e+01 4.245199657945766347e+01
4.693715594332417851e+01 4.815587658915553249e+01
4.693715594332417851e+01 4.773837356312687774e+01
4.693715594332417851e+01 4.574428764845779227e+01
4.693715594332417851e+01 4.333932982709264792e+01
4.693715594332417851e+01 5.401115159564130153e+01
4.693715594332417851e+01 4.720996201663055558e+01
4.693715594332417851e+01 4.252853715681059299e+01
4.693715594332417851e+01 4.770067019624545424e+01
4.693715594332417851e+01 4.427488625965668945e+01
4.693715594332417851e+01 4.934322079897743407e+01
4.693715594332417851e+01 4.471678751700738275e+01
4.693715594332417851e+01 4.624063307122604272e+01
4.693715594332417851e+01 4.158468500692128345e+01
4.693715594332417851e+01 4.089398473024755276e+01
4.693715594332417851e+01 4.284709360306388248e+01
4.693715594332417851e+01 4.711466120697573245e+01
4.693715594332417851e+01 4.085058094465964018e+01
4.693715594332417851e+01 4.728159716643806831e+01
4.693715594332417851e+01 4.966091501883059323e+01
4.693715594332417851e+01 4.840956447867898760e+01
4.693715594332417851e+01 4.802473551097170912e+01
4.693715594332417851e+01 4.123738122069637768e+01
4.693715594332417851e+01 4.520881659822924803e+01
4.693715594332417851e+01 4.630127969655089260e+01
4.693715594332417851e+01 4.536335952958840778e+01
4.693715594332417851e+01 4.606611120244791380e+01
4.693715594332417851e+01 5.010731335897631311e+01
4.693715594332417851e+01 5.413262418841861745e+01
4.693715594332417851e+01 4.279256568330576727e+01
4.693715594332417851e+01 4.848339167341558209e+01
4.693715594332417851e+01 4.943084144958516646e+01
4.693715594332417851e+01 4.728748965505448609e+01
4.693715594332417851e+01 4.687423085796078226e+01
4.693715594332417851e+01 4.776011363683298327e+01
4.693715594332417851e+01 4.788216771309767239e+01
4.693715594332417851e+01 4.183975919962583134e+01
4.693715594332417851e+01 4.210072755875177108e+01
4.693715594332417851e+01 4.430819243462586599e+01
4.693715594332417851e+01 4.506206916175103316e+01
4.693715594332417851e+01 4.678954849926680737e+01
4.693715594332417851e+01 4.644058206297420810e+01
4.693715594332417851e+01 4.271925569663225275e+01
4.693715594332417851e+01 4.831589464883018792e+01
4.693715594332417851e+01 4.317429598322775774e+01
4.693715594332417851e+01 4.675024568247628309e+01
4.693715594332417851e+01 5.094782872492184111e+01
4.693715594332417851e+01 5.040500503737641225e+01
4.693715594332417851e+01 4.507952529791528917e+01
4.693715594332417851e+01 4.983760230776637457e+01
4.693715594332417851e+01 4.146944404798708916e+01
4.693715594332417851e+01 4.768324841633729250e+01
4.693715594332417851e+01 4.432830246554633646e+01
4.693715594332417851e+01 4.476154490176998024e+01
4.693715594332417851e+01 4.766695421049609394e+01
4.693715594332417851e+01 4.379778954535532876e+01
4.693715594332417851e+01 4.361059646487279196e+01
4.693715594332417851e+01 3.983641884896415775e+01
4.693715594332417851e+01 4.488930047293309400e+01
4.693715594332417851e+01 4.854787734014992395e+01
4.693715594332417851e+01 4.351065049319029043e+01
4.693715594332417851e+01 4.954068066597590558e+01
4.693715594332417851e+01 4.585916575629838121e+01
4.693715594332417851e+01 4.702591019979823272e+01
4.693715594332417851e+01 4.201665675603398853e+01
4.693715594332417851e+01 4.786236613026170517e+01
4.693715594332417851e+01 4.183422832885931086e+01
4.693715594332417851e+01 4.463251222812813523e+01
4.693715594332417851e+01 4.409132921132941618e+01
4.693715594332417851e+01 4.312339858859246533e+01
4.693715594332417851e+01 4.576282792980825320e+01
4.693715594332417851e+01 4.455674824695771719e+01
4.693715594332417851e+01 5.128387177913717210e+01
4.693715594332417851e+01 4.730830552920764376e+01
4.693715594332417851e+01 3.967957376582671003e+01
4.693715594332417851e+01 4.390936121168159900e+01
4.693715594332417851e+01 5.441894417115018001e+01
4.693715594332417851e+01 4.449848840876559564e+01
4.693715594332417851e+01 4.284954160150271463e+01
4.693715594332417851e+01 4.317448157448188084e+01
4.693715594332417851e+01 5.201728112255096903e+01
4.693715594332417851e+01 4.836207495446490157e+01
4.693715594332417851e+01 4.919365429275962498e+01
4.693715594332417851e+01 5.098567051928062455e+01
4.693715594332417851e+01 5.070767656729728401e+01
4.693715594332417851e+01 4.894569612917327106e+01
4.693715594332417851e+01 4.906623154860838554e+01
4.693715594332417851e+01 4.376189057612867828e+01
4.693715594332417851e+01 4.027402841884776308e+01
4.693715594332417851e+01 4.492883250541066076e+01
4.693715594332417851e+01 4.368711999636489907e+01
4.693715594332417851e+01 4.257666803492108443e+01
4.693715594332417851e+01 4.788108267111021377e+01
4.693715594332417851e+01 4.961676359974746475e+01
4.693715594332417851e+01 4.625720852851273435e+01
4.693715594332417851e+01 4.659696554569235616e+01
4.693715594332417851e+01 5.240754434724367172e+01
4.693715594332417851e+01 4.658911082841429874e+01
4.693715594332417851e+01 4.587057802157021058e+01
4.693715594332417851e+01 4.673043490811895850e+01
4.693715594332417851e+01 4.717002797599617736e+01
4.693715594332417851e+01 4.791469361936109550e+01
4.693715594332417851e+01 4.364583831407877312e+01
4.693715594332417851e+01 5.018474325203095532e+01
4.693715594332417851e+01 4.450639358328412243e+01
4.693715594332417851e+01 4.686714889215254232e+01
4.693715594332417851e+01 4.253508005770403599e+01
4.693715594332417851e+01 4.229769971921110994e+01
4.693715594332417851e+01 4.908778291089886636e+01
4.693715594332417851e+01 4.891354800033528250e+01
4.693715594332417851e+01 4.682614943164034571e+01
4.693715594332417851e+01 4.507530525184112236e+01
4.693715594332417851e+01 4.523603281595574543e+01
4.693715594332417851e+01 4.913245743585918746e+01
4.693715594332417851e+01 4.098612371380745856e+01
4.693715594332417851e+01 3.988785400542315784e+01
4.693715594332417851e+01 4.700193045548382287e+01
4.693715594332417851e+01 4.139328584258173294e+01
4.693715594332417851e+01 5.267546805197442694e+01
4.693715594332417851e+01 4.099204306615804683e+01
4.693715594332417851e+01 4.521038572325506522e+01
4.693715594332417851e+01 4.497317904760069496e+01
4.693715594332417851e+01 4.331670161829966048e+01
4.693715594332417851e+01 4.673531191049512756e+01
4.693715594332417851e+01 4.072680939747148443e+01
4.693715594332417851e+01 5.116486010905004633e+01
4.693715594332417851e+01 4.917249949576225276e+01
4.693715594332417851e+01 4.270822113903891193e+01
4.693715594332417851e+01 4.724785246317402709e+01
4.693715594332417851e+01 4.646354313803483649e+01
4.693715594332417851e+01 4.413168590222606014e+01
4.693715594332417851e+01 4.110953322858568981e+01
4.693715594332417851e+01 4.798099672197192689e+01
4.693715594332417851e+01 4.657407681298379742e+01
4.693715594332417851e+01 4.802078431881302834e+01
4.693715594332417851e+01 4.659495486798238773e+01
4.693715594332417851e+01 4.564524191902082606e+01
4.693715594332417851e+01 5.156747419167346180e+01
4.693715594332417851e+01 4.784285400428588275e+01
4.693715594332417851e+01 4.804064973183977827e+01
4.693715594332417851e+01 4.624059712152017454e+01
4.693715594332417851e+01 4.134051098968533466e+01
4.693715594332417851e+01 4.888984168565664845e+01
4.693715594332417851e+01 4.696724440761850872e+01
4.693715594332417851e+01 4.883226089142634407e+01
4.693715594332417851e+01 4.698405376866099914e+01
4.693715594332417851e+01 4.717294815332395075e+01
4.693715594332417851e+01 4.701303244886493360e+01
4.693715594332417851e+01 5.610854033528205065e+01
4.693715594332417851e+01 4.902068748248081675e+01
4.693715594332417851e+01 4.982570901030344857e+01
4.693715594332417851e+01 4.513819223996750907e+01
4.693715594332417851e+01 4.676931070924009504e+01
4.693715594332417851e+01 4.314024728153964361e+01
4.693715594332417851e+01 4.425770296533307402e+01
4.693715594332417851e+01 4.365520639872868713e+01
4.693715594332417851e+01 4.557708920776994432e+01
4.693715594332417851e+01 4.304665364266811167e+01
4.693715594332417851e+01 4.653752935885586339e+01
4.693715594332417851e+01 4.773405863789315617e+01
4.693715594332417851e+01 4.262870551605220015e+01
4.693715594332417851e+01 4.350847354670138145e+01
4.693715594332417851e+01 4.999233985753094345e+01
4.693715594332417851e+01 5.105931072274307780e+01
4.693715594332417851e+01 4.446621807278325633e+01
4.693715594332417851e+01 4.855735392218667812e+01
4.693715594332417851e+01 4.224396939543412799e+01
4.693715594332417851e+01 4.757667015425623447e+01
4.693715594332417851e+01 4.875959600442590158e+01
4.693715594332417851e+01 4.690201891587268790e+01
4.693715594332417851e+01 5.283759274352854618e+01
4.693715594332417851e+01 4.828369223180991554e+01
4.693715594332417851e+01 4.459647170595718535e+01
4.693715594332417851e+01 5.023742917695985710e+01
4.693715594332417851e+01 4.474850391049317722e+01
4.693715594332417851e+01 4.611864942439792259e+01
4.693715594332417851e+01 4.749647717607036412e+01
4.693715594332417851e+01 4.508094062486884468e+01
4.693715594332417851e+01 4.471610983120491767e+01
4.693715594332417851e+01 4.631011876161851859e+01
4.693715594332417851e+01 4.448537464350500414e+01
4.693715594332417851e+01 4.217691489853181963e+01
4.693715594332417851e+01 4.686083159557495748e+01
4.693715594332417851e+01 5.045378740629609382e+01
4.693715594332417851e+01 4.814616313362115818e+01
4.693715594332417851e+01 4.360232839530381455e+01
4.693715594332417851e+01 4.967363185316037288e+01
4.693715594332417851e+01 4.716615081807496779e+01
4.693715594332417851e+01 4.545580462983304670e+01
4.693715594332417851e+01 4.625035684416555881e+01
4.693715594332417851e+01 4.670738343758321065e+01
4.693715594332417851e+01 4.529679977828597259e+01
4.693715594332417851e+01 4.263890964587427135e+01
4.693715594332417851e+01 5.616592591216506491e+01
4.693715594332417851e+01 4.624617893634960097e+01
4.693715594332417851e+01 4.539535439070745326e+01
4.693715594332417851e+01 4.145792353767728144e+01
4.693715594332417851e+01 4.536491899059907240e+01
4.693715594332417851e+01 5.003672177330046367e+01
4.693715594332417851e+01 4.740189206182616743e+01
4.693715594332417851e+01 4.398696978568000304e+01
4.693715594332417851e+01 3.996317784091193914e+01
4.693715594332417851e+01 3.988126031680432249e+01
4.693715594332417851e+01 4.610651810396907990e+01
4.693715594332417851e+01 4.013038705330234990e+01
4.693715594332417851e+01 4.921849528582082201e+01
4.693715594332417851e+01 5.430200695269166999e+01
4.693715594332417851e+01 4.857913498387622298e+01
4.693715594332417851e+01 4.759157066655301804e+01
4.693715594332417851e+01 4.460215416740506100e+01
4.693715594332417851e+01 4.789507100982377352e+01
4.693715594332417851e+01 4.687955495865480771e+01
4.693715594332417851e+01 4.592099703678738365e+01
4.693715594332417851e+01 4.596778930706642541e+01
4.693715594332417851e+01 4.868585121363122425e+01
4.693715594332417851e+01 4.299427241326505822e+01
4.693715594332417851e+01 5.126257689906656623e+01
4.693715594332417851e+01 4.761027544263212974e+01
4.693715594332417851e+01 4.501782791011459040e+01
4.693715594332417851e+01 5.445791106723783059e+01
4.693715594332417851e+01 4.675076406772160453e+01
4.693715594332417851e+01 4.707671649455528495e+01
4.693715594332417851e+01 4.466559839431680246e+01
4.693715594332417851e+01 4.361342807513202757e+01
4.693715594332417851e+01 4.441215854592579149e+01
4.693715594332417851e+01 4.487399771122127135e+01
4.693715594332417851e+01 4.176590952190741035e+01
4.693715594332417851e+01 5.325610487205397447e+01
4.693715594332417851e+01 4.660103690529452791e+01
4.693715594332417851e+01 5.295176563629014765e+01
4.693715594332417851e+01 4.524417408776487548e+01
4.693715594332417851e+01 4.951214367159487750e+01
4.693715594332417851e+01 4.976068086017452430e+01
4.693715594332417851e+01 4.781005083118659371e+01
4.693715594332417851e+01 4.583417208510669383e+01
4.693715594332417851e+01 4.377656881224368135e+01
4.693715594332417851e+01 4.807844858370729213e+01
4.693715594332417851e+01 4.245678892939284310e+01
4.693715594332417851e+01 4.721558507353900325e+01
4.693715594332417851e+01 4.451949281295277672e+01
4.693715594332417851e+01 4.509412440190463656e+01
4.693715594332417851e+01 4.557909771048699099e+01
4.693715594332417851e+01 5.091439993822681487e+01
4.693715594332417851e+01 4.599387287815014957e+01
4.693715594332417851e+01 4.364545583911302629e+01
4.693715594332417851e+01 4.035376077665488737e+01
4.693715594332417851e+01 4.377930728992492959e+01
4.693715594332417851e+01 4.490032187158694654e+01
4.693715594332417851e+01 4.733561045859820382e+01
4.693715594332417851e+01 3.981609524871218753e+01
4.693715594332417851e+01 4.828745718476564974e+01
4.693715594332417851e+01 4.374629680379995023e+01
4.693715594332417851e+01 4.499328937612319379e+01
4.693715594332417851e+01 4.325709785723382339e+01
4.693715594332417851e+01 4.217222899162553773e+01
4.693715594332417851e+01 4.977785245813957715e+01
4.693715594332417851e+01 4.454836948925974838e+01
4.693715594332417851e+01 4.384437126280187158e+01
4.693715594332417851e+01 4.914332343357393285e+01
4.693715594332417851e+01 5.027502510593065921e+01
4.693715594332417851e+01 4.271793813557024322e+01
4.693715594332417851e+01 4.431219618051597564e+01
4.693715594332417851e+01 4.928982724021432205e+01
4.693715594332417851e+01 4.943748476729331287e+01
4.693715594332417851e+01 5.029225563587777259e+01
4.693715594332417851e+01 4.065518736808575539e+01
4.693715594332417851e+01 4.798266808419924701e+01
4.693715594332417851e+01 4.605214933602658789e+01
4.693715594332417851e+01 4.007383735114573398e+01
4.693715594332417851e+01 5.204280627079045729e+01
4.693715594332417851e+01 4.246394362026708791e+01
4.693715594332417851e+01 4.226973442659077307e+01
4.693715594332417851e+01 4.750911703849149603e+01
4.693715594332417851e+01 4.213571772517833836e+01
4.693715594332417851e+01 5.271004265922015009e+01
4.693715594332417851e+01 4.818872212554962431e+01
4.693715594332417851e+01 4.468509288356050035e+01
4.693715594332417851e+01 4.786628719617133498e+01
4.693715594332417851e+01 4.440826310994010839e+01
4.693715594332417851e+01 4.639016198581327899e+01
4.693715594332417851e+01 4.771905493885691385e+01
4.693715594332417851e+01 4.513992998405791468e+01
4.693715594332417851e+01 4.564368672257882054e+01
4.693715594332417851e+01 4.380775725780945606e+01
4.693715594332417851e+01 4.780772756663333212e+01
4.693715594332417851e+01 4.488760800917241767e+01
4.693715594332417851e+01 4.536055108390525703e+01
4.693715594332417851e+01 4.579613668390221903e+01
4.693715594332417851e+01 4.562326650648972048e+01
4.693715594332417851e+01 4.587080348539467423e+01
4.693715594332417851e+01 5.384636395630644756e+01
4.693715594332417851e+01 4.676046129148994623e+01
4.693715594332417851e+01 4.813572520493380580e+01
4.693715594332417851e+01 4.549425613151595371e+01
4.693715594332417851e+01 4.679343345743205873e+01
4.693715594332417851e+01 4.782709755491999459e+01
4.693715594332417851e+01 4.369117589211197128e+01
4.693715594332417851e+01 4.416701436061705976e+01
4.693715594332417851e+01 4.412460251055648541e+01
4.693715594332417851e+01 4.814390653127773589e+01
4.693715594332417851e+01 4.971703092119522438e+01
4.693715594332417851e+01 4.273708819186703778e+01
4.693715594332417851e+01 5.181737454814285115e+01
4.693715594332417851e+01 4.653457114352850965e+01
4.693715594332417851e+01 4.727071162715191122e+01
4.693715594332417851e+01 4.516271457213411367e+01
4.693715594332417851e+01 4.729034939244944979e+01
4.693715594332417851e+01 4.437865836122672647e+01
4.693715594332417851e+01 5.219108679035706899e+01
4.693715594332417851e+01 5.509936653568279041e+01
4.693715594332417851e+01 4.550027395324141821e+01
4.693715594332417851e+01 4.778522198455598868e+01
4.693715594332417851e+01 4.861685397408212594e+01
4.693715594332417851e+01 4.678409332977322777e+01
4.693715594332417851e+01 4.446595375233609104e+01
4.693715594332417851e+01 4.792961448904311084e+01
4.693715594332417851e+01 4.666355492689165629e+01
4.693715594332417851e+01 4.378439798338501276e+01
4.693715594332417851e+01 4.827395484840683082e+01
4.693715594332417851e+01 5.147847950417534690e+01
4.693715594332417851e+01 5.134776022242662918e+01
4.693715594332417851e+01 4.088862343010299583e+01
4.693715594332417851e+01 4.549038809522829752e+01
4.693715594332417851e+01 4.623720935172716651e+01
4.693715594332417851e+01 4.473861964940189040e+01
4.693715594332417851e+01 4.488779951607374841e+01
4.693715594332417851e+01 4.820583508718079457e+01
4.693715594332417851e+01 4.907313990526051128e+01
4.693715594332417851e+01 4.128602075586189102e+01
4.693715594332417851e+01 4.723205269852804378e+01
4.693715594332417851e+01 4.573518076154000056e+01
4.693715594332417851e+01 3.652075433780606772e+01
4.693715594332417851e+01 3.988672802107680582e+01
4.693715594332417851e+01 4.483228069532849958e+01
4.693715594332417851e+01 4.292499208330917071e+01
4.693715594332417851e+01 4.214104975026875621e+01
4.693715594332417851e+01 4.688966497969197889e+01
4.693715594332417851e+01 4.121371770971882853e+01
4.693715594332417851e+01 4.409849603541855600e+01
4.693715594332417851e+01 4.612433056037357915e+01
4.693715594332417851e+01 4.289121569405119772e+01
4.693715594332417851e+01 4.885847184893834338e+01
4.693715594332417851e+01 4.216465429383882935e+01
4.693715594332417851e+01 4.565878473069982135e+01
4.693715594332417851e+01 4.546161813166147425e+01
4.693715594332417851e+01 4.578734274245088187e+01
4.693715594332417851e+01 4.768409612386588492e+01
4.693715594332417851e+01 5.092664967584646973e+01
4.693715594332417851e+01 4.690596560843997054e+01
4.693715594332417851e+01 4.383778768855248842e+01
4.693715594332417851e+01 4.105783883977180437e+01
4.693715594332417851e+01 4.810899992225467514e+01
4.693715594332417851e+01 4.452253303533476725e+01
4.693715594332417851e+01 4.687706570226075087e+01
4.693715594332417851e+01 4.867379497143708988e+01
4.693715594332417851e+01 4.424669346500622424e+01
4.693715594332417851e+01 4.585186621528365691e+01
4.693715594332417851e+01 4.828501286475600551e+01
4.693715594332417851e+01 3.847842161434854091e+01
4.693715594332417851e+01 4.874395557976932025e+01
4.693715594332417851e+01 4.427988617596014365e+01
4.693715594332417851e+01 4.086942604781593502e+01
4.693715594332417851e+01 4.933251899689605580e+01
4.693715594332417851e+01 4.646562537055791609e+01
4.693715594332417851e+01 4.744805357746446361e+01
4.693715594332417851e+01 4.605017373284982796e+01
4.693715594332417851e+01 4.307855932849130909e+01
4.693715594332417851e+01 4.828999529633725984e+01
4.693715594332417851e+01 4.785225798885817738e+01
4.693715594332417851e+01 4.559079655301118095e+01
4.693715594332417851e+01 4.607847123531377775e+01
4.693715594332417851e+01 4.190324556581357029e+01
4.693715594332417851e+01 4.473739828221795989e+01
4.693715594332417851e+01 4.702796897966754130e+01
4.693715594332417851e+01 4.413944677288559149e+01
4.693715594332417851e+01 4.500005773322083513e+01
4.693715594332417851e+01 4.915286808825714360e+01
4.693715594332417851e+01 4.878338142449254633e+01
4.693715594332417851e+01 4.025550459964677685e+01
4.693715594332417851e+01 5.139538775730781595e+01
4.693715594332417851e+01 4.177125648408027558e+01
4.693715594332417851e+01 4.399677698461164255e+01
4.693715594332417851e+01 4.701440522935666166e+01
4.693715594332417851e+01 4.412873654306953597e+01
4.693715594332417851e+01 4.867348068920781401e+01
4.693715594332417851e+01 4.811829770960702746e+01
4.693715594332417851e+01 4.346024288546355763e+01
4.693715594332417851e+01 4.779595646255151564e+01
4.693715594332417851e+01 4.257683644821255342e+01
4.693715594332417851e+01 4.882540933769575986e+01
4.693715594332417851e+01 4.948294251295143198e+01
4.693715594332417851e+01 4.411626089668429529e+01
4.693715594332417851e+01 4.694027152596473940e+01
4.693715594332417851e+01 4.634200616977776832e+01
4.693715594332417851e+01 4.579892835641393134e+01
4.693715594332417851e+01 4.699918566556550559e+01
4.693715594332417851e+01 4.205358456644786003e+01
4.693715594332417851e+01 4.745558470479904400e+01
4.693715594332417851e+01 4.861172376007469609e+01
4.693715594332417851e+01 4.989242307670980381e+01
4.693715594332417851e+01 4.242841781312782246e+01
4.693715594332417851e+01 4.291347835518507736e+01
4.693715594332417851e+01 4.370365595389857560e+01
4.693715594332417851e+01 3.994287602936336157e+01
4.693715594332417851e+01 4.671450515829219796e+01
4.693715594332417851e+01 4.541330111695932459e+01
4.693715594332417851e+01 4.623747977647059315e+01
4.693715594332417851e+01 4.605997547492152222e+01
4.693715594332417851e+01 4.981317301868332947e+01
4.693715594332417851e+01 4.858525678998490349e+01
4.693715594332417851e+01 5.162276442428158418e+01
4.693715594332417851e+01 4.712600460147511683e+01
4.693715594332417851e+01 4.389237441633290615e+01
4.693715594332417851e+01 4.741473327404580829e+01
4.693715594332417851e+01 4.497329323961074010e+01
4.693715594332417851e+01 5.055947453176928974e+01
4.693715594332417851e+01 4.265678891424551011e+01
4.693715594332417851e+01 5.079263654966641894e+01
4.693715594332417851e+01 4.542511280818465025e+01
4.693715594332417851e+01 4.960217795418255093e+01
4.693715594332417851e+01 4.626038105027283365e+01
4.693715594332417851e+01 4.546819053839475089e+01
4.693715594332417851e+01 5.187768728029848830e+01
4.693715594332417851e+01 4.878449424182141314e+01
4.693715594332417851e+01 5.184618058542808683e+01
4.693715594332417851e+01 4.573689683543720719e+01
4.693715594332417851e+01 4.767959261529357917e+01
4.693715594332417851e+01 4.349495229138170771e+01
4.693715594332417851e+01 5.125938436889458671e+01
4.693715594332417851e+01 4.302594870957486251e+01
4.693715594332417851e+01 4.772861040200336191e+01
4.693715594332417851e+01 4.880053322711075481e+01
4.693715594332417851e+01 4.757229258410851713e+01
4.693715594332417851e+01 4.329666258245158161e+01
4.693715594332417851e+01 4.080517996016368443e+01
4.693715594332417851e+01 4.627883695637054728e+01
4.693715594332417851e+01 4.520913308445138767e+01
4.693715594332417851e+01 4.268335890201040428e+01
4.693715594332417851e+01 5.263907270770016567e+01
4.693715594332417851e+01 4.521185955586801697e+01
4.693715594332417851e+01 4.380361535214301227e+01
4.693715594332417851e+01 4.112441965845176384e+01
4.693715594332417851e+01 4.780844580343936912e+01
4.693715594332417851e+01 4.321981440994840540e+01
4.693715594332417851e+01 4.869029528480198366e+01
4.693715594332417851e+01 4.460299226315106580e+01
4.693715594332417851e+01 4.248227174358895297e+01
4.693715594332417851e+01 5.026177681347295589e+01
4.693715594332417851e+01 5.019260616557226484e+01
4.693715594332417851e+01 4.552303305173068537e+01
4.693715594332417851e+01 4.023007043634098778e+01
4.693715594332417851e+01 4.255630287462146555e+01
4.693715594332417851e+01 4.614902716231938484e+01
4.693715594332417851e+01 4.802875156021021041e+01
4.693715594332417851e+01 4.503388992446928540e+01
4.693715594332417851e+01 4.631273109858049963e+01
4.693715594332417851e+01 4.990869095281684764e+01
4.693715594332417851e+01 4.581701415760404927e+01
4.693715594332417851e+01 4.785787690639862291e+01
4.693715594332417851e+01 4.876338098042691627e+01
4.693715594332417851e+01 5.154245881202509594e+01
4.693715594332417851e+01 4.768555562550635329e+01
4.693715594332417851e+01 4.347527873579073088e+01
4.693715594332417851e+01 4.358350896737601943e+01
4.693715594332417851e+01 3.949700788343557178e+01
4.693715594332417851e+01 4.596859172283664918e+01
4.693715594332417851e+01 4.769361477134433613e+01
4.693715594332417851e+01 4.551557834640428268e+01
4.693715594332417851e+01 4.912301076668444466e+01
4.693715594332417851e+01 4.712873621968631710e+01
4.693715594332417851e+01 4.345291543370541376e+01
4.693715594332417851e+01 4.913157004725650978e+01
4.693715594332417851e+01 4.439850070454259168e+01
4.693715594332417851e+01 5.214359681662609347e+01
4.693715594332417851e+01 4.270427190072336998e+01
4.693715594332417851e+01 4.519056392883666717e+01
4.693715594332417851e+01 5.418335944910755586e+01
4.693715594332417851e+01 4.782156646678261325e+01
4.693715594332417851e+01 4.506778580557038794e+01
4.693715594332417851e+01 4.532515413722312303e+01
4.693715594332417851e+01 4.141893478510062465e+01
4.693715594332417851e+01 4.934627068378620152e+01
4.693715594332417851e+01 4.454420055748728657e+01
4.693715594332417851e+01 4.701866767663964453e+01
4.693715594332417851e+01 4.512550517439865416e+01
4.693715594332417851e+01 5.054430122729314689e+01
4.693715594332417851e+01 4.821697676317447190e+01
4.693715594332417851e+01 4.722991780450717414e+01
4.693715594332417851e+01 4.878942918583449995e+01
4.693715594332417851e+01 4.616043540542262491e+01
4.693715594332417851e+01 4.730775087384340338e+01
4.693715594332417851e+01 4.618434140652342990e+01
4.693715594332417851e+01 4.546685906965849000e+01
4.693715594332417851e+01 4.779032958106093787e+01
4.693715594332417851e+01 4.734143577974872130e+01
4.693715594332417851e+01 4.851580324248514842e+01
4.693715594332417851e+01 4.651040892943103700e+01
