4.693715594332417851e+01 5.293072104019397273e+01
4.693715594332417851e+01 4.610017282123656912e+01
4.693715594332417851e+01 4.586221695192912051e+01
4.693715594332417851e+01 4.522647617144432530e+01
4.693715594332417851e+01 4.744827471681784203e+01
4.693715594332417851e+01 4.634814499538628496e+01
4.693715594332417851e+01 4.640940472186325394e+01
4.693715594332417851e+01 4.700310128424103340e+01
4.693715594332417851e+01 4.264753609011446400e+01
4.693715594332417851e+01 4.360133237526475369e+01
4.693715594332417851e+01 4.757805091230056149e+01
4.693715594332417851e+01 3.981609679286293613e+01
4.693715594332417851e+01 4.715006855066469882e+01
4.693715594332417851e+01 4.578768228467072277e+01
4.693715594332417851e+01 4.286973651227550874e+01
4.693715594332417851e+01 4.806290426199822008e+01
4.693715594332417851e+01 4.679209748191053109e+01
4.693715594332417851e+01 4.641017604695561261e+01
4.693715594332417851e+01 4.162877931255003716e+01
4.693715594332417851e+01 4.506140225862390736e+01
4.693715594332417851e+01 4.478766954838807379e+01
4.693715594332417851e+01 4.839635792121038094e+01
4.693715594332417851e+01 4.995806082743443000e+01
4.693715594332417851e+01 4.928027008442057877e+01
4.693715594332417851e+01 4.301323516250132428e+01
4.693715594332417851e+01 4.946659031241723881e+01
4.693715594332417851e+01 4.084148009538052548e+01
4.693715594332417851e+01 4.387007503761761740e+01
4.693715594332417851e+01 4.498719071377403367e+01
4.693715594332417851e+01 4.704973842877046764e+01
4.693715594332417851e+01 4.648294512937689404e+01
4.693715594332417851e+01 5.207896449084546475e+01
4.693715594332417851e+01 4.642335052990253530e+01
4.693715594332417851e+01 4.624331966273848593e+01
4.693715594332417851e+01 5.415888921950443091e+01
4.693715594332417851e+01 5.384264092536680835e+01
4.693715594332417851e+01 4.827137710397669679e+01
4.693715594332417851e+01 4.774037190396974495e+01
4.693715594332417851e+01 4.990488753983807158e+01
4.693715594332417851e+01 4.594795344169214246e+01
4.693715594332417851e+01 4.887201847346813111e+01
4.693715594332417851e+01 4.440384240410637773e+01
4.693715594332417851e+01 4.409880750070045963e+01
4.693715594332417851e+01 4.761851972101568009e+01
4.693715594332417851e+01 4.344252361828665698e+01
4.693715594332417851e+01 4.954765621486006211e+01
4.693715594332417851e+01 5.140728782934633045e+01
4.693715594332417851e+01 4.478966045147152641e+01
4.693715594332417851e+01 4.752262651095237800e+01
4.693715594332417851e+01 4.007673776212157435e+01
4.693715594332417851e+01 4.529966048247973731e+01
4.693715594332417851e+01 4.474773256005182986e+01
4.693715594332417851e+01 4.976266194916986052e+01
4.693715594332417851e+01 4.243349324275936851e+01
4.693715594332417851e+01 4.334656028908439396e+01
4.693715594332417851e+01 4.588693038862946594e+01
4.693715594332417851e+01 4.586730847729404559e+01
4.693715594332417851e+01 4.296034527627855937e+01
4.693715594332417851e+01 3.924201410898589870e+01
4.693715594332417851e+01 4.500123145901956434e+01
4.693715594332417851e+01 4.734027158522796697e+01
4.693715594332417851e+01 4.207369160040134659e+01
4.693715594332417851e+01 4.546297693424901354e+01
4.693715594332417851e+01 4.489542407787301670e+01
4.693715594332417851e+01 3.945686388828336533e+01
4.693715594332417851e+01 3.950925832468400500e+01
4.693715594332417851e+01 5.021725198682722890e+01
4.693715594332417851e+01 4.461774015419259598e+01
4.693715594332417851e+01 4.945062754990790665e+01
4.693715594332417851e+01 4.446309515675970658e+01
4.693715594332417851e+01 4.130660432237873891e+01
4.693715594332417851e+01 5.320110699674434329e+01
4.693715594332417851e+01 4.674638773779448542e+01
4.693715594332417851e+01 4.698827168499611417e+01
4.693715594332417851e+01 4.237595162521295578e+01
4.693715594332417851e+01 4.371029641362988372e+01
4.693715594332417851e+01 3.844691751911233268e+01
4.693715594332417851e+01 4.256347842605290310e+01
4.693715594332417851e+01 4.100725297881520248e+01
4.693715594332417851e+01 4.936290933829378957e+01
4.693715594332417851e+01 4.825113191661572642e+01
4.693715594332417851e+01 4.550347534705893793e+01
4.693715594332417851e+01 5.109121564873821342e+01
4.693715594332417851e+01 3.918513065323851663e+01
4.693715594332417851e+01 4.471055362273866507e+01
4.693715594332417851e+01 3.843187322178957288e+01
4.693715594332417851e+01 4.380929061543485403e+01
4.693715594332417851e+01 5.115997337207340223e+01
4.693715594332417851e+01 4.530471033841759976e+01
4.693715594332417851e+01 4.471003847937551967e+01
4.693715594332417851e+01 4.463675851256866878e+01
4.693715594332417851e+01 4.485165175345138522e+01
4.693715594332417851e+01 4.371865992899964937e+01
4.693715594332417851e+01 4.684368636756165927e+01
4.693715594332417851e+01 5.104863387580345346e+01
4.693715594332417851e+01 5.062108224755039743e+01
4.693715594332417851e+01 4.805995788090429954e+01
4.693715594332417851e+01 4.450883781246394477e+01
4.693715594332417851e+01 4.830235953342800315e+01
4.693715594332417851e+01 4.334114626852636576e+01
4.693715594332417851e+01 4.572301943255702383e+01
4.693715594332417851e+01 5.029314879316208220e+01
4.693715594332417851e+01 4.403312389639947355e+01
4.693715594332417851e+01 4.230634024763992329e+01
4.693715594332417851e+01 4.673272209598771809e+01
4.693715594332417851e+01 4.686999713514642707e+01
4.693715594332417851e+01 4.219269158589892044e+01
4.693715594332417851e+01 5.129704644633244470e+01
4.693715594332417851e+01 4.791114532203472010e+01
4.693715594332417851e+01 4.610468008292905751e+01
4.693715594332417851e+01 4.056353587715931752e+01
4.693715594332417851e+01 4.791087963282615902e+01
4.693715594332417851e+01 4.516664509930993887e+01
4.693715594332417851e+01 4.493333347160334057e+01
4.693715594332417851e+01 5.014088370224438052e+01
4.693715594332417851e+01 4.535618093224042013e+01
4.693715594332417851e+01 4.642793446442998118e+01
4.693715594332417851e+01 4.853274241051656190e+01
4.693715594332417851e+01 4.866185675292505408e+01
4.693715594332417851e+01 4.747537431581354639e+01
4.693715594332417851e+01 4.911333679043674749e+01
4.693715594332417851e+01 4.055213611776510874e+01
4.693715594332417851e+01 5.063907899300846793e+01
4.693715594332417851e+01 4.787533831638859994e+01
4.693715594332417851e+01 4.119606025321728993e+01
4.693715594332417851e+01 5.083937351783611547e+01
4.693715594332417851e+01 4.842433684733038035e+01
4.693715594332417851e+01 4.236480231378550343e+01
4.693715594332417851e+01 5.136425183437838626e+01
4.693715594332417851e+01 4.596531852704119814e+01
4.693715594332417851e+01 4.323193851709958579e+01
4.693715594332417851e+01 4.806321109086977117e+01
4.693715594332417851e+01 5.644501576415337496e+01
4.693715594332417851e+01 3.554750264086580813e+01
4.693715594332417851e+01 4.789774124201392169e+01
4.693715594332417851e+01 4.661316031853565534e+01
4.693715594332417851e+01 4.927689978957076278e+01
4.693715594332417851e+01 5.091883391618185328e+01
4.693715594332417851e+01 4.376186072893204226e+01
4.693715594332417851e+01 4.693345474919880900e+01
4.693715594332417851e+01 3.947996453121456284e+01
4.693715594332417851e+01 4.458948663805627177e+01
4.693715594332417851e+01 4.591953082065308678e+01
4.693715594332417851e+01 4.624213595901568397e+01
4.693715594332417851e+01 4.270522213778605902e+01
4.693715594332417851e+01 4.405697489164417391e+01
4.693715594332417851e+01 4.506454437583803951e+01
4.693715594332417851e+01 4.165828597042538206e+01
4.693715594332417851e+01 4.703379659575723082e+01
4.693715594332417851e+01 4.509762924834046771e+01
4.693715594332417851e+01 4.563960482000462093e+01
4.693715594332417851e+01 4.841289872302502317e+01
4.693715594332417851e+01 5.125140430295871141e+01
4.693715594332417851e+01 4.338708319500408095e+01
4.693715594332417851e+01 4.113168361267236861e+01
4.693715594332417851e+01 4.629569233329838340e+01
4.693715594332417851e+01 4.892081419812909360e+01
4.693715594332417851e+01 5.030693060898160951e+01
4.693715594332417851e+01 4.814096223433011090e+01
4.693715594332417851e+01 4.680716581945212340e+01
4.693715594332417851e+01 4.918405368123706722e+01
4.693715594332417851e+01 4.544232782832782647e+01
4.693715594332417851e+01 4.706995979982895051e+01
4.693715594332417851e+01 5.116763582608223260e+01
4.693715594332417851e+01 4.992430718296532177e+01
4.693715594332417851e+01 4.869483654220924507e+01
4.693715594332417851e+01 4.633816668542402795e+01
4.693715594332417851e+01 4.423611839478173380e+01
4.693715594332417851e+01 4.806978439699886252e+01
4.693715594332417851e+01 4.641138462694258493e+01
4.693715594332417851e+01 4.706456095821047114e+01
4.693715594332417851e+01 4.488839938143007657e+01
4.693715594332417851e+01 4.050710336933383360e+01
4.693715594332417851e+01 4.665316796071900995e+01
4.693715594332417851e+01 4.712290364650773000e+01
4.693715594332417851e+01 4.672965705597918173e+01
4.693715594332417851e+01 4.419985223188908918e+01
4.693715594332417851e+01 4.343407771067807488e+01
4.693715594332417851e+01 4.461195913693168080e+01
4.693715594332417851e+01 4.421423940649543027e+01
4.693715594332417851e+01 4.819114211692464522e+01
4.693715594332417851e+01 4.654476226941122263e+01
4.693715594332417851e+01 5.168188548211535505e+01
4.693715594332417851e+01 4.546933059575416536e+01
4.693715594332417851e+01 4.827183932119652354e+01
4.693715594332417851e+01 4.548717889836746053e+01
4.693715594332417851e+01 4.223074571201602367e+01
4.693715594332417851e+01 4.748764395883178935e+01
4.693715594332417851e+01 4.767347799380983986e+01
4.693715594332417851e+01 4.146825214830980855e+01
4.693715594332417851e+01 4.687266623354444306e+01
4.693715594332417851e+01 4.603270930474872102e+01
4.693715594332417851e+01 4.080810663427809004e+01
4.693715594332417851e+01 4.960338638793179200e+01
4.693715594332417851e+01 4.733203635719032576e+01
4.693715594332417851e+01 4.148656382995206826e+01
4.693715594332417851e+01 4.501574928944124565e+01
4.693715594332417851e+01 4.701590085764271976e+01
4.693715594332417851e+01 4.886044998519837890e+01
4.693715594332417851e+01 4.322774442021616892e+01
4.693715594332417851e+01 4.612785202255039962e+01
4.693715594332417851e+01 4.532785510482614200e+01
4.693715594332417851e+01 4.690235392711268503e+01
4.693715594332417851e+01 4.513734734933308346e+01
4.693715594332417851e+01 4.876830088194788004e+01
4.693715594332417851e+01 4.753307195323844780e+01
4.693715594332417851e+01 4.454645748310075959e+01
4.693715594332417851e+01 4.565187982046882809e+01
4.693715594332417851e+01 4.919951956532184312e+01
4.693715594332417851e+01 4.103520332091974154e+01
4.693715594332417851e+01 4.230467337820940799e+01
4.693715594332417851e+01 4.504768147332571004e+01
4.693715594332417851e+01 4.839942404844065038e+01
4.693715594332417851e+01 4.951986038541040358e+01
4.693715594332417851e+01 5.090237661805883107e+01
4.693715594332417851e+01 5.068761547248445254e+01
4.693715594332417851e+01 4.315455292490442218e+01
4.693715594332417851e+01 4.288485008710554780e+01
4.693715594332417851e+01 3.934559394480263705e+01
4.693715594332417851e+01 4.784189722076364149e+01
4.693715594332417851e+01 4.285391540024760815e+01
4.693715594332417851e+01 4.365019625397115988e+01
4.693715594332417851e+01 4.225276314416279888e+01
4.693715594332417851e+01 4.730957963559465895e+01
4.693715594332417851e+01 4.583389624756831182e+01
4.693715594332417851e+01 4.919694980672761631e+01
4.693715594332417851e+01 5.179983272356074053e+01
4.693715594332417851e+01 5.163486248697652314e+01
4.693715594332417851e+01 4.415674688180445173e+01
4.693715594332417851e+01 4.474501629024936733e+01
4.693715594332417851e+01 4.691359890354952711e+01
4.693715594332417851e+01 4.638972370065378925e+01
4.693715594332417851e+01 4.196947521324390351e+01
4.693715594332417851e+01 4.430245027201338814e+01
4.693715594332417851e+01 3.856126475250645314e+01
4.693715594332417851e+01 4.580968102698894739e+01
4.693715594332417851e+01 4.257821475886433404e+01
4.693715594332417851e+01 4.651814138644527219e+01
4.693715594332417851e+01 4.159405527604398856e+01
4.693715594332417851e+01 5.130342375716602277e+01
4.693715594332417851e+01 4.899915356898765140e+01
4.693715594332417851e+01 4.576296944852907700e+01
4.693715594332417851e+01 4.647008904468307833e+01
4.693715594332417851e+01 4.264181328485783951e+01
4.693715594332417851e+01 4.762499871750105029e+01
4.693715594332417851e+01 4.899624167152985876e+01
4.693715594332417851e+01 4.873220842488506577e+01
4.693715594332417851e+01 4.581947194664794409e+01
4.693715594332417851e+01 5.109316395460439253e+01
4.693715594332417851e+01 4.810316539128767488e+01
4.693715594332417851e+01 4.549399604582693968e+01
4.693715594332417851e+01 4.393035294597463292e+01
4.693715594332417851e+01 4.773051110480975012e+01
4.693715594332417851e+01 4.571439260794893755e+01
4.693715594332417851e+01 4.330710652258697735e+01
4.693715594332417851e+01 5.332973336664650077e+01
4.693715594332417851e+01 4.437712718015919933e+01
4.693715594332417851e+01 4.351805802384140520e+01
4.693715594332417851e+01 4.233649774087471940e+01
4.693715594332417851e+01 4.735269759318036620e+01
4.693715594332417851e+01 4.864580795085217346e+01
4.693715594332417851e+01 4.728945326283638906e+01
4.693715594332417851e+01 4.580487645143245601e+01
4.693715594332417851e+01 4.107536076733238417e+01
4.693715594332417851e+01 4.681054159261287140e+01
4.693715594332417851e+01 4.175261666510592562e+01
4.693715594332417851e+01 4.453043441069070951e+01
4.693715594332417851e+01 4.911561952930547648e+01
4.693715594332417851e+01 4.907544987854343788e+01
4.693715594332417851e+01 4.233730586068139701e+01
4.693715594332417851e+01 4.913303648996778605e+01
4.693715594332417851e+01 4.750737151130332592e+01
4.693715594332417851e+01 5.067146948187085798e+01
4.693715594332417851e+01 5.211719512124435028e+01
4.693715594332417851e+01 4.594386149189212887e+01
4.693715594332417851e+01 4.875046419109209950e+01
4.693715594332417851e+01 4.574829796005013804e+01
4.693715594332417851e+01 4.375672034368746210e+01
4.693715594332417851e+01 4.694472643941190881e+01
4.693715594332417851e+01 3.867150604642574052e+01
4.693715594332417851e+01 4.377348475066639821e+01
4.693715594332417851e+01 4.446788414724743888e+01
4.693715594332417851e+01 4.392771287539037672e+01
4.693715594332417851e+01 4.948851228971130922e+01
4.693715594332417851e+01 4.716176376451928576e+01
4.693715594332417851e+01 5.069105953083204241e+01
4.693715594332417851e+01 4.659331227794802999e+01
4.693715594332417851e+01 4.857891666850231616e+01
4.693715594332417851e+01 4.384110080443051061e+01
4.693715594332417851e+01 4.354185893727647994e+01
4.693715594332417851e+01 4.652505990039971095e+01
4.693715594332417851e+01 4.619230609950217570e+01
4.693715594332417851e+01 4.263850249781096835e+01
4.693715594332417851e+01 4.446122293778961421e+01
4.693715594332417851e+01 4.740451014612239078e+01
4.693715594332417851e+01 4.921741360764675477e+01
4.693715594332417851e+01 4.770888401654924138e+01
4.693715594332417851e+01 4.366190122455215317e+01
4.693715594332417851e+01 4.627035578193680720e+01
4.693715594332417851e+01 4.758086652894589008e+01
4.693715594332417851e+01 4.612204556195985106e+01
4.693715594332417851e+01 4.502022977748490717e+01
4.693715594332417851e+01 4.531349519922716240e+01
4.693715594332417851e+01 4.517396710735756926e+01
4.693715594332417851e+01 4.726015499523324337e+01
4.693715594332417851e+01 4.525296518725278361e+01
4.693715594332417851e+01 4.604549736197139964e+01
4.693715594332417851e+01 4.459782793021693692e+01
4.693715594332417851e+01 4.692457954137465492e+01
4.693715594332417851e+01 4.193945422223251285e+01
4.693715594332417851e+01 5.225616716822713670e+01
4.693715594332417851e+01 4.981324056055749594e+01
4.693715594332417851e+01 4.337455538827489931e+01
4.693715594332417851e+01 4.131468847335231231e+01
4.693715594332417851e+01 4.304945381118689340e+01
4.693715594332417851e+01 4.346421631022906951e+01
4.693715594332417851e+01 4.118852916203150016e+01
4.693715594332417851e+01 4.757574251896878792e+01
4.693715594332417851e+01 5.070573110037075537e+01
4.693715594332417851e+01 4.255029646131665544e+01
4.693715594332417851e+01 4.490754315629305893e+01
4.693715594332417851e+01 4.749721363252445627e+01
4.693715594332417851e+01 4.376845491202810479e+01
4.693715594332417851e+01 4.528586208957580084e+01
4.693715594332417851e+01 4.769369489734199163e+01
4.693715594332417851e+01 4.233144567097573230e+01
4.693715594332417851e+01 4.613579937697482336e+01
4.693715594332417851e+01 4.463778063576457100e+01
4.693715594332417851e+01 4.948644782110358165e+01
4.693715594332417851e+01 4.466312765961284015e+01
4.693715594332417851e+01 4.496278161759497749e+01
4.693715594332417851e+01 4.510971201114647755e+01
4.693715594332417851e+01 4.349121281812499973e+01
4.693715594332417851e+01 4.395667381871109569e+01
4.693715594332417851e+01 4.787091267388063187e+01
4.693715594332417851e+01 4.304402882899810123e+01
4.693715594332417851e+01 4.211144269915331506e+01
4.693715594332417851e+01 4.651760282204023866e+01
4.693715594332417851e+01 4.896864614605789967e+01
4.693715594332417851e+01 4.768410382085790644e+01
4.693715594332417851e+01 4.505709492456727361e+01
4.693715594332417851e+01 5.406449545435923909e+01
4.693715594332417851e+01 4.644181894119319765e+01
4.693715594332417851e+01 4.880551910644913249e+01
4.693715594332417851e+01 4.331214298706388632e+01
4.693715594332417851e+01 5.410570103514486817e+01
4.693715594332417851e+01 4.737263575645693692e+01
4.693715594332417851e+01 4.449604014949780151e+01
4.693715594332417851e+01 4.959176079742460530e+01
4.693715594332417851e+01 4.548461895866449822e+01
4.693715594332417851e+01 4.704677041633527779e+01
4.693715594332417851e+01 4.890882333243250457e+01
4.693715594332417851e+01 4.786827427210776165e+01
4.693715594332417851e+01 4.575758603271128777e+01
4.693715594332417851e+01 4.261435044583651433e+01
4.693715594332417851e+01 5.244238191606271471e+01
4.693715594332417851e+01 4.497082924962035122e+01
4.693715594332417851e+01 4.577237577283339931e+01
4.693715594332417851e+01 4.806500326600115613e+01
4.693715594332417851e+01 4.284413222580546687e+01
4.693715594332417851e+01 4.353812205298576288e+01
4.693715594332417851e+01 4.845871548240027948e+01
4.693715594332417851e+01 4.993015296350790777e+01
4.693715594332417851e+01 4.794625602210255977e+01
4.693715594332417851e+01 4.282576517047552045e+01
4.693715594332417851e+01 5.020979688741110891e+01
4.693715594332417851e+01 4.203680791405921013e+01
4.693715594332417851e+01 4.426535967617815714e+01
4.693715594332417851e+01 4.315158660093571541e+01
4.693715594332417851e+01 5.168266223145825933e+01
4.693715594332417851e+01 4.612167010790656008e+01
4.693715594332417851e+01 4.748882120238668847e+01
4.693715594332417851e+01 4.538886605693214449e+01
4.693715594332417851e+01 4.604862331192532565e+01
4.693715594332417851e+01 4.557293852923208988e+01
4.693715594332417851e+01 4.283964542756088179e+01
4.693715594332417851e+01 4.602469967955531160e+01
4.693715594332417851e+01 4.620852804285562598e+01
4.693715594332417851e+01 5.044516801856479304e+01
4.693715594332417851e+01 4.882231365461131389e+01
4.693715594332417851e+01 5.065391490304529043e+01
4.693715594332417851e+01 4.739471018513770417e+01
4.693715594332417851e+01 4.356075147912574863e+01
4.693715594332417851e+01 4.069778265396298877e+01
4.693715594332417851e+01 3.789780146297498220e+01
4.693715594332417851e+01 5.291564252892752052e+01
4.693715594332417851e+01 4.466455973133184898e+01
4.693715594332417851e+01 4.405235033108647968e+01
4.693715594332417851e+01 4.533831086539885291e+01
4.693715594332417851e+01 4.388020762075650083e+01
4.693715594332417851e+01 4.825124474394441876e+01
4.693715594332417851e+01 5.106812142451774861e+01
4.693715594332417851e+01 5.404372823643967649e+01
4.693715594332417851e+01 5.050478658589896241e+01
4.693715594332417851e+01 4.966768689942490766e+01
4.693715594332417851e+01 4.553837236816997347e+01
4.693715594332417851e+01 4.654261429693307406e+01
4.693715594332417851e+01 4.460462598511068677e+01
4.693715594332417851e+01 4.383005994348155809e+01
4.693715594332417851e+01 5.189189229347980614e+01
4.693715594332417851e+01 4.173502560866355537e+01
4.693715594332417851e+01 5.270949240670517355e+01
4.693715594332417851e+01 4.579789772489299082e+01
4.693715594332417851e+01 4.755667844346351103e+01
4.693715594332417851e+01 4.399170998637111296e+01
4.693715594332417851e+01 4.406526050616636780e+01
4.693715594332417851e+01 4.358491322738197482e+01
4.693715594332417851e+01 4.360670299060932109e+01
4.693715594332417851e+01 4.522193350858328387e+01
4.693715594332417851e+01 4.886576644999686891e+01
4.693715594332417851e+01 4.619897760086694660e+01
4.693715594332417851e+01 4.338719494148058686e+01
4.693715594332417851e+01 4.868003473561827832e+01
4.693715594332417851e+01 4.823570275905461813e+01
4.693715594332417851e+01 5.238076913042294791e+01
4.693715594332417851e+01 4.330690140451030601e+01
4.693715594332417851e+01 4.605431715374010793e+01
4.693715594332417851e+01 4.484367721495660675e+01
4.693715594332417851e+01 4.322530777084956810e+01
4.693715594332417851e+01 4.173332179194479608e+01
4.693715594332417851e+01 4.487380573807902806e+01
4.693715594332417851e+01 4.502051765993707022e+01
4.693715594332417851e+01 4.907716016311891849e+01
4.693715594332417851e+01 4.893110427514696426e+01
4.693715594332417851e+01 4.441164645115062370e+01
4.693715594332417851e+01 4.814500132228976526e+01
4.693715594332417851e+01 4.640464428066130154e+01
4.693715594332417851e+01 4.431187568098794571e+01
4.693715594332417851e+01 4.420455907986648469e+01
4.693715594332417851e+01 4.847725769773666116e+01
4.693715594332417851e+01 4.445975392120715952e+01
4.693715594332417851e+01 4.538213726564872275e+01
4.693715594332417851e+01 3.994847818560765518e+01
4.693715594332417851e+01 4.971164308789299469e+01
4.693715594332417851e+01 5.189509539884144118e+01
4.693715594332417851e+01 4.841159614683137136e+01
4.693715594332417851e+01 4.709268955062052697e+01
4.693715594332417851e+01 4.775825853077286354e+01
4.693715594332417851e+01 4.302833250585077707e+01
4.693715594332417851e+01 5.599963959829694460e+01
4.693715594332417851e+01 4.451793893103203459e+01
4.693715594332417851e+01 4.431473767794456364e+01
4.693715594332417851e+01 5.085511730299003119e+01
4.693715594332417851e+01 4.537611198861323913e+01
4.693715594332417851e+01 4.786787561807848590e+01
4.693715594332417851e+01 4.878570182683627365e+01
4.693715594332417851e+01 4.582306031236441157e+01
4.693715594332417851e+01 5.085923934382089584e+01
4.693715594332417851e+01 4.991130086585560832e+01
4.693715594332417851e+01 4.765759673393185381e+01
4.693715594332417851e+01 4.287001033483885237e+01
4.693715594332417851e+01 4.438719469090199965e+01
4.693715594332417851e+01 4.570687897835163227e+01
4.693715594332417851e+01 4.912146290364247392e+01
4.693715594332417851e+01 4.518061287822217764e+01
4.693715594332417851e+01 5.197799153296245578e+01
4.693715594332417851e+01 4.756464178783181751e+01
4.693715594332417851e+01 4.381014323847419689e+01
4.693715594332417851e+01 5.167702321074782645e+01
4.693715594332417851e+01 4.628593803164102383e+01
4.693715594332417851e+01 4.373425879102176594e+01
4.693715594332417851e+01 4.572065172457953963e+01
4.693715594332417851e+01 4.378658430871141150e+01
4.693715594332417851e+01 4.627534557864773745e+01
4.693715594332417851e+01 4.601485471867914612e+01
4.693715594332417851e+01 4.962956525354206860e+01
4.693715594332417851e+01 4.785171431744901582e+01
4.693715594332417851e+01 5.336653175151374739e+01
4.693715594332417851e+01 4.924894145988232452e+01
4.693715594332417851e+01 4.667075980830404802e+01
4.693715594332417851e+01 4.520391656777582057e+01
4.693715594332417851e+01 4.335717219391818844e+01
4.693715594332417851e+01 4.826678938125320428e+01
4.693715594332417851e+01 3.959010781385504174e+01
4.693715594332417851e+01 4.298184939880702871e+01
4.693715594332417851e+01 4.085248651260028652e+01
4.693715594332417851e+01 4.767281502132190241e+01
4.693715594332417851e+01 4.835003561913450909e+01
4.693715594332417851e+01 5.147503012774730990e+01
4.693715594332417851e+01 4.684103464100154213e+01
4.693715594332417851e+01 4.771377227560919465e+01
4.693715594332417851e+01 4.342790344998963548e+01
4.693715594332417851e+01 4.573138885853005320e+01
4.693715594332417851e+01 4.476572880643067975e+01
4.693715594332417851e+01 4.966191269722064305e+01
4.693715594332417851e+01 4.369115434219471439e+01
4.693715594332417851e+01 4.338775160991100677e+01
4.693715594332417851e+01 4.687671624415154525e+01
4.693715594332417851e+01 4.091943669553455720e+01
4.693715594332417851e+01 4.575278722964030464e+01
4.693715594332417851e+01 4.853166972632423182e+01
4.693715594332417851e+01 4.585682959999877539e+01
4.693715594332417851e+01 4.064331163345848807e+01
4.693715594332417851e+01 4.905711638685350806e+01
4.693715594332417851e+01 5.024375550884583674e+01
4.693715594332417851e+01 4.736350822593676213e+01
4.693715594332417851e+01 4.487164513960337331e+01
4.693715594332417851e+01 4.494875469919662692e+01
4.693715594332417851e+01 4.753256036537536744e+01
4.693715594332417851e+01 4.484215513941250464e+01
4.693715594332417851e+01 4.568628367730681816e+01
4.693715594332417851e+01 5.038243236758670207e+01
4.693715594332417851e+01 4.555983625752626409e+01
4.693715594332417851e+01 4.712872381522063847e+01
4.693715594332417851e+01 4.749453835958593828e+01
4.693715594332417851e+01 4.292477465353206156e+01
4.693715594332417851e+01 4.730430388350666959e+01
4.693715594332417851e+01 4.893972473169178272e+01
4.693715594332417851e+01 4.892081070567138568e+01
4.693715594332417851e+01 3.936032300761805658e+01
4.693715594332417851e+01 4.933447461420200142e+01
4.693715594332417851e+01 4.622136020750480156e+01
4.693715594332417851e+01 5.193833970646866760e+01
4.693715594332417851e+01 4.689016436597870552e+01
4.693715594332417851e+01 4.792480619940447184e+01
4.693715594332417851e+01 4.642575444857110512e+01
4.693715594332417851e+01 3.897087565960675448e+01
4.693715594332417851e+01 4.499358345413297400e+01
4.693715594332417851e+01 4.659361918629574717e+01
4.693715594332417851e+01 4.288254935963498582e+01
4.693715594332417851e+01 4.687523747561458975e+01
4.693715594332417851e+01 4.299347923243950476e+01
4.693715594332417851e+01 4.808007306918648993e+01
4.693715594332417851e+01 4.261113179228844672e+01
4.693715594332417851e+01 4.546691089522110474e+01
4.693715594332417851e+01 4.562977336881540680e+01
4.693715594332417851e+01 3.904952524648433609e+01
4.693715594332417851e+01 4.645558959723226877e+01
4.693715594332417851e+01 4.599537105044675656e+01
4.693715594332417851e+01 4.600981186729001138e+01
4.693715594332417851e+01 4.688773777472065518e+01
4.693715594332417851e+01 4.491420653366678550e+01
4.693715594332417851e+01 4.859965042327778662e+01
4.693715594332417851e+01 4.462677909958764388e+01
4.693715594332417851e+01 4.580678048124088519e+01
4.693715594332417851e+01 4.568271662941130273e+01
4.693715594332417851e+01 4.546917655348596554e+01
4.693715594332417851e+01 5.018822372240657614e+01
4.693715594332417851e+01 4.630948807199897743e+01
4.693715594332417851e+01 4.314473237249791993e+01
4.693715594332417851e+01 4.178523303260877242e+01
4.693715594332417851e+01 4.152135229553820750e+01
4.693715594332417851e+01 4.234203520390961017e+01
4.693715594332417851e+01 4.627529369820652505e+01
4.693715594332417851e+01 4.575404159461661635e+01
4.693715594332417851e+01 4.314552004557252474e+01
4.693715594332417851e+01 4.372009546406483338e+01
4.693715594332417851e+01 4.316405316453118246e+01
4.693715594332417851e+01 5.218873846752487822e+01
4.693715594332417851e+01 4.489639475800994717e+01
4.693715594332417851e+01 5.088645145573315176e+01
4.693715594332417851e+01 4.559957563422436522e+01
4.693715594332417851e+01 4.883313060355864366e+01
4.693715594332417851e+01 4.256291240541721521e+01
4.693715594332417851e+01 4.790131423538544198e+01
4.693715594332417851e+01 4.822578447901511822e+01
4.693715594332417851e+01 4.088131643180554420e+01
4.693715594332417851e+01 4.287799431821104434e+01
4.693715594332417851e+01 4.824402499079060647e+01
4.693715594332417851e+01 4.447912461981098176e+01
4.693715594332417851e+01 4.974472498309975776e+01
4.693715594332417851e+01 4.898133549316779067e+01
4.693715594332417851e+01 4.272328708136245723e+01
4.693715594332417851e+01 4.289918147100626555e+01
4.693715594332417851e+01 4.477109778387616501e+01
4.693715594332417851e+01 4.662920949788683345e+01
4.693715594332417851e+01 4.613815928850932124e+01
4.693715594332417851e+01 5.105807278698328844e+01
4.693715594332417851e+01 5.390687158108722343e+01
4.693715594332417851e+01 4.475405451783687738e+01
4.693715594332417851e+01 4.540871891795745086e+01
4.693715594332417851e+01 4.566199178565359773e+01
4.693715594332417851e+01 5.280187090623508794e+01
4.693715594332417851e+01 5.316850190122201525e+01
4.693715594332417851e+01 4.982486175578299736e+01
4.693715594332417851e+01 4.739691292015403690e+01
4.693715594332417851e+01 4.302479800561173562e+01
4.693715594332417851e+01 4.657826544618129816e+01
4.693715594332417851e+01 4.520763953430005699e+01
4.693715594332417851e+01 4.912594414556394895e+01
4.693715594332417851e+01 4.967903455025218307e+01
4.693715594332417851e+01 4.560462942675570730e+01
4.693715594332417851e+01 5.393136639704005830e+01
4.693715594332417851e+01 3.885395141051222367e+01
4.693715594332417851e+01 4.963944699626789969e+01
4.693715594332417851e+01 4.957346452084705390e+01
4.693715594332417851e+01 4.636829452896787984e+01
4.693715594332417851e+01 4.486336412578879873e+01
4.693715594332417851e+01 4.441854016537089223e+01
4.693715594332417851e+01 4.763133389291524367e+01
4.693715594332417851e+01 4.772899798062220356e+01
4.693715594332417851e+01 4.711616508562985928e+01
4.693715594332417851e+01 5.079809101163602492e+01
4.693715594332417851e+01 4.449901859640260682e+01
4.693715594332417851e+01 4.333133892436349299e+01
4.693715594332417851e+01 4.117062431520371035e+01
4.693715594332417851e+01 4.082289215341605626e+01
4.693715594332417851e+01 4.435374254878230005e+01
4.693715594332417851e+01 4.731967987836970480e+01
4.693715594332417851e+01 5.018091590351694009e+01
4.693715594332417851e+01 4.231938503742108537e+01
4.693715594332417851e+01 4.677215287375526032e+01
4.693715594332417851e+01 4.175353291284480406e+01
4.693715594332417851e+01 4.219207485365833321e+01
4.693715594332417851e+01 5.059168911191574125e+01
4.693715594332417851e+01 4.463303321885805275e+01
4.693715594332417851e+01 4.958687550954597612e+01
4.693715594332417851e+01 4.633319424723690361e+01
4.693715594332417851e+01 4.898530489020168943e+01
4.693715594332417851e+01 4.771102672389527299e+01
4.693715594332417851e+01 4.165556412697736732e+01
4.693715594332417851e+01 4.046918775120963829e+01
4.693715594332417851e+01 4.707683428151171512e+01
4.693715594332417851e+01 4.092791711015939882e+01
4.693715594332417851e+01 3.994349326001113099e+01
4.693715594332417851e+01 4.253279755411413277e+01
4.693715594332417851e+01 4.701774987291296526e+01
4.693715594332417851e+01 4.994013036285657847e+01
4.693715594332417851e+01 4.933428736814469318e+01
4.693715594332417851e+01 5.246630730919616781e+01
4.693715594332417851e+01 5.078684898519419022e+01
4.693715594332417851e+01 4.427123984434956583e+01
4.693715594332417851e+01 4.767195109897631511e+01
4.693715594332417851e+01 4.540363226852968381e+01
4.693715594332417851e+01 4.601135433674721753e+01
4.693715594332417851e+01 4.888484818405177634e+01
4.693715594332417851e+01 4.648840200581037152e+01
4.693715594332417851e+01 4.364804749045143240e+01
4.693715594332417851e+01 3.946973385942957435e+01
4.693715594332417851e+01 4.578366026847506021e+01
4.693715594332417851e+01 4.940547683415711333e+01
4.693715594332417851e+01 4.067891509416298845e+01
4.693715594332417851e+01 5.258454464691203611e+01
4.693715594332417851e+01 5.094494963070447113e+01
4.693715594332417851e+01 4.509303680696810090e+01
4.693715594332417851e+01 4.441363882820941456e+01
4.693715594332417851e+01 4.554934564146615372e+01
4.693715594332417851e+01 4.421811516286452814e+01
4.693715594332417851e+01 4.196790116100352463e+01
4.693715594332417851e+01 4.552663582924579089e+01
4.693715594332417851e+01 3.944509486988970792e+01
4.693715594332417851e+01 4.991920207898425588e+01
4.693715594332417851e+01 4.351132524866959983e+01
4.693715594332417851e+01 4.793095645639397873e+01
4.693715594332417851e+01 5.109046456792778912e+01
4.693715594332417851e+01 4.937847957973192337e+01
4.693715594332417851e+01 4.614969911884845288e+01
4.693715594332417851e+01 4.601563810793256692e+01
4.693715594332417851e+01 4.725411947824210301e+01
4.693715594332417851e+01 4.535036687301806779e+01
4.693715594332417851e+01 4.628154559258846490e+01
4.693715594332417851e+01 4.267100650690704811e+01
4.693715594332417851e+01 5.523189223970815220e+01
4.693715594332417851e+01 5.617833851914573984e+01
4.693715594332417851e+01 4.645428376440548135e+01
4.693715594332417851e+01 5.011685912708543356e+01
4.693715594332417851e+01 4.915415008148367093e+01
4.693715594332417851e+01 4.697726074268793184e+01
4.693715594332417851e+01 4.634731006604653913e+01
4.693715594332417851e+01 4.913572571861424620e+01
4.693715594332417851e+01 5.006537553456647061e+01
4.693715594332417851e+01 4.610826757799616615e+01
4.693715594332417851e+01 4.344252835517511357e+01
4.693715594332417851e+01 4.785364469299117474e+01
4.693715594332417851e+01 4.531012821737027707e+01
4.693715594332417851e+01 4.765842849182180885e+01
4.693715594332417851e+01 4.694852142460140243e+01
4.693715594332417851e+01 4.121076502295215960e+01
4.693715594332417851e+01 4.519848131891593113e+01
4.693715594332417851e+01 4.222036549812743544e+01
4.693715594332417851e+01 4.613220499994613277e+01
4.693715594332417851e+01 4.403968428397675439e+01
4.693715594332417851e+01 4.834460388193845404e+01
4.693715594332417851e+01 4.769244542432130629e+01
4.693715594332417851e+01 4.730218397220339455e+01
4.693715594332417851e+01 4.239847697751632438e+01
4.693715594332417851e+01 4.494194647401144493e+01
4.693715594332417851e+01 5.212333747936921213e+01
4.693715594332417851e+01 4.738752217627478558e+01
4.693715594332417851e+01 4.765414119644169944e+01
4.693715594332417851e+01 4.621378511294976477e+01
4.693715594332417851e+01 4.981383605646144730e+01
4.693715594332417851e+01 4.691831841355363508e+01
4.693715594332417851e+01 4.860130237388716523e+01
4.693715594332417851e+01 4.773935606771473061e+01
4.693715594332417851e+01 4.684672279533627659e+01
4.693715594332417851e+01 4.369083567825174441e+01
4.693715594332417851e+01 4.883858149533588744e+01
4.693715594332417851e+01 4.535299702033577773e+01
4.693715594332417851e+01 4.379270191964791792e+01
4.693715594332417851e+01 4.449846760917048272e+01
4.693715594332417851e+01 4.953873410415096146e+01
4.693715594332417851e+01 4.614343090212913978e+01
4.693715594332417851e+01 4.347782256677213297e+01
4.693715594332417851e+01 4.040566904840362383e+01
4.693715594332417851e+01 4.114091818907225218e+01
4.693715594332417851e+01 4.175671286497853885e+01
4.693715594332417851e+01 4.785490696693681656e+01
4.693715594332417851e+01 4.919478558338357743e+01
4.693715594332417851e+01 4.263586459115345662e+01
4.693715594332417851e+01 4.578628462575602498e+01
4.693715594332417851e+01 4.891328783943353642e+01
4.693715594332417851e+01 4.162901912121737524e+01
4.693715594332417851e+01 4.626591034310231976e+01
4.693715594332417851e+01 4.636092290961210693e+01
4.693715594332417851e+01 4.611267699866096592e+01
4.693715594332417851e+01 4.447609781955372199e+01
4.693715594332417851e+01 4.547436579750764452e+01
4.693715594332417851e+01 4.477935298731604519e+01
4.693715594332417851e+01 4.128832271155134492e+01
4.693715594332417851e+01 4.845197238922350635e+01
4.693715594332417851e+01 4.432399803973782326e+01
4.693715594332417851e+01 4.858404293944300179e+01
4.693715594332417851e+01 4.661105141265097274e+01
4.693715594332417851e+01 4.301156213438765263e+01
4.693715594332417851e+01 4.587160696158046846e+01
4.693715594332417851e+01 4.917672420458808347e+01
4.693715594332417851e+01 4.418608730085006897e+01
4.693715594332417851e+01 4.529906220372488690e+01
4.693715594332417851e+01 4.824814091251582937e+01
4.693715594332417851e+01 4.303509879991442943e+01
4.693715594332417851e+01 4.770166286024656443e+01
4.693715594332417851e+01 4.064900982441409383e+01
4.693715594332417851e+01 3.975769442018468425e+01
4.693715594332417851e+01 4.608309069493922294e+01
4.693715594332417851e+01 4.068781530496674748e+01
4.693715594332417851e+01 4.581761827848378488e+01
4.693715594332417851e+01 4.672689546798255833e+01
4.693715594332417851e+01 4.421958557161214998e+01
4.693715594332417851e+01 4.392708564438910912e+01
4.693715594332417851e+01 4.393495924215975634e+01
4.693715594332417851e+01 4.355913799690281252e+01
4.693715594332417851e+01 5.052210702544882537e+01
4.693715594332417851e+01 5.243411682859724010e+01
4.693715594332417851e+01 4.424744498734525422e+01
4.693715594332417851e+01 3.962908106985275225e+01
4.693715594332417851e+01 4.955825186123087178e+01
4.693715594332417851e+01 3.851630161123458862e+01
4.693715594332417851e+01 4.767984064924880272e+01
4.693715594332417851e+01 5.080803639502990876e+01
4.693715594332417851e+01 4.402489751361691361e+01
4.693715594332417851e+01 4.562521663710545994e+01
4.693715594332417851e+01 4.781379611948761266e+01
4.693715594332417851e+01 5.034706416998901091e+01
4.693715594332417851e+01 4.836897157722047780e+01
4.693715594332417851e+01 4.643925203216164732e+01
4.693715594332417851e+01 4.319986792673346798e+01
4.693715594332417851e+01 4.353437293011251796e+01
4.693715594332417851e+01 4.419817748042621730e+01
4.693715594332417851e+01 4.438473230286633964e+01
4.693715594332417851e+01 4.566076970887842634e+01
4.693715594332417851e+01 3.870578288065433981e+01
4.693715594332417851e+01 4.519926573328481823e+01
4.693715594332417851e+01 4.485904338314804818e+01
4.693715594332417851e+01 4.646571172341786138e+01
4.693715594332417851e+01 5.132837401862132509e+01
4.693715594332417851e+01 4.741664177925277102e+01
4.693715594332417851e+01 4.589066009551184777e+01
4.693715594332417851e+01 5.079561180188171221e+01
4.693715594332417851e+01 4.729288881255983057e+01
4.693715594332417851e+01 4.511029712124935998e+01
4.693715594332417851e+01 4.540604910006601358e+01
4.693715594332417851e+01 4.149863737680065157e+01
4.693715594332417851e+01 4.526871702646757711e+01
4.693715594332417851e+01 4.130859904070160837e+01
4.693715594332417851e+01 4.271695075975934941e+01
4.693715594332417851e+01 4.688211011564828112e+01
4.693715594332417851e+01 4.988545024921636895e+01
4.693715594332417851e+01 4.917503870201818472e+01
4.693715594332417851e+01 4.049359220135210791e+01
4.693715594332417851e+01 4.671175516804009220e+01
4.693715594332417851e+01 3.976296958752840993e+01
4.693715594332417851e+01 4.837733449093202864e+01
4.693715594332417851e+01 4.322584560995419878e+01
4.693715594332417851e+01 4.964467785278457512e+01
4.693715594332417851e+01 4.402455402438603471e+01
4.693715594332417851e+01 4.244401112505368445e+01
4.693715594332417851e+01 4.864606907857617557e+01
4.693715594332417851e+01 4.604826197141512978e+01
4.693715594332417851e+01 5.194014985322840516e+01
4.693715594332417851e+01 4.697749597786265952e+01
4.693715594332417851e+01 4.536972359601806914e+01
4.693715594332417851e+01 4.563432584190677943e+01
4.693715594332417851e+01 4.627347571770570056e+01
4.693715594332417851e+01 4.671922699418629321e+01
4.693715594332417851e+01 4.860408689720904363e+01
4.693715594332417851e+01 4.350018334329917025e+01
4.693715594332417851e+01 5.152230976431694387e+01
4.693715594332417851e+01 4.923513727239388515e+01
4.693715594332417851e+01 5.073801301440921208e+01
4.693715594332417851e+01 4.403752561697498180e+01
4.693715594332417851e+01 4.286790219492134923e+01
4.693715594332417851e+01 4.889803413551277345e+01
4.693715594332417851e+01 4.726109403324372238e+01
4.693715594332417851e+01 4.513064975192050099e+01
4.693715594332417851e+01 4.329657099342693982e+01
4.693715594332417851e+01 4.501596147882828802e+01
4.693715594332417851e+01 4.774391925873666054e+01
4.693715594332417851e+01 4.600145571700296188e+01
4.693715594332417851e+01 5.397883411163772394e+01
4.693715594332417851e+01 3.918694465434690244e+01
4.693715594332417851e+01 5.054871342952421287e+01
4.693715594332417851e+01 4.692167265193029380e+01
4.693715594332417851e+01 4.852673419709554992e+01
4.693715594332417851e+01 4.985275085975487741e+01
4.693715594332417851e+01 4.599551769065036666e+01
4.693715594332417851e+01 4.485387172142840484e+01
4.693715594332417851e+01 4.228066560346285740e+01
4.693715594332417851e+01 4.852374686074707455e+01
4.693715594332417851e+01 5.296229894308407893e+01
4.693715594332417851e+01 4.425162194331889509e+01
4.693715594332417851e+01 4.845478316530232377e+01
4.693715594332417851e+01 4.792199700485790004e+01
4.693715594332417851e+01 4.941292685377545979e+01
4.693715594332417851e+01 3.979497602705079373e+01
4.693715594332417851e+01 4.383478736351835181e+01
4.693715594332417851e+01 4.462327011898965878e+01
4.693715594332417851e+01 5.111461221173961178e+01
4.693715594332417851e+01 4.427397024811023130e+01
4.693715594332417851e+01 4.054870939037625277e+01
4.693715594332417851e+01 4.624832410600555477e+01
4.693715594332417851e+01 4.168764871097090463e+01
4.693715594332417851e+01 5.743562536019246068e+01
4.693715594332417851e+01 4.579105663011176830e+01
4.693715594332417851e+01 4.533644908860315326e+01
4.693715594332417851e+01 4.748706850426378168e+01
4.693715594332417851e+01 4.389501167880833776e+01
4.693715594332417851e+01 4.720884272709543694e+01
4.693715594332417851e+01 4.567038655921360402e+01
4.693715594332417851e+01 4.426651788819065558e+01
4.693715594332417851e+01 4.565744405338116252e+01
4.693715594332417851e+01 4.686476066605796120e+01
4.693715594332417851e+01 4.487392124449628739e+01
4.693715594332417851e+01 4.194585113932814124e+01
4.693715594332417851e+01 5.453235824077541594e+01
4.693715594332417851e+01 5.021222251241525925e+01
4.693715594332417851e+01 4.287708957088433692e+01
4.693715594332417851e+01 4.903334791042765772e+01
4.693715594332417851e+01 4.522759748594823748e+01
4.693715594332417851e+01 4.544551006248261160e+01
4.693715594332417851e+01 4.553992627082496369e+01
4.693715594332417851e+01 4.096244510382749127e+01
4.693715594332417851e+01 4.359450293163010315e+01
4.693715594332417851e+01 4.923103420099108973e+01
4.693715594332417851e+01 4.640876715906816230e+01
4.693715594332417851e+01 4.462636468683414392e+01
4.693715594332417851e+01 4.588891002379010331e+01
4.693715594332417851e+01 4.634556884388781128e+01
4.693715594332417851e+01 4.455843796735197770e+01
4.693715594332417851e+01 4.743965679171009242e+01
4.693715594332417851e+01 4.278879900215246579e+01
4.693715594332417851e+01 4.597129622199084764e+01
4.693715594332417851e+01 5.023474418340442327e+01
4.693715594332417851e+01 4.354955784408565478e+01
4.693715594332417851e+01 4.684642299930737153e+01
4.693715594332417851e+01 4.213307076650004035e+01
4.693715594332417851e+01 4.664993800893535791e+01
4.693715594332417851e+01 4.129065019842661854e+01
4.693715594332417851e+01 4.584663324871713996e+01
4.693715594332417851e+01 4.532243137644239539e+01
4.693715594332417851e+01 4.807525455832938377e+01
4.693715594332417851e+01 4.605118997083664567e+01
4.693715594332417851e+01 4.689536716285240914e+01
4.693715594332417851e+01 4.487294141117610735e+01
4.693715594332417851e+01 4.461968606059599551e+01
4.693715594332417851e+01 4.519673556394550218e+01
4.693715594332417851e+01 4.573863697507029968e+01
4.693715594332417851e+01 4.793446074747973995e+01
4.693715594332417851e+01 5.055341402529809613e+01
4.693715594332417851e+01 3.893944592264567461e+01
4.693715594332417851e+01 4.357165570026449330e+01
4.693715594332417851e+01 4.581596506895602516e+01
4.693715594332417851e+01 4.545655004399815624e+01
4.693715594332417851e+01 4.602894473343424409e+01
4.693715594332417851e+01 5.176911330385195953e+01
4.693715594332417851e+01 4.807390039960165495e+01
4.693715594332417851e+01 5.070386992203756193e+01
4.693715594332417851e+01 4.720706932727484428e+01
4.693715594332417851e+01 4.467855560201351039e+01
4.693715594332417851e+01 4.459504832525720275e+01
4.693715594332417851e+01 5.144810548768414549e+01
4.693715594332417851e+01 4.871478505049253016e+01
4.693715594332417851e+01 3.924320010870839326e+01
4.693715594332417851e+01 4.481912580877780528e+01
4.693715594332417851e+01 4.732615973626574402e+01
4.693715594332417851e+01 4.347557459393286905e+01
4.693715594332417851e+01 4.684695247112684768e+01
4.693715594332417851e+01 5.388361323998133656e+01
4.693715594332417851e+01 4.801077019563675918e+01
4.693715594332417851e+01 4.535447079549149407e+01
4.693715594332417851e+01 4.288400554225637507e+01
4.693715594332417851e+01 5.023737369177782597e+01
4.693715594332417851e+01 4.580905825004373355e+01
4.693715594332417851e+01 4.501548693219546493e+01
4.693715594332417851e+01 4.241174667779640828e+01
4.693715594332417851e+01 4.386142298086463853e+01
4.693715594332417851e+01 4.887112690687583694e+01
4.693715594332417851e+01 4.525268027578545826e+01
4.693715594332417851e+01 4.772179141941701630e+01
4.693715594332417851e+01 4.494021965472596492e+01
4.693715594332417851e+01 5.046909784901780682e+01
4.693715594332417851e+01 4.637433548075479450e+01
4.693715594332417851e+01 4.904851294649623838e+01
4.693715594332417851e+01 4.997478432581846164e+01
4.693715594332417851e+01 5.057430976409076351e+01
4.693715594332417851e+01 4.886289181727354958e+01
4.693715594332417851e+01 4.658740660924362231e+01
4.693715594332417851e+01 4.911239423714591368e+01
4.693715594332417851e+01 5.090366530624888242e+01
4.693715594332417851e+01 4.478837859701189927e+01
4.693715594332417851e+01 4.393625215546519769e+01
4.693715594332417851e+01 4.355826774384740929e+01
4.693715594332417851e+01 4.515925492365613536e+01
4.693715594332417851e+01 4.623104778097618350e+01
4.693715594332417851e+01 5.015192516927657351e+01
4.693715594332417851e+01 4.685757029024829023e+01
4.693715594332417851e+01 4.567541794583718939e+01
4.693715594332417851e+01 4.231668163117984705e+01
4.693715594332417851e+01 4.636380794646904491e+01
4.693715594332417851e+01 4.642657264999718336e+01
4.693715594332417851e+01 4.865030792762911460e+01
4.693715594332417851e+01 4.049522847200833553e+01
4.693715594332417851e+01 4.767625932912515907e+01
4.693715594332417851e+01 4.551705785818557359e+01
4.693715594332417851e+01 4.749474726217302845e+01
4.693715594332417851e+01 4.368044424141446314e+01
4.693715594332417851e+01 4.558739028065087240e+01
4.693715594332417851e+01 4.474957901347294609e+01
4.693715594332417851e+01 4.269185555034948010e+01
4.693715594332417851e+01 4.893372503014540342e+01
4.693715594332417851e+01 4.811908112280683980e+01
4.693715594332417851e+01 4.602544944663527104e+01
4.693715594332417851e+01 4.570660510531727283e+01
4.693715594332417851e+01 4.582548404719887003e+01
4.693715594332417851e+01 4.557414823566590911e+01
4.693715594332417851e+01 5.181773759150227932e+01
4.693715594332417851e+01 4.448504513011909722e+01
4.693715594332417851e+01 4.702737112824939913e+01
4.693715594332417851e+01 4.740385939840074769e+01
4.693715594332417851e+01 4.332394277695645712e+01
4.693715594332417851e+01 4.390375794100187790e+01
4.693715594332417851e+01 5.037488879754153714e+01
4.693715594332417851e+01 4.066927840973614394e+01
4.693715594332417851e+01 4.241921710615190477e+01
4.693715594332417851e+01 4.250101448750879030e+01
4.693715594332417851e+01 4.262718431733109270e+01
4.693715594332417851e+01 4.548361042159555723e+01
4.693715594332417851e+01 4.885194961139749381e+01
4.693715594332417851e+01 4.240739231890846384e+01
4.693715594332417851e+01 3.896425745591302814e+01
4.693715594332417851e+01 4.489886837309592948e+01
4.693715594332417851e+01 4.851649259768355194e+01
4.693715594332417851e+01 4.460644133304121794e+01
4.693715594332417851e+01 4.956601533387437541e+01
4.693715594332417851e+01 4.887387704943157019e+01
4.693715594332417851e+01 4.632016437666995756e+01
4.693715594332417851e+01 4.659215214699474217e+01
4.693715594332417851e+01 4.563073873549878812e+01
4.693715594332417851e+01 4.727322279143129435e+01
4.693715594332417851e+01 4.575392455686905180e+01
4.693715594332417851e+01 4.490476360036615233e+01
4.693715594332417851e+01 4.500110380662871989e+01
4.693715594332417851e+01 4.652039492114719366e+01
4.693715594332417851e+01 4.729230220367740145e+01
4.693715594332417851e+01 4.887613150676169482e+01
4.693715594332417851e+01 4.426498665202444016e+01
4.693715594332417851e+01 4.262474471378016716e+01
4.693715594332417851e+01 4.540126208494686466e+01
4.693715594332417851e+01 4.972324171253031011e+01
4.693715594332417851e+01 5.176210617628247945e+01
4.693715594332417851e+01 4.465094185251502523e+01
4.693715594332417851e+01 4.494946668876599460e+01
4.693715594332417851e+01 4.383004398221412856e+01
4.693715594332417851e+01 3.974676643665396369e+01
4.693715594332417851e+01 4.463569994764238658e+01
4.693715594332417851e+01 4.560885516600150424e+01
4.693715594332417851e+01 4.347191532679040193e+01
4.693715594332417851e+01 4.850933019520423528e+01
4.693715594332417851e+01 4.737649627395461494e+01
4.693715594332417851e+01 4.516336648853378222e+01
4.693715594332417851e+01 4.970674750623610549e+01
4.693715594332417851e+01 4.774734161621634598e+01
4.693715594332417851e+01 4.424505516887668222e+01
4.693715594332417851e+01 4.566360415070806766e+01
4.693715594332417851e+01 4.628103816257186054e+01
4.693715594332417851e+01 5.127042039303517384e+01
4.693715594332417851e+01 4.586306561791516856e+01
4.693715594332417851e+01 4.462024781774545090e+01
4.693715594332417851e+01 4.785102270296638238e+01
4.693715594332417851e+01 4.608046518067397557e+01
4.693715594332417851e+01 4.197087470491457850e+01
4.693715594332417851e+01 4.274406382336794508e+01
4.693715594332417851e+01 4.725200393145789945e+01
4.693715594332417851e+01 4.539846190736093234e+01
4.693715594332417851e+01 4.461798212653675222e+01
4.693715594332417851e+01 3.689327642390274775e+01
4.693715594332417851e+01 4.565730629923827166e+01
4.693715594332417851e+01 4.614995457288313219e+01
4.693715594332417851e+01 4.497691814586092818e+01
4.693715594332417851e+01 4.558258417570161214e+01
