4.693715594332417851e+01 4.568719850452374942e+01
4.693715594332417851e+01 4.208754835749138579e+01
4.693715594332417851e+01 4.498047245986297327e+01
4.693715594332417851e+01 4.100053526507735313e+01
4.693715594332417851e+01 4.679853566683457444e+01
4.693715594332417851e+01 4.621211224700840603e+01
4.693715594332417851e+01 4.158209793333004711e+01
4.693715594332417851e+01 4.728431573049476810e+01
4.693715594332417851e+01 4.617688956711494797e+01
4.693715594332417851e+01 4.330583150176946106e+01
4.693715594332417851e+01 4.396111444314083627e+01
4.693715594332417851e+01 4.523438483647564112e+01
4.693715594332417851e+01 4.357736991041417696e+01
4.693715594332417851e+01 4.672529332043551875e+01
4.693715594332417851e+01 4.912266318192839520e+01
4.693715594332417851e+01 4.641361993531153729e+01
4.693715594332417851e+01 4.667234979306290654e+01
4.693715594332417851e+01 4.145459471508193161e+01
4.693715594332417851e+01 4.632491699021882425e+01
4.693715594332417851e+01 4.423515778482284588e+01
4.693715594332417851e+01 4.160863497798715116e+01
4.693715594332417851e+01 4.325651320880382400e+01
4.693715594332417851e+01 5.119757234211841279e+01
4.693715594332417851e+01 4.409210213876548323e+01
4.693715594332417851e+01 4.302256257299063691e+01
4.693715594332417851e+01 4.685866634780366269e+01
4.693715594332417851e+01 4.193089221139968714e+01
4.693715594332417851e+01 4.487643356542047002e+01
4.693715594332417851e+01 4.774384005178647783e+01
4.693715594332417851e+01 4.816218156885948787e+01
4.693715594332417851e+01 3.980224202286991897e+01
4.693715594332417851e+01 5.036452342639039159e+01
4.693715594332417851e+01 4.396840328159390765e+01
4.693715594332417851e+01 4.313686270829776959e+01
4.693715594332417851e+01 4.711219002959315816e+01
4.693715594332417851e+01 4.497679227426446857e+01
4.693715594332417851e+01 4.240033886615434255e+01
4.693715594332417851e+01 4.892352319310399622e+01
4.693715594332417851e+01 4.659754101583242658e+01
4.693715594332417851e+01 4.106039459176953699e+01
4.693715594332417851e+01 4.310265193050710053e+01
4.693715594332417851e+01 4.641142692673572867e+01
4.693715594332417851e+01 4.768750069110281942e+01
4.693715594332417851e+01 5.203961809428962937e+01
4.693715594332417851e+01 4.356487569018044326e+01
4.693715594332417851e+01 4.511054177739077176e+01
4.693715594332417851e+01 4.328650083797548831e+01
4.693715594332417851e+01 5.256121818192008277e+01
4.693715594332417851e+01 4.492907531525232656e+01
4.693715594332417851e+01 4.102146777620110640e+01
4.693715594332417851e+01 4.549148276047856854e+01
4.693715594332417851e+01 4.708497072992138044e+01
4.693715594332417851e+01 4.613063164141689754e+01
4.693715594332417851e+01 4.748547377714601225e+01
4.693715594332417851e+01 4.397330275761547824e+01
4.693715594332417851e+01 4.328388449777994396e+01
4.693715594332417851e+01 4.347552485315132742e+01
4.693715594332417851e+01 4.694136344931807514e+01
4.693715594332417851e+01 4.786412467866122000e+01
4.693715594332417851e+01 4.854860253659435188e+01
4.693715594332417851e+01 4.321134871260851185e+01
4.693715594332417851e+01 4.274927311269381391e+01
4.693715594332417851e+01 4.522757851185438938e+01
4.693715594332417851e+01 4.392225926707881456e+01
4.693715594332417851e+01 4.009059388827527215e+01
4.693715594332417851e+01 4.656896287315331051e+01
4.693715594332417851e+01 5.069156539010520390e+01
4.693715594332417851e+01 4.580821739531383230e+01
4.693715594332417851e+01 5.012492405716628951e+01
4.693715594332417851e+01 4.121595015069522105e+01
4.693715594332417851e+01 4.811696511160481293e+01
4.693715594332417851e+01 4.632456271393770209e+01
4.693715594332417851e+01 5.120175229372739523e+01
4.693715594332417851e+01 4.836668039517992668e+01
4.693715594332417851e+01 4.884253483095439208e+01
4.693715594332417851e+01 4.619986136291385037e+01
4.693715594332417851e+01 4.752041208231557334e+01
4.693715594332417851e+01 4.672390811012591172e+01
4.693715594332417851e+01 4.855302326276722624e+01
4.693715594332417851e+01 4.659032163663218995e+01
4.693715594332417851e+01 4.800956488627933538e+01
4.693715594332417851e+01 3.976120648594212525e+01
4.693715594332417851e+01 4.901867798925846387e+01
4.693715594332417851e+01 4.586872017355868536e+01
4.693715594332417851e+01 4.983823109324272593e+01
4.693715594332417851e+01 4.958802890647182693e+01
4.693715594332417851e+01 4.680737114950127165e+01
4.693715594332417851e+01 4.204136680318173802e+01
4.693715594332417851e+01 4.601189043767875830e+01
4.693715594332417851e+01 5.176813650274687717e+01
4.693715594332417851e+01 4.856477966803274171e+01
4.693715594332417851e+01 5.385468582962793960e+01
4.693715594332417851e+01 4.318721318607902759e+01
4.693715594332417851e+01 5.100137181831464517e+01
4.693715594332417851e+01 4.495431101309208088e+01
4.693715594332417851e+01 4.530689585346204495e+01
4.693715594332417851e+01 4.819179662589214530e+01
4.693715594332417851e+01 4.058029945997864019e+01
4.693715594332417851e+01 5.106954318857741271e+01
4.693715594332417851e+01 4.823023485847225089e+01
4.693715594332417851e+01 5.176262930771046200e+01
4.693715594332417851e+01 4.256759345735992639e+01
4.693715594332417851e+01 4.913436387389672433e+01
4.693715594332417851e+01 4.169317310176051450e+01
4.693715594332417851e+01 4.571561214457732092e+01
4.693715594332417851e+01 4.286776764850925048e+01
4.693715594332417851e+01 4.919968008200358156e+01
4.693715594332417851e+01 4.693370661407791289e+01
4.693715594332417851e+01 4.059597071823465342e+01
4.693715594332417851e+01 4.937646236039483227e+01
4.693715594332417851e+01 4.504033968408197097e+01
4.693715594332417851e+01 4.560707093121406785e+01
4.693715594332417851e+01 4.819208724641345754e+01
4.693715594332417851e+01 4.399123734614337877e+01
4.693715594332417851e+01 4.590666577861760800e+01
4.693715594332417851e+01 5.049242972641172855e+01
4.693715594332417851e+01 4.842485092649686607e+01
4.693715594332417851e+01 4.603215382347324436e+01
4.693715594332417851e+01 5.544545520333814892e+01
4.693715594332417851e+01 5.235312391772075102e+01
4.693715594332417851e+01 4.034469793730646359e+01
4.693715594332417851e+01 4.673353398040712392e+01
4.693715594332417851e+01 4.236015297585915818e+01
4.693715594332417851e+01 4.573277791651135260e+01
4.693715594332417851e+01 4.182794679437159857e+01
4.693715594332417851e+01 5.037628319107758301e+01
4.693715594332417851e+01 4.574496696850770405e+01
4.693715594332417851e+01 4.432400455075524093e+01
4.693715594332417851e+01 4.022701242304334102e+01
4.693715594332417851e+01 4.060279968937393846e+01
4.693715594332417851e+01 4.491983496909256957e+01
4.693715594332417851e+01 4.792444243593015329e+01
4.693715594332417851e+01 4.732519518746386211e+01
4.693715594332417851e+01 4.426686640312243526e+01
4.693715594332417851e+01 4.452974361417552984e+01
4.693715594332417851e+01 4.473786982286416958e+01
4.693715594332417851e+01 5.689285216543316892e+01
4.693715594332417851e+01 5.026154362291812561e+01
4.693715594332417851e+01 4.381934652272033048e+01
4.693715594332417851e+01 4.012439956665654961e+01
4.693715594332417851e+01 4.306867792258512395e+01
4.693715594332417851e+01 4.944695901410570826e+01
4.693715594332417851e+01 5.260237878326103100e+01
4.693715594332417851e+01 4.932950513174790785e+01
4.693715594332417851e+01 4.504023589123500670e+01
4.693715594332417851e+01 4.355290646698701806e+01
4.693715594332417851e+01 5.174079949884454521e+01
4.693715594332417851e+01 4.330700439385094569e+01
4.693715594332417851e+01 4.568430830643850271e+01
4.693715594332417851e+01 4.517987614017018672e+01
4.693715594332417851e+01 4.600529957169134576e+01
4.693715594332417851e+01 4.908051482712850344e+01
4.693715594332417851e+01 4.305984524603099572e+01
4.693715594332417851e+01 4.536652455361945613e+01
4.693715594332417851e+01 4.528392477627570401e+01
4.693715594332417851e+01 4.801914292735233403e+01
4.693715594332417851e+01 4.176502184114396954e+01
4.693715594332417851e+01 4.333296290431447773e+01
4.693715594332417851e+01 4.865022686426358689e+01
4.693715594332417851e+01 4.216155073904057105e+01
4.693715594332417851e+01 5.054938989888444212e+01
4.693715594332417851e+01 4.361879431257009543e+01
4.693715594332417851e+01 4.459007235335174357e+01
4.693715594332417851e+01 4.142622610122607796e+01
4.693715594332417851e+01 4.470883435102358305e+01
4.693715594332417851e+01 4.162985607940555610e+01
4.693715594332417851e+01 3.802703316638979203e+01
4.693715594332417851e+01 4.524824219819464588e+01
4.693715594332417851e+01 4.589266825457649901e+01
4.693715594332417851e+01 4.586028158713570946e+01
4.693715594332417851e+01 4.854292181408905549e+01
4.693715594332417851e+01 4.378395795836042481e+01
4.693715594332417851e+01 4.918449219644153914e+01
4.693715594332417851e+01 4.855360535013935674e+01
4.693715594332417851e+01 4.494489166393105251e+01
4.693715594332417851e+01 4.181245584311919572e+01
4.693715594332417851e+01 5.076650573804890598e+01
4.693715594332417851e+01 4.543742624697009802e+01
4.693715594332417851e+01 4.963764368601830768e+01
4.693715594332417851e+01 4.343181816824843366e+01
4.693715594332417851e+01 4.832577309222550355e+01
4.693715594332417851e+01 4.718675204724468131e+01
4.693715594332417851e+01 4.792817560252412079e+01
4.693715594332417851e+01 4.651415859743131165e+01
4.693715594332417851e+01 4.878816967837284579e+01
4.693715594332417851e+01 4.603440374115086087e+01
4.693715594332417851e+01 4.498735378484239078e+01
4.693715594332417851e+01 4.339574051403184285e+01
4.693715594332417851e+01 4.790265889082526485e+01
4.693715594332417851e+01 4.449859499636661297e+01
4.693715594332417851e+01 4.289319885126970178e+01
4.693715594332417851e+01 4.960747228594806302e+01
4.693715594332417851e+01 4.814401935784455588e+01
4.693715594332417851e+01 4.964900311073105854e+01
4.693715594332417851e+01 4.405964156335125637e+01
4.693715594332417851e+01 4.920286033352243749e+01
4.693715594332417851e+01 4.516215370325215162e+01
4.693715594332417851e+01 4.271264712180150980e+01
4.693715594332417851e+01 4.686272811254314519e+01
4.693715594332417851e+01 4.752214956356109354e+01
4.693715594332417851e+01 4.982270722397413465e+01
4.693715594332417851e+01 5.039395324197555226e+01
4.693715594332417851e+01 4.676415796989223139e+01
4.693715594332417851e+01 4.963642381689209060e+01
4.693715594332417851e+01 5.105779527355348790e+01
4.693715594332417851e+01 4.523099959319905139e+01
4.693715594332417851e+01 4.985230046178428864e+01
4.693715594332417851e+01 5.389539904153048866e+01
4.693715594332417851e+01 4.855980563552248697e+01
4.693715594332417851e+01 4.416882205034499265e+01
4.693715594332417851e+01 3.894782669711877787e+01
4.693715594332417851e+01 4.514358641673008066e+01
4.693715594332417851e+01 4.413545607286166472e+01
4.693715594332417851e+01 4.366711409270983069e+01
4.693715594332417851e+01 4.175807839973600011e+01
4.693715594332417851e+01 4.280827561871383580e+01
4.693715594332417851e+01 4.623341116784337146e+01
4.693715594332417851e+01 4.008686304973868175e+01
4.693715594332417851e+01 4.664568102007824990e+01
4.693715594332417851e+01 5.104288723513844417e+01
4.693715594332417851e+01 4.496437400135507545e+01
4.693715594332417851e+01 4.264610137281966473e+01
4.693715594332417851e+01 4.602383737140979747e+01
4.693715594332417851e+01 4.707428731426713853e+01
4.693715594332417851e+01 4.366426561505526394e+01
4.693715594332417851e+01 5.002874138371849000e+01
4.693715594332417851e+01 4.816074365951114800e+01
4.693715594332417851e+01 4.348882624072128777e+01
4.693715594332417851e+01 4.263957914648929659e+01
4.693715594332417851e+01 4.443854256853656182e+01
4.693715594332417851e+01 4.423319428683500831e+01
4.693715594332417851e+01 4.837916339405435906e+01
4.693715594332417851e+01 5.364043836244599106e+01
4.693715594332417851e+01 4.186571187572992159e+01
4.693715594332417851e+01 4.562153371627007203e+01
4.693715594332417851e+01 4.351867480128768761e+01
4.693715594332417851e+01 4.437936524884261047e+01
4.693715594332417851e+01 4.415704005789091013e+01
4.693715594332417851e+01 5.017497536069226527e+01
4.693715594332417851e+01 4.709693947420958438e+01
4.693715594332417851e+01 4.584184059263613165e+01
4.693715594332417851e+01 4.909782185968553136e+01
4.693715594332417851e+01 5.046142590568132391e+01
4.693715594332417851e+01 4.728556997678654739e+01
4.693715594332417851e+01 4.632788018891854165e+01
4.693715594332417851e+01 3.900960063746693862e+01
4.693715594332417851e+01 4.923753645711855143e+01
4.693715594332417851e+01 4.374250204089137384e+01
4.693715594332417851e+01 4.860620644721153383e+01
4.693715594332417851e+01 5.355444061796628574e+01
4.693715594332417851e+01 4.776063337106413087e+01
4.693715594332417851e+01 4.579124104642811233e+01
4.693715594332417851e+01 4.616798327457826190e+01
4.693715594332417851e+01 4.515075538933685095e+01
4.693715594332417851e+01 5.007313789078894928e+01
4.693715594332417851e+01 4.376444604743537781e+01
4.693715594332417851e+01 4.422865396878273003e+01
4.693715594332417851e+01 4.916566338398685332e+01
4.693715594332417851e+01 4.624440305420990427e+01
4.693715594332417851e+01 4.302618516082082323e+01
4.693715594332417851e+01 4.608118803740791236e+01
4.693715594332417851e+01 4.636911761511596097e+01
4.693715594332417851e+01 4.208431586141892211e+01
4.693715594332417851e+01 4.262809394199761215e+01
4.693715594332417851e+01 4.708019401672664372e+01
4.693715594332417851e+01 4.299109643566087158e+01
4.693715594332417851e+01 4.332892924526116474e+01
4.693715594332417851e+01 4.100391735691055572e+01
4.693715594332417851e+01 4.760244682570808550e+01
4.693715594332417851e+01 5.409123384498894893e+01
4.693715594332417851e+01 4.707658662281772877e+01
4.693715594332417851e+01 4.695728193617778601e+01
4.693715594332417851e+01 4.435346740768970619e+01
4.693715594332417851e+01 4.270221112814179065e+01
4.693715594332417851e+01 4.882571786184625751e+01
4.693715594332417851e+01 4.729842614548790181e+01
4.693715594332417851e+01 4.967746524111702655e+01
4.693715594332417851e+01 4.442362731797817332e+01
4.693715594332417851e+01 4.434958608661261792e+01
4.693715594332417851e+01 4.571794429665487769e+01
4.693715594332417851e+01 4.352727449525976056e+01
4.693715594332417851e+01 4.915954658495279972e+01
4.693715594332417851e+01 4.124046964239579438e+01
4.693715594332417851e+01 4.198172096795261155e+01
4.693715594332417851e+01 4.280588018771000947e+01
4.693715594332417851e+01 4.349789807096846062e+01
4.693715594332417851e+01 4.562800188441548954e+01
4.693715594332417851e+01 4.388660090791953650e+01
4.693715594332417851e+01 4.519604141984006418e+01
4.693715594332417851e+01 4.977393993480674794e+01
4.693715594332417851e+01 4.659858780436339032e+01
4.693715594332417851e+01 4.382101300683406464e+01
4.693715594332417851e+01 4.135334283265364519e+01
4.693715594332417851e+01 4.149027998313538035e+01
4.693715594332417851e+01 3.906901143899418116e+01
4.693715594332417851e+01 4.763651488876245566e+01
4.693715594332417851e+01 5.162446054890743596e+01
4.693715594332417851e+01 4.647154042029855958e+01
4.693715594332417851e+01 5.065936275092361285e+01
4.693715594332417851e+01 4.998697732478428435e+01
4.693715594332417851e+01 5.583455515705207972e+01
4.693715594332417851e+01 4.574202350131528760e+01
4.693715594332417851e+01 4.452506386926462767e+01
4.693715594332417851e+01 4.537434677354855239e+01
4.693715594332417851e+01 5.005129326570929038e+01
4.693715594332417851e+01 4.556193829579775922e+01
4.693715594332417851e+01 4.876847996458269563e+01
4.693715594332417851e+01 4.830339253778691955e+01
4.693715594332417851e+01 4.824404675974234635e+01
4.693715594332417851e+01 4.599998275259571301e+01
4.693715594332417851e+01 4.467393259693763241e+01
4.693715594332417851e+01 4.726788627091724493e+01
4.693715594332417851e+01 3.927938983979247922e+01
4.693715594332417851e+01 4.042388762564377203e+01
4.693715594332417851e+01 4.739974379853862274e+01
4.693715594332417851e+01 4.048237492158572337e+01
4.693715594332417851e+01 3.940240199908912189e+01
4.693715594332417851e+01 4.529043258206453970e+01
4.693715594332417851e+01 4.424903204002812629e+01
4.693715594332417851e+01 4.598285838120055757e+01
4.693715594332417851e+01 4.771624220724874732e+01
4.693715594332417851e+01 4.445932931165976498e+01
4.693715594332417851e+01 5.107728036557287510e+01
4.693715594332417851e+01 4.270527162906292062e+01
4.693715594332417851e+01 4.392249064113127588e+01
4.693715594332417851e+01 4.750237595958078884e+01
4.693715594332417851e+01 4.760362290395161722e+01
4.693715594332417851e+01 4.607465841964668840e+01
4.693715594332417851e+01 5.037372393406239723e+01
4.693715594332417851e+01 5.183319656210271376e+01
4.693715594332417851e+01 4.327122173436254116e+01
4.693715594332417851e+01 4.658704437252034580e+01
4.693715594332417851e+01 4.754549702525110177e+01
4.693715594332417851e+01 4.953939051139276728e+01
4.693715594332417851e+01 4.402601672035086011e+01
4.693715594332417851e+01 4.801243134756642661e+01
4.693715594332417851e+01 5.132977394167506446e+01
4.693715594332417851e+01 4.051706573293206048e+01
4.693715594332417851e+01 4.491776682091676776e+01
4.693715594332417851e+01 4.952807453470259702e+01
4.693715594332417851e+01 4.252642674415050550e+01
4.693715594332417851e+01 4.812451256865896454e+01
4.693715594332417851e+01 4.645686431709806641e+01
4.693715594332417851e+01 4.471093516450894612e+01
4.693715594332417851e+01 4.313324924901613855e+01
4.693715594332417851e+01 4.724018425548796074e+01
4.693715594332417851e+01 4.515083296505540034e+01
4.693715594332417851e+01 3.942037932344988604e+01
4.693715594332417851e+01 4.169376563188769325e+01
4.693715594332417851e+01 4.443343524151553936e+01
4.693715594332417851e+01 4.481590207919137470e+01
4.693715594332417851e+01 4.952099330996938420e+01
4.693715594332417851e+01 4.284043207472488035e+01
4.693715594332417851e+01 4.748726963971306958e+01
4.693715594332417851e+01 4.952066771337804596e+01
4.693715594332417851e+01 4.175509546662097904e+01
4.693715594332417851e+01 4.639719677115261476e+01
4.693715594332417851e+01 4.730620398274661653e+01
4.693715594332417851e+01 4.454831568834952549e+01
4.693715594332417851e+01 5.128732857458986416e+01
4.693715594332417851e+01 4.366723340499169836e+01
4.693715594332417851e+01 4.648859985664451244e+01
4.693715594332417851e+01 4.686944567120610827e+01
4.693715594332417851e+01 4.748639308378011492e+01
4.693715594332417851e+01 4.553689890417120978e+01
4.693715594332417851e+01 4.921396101628540976e+01
4.693715594332417851e+01 4.520706588071135457e+01
4.693715594332417851e+01 4.294994670444758356e+01
4.693715594332417851e+01 4.525415857381724294e+01
4.693715594332417851e+01 4.278962628233487919e+01
4.693715594332417851e+01 4.326722479005034927e+01
4.693715594332417851e+01 4.431174677567528875e+01
4.693715594332417851e+01 4.324066270292268399e+01
4.693715594332417851e+01 4.666018810650812298e+01
4.693715594332417851e+01 4.794867372519664173e+01
4.693715594332417851e+01 4.290144647392212818e+01
4.693715594332417851e+01 4.788456404418237611e+01
4.693715594332417851e+01 4.486574939899528403e+01
4.693715594332417851e+01 4.650967399500097343e+01
4.693715594332417851e+01 4.790887519943220951e+01
4.693715594332417851e+01 5.483689889404446660e+01
4.693715594332417851e+01 4.470743699102980884e+01
4.693715594332417851e+01 4.906756685173116495e+01
4.693715594332417851e+01 5.029244602279553789e+01
4.693715594332417851e+01 4.336516514981853021e+01
4.693715594332417851e+01 4.851468207493741858e+01
4.693715594332417851e+01 4.330473139987980602e+01
4.693715594332417851e+01 5.117163288647560648e+01
4.693715594332417851e+01 4.354317574538378466e+01
4.693715594332417851e+01 4.224875498605739921e+01
4.693715594332417851e+01 4.714549718389609012e+01
4.693715594332417851e+01 4.390786134217859171e+01
4.693715594332417851e+01 4.915978832571529722e+01
4.693715594332417851e+01 4.449237615262743617e+01
4.693715594332417851e+01 5.221737184594196890e+01
4.693715594332417851e+01 4.732708911108652927e+01
4.693715594332417851e+01 5.148992071284714456e+01
4.693715594332417851e+01 4.271350720567452441e+01
4.693715594332417851e+01 4.570136192232261152e+01
4.693715594332417851e+01 4.854045407174198346e+01
4.693715594332417851e+01 4.287994968230243842e+01
4.693715594332417851e+01 4.450633060834951493e+01
4.693715594332417851e+01 4.443138040661388999e+01
4.693715594332417851e+01 4.089434136753957461e+01
4.693715594332417851e+01 4.291896046879405446e+01
4.693715594332417851e+01 4.791997409707274613e+01
4.693715594332417851e+01 4.163297212053256402e+01
4.693715594332417851e+01 4.649422231629434066e+01
4.693715594332417851e+01 5.055518707891208408e+01
4.693715594332417851e+01 4.724947299765565845e+01
4.693715594332417851e+01 3.994728517093667364e+01
4.693715594332417851e+01 4.714322122909126023e+01
4.693715594332417851e+01 5.017025041630412829e+01
4.693715594332417851e+01 4.399846626205750511e+01
4.693715594332417851e+01 4.948707036699080675e+01
4.693715594332417851e+01 4.999281168976856549e+01
4.693715594332417851e+01 4.838356050457570490e+01
4.693715594332417851e+01 4.315694863238791612e+01
4.693715594332417851e+01 4.976188390271928341e+01
4.693715594332417851e+01 4.606507187168727313e+01
4.693715594332417851e+01 5.075805754250050228e+01
4.693715594332417851e+01 5.021528507252980233e+01
4.693715594332417851e+01 4.777851276579978190e+01
4.693715594332417851e+01 4.860382945541351063e+01
4.693715594332417851e+01 4.602322944736885546e+01
4.693715594332417851e+01 5.261505513485843721e+01
4.693715594332417851e+01 4.361691463779260403e+01
4.693715594332417851e+01 4.575089466663061444e+01
4.693715594332417851e+01 4.325441489125635286e+01
4.693715594332417851e+01 4.530303310876192313e+01
4.693715594332417851e+01 4.800386838427449021e+01
4.693715594332417851e+01 4.548383817633002479e+01
4.693715594332417851e+01 4.360144754187344063e+01
4.693715594332417851e+01 4.761361664664701721e+01
4.693715594332417851e+01 4.752788820920140722e+01
4.693715594332417851e+01 4.495259356592628563e+01
4.693715594332417851e+01 3.874000732678069880e+01
4.693715594332417851e+01 5.070005267508842905e+01
4.693715594332417851e+01 4.972406297854058010e+01
4.693715594332417851e+01 4.793652559773881450e+01
4.693715594332417851e+01 4.656308354826525431e+01
4.693715594332417851e+01 4.073144767062215266e+01
4.693715594332417851e+01 5.323251201457838988e+01
4.693715594332417851e+01 5.072132954938200555e+01
4.693715594332417851e+01 4.968887698692976329e+01
4.693715594332417851e+01 4.882104995921292812e+01
4.693715594332417851e+01 4.656905398189916667e+01
4.693715594332417851e+01 4.273330525759823928e+01
4.693715594332417851e+01 5.035915983575536359e+01
4.693715594332417851e+01 4.836534635862183507e+01
4.693715594332417851e+01 4.700966662143096642e+01
4.693715594332417851e+01 4.510809891251422954e+01
4.693715594332417851e+01 4.716652810725111777e+01
4.693715594332417851e+01 4.792010747278450111e+01
4.693715594332417851e+01 4.817468968679007446e+01
4.693715594332417851e+01 4.830179623393390642e+01
4.693715594332417851e+01 4.466777777433106422e+01
4.693715594332417851e+01 5.090465979001072583e+01
4.693715594332417851e+01 3.975998214922817198e+01
4.693715594332417851e+01 4.672812132853886169e+01
4.693715594332417851e+01 4.449243371796028157e+01
4.693715594332417851e+01 4.158526610125484524e+01
4.693715594332417851e+01 4.386362179796837779e+01
4.693715594332417851e+01 4.376493121549672338e+01
4.693715594332417851e+01 4.658867991161465483e+01
4.693715594332417851e+01 4.762513271422695027e+01
4.693715594332417851e+01 4.284468701440729177e+01
4.693715594332417851e+01 4.686107774446728058e+01
4.693715594332417851e+01 5.336851856284944517e+01
4.693715594332417851e+01 4.334299340936652811e+01
4.693715594332417851e+01 4.775483443593650179e+01
4.693715594332417851e+01 4.911737963182577715e+01
4.693715594332417851e+01 4.617914056547154900e+01
4.693715594332417851e+01 4.995298578971198822e+01
4.693715594332417851e+01 4.523128065352990745e+01
4.693715594332417851e+01 4.895739616686195461e+01
4.693715594332417851e+01 5.210138177289904604e+01
4.693715594332417851e+01 5.055208148313464278e+01
4.693715594332417851e+01 5.203739752830946230e+01
4.693715594332417851e+01 4.550928719699182068e+01
4.693715594332417851e+01 4.895446191986508921e+01
4.693715594332417851e+01 4.464766808114350027e+01
4.693715594332417851e+01 4.954474706357567015e+01
4.693715594332417851e+01 4.519419056156810655e+01
4.693715594332417851e+01 4.118626859024462306e+01
4.693715594332417851e+01 4.416601367996135963e+01
4.693715594332417851e+01 4.485202181522426201e+01
4.693715594332417851e+01 4.433122689548918771e+01
4.693715594332417851e+01 4.369123346914550865e+01
4.693715594332417851e+01 4.615734782501074562e+01
4.693715594332417851e+01 4.616849329607292418e+01
4.693715594332417851e+01 4.088811888088533664e+01
4.693715594332417851e+01 4.180322675960175616e+01
4.693715594332417851e+01 4.641997495477666291e+01
4.693715594332417851e+01 4.516117936601435190e+01
4.693715594332417851e+01 4.845976920475781924e+01
4.693715594332417851e+01 4.670828888707207938e+01
4.693715594332417851e+01 5.081365193762450616e+01
4.693715594332417851e+01 4.635869529522103250e+01
4.693715594332417851e+01 4.987191404193097810e+01
4.693715594332417851e+01 4.732982956871824598e+01
4.693715594332417851e+01 4.933058549757266320e+01
4.693715594332417851e+01 4.713606132656020975e+01
4.693715594332417851e+01 4.138520634255540642e+01
4.693715594332417851e+01 5.161195746873619328e+01
4.693715594332417851e+01 4.833483263383961059e+01
4.693715594332417851e+01 4.561068270812860703e+01
4.693715594332417851e+01 4.577115178949686936e+01
4.693715594332417851e+01 4.563876147688522167e+01
4.693715594332417851e+01 3.795176267053312813e+01
4.693715594332417851e+01 5.197476354088873052e+01
4.693715594332417851e+01 4.361894556775305176e+01
4.693715594332417851e+01 4.415805255673051732e+01
4.693715594332417851e+01 5.084447819593138718e+01
4.693715594332417851e+01 4.319133091031443428e+01
4.693715594332417851e+01 4.983393800778154059e+01
4.693715594332417851e+01 4.322610824152167197e+01
4.693715594332417851e+01 4.332997702165832976e+01
4.693715594332417851e+01 4.852311691892948176e+01
4.693715594332417851e+01 4.845279073427242622e+01
4.693715594332417851e+01 4.333468923591422595e+01
4.693715594332417851e+01 4.171483224827253622e+01
4.693715594332417851e+01 4.270911193298811526e+01
4.693715594332417851e+01 4.570283214257638349e+01
4.693715594332417851e+01 3.936904365912829462e+01
4.693715594332417851e+01 5.145828020873098296e+01
4.693715594332417851e+01 4.825647206059292671e+01
4.693715594332417851e+01 4.579715946054728448e+01
4.693715594332417851e+01 5.088050624674340128e+01
4.693715594332417851e+01 4.411705038950999125e+01
4.693715594332417851e+01 4.262463860346575473e+01
4.693715594332417851e+01 4.627531750441830383e+01
4.693715594332417851e+01 4.442664122677428651e+01
4.693715594332417851e+01 4.902332041937752649e+01
4.693715594332417851e+01 4.937981003428093629e+01
4.693715594332417851e+01 4.685222115245397134e+01
4.693715594332417851e+01 4.989452695519934622e+01
4.693715594332417851e+01 5.022333160048441414e+01
4.693715594332417851e+01 4.147797521350391037e+01
4.693715594332417851e+01 4.373856733158415722e+01
4.693715594332417851e+01 4.933974642128879395e+01
4.693715594332417851e+01 4.907818727408695736e+01
4.693715594332417851e+01 4.794787760266134313e+01
4.693715594332417851e+01 4.263833279836891421e+01
4.693715594332417851e+01 4.421700049454506143e+01
4.693715594332417851e+01 4.528440061430104180e+01
4.693715594332417851e+01 4.879173023579637913e+01
4.693715594332417851e+01 4.450108500424756386e+01
4.693715594332417851e+01 4.379748055364386516e+01
4.693715594332417851e+01 5.072453093892296749e+01
4.693715594332417851e+01 4.823220909672744483e+01
4.693715594332417851e+01 4.631950251047970823e+01
4.693715594332417851e+01 4.399021118091541638e+01
4.693715594332417851e+01 4.907100327666734785e+01
4.693715594332417851e+01 4.187294942087753924e+01
4.693715594332417851e+01 4.560597794696397500e+01
4.693715594332417851e+01 4.550605397298144084e+01
4.693715594332417851e+01 4.655515549063935055e+01
4.693715594332417851e+01 4.758429115920385044e+01
4.693715594332417851e+01 5.418792626956930292e+01
4.693715594332417851e+01 4.758664334191227852e+01
4.693715594332417851e+01 4.125698796191373674e+01
4.693715594332417851e+01 4.462477353391430057e+01
4.693715594332417851e+01 5.451181307898427519e+01
4.693715594332417851e+01 4.810478865355383959e+01
4.693715594332417851e+01 4.479636680378105495e+01
4.693715594332417851e+01 4.507128526396752477e+01
4.693715594332417851e+01 4.420832507127695976e+01
4.693715594332417851e+01 4.501197633901421824e+01
4.693715594332417851e+01 3.981769682721112957e+01
4.693715594332417851e+01 4.711819062539264280e+01
4.693715594332417851e+01 4.544606598787366636e+01
4.693715594332417851e+01 3.999105045925794144e+01
4.693715594332417851e+01 4.733753648221480859e+01
4.693715594332417851e+01 4.717201561119884445e+01
4.693715594332417851e+01 4.486857730283671941e+01
4.693715594332417851e+01 4.512501597924089225e+01
4.693715594332417851e+01 4.670028974699298630e+01
4.693715594332417851e+01 4.431964589321592740e+01
4.693715594332417851e+01 4.128887944263675536e+01
4.693715594332417851e+01 4.642844382791209767e+01
4.693715594332417851e+01 4.256227481947415470e+01
4.693715594332417851e+01 4.445467166865199005e+01
4.693715594332417851e+01 4.376631979512761461e+01
4.693715594332417851e+01 4.847322376952905643e+01
4.693715594332417851e+01 4.273463579825411784e+01
4.693715594332417851e+01 5.299982809913215931e+01
4.693715594332417851e+01 4.804990384959637595e+01
4.693715594332417851e+01 4.779051124031769149e+01
4.693715594332417851e+01 5.200204809236512205e+01
4.693715594332417851e+01 5.326750189884518960e+01
4.693715594332417851e+01 4.294610062975471720e+01
4.693715594332417851e+01 4.526564530960047250e+01
4.693715594332417851e+01 4.946235105496322149e+01
4.693715594332417851e+01 4.143039356142460861e+01
4.693715594332417851e+01 4.288766542750737898e+01
4.693715594332417851e+01 4.173334463484990664e+01
4.693715594332417851e+01 4.515928960481989662e+01
4.693715594332417851e+01 4.900406948086955339e+01
4.693715594332417851e+01 4.720856750885360498e+01
4.693715594332417851e+01 4.640970663965449461e+01
4.693715594332417851e+01 4.454621841086054701e+01
4.693715594332417851e+01 5.139661585606383909e+01
4.693715594332417851e+01 4.601878779923131901e+01
4.693715594332417851e+01 4.595965142889478017e+01
4.693715594332417851e+01 5.186046933393132008e+01
4.693715594332417851e+01 4.388965127969877500e+01
4.693715594332417851e+01 4.448600744189997869e+01
4.693715594332417851e+01 4.454035413979313063e+01
4.693715594332417851e+01 4.745199609426484955e+01
4.693715594332417851e+01 4.817120721738960043e+01
4.693715594332417851e+01 4.452549853462408436e+01
4.693715594332417851e+01 5.017895340234787938e+01
4.693715594332417851e+01 4.660607818010456782e+01
4.693715594332417851e+01 4.278886763607374633e+01
4.693715594332417851e+01 4.303241367682529983e+01
4.693715594332417851e+01 4.463052480526932442e+01
4.693715594332417851e+01 5.252722170958654146e+01
4.693715594332417851e+01 4.731226919492536354e+01
4.693715594332417851e+01 4.263313673177808738e+01
4.693715594332417851e+01 4.893962372726134191e+01
4.693715594332417851e+01 3.962731007711497710e+01
4.693715594332417851e+01 4.273581543860338172e+01
4.693715594332417851e+01 4.456042712339363732e+01
4.693715594332417851e+01 4.684771590150896969e+01
4.693715594332417851e+01 5.106915662062354500e+01
4.693715594332417851e+01 4.309566244085918640e+01
4.693715594332417851e+01 4.416303446116089759e+01
4.693715594332417851e+01 4.173811329644357926e+01
4.693715594332417851e+01 4.838943682233153964e+01
4.693715594332417851e+01 4.877250853240563089e+01
4.693715594332417851e+01 4.500821119955797656e+01
4.693715594332417851e+01 4.629899115098432816e+01
4.693715594332417851e+01 4.370817772248886257e+01
4.693715594332417851e+01 4.752834327192099551e+01
4.693715594332417851e+01 4.191836369586606992e+01
4.693715594332417851e+01 4.596379097389651491e+01
4.693715594332417851e+01 4.652401156831774642e+01
4.693715594332417851e+01 4.509074084665189019e+01
4.693715594332417851e+01 4.372987499150309532e+01
4.693715594332417851e+01 5.106894836909039270e+01
4.693715594332417851e+01 4.393973046002322036e+01
4.693715594332417851e+01 4.406868889043575166e+01
4.693715594332417851e+01 4.867797486025105513e+01
4.693715594332417851e+01 4.563909724993337136e+01
4.693715594332417851e+01 4.907490825169355730e+01
4.693715594332417851e+01 4.514584444260943030e+01
4.693715594332417851e+01 4.290737467485788414e+01
4.693715594332417851e+01 4.099656035120818842e+01
4.693715594332417851e+01 4.476250235961691715e+01
4.693715594332417851e+01 4.573568779277004381e+01
4.693715594332417851e+01 4.594683754125658481e+01
4.693715594332417851e+01 4.770458298703163535e+01
4.693715594332417851e+01 4.422559831299015798e+01
4.693715594332417851e+01 5.011862435317561193e+01
4.693715594332417851e+01 5.174402404761647745e+01
4.693715594332417851e+01 4.174209503374989794e+01
4.693715594332417851e+01 4.750202413785172695e+01
4.693715594332417851e+01 4.480624480761541406e+01
4.693715594332417851e+01 4.495677484319750761e+01
4.693715594332417851e+01 4.462394062538214001e+01
4.693715594332417851e+01 4.827950750371299904e+01
4.693715594332417851e+01 4.500128224273401401e+01
4.693715594332417851e+01 4.409316429384571734e+01
4.693715594332417851e+01 4.443912775307992291e+01
4.693715594332417851e+01 4.141182173142724565e+01
4.693715594332417851e+01 4.508056016237751606e+01
4.693715594332417851e+01 4.745086188523803372e+01
4.693715594332417851e+01 5.207753121920008255e+01
4.693715594332417851e+01 4.791386028087010374e+01
4.693715594332417851e+01 4.536172993601379488e+01
4.693715594332417851e+01 4.547972659037180421e+01
4.693715594332417851e+01 4.652828866474710878e+01
4.693715594332417851e+01 4.603709758111812533e+01
4.693715594332417851e+01 4.295757244236975225e+01
4.693715594332417851e+01 5.189460380248732463e+01
4.693715594332417851e+01 5.212813754562248647e+01
4.693715594332417851e+01 4.795206486855398964e+01
4.693715594332417851e+01 4.361071459141199114e+01
4.693715594332417851e+01 4.088395899674078038e+01
4.693715594332417851e+01 5.264633066823078167e+01
4.693715594332417851e+01 4.882146168114258700e+01
4.693715594332417851e+01 4.561363240380283202e+01
4.693715594332417851e+01 4.207630618491013763e+01
4.693715594332417851e+01 5.125377648200299063e+01
4.693715594332417851e+01 4.387872988304427935e+01
4.693715594332417851e+01 4.564670699739732385e+01
4.693715594332417851e+01 4.554457046392732167e+01
4.693715594332417851e+01 5.179467685751607320e+01
4.693715594332417851e+01 4.725898118612160914e+01
4.693715594332417851e+01 4.616086209255766448e+01
4.693715594332417851e+01 4.724318104374191307e+01
4.693715594332417851e+01 3.961845344632136090e+01
4.693715594332417851e+01 4.619928596116292852e+01
4.693715594332417851e+01 4.768621011525073783e+01
4.693715594332417851e+01 5.032292622758140510e+01
4.693715594332417851e+01 4.530384060404362856e+01
4.693715594332417851e+01 4.081217796446483703e+01
4.693715594332417851e+01 4.262365151890598014e+01
4.693715594332417851e+01 4.080487874649719515e+01
4.693715594332417851e+01 4.799643482338652234e+01
4.693715594332417851e+01 4.868599512955086084e+01
4.693715594332417851e+01 4.863559430918310511e+01
4.693715594332417851e+01 4.921571167623577736e+01
4.693715594332417851e+01 4.487891112897058576e+01
4.693715594332417851e+01 4.467908909973608189e+01
4.693715594332417851e+01 4.425336855738297714e+01
4.693715594332417851e+01 4.321650011932017321e+01
4.693715594332417851e+01 4.831186629482802886e+01
4.693715594332417851e+01 4.717504290922187238e+01
4.693715594332417851e+01 4.970300072653447643e+01
4.693715594332417851e+01 4.408412499941615437e+01
4.693715594332417851e+01 4.603470708642836939e+01
4.693715594332417851e+01 4.163761257923075476e+01
4.693715594332417851e+01 4.278470802969600584e+01
4.693715594332417851e+01 4.732155702945329523e+01
4.693715594332417851e+01 4.374872893341156299e+01
4.693715594332417851e+01 4.750607011009632430e+01
4.693715594332417851e+01 4.455549865621776462e+01
4.693715594332417851e+01 4.861017254594477066e+01
4.693715594332417851e+01 4.761381799430289874e+01
4.693715594332417851e+01 4.767543761923019474e+01
4.693715594332417851e+01 4.743363399243289535e+01
4.693715594332417851e+01 4.829423463376914327e+01
4.693715594332417851e+01 4.110528615705404576e+01
4.693715594332417851e+01 4.742776232421758209e+01
4.693715594332417851e+01 4.720231372384750301e+01
4.693715594332417851e+01 4.913507856250902961e+01
4.693715594332417851e+01 4.477033178575178596e+01
4.693715594332417851e+01 5.079497711434348162e+01
4.693715594332417851e+01 5.135321392191245593e+01
4.693715594332417851e+01 4.469256036937681387e+01
4.693715594332417851e+01 4.547577788142829291e+01
4.693715594332417851e+01 4.631580982481276720e+01
4.693715594332417851e+01 3.921707138582771535e+01
4.693715594332417851e+01 4.076596156012685412e+01
4.693715594332417851e+01 4.734722578544068483e+01
4.693715594332417851e+01 4.082998161057916775e+01
4.693715594332417851e+01 4.472283832590376562e+01
4.693715594332417851e+01 4.228058792461050786e+01
4.693715594332417851e+01 4.632287553856991025e+01
4.693715594332417851e+01 4.247781513271089437e+01
4.693715594332417851e+01 4.861442287134179452e+01
4.693715594332417851e+01 4.974689077414082305e+01
4.693715594332417851e+01 4.942849723449097610e+01
4.693715594332417851e+01 4.477319040191397903e+01
4.693715594332417851e+01 5.959784338195279219e+01
4.693715594332417851e+01 4.929284839684300579e+01
4.693715594332417851e+01 4.522421743052160537e+01
4.693715594332417851e+01 4.329584045451292695e+01
4.693715594332417851e+01 4.377125305216480911e+01
4.693715594332417851e+01 4.122877334745609801e+01
4.693715594332417851e+01 4.639373580953279941e+01
4.693715594332417851e+01 5.497997710827796425e+01
4.693715594332417851e+01 4.265400576360133300e+01
4.693715594332417851e+01 4.974348234798927848e+01
4.693715594332417851e+01 5.142522501551216862e+01
4.693715594332417851e+01 4.636917956418886888e+01
4.693715594332417851e+01 4.328314009556778075e+01
4.693715594332417851e+01 4.619962687471260665e+01
4.693715594332417851e+01 4.659375576134439001e+01
4.693715594332417851e+01 4.484558309856921454e+01
4.693715594332417851e+01 4.600198167682304984e+01
4.693715594332417851e+01 5.312770446446939587e+01
4.693715594332417851e+01 4.040499287444919219e+01
4.693715594332417851e+01 4.620490089695026370e+01
4.693715594332417851e+01 4.478387212859395561e+01
4.693715594332417851e+01 4.505479945401950914e+01
4.693715594332417851e+01 4.436222165345200352e+01
4.693715594332417851e+01 5.222942173864438331e+01
4.693715594332417851e+01 4.521336432720733001e+01
4.693715594332417851e+01 4.922804196535336985e+01
4.693715594332417851e+01 4.425778316766893994e+01
4.693715594332417851e+01 4.882363853846513990e+01
4.693715594332417851e+01 4.818688580356322859e+01
4.693715594332417851e+01 4.775597501107330345e+01
4.693715594332417851e+01 4.629265260777074076e+01
4.693715594332417851e+01 5.003276589056387991e+01
4.693715594332417851e+01 4.655995961984476139e+01
4.693715594332417851e+01 4.273650510671796354e+01
4.693715594332417851e+01 4.219194252269537060e+01
4.693715594332417851e+01 4.752600816180150645e+01
4.693715594332417851e+01 4.430031749811696073e+01
4.693715594332417851e+01 4.010605566070728401e+01
4.693715594332417851e+01 5.058886929685313305e+01
4.693715594332417851e+01 4.615980755791844814e+01
4.693715594332417851e+01 4.159091557551480633e+01
4.693715594332417851e+01 4.829384855536299170e+01
4.693715594332417851e+01 5.027324694013298512e+01
4.693715594332417851e+01 4.211414281905972246e+01
4.693715594332417851e+01 4.031437724496205988e+01
4.693715594332417851e+01 3.776723935721467029e+01
4.693715594332417851e+01 5.086621119528781065e+01
4.693715594332417851e+01 5.157554561466130139e+01
4.693715594332417851e+01 4.053309238940219217e+01
4.693715594332417851e+01 4.809369781487424689e+01
4.693715594332417851e+01 4.307980492840724196e+01
4.693715594332417851e+01 4.496690508157536925e+01
4.693715594332417851e+01 4.693799897113848374e+01
4.693715594332417851e+01 4.176416071788743523e+01
4.693715594332417851e+01 4.439556658460814020e+01
4.693715594332417851e+01 4.532452540696729670e+01
4.693715594332417851e+01 4.447296444885899547e+01
4.693715594332417851e+01 5.019862839696504153e+01
4.693715594332417851e+01 5.150865865496685103e+01
4.693715594332417851e+01 4.890245196545971140e+01
4.693715594332417851e+01 4.712160940477916427e+01
4.693715594332417851e+01 4.399676841837330699e+01
4.693715594332417851e+01 4.518382819821319174e+01
4.693715594332417851e+01 4.813415440124384048e+01
4.693715594332417851e+01 5.136506865372763286e+01
4.693715594332417851e+01 4.920382483800543127e+01
4.693715594332417851e+01 4.630552589172697964e+01
4.693715594332417851e+01 5.279391979871255813e+01
4.693715594332417851e+01 4.507853261223927888e+01
4.693715594332417851e+01 4.332528971661150763e+01
4.693715594332417851e+01 4.107247042792347003e+01
4.693715594332417851e+01 4.738538898871246374e+01
4.693715594332417851e+01 4.786630334696062050e+01
4.693715594332417851e+01 5.180315851694707163e+01
4.693715594332417851e+01 4.695896537487666222e+01
4.693715594332417851e+01 4.676893423741387323e+01
4.693715594332417851e+01 4.913066246506184598e+01
4.693715594332417851e+01 4.583392894586499011e+01
4.693715594332417851e+01 4.800814810884262585e+01
4.693715594332417851e+01 4.796086154957652781e+01
4.693715594332417851e+01 5.105841336395759100e+01
4.693715594332417851e+01 4.661031959028358784e+01
4.693715594332417851e+01 4.884553700150571132e+01
4.693715594332417851e+01 5.139473627598440686e+01
4.693715594332417851e+01 3.997405576461144250e+01
4.693715594332417851e+01 4.246405548006602260e+01
4.693715594332417851e+01 4.857707580434758654e+01
4.693715594332417851e+01 4.358850295576957024e+01
4.693715594332417851e+01 4.621499017399673903e+01
4.693715594332417851e+01 4.621558433114545039e+01
4.693715594332417851e+01 4.045690494527797654e+01
4.693715594332417851e+01 5.024743452302600133e+01
4.693715594332417851e+01 4.238881886025606605e+01
4.693715594332417851e+01 4.612011310822322940e+01
4.693715594332417851e+01 4.350107104470396990e+01
4.693715594332417851e+01 4.831423924170007922e+01
4.693715594332417851e+01 4.432218663135837744e+01
4.693715594332417851e+01 4.957273934788821634e+01
4.693715594332417851e+01 4.914910850481179949e+01
4.693715594332417851e+01 4.254490242809395539e+01
4.693715594332417851e+01 4.910736793065366612e+01
4.693715594332417851e+01 4.541845865397805682e+01
4.693715594332417851e+01 4.463149680591318713e+01
4.693715594332417851e+01 4.303898241363810939e+01
4.693715594332417851e+01 4.743169993919180882e+01
4.693715594332417851e+01 4.768530344976447566e+01
4.693715594332417851e+01 4.392481937710516604e+01
4.693715594332417851e+01 5.076470831838117448e+01
4.693715594332417851e+01 4.956270888525700258e+01
4.693715594332417851e+01 4.204221255749840935e+01
4.693715594332417851e+01 4.716198520858676346e+01
4.693715594332417851e+01 4.679985841031746219e+01
4.693715594332417851e+01 5.318480889394908218e+01
4.693715594332417851e+01 4.300521312414100095e+01
4.693715594332417851e+01 4.864109434853916980e+01
4.693715594332417851e+01 4.467477642707623176e+01
4.693715594332417851e+01 4.107755685628794851e+01
4.693715594332417851e+01 4.688769138697549010e+01
4.693715594332417851e+01 4.464315082783897992e+01
4.693715594332417851e+01 5.276080461218563045e+01
4.693715594332417851e+01 4.298365649037385339e+01
4.693715594332417851e+01 4.294645209615971027e+01
4.693715594332417851e+01 4.023607292668048530e+01
4.693715594332417851e+01 5.059056350859346907e+01
4.693715594332417851e+01 4.875622511425947181e+01
4.693715594332417851e+01 4.786007963201434734e+01
4.693715594332417851e+01 4.789682190672422735e+01
4.693715594332417851e+01 4.925591564299236325e+01
4.693715594332417851e+01 4.953865426367026004e+01
4.693715594332417851e+01 4.408099676418618174e+01
4.693715594332417851e+01 4.248550290853599165e+01
4.693715594332417851e+01 5.045879839674438472e+01
4.693715594332417851e+01 4.897129208200384909e+01
4.693715594332417851e+01 4.885011792597440916e+01
4.693715594332417851e+01 4.275462447124318999e+01
4.693715594332417851e+01 4.507009541305047406e+01
4.693715594332417851e+01 4.046375072846843324e+01
4.693715594332417851e+01 4.748846043211889167e+01
4.693715594332417851e+01 4.707646139513970951e+01
4.693715594332417851e+01 4.545944222791507627e+01
4.693715594332417851e+01 5.501848245063087717e+01
4.693715594332417851e+01 4.007933323850789264e+01
4.693715594332417851e+01 4.719890946019759781e+01
4.693715594332417851e+01 4.241634677440426060e+01
4.693715594332417851e+01 4.882329278407448925e+01
4.693715594332417851e+01 4.513264128893691662e+01
4.693715594332417851e+01 5.012316137611035316e+01
4.693715594332417851e+01 4.838174149414800240e+01
4.693715594332417851e+01 4.706175317454642482e+01
4.693715594332417851e+01 4.494795708364573272e+01
4.693715594332417851e+01 4.778568249985164584e+01
4.693715594332417851e+01 4.546577696349827846e+01
4.693715594332417851e+01 4.367488157132061843e+01
4.693715594332417851e+01 4.624650415531481684e+01
4.693715594332417851e+01 4.300910907721522136e+01
4.693715594332417851e+01 4.756164224379552508e+01
4.693715594332417851e+01 4.315245157065039194e+01
4.693715594332417851e+01 4.668682150409458842e+01
4.693715594332417851e+01 4.345885562429556614e+01
4.693715594332417851e+01 4.555866262214845364e+01
4.693715594332417851e+01 4.110122923027658004e+01
4.693715594332417851e+01 4.246693722036098961e+01
4.693715594332417851e+01 4.337333324988232164e+01
4.693715594332417851e+01 4.361232722333201650e+01
4.693715594332417851e+01 4.666913841375630767e+01
4.693715594332417851e+01 4.633021435691840395e+01
4.693715594332417851e+01 5.049842905803669879e+01
4.693715594332417851e+01 4.436605915373753106e+01
4.693715594332417851e+01 4.693749074522297349e+01
4.693715594332417851e+01 4.927868535398705063e+01
4.693715594332417851e+01 4.765884119456491419e+01
4.693715594332417851e+01 4.137221806568296500e+01
4.693715594332417851e+01 4.651308206164816283e+01
4.693715594332417851e+01 4.474722847273604742e+01
4.693715594332417851e+01 4.823506811892517732e+01
4.693715594332417851e+01 4.452712635540745367e+01
4.693715594332417851e+01 4.772222949803110481e+01
4.693715594332417851e+01 4.017907541534815152e+01
4.693715594332417851e+01 4.517801106459575067e+01
4.693715594332417851e+01 4.787957214087973767e+01
4.693715594332417851e+01 4.149319600055531509e+01
4.693715594332417851e+01 4.104573433880893418e+01
4.693715594332417851e+01 4.962703789413834699e+01
4.693715594332417851e+01 4.527858186357644144e+01
4.693715594332417851e+01 4.498158104775128407e+01
4.693715594332417851e+01 4.713612126757298171e+01
4.693715594332417851e+01 4.445668841623238166e+01
4.693715594332417851e+01 5.017991420293265747e+01
4.693715594332417851e+01 4.311952537812529584e+01
4.693715594332417851e+01 4.771196564703990362e+01
4.693715594332417851e+01 4.552875859188847585e+01
4.693715594332417851e+01 4.884454828970245899e+01
4.693715594332417851e+01 5.069761538617007091e+01
4.693715594332417851e+01 5.013898923423108300e+01
4.693715594332417851e+01 4.422202539480556283e+01
4.693715594332417851e+01 4.559991836766036499e+01
4.693715594332417851e+01 4.161018078933737740e+01
4.693715594332417851e+01 4.563461871515161050e+01
4.693715594332417851e+01 5.006185268767683283e+01
4.693715594332417851e+01 4.662881262012768957e+01
4.693715594332417851e+01 4.608742344426498505e+01
4.693715594332417851e+01 4.276543851205754976e+01
4.693715594332417851e+01 4.541362780536052668e+01
4.693715594332417851e+01 4.648056565611768320e+01
4.693715594332417851e+01 4.223814535437927731e+01
4.693715594332417851e+01 4.224960267205727860e+01
4.693715594332417851e+01 4.429835683325808304e+01
4.693715594332417851e+01 4.679895890016560145e+01
4.693715594332417851e+01 5.398548242426629429e+01
4.693715594332417851e+01 4.391748834881644825e+01
4.693715594332417851e+01 4.387294578071220030e+01
4.693715594332417851e+01 4.746766106830783372e+01
4.693715594332417851e+01 4.748293082873272652e+01
4.693715594332417851e+01 5.043167484410983548e+01
4.693715594332417851e+01 4.638765985117019852e+01
4.693715594332417851e+01 4.479743102016696810e+01
4.693715594332417851e+01 4.544694588914994426e+01
4.693715594332417851e+01 4.428954804160069614e+01
4.693715594332417851e+01 4.698360028243446607e+01
4.693715594332417851e+01 4.672773729785028962e+01
4.693715594332417851e+01 5.262444197288328951e+01
4.693715594332417851e+01 3.922590085905531510e+01
4.693715594332417851e+01 4.749627815241877471e+01
4.693715594332417851e+01 4.668877346718310406e+01
4.693715594332417851e+01 4.501302772362873128e+01
4.693715594332417851e+01 5.585221267634760522e+01
4.693715594332417851e+01 4.676775641417911089e+01
4.693715594332417851e+01 5.134316703395736425e+01
4.693715594332417851e+01 3.978971969084479809e+01
4.693715594332417851e+01 5.149411163993563889e+01
4.693715594332417851e+01 4.344991575003854223e+01
4.693715594332417851e+01 5.417105657734256852e+01
4.693715594332417851e+01 4.803425424733141114e+01
4.693715594332417851e+01 4.666946328089612450e+01
4.693715594332417851e+01 4.566471203548104540e+01
4.693715594332417851e+01 4.523857383404000387e+01
4.693715594332417851e+01 4.567462333991863943e+01
4.693715594332417851e+01 4.833656734182674342e+01
4.693715594332417851e+01 4.298123522499115978e+01
4.693715594332417851e+01 5.080281937343176679e+01
4.693715594332417851e+01 4.754752001217840274e+01
4.693715594332417851e+01 4.880075364814457117e+01
4.693715594332417851e+01 4.472233740557203419e+01
4.693715594332417851e+01 4.471308840755138903e+01
4.693715594332417851e+01 4.523018911342021653e+01
4.693715594332417851e+01 4.570703124703875631e+01
4.693715594332417851e+01 4.793369431507446166e+01
4.693715594332417851e+01 3.722107034987419638e+01
4.693715594332417851e+01 4.433014972882943283e+01
4.693715594332417851e+01 4.337436083437109602e+01
4.693715594332417851e+01 4.930535645263577038e+01
4.693715594332417851e+01 4.536393337684572202e+01
4.693715594332417851e+01 4.083118915558215889e+01
4.693715594332417851e+01 4.719961824046525578e+01
