4.693715594332417851e+01 4.972125419242107824e+01
4.693715594332417851e+01 4.768529385251174091e+01
4.693715594332417851e+01 4.800241414208646518e+01
4.693715594332417851e+01 4.912219407490959355e+01
4.693715594332417851e+01 4.559598348245543065e+01
4.693715594332417851e+01 4.547453830738151481e+01
4.693715594332417851e+01 5.464159781846911557e+01
4.693715594332417851e+01 4.756802318635179461e+01
4.693715594332417851e+01 4.520615586001196107e+01
4.693715594332417851e+01 4.411393352964960002e+01
4.693715594332417851e+01 4.546886138953399126e+01
4.693715594332417851e+01 5.003357185456493283e+01
4.693715594332417851e+01 4.548316178857895409e+01
4.693715594332417851e+01 4.688499876165811742e+01
4.693715594332417851e+01 4.347636802834364289e+01
4.693715594332417851e+01 4.920471753781780677e+01
4.693715594332417851e+01 4.455280676046218247e+01
4.693715594332417851e+01 4.342616358509037866e+01
4.693715594332417851e+01 4.538924297241644013e+01
4.693715594332417851e+01 4.162891739107868005e+01
4.693715594332417851e+01 4.475718628301659407e+01
4.693715594332417851e+01 4.739828555254774045e+01
4.693715594332417851e+01 4.737696280528786019e+01
4.693715594332417851e+01 4.596776776205592085e+01
4.693715594332417851e+01 4.278419132624651411e+01
4.693715594332417851e+01 4.990646918193109371e+01
4.693715594332417851e+01 4.926358435880564457e+01
4.693715594332417851e+01 4.876488942428480300e+01
4.693715594332417851e+01 4.992234696769922664e+01
4.693715594332417851e+01 5.227705964268422889e+01
4.693715594332417851e+01 4.548809085817821796e+01
4.693715594332417851e+01 4.685485875808598877e+01
4.693715594332417851e+01 4.985079832884292728e+01
4.693715594332417851e+01 4.829513973435370389e+01
4.693715594332417851e+01 4.612774699474084628e+01
4.693715594332417851e+01 4.545406698534412016e+01
4.693715594332417851e+01 4.342724491418367450e+01
4.693715594332417851e+01 4.979052018370092725e+01
4.693715594332417851e+01 4.049994608079551028e+01
4.693715594332417851e+01 4.270281409361373193e+01
4.693715594332417851e+01 4.954238648237899412e+01
4.693715594332417851e+01 4.898830507310238858e+01
4.693715594332417851e+01 4.719130613257643603e+01
4.693715594332417851e+01 4.417557437724179437e+01
4.693715594332417851e+01 4.268775976340929645e+01
4.693715594332417851e+01 4.541882201228377625e+01
4.693715594332417851e+01 5.031772026906133988e+01
4.693715594332417851e+01 3.963843006327899587e+01
4.693715594332417851e+01 4.992156319121903607e+01
4.693715594332417851e+01 4.866325646974135566e+01
4.693715594332417851e+01 4.177568885738385518e+01
4.693715594332417851e+01 4.343698353659249278e+01
4.693715594332417851e+01 4.933916729485559927e+01
4.693715594332417851e+01 5.205617801278872037e+01
4.693715594332417851e+01 4.004623666194628839e+01
4.693715594332417851e+01 4.660558473861040341e+01
4.693715594332417851e+01 4.646488663611161485e+01
4.693715594332417851e+01 4.703002860288187748e+01
4.693715594332417851e+01 5.188576685862784643e+01
4.693715594332417851e+01 3.909938913066727650e+01
4.693715594332417851e+01 4.255303390602870195e+01
4.693715594332417851e+01 4.914694159870482792e+01
4.693715594332417851e+01 4.679845435447847279e+01
4.693715594332417851e+01 4.653991338419194079e+01
4.693715594332417851e+01 4.471937441540327995e+01
4.693715594332417851e+01 4.411621415039307692e+01
4.693715594332417851e+01 4.608734708740116304e+01
4.693715594332417851e+01 4.622030575372986050e+01
4.693715594332417851e+01 4.887761002561437351e+01
4.693715594332417851e+01 4.180196545195754965e+01
4.693715594332417851e+01 3.954668870887328325e+01
4.693715594332417851e+01 4.568516643941764954e+01
4.693715594332417851e+01 4.822034891998218598e+01
4.693715594332417851e+01 5.068935265488764230e+01
4.693715594332417851e+01 4.546891315408745271e+01
4.693715594332417851e+01 4.688727179272810730e+01
4.693715594332417851e+01 5.141983361362215987e+01
4.693715594332417851e+01 5.001011104193194967e+01
4.693715594332417851e+01 4.624886627014929985e+01
4.693715594332417851e+01 4.621742575503545680e+01
4.693715594332417851e+01 4.961773635788070180e+01
4.693715594332417851e+01 4.560388766230552449e+01
4.693715594332417851e+01 4.561001113716611854e+01
4.693715594332417851e+01 5.127452148265210496e+01
4.693715594332417851e+01 4.838713703554954293e+01
4.693715594332417851e+01 5.047365483330227676e+01
4.693715594332417851e+01 4.412239995448312158e+01
4.693715594332417851e+01 4.202500435865187001e+01
4.693715594332417851e+01 4.310761261819555301e+01
4.693715594332417851e+01 4.184854804168725195e+01
4.693715594332417851e+01 5.066198885846716138e+01
4.693715594332417851e+01 4.592096051093164988e+01
4.693715594332417851e+01 4.921700806102067816e+01
4.693715594332417851e+01 4.720036392346734289e+01
4.693715594332417851e+01 4.740667737542748483e+01
4.693715594332417851e+01 4.936796196813733673e+01
4.693715594332417851e+01 4.879021465284515102e+01
4.693715594332417851e+01 4.730902561546689356e+01
4.693715594332417851e+01 4.704249857709964999e+01
4.693715594332417851e+01 4.551936106343899979e+01
4.693715594332417851e+01 4.529953253986663952e+01
4.693715594332417851e+01 5.122723352714115208e+01
4.693715594332417851e+01 4.224243727874628007e+01
4.693715594332417851e+01 4.534283113883963523e+01
4.693715594332417851e+01 4.099502127144607755e+01
4.693715594332417851e+01 4.446337120122345965e+01
4.693715594332417851e+01 4.506040458699632012e+01
4.693715594332417851e+01 4.317095683016594165e+01
4.693715594332417851e+01 4.663313268858097160e+01
4.693715594332417851e+01 4.377125171340207288e+01
4.693715594332417851e+01 4.274874504148601062e+01
4.693715594332417851e+01 4.482096059961183698e+01
4.693715594332417851e+01 4.515837175462604591e+01
4.693715594332417851e+01 4.748730954215270827e+01
4.693715594332417851e+01 4.479132736010053151e+01
4.693715594332417851e+01 5.297542049645015538e+01
4.693715594332417851e+01 4.846419038489809594e+01
4.693715594332417851e+01 4.640286854363823466e+01
4.693715594332417851e+01 4.577397740009760696e+01
4.693715594332417851e+01 4.814387126928483696e+01
4.693715594332417851e+01 4.629326347779483086e+01
4.693715594332417851e+01 4.613931828347375586e+01
4.693715594332417851e+01 4.696958290178957895e+01
4.693715594332417851e+01 3.842414996509062064e+01
4.693715594332417851e+01 5.047514849647200208e+01
4.693715594332417851e+01 3.891707932156367633e+01
4.693715594332417851e+01 5.198735182868879434e+01
4.693715594332417851e+01 4.281319610032671363e+01
4.693715594332417851e+01 4.684873108554734955e+01
4.693715594332417851e+01 4.486069988290687149e+01
4.693715594332417851e+01 4.474842262593935516e+01
4.693715594332417851e+01 4.637341468745839279e+01
4.693715594332417851e+01 4.444724574075371493e+01
4.693715594332417851e+01 4.014499823927538102e+01
4.693715594332417851e+01 4.635515551573718085e+01
4.693715594332417851e+01 4.764674783493804000e+01
4.693715594332417851e+01 4.201932108163766344e+01
4.693715594332417851e+01 4.508103839153923076e+01
4.693715594332417851e+01 4.641584475223834971e+01
4.693715594332417851e+01 4.116036685472320045e+01
4.693715594332417851e+01 4.906407809870679415e+01
4.693715594332417851e+01 4.749178758050229021e+01
4.693715594332417851e+01 4.736504280713143800e+01
4.693715594332417851e+01 4.490179904779404296e+01
4.693715594332417851e+01 4.683248633122903470e+01
4.693715594332417851e+01 4.221750666318460787e+01
4.693715594332417851e+01 4.642446712931327113e+01
4.693715594332417851e+01 4.312729937588663631e+01
4.693715594332417851e+01 4.508585165351426838e+01
4.693715594332417851e+01 5.089301574950064833e+01
4.693715594332417851e+01 4.836423141266667614e+01
4.693715594332417851e+01 4.752913386753446190e+01
4.693715594332417851e+01 4.412006675190389871e+01
4.693715594332417851e+01 4.638625160244684054e+01
4.693715594332417851e+01 4.337247679785816246e+01
4.693715594332417851e+01 4.478529527392294796e+01
4.693715594332417851e+01 4.610939295520748260e+01
4.693715594332417851e+01 4.725218445336551554e+01
4.693715594332417851e+01 4.602130681661875400e+01
4.693715594332417851e+01 4.790936979671937479e+01
4.693715594332417851e+01 4.577665797593361674e+01
4.693715594332417851e+01 4.969323777750898330e+01
4.693715594332417851e+01 4.417998885168042733e+01
4.693715594332417851e+01 4.940672520224712372e+01
4.693715594332417851e+01 4.904936392017231128e+01
4.693715594332417851e+01 4.362951279788303083e+01
4.693715594332417851e+01 4.195362011318832174e+01
4.693715594332417851e+01 4.958341668071737018e+01
4.693715594332417851e+01 4.793175241194743563e+01
4.693715594332417851e+01 3.915498384198313886e+01
4.693715594332417851e+01 5.170686891777167205e+01
4.693715594332417851e+01 3.855906714248192912e+01
4.693715594332417851e+01 4.420796861770557484e+01
4.693715594332417851e+01 5.211837007583373804e+01
4.693715594332417851e+01 4.071105291148760585e+01
4.693715594332417851e+01 4.627716398818267862e+01
4.693715594332417851e+01 4.693435257142072459e+01
4.693715594332417851e+01 4.559568453757799489e+01
4.693715594332417851e+01 4.750607178901623939e+01
4.693715594332417851e+01 4.919111823975971731e+01
4.693715594332417851e+01 4.954479091076013475e+01
4.693715594332417851e+01 4.598384720098344758e+01
4.693715594332417851e+01 4.229604780553505350e+01
4.693715594332417851e+01 4.499534985417763977e+01
4.693715594332417851e+01 4.431306375260881936e+01
4.693715594332417851e+01 4.312545415257469728e+01
4.693715594332417851e+01 4.954837826509917420e+01
4.693715594332417851e+01 4.415032309974256464e+01
4.693715594332417851e+01 4.487216045452090185e+01
4.693715594332417851e+01 4.425424889870845391e+01
4.693715594332417851e+01 4.117819242834788440e+01
4.693715594332417851e+01 4.768346639814188137e+01
4.693715594332417851e+01 4.585162980960001278e+01
4.693715594332417851e+01 4.673019959009481283e+01
4.693715594332417851e+01 4.846259184212579640e+01
4.693715594332417851e+01 4.922017679739723661e+01
4.693715594332417851e+01 4.272213165315697125e+01
4.693715594332417851e+01 4.972805288006921387e+01
4.693715594332417851e+01 4.405680109412224965e+01
4.693715594332417851e+01 4.944343870297937116e+01
4.693715594332417851e+01 4.682997584361240939e+01
4.693715594332417851e+01 4.899173158739517930e+01
4.693715594332417851e+01 4.492088684125749865e+01
4.693715594332417851e+01 4.679993177171133567e+01
4.693715594332417851e+01 4.772270304878232849e+01
4.693715594332417851e+01 4.334485398887624541e+01
4.693715594332417851e+01 5.404261164072559609e+01
4.693715594332417851e+01 4.881727274151732843e+01
4.693715594332417851e+01 3.876630343670574774e+01
4.693715594332417851e+01 4.277660660127450143e+01
4.693715594332417851e+01 3.958555858487628853e+01
4.693715594332417851e+01 4.736513893001342979e+01
4.693715594332417851e+01 4.727219333272891788e+01
4.693715594332417851e+01 4.672798311983541453e+01
4.693715594332417851e+01 4.604418864140848200e+01
4.693715594332417851e+01 3.993357809298664307e+01
4.693715594332417851e+01 4.493303183122223032e+01
4.693715594332417851e+01 4.696011744799601928e+01
4.693715594332417851e+01 4.923548775235661168e+01
4.693715594332417851e+01 4.429932399044810154e+01
4.693715594332417851e+01 4.680603773572099158e+01
4.693715594332417851e+01 4.480842739280026876e+01
4.693715594332417851e+01 4.682941137161328982e+01
4.693715594332417851e+01 4.401215942680602211e+01
4.693715594332417851e+01 4.475710541999098524e+01
4.693715594332417851e+01 4.314308978267529682e+01
4.693715594332417851e+01 4.794252397725298920e+01
4.693715594332417851e+01 4.753585574700788641e+01
4.693715594332417851e+01 4.800545351659270210e+01
4.693715594332417851e+01 4.695046064944210684e+01
4.693715594332417851e+01 4.666239736996094223e+01
4.693715594332417851e+01 4.247151356826412183e+01
4.693715594332417851e+01 5.045265386989730416e+01
4.693715594332417851e+01 4.984851827708703809e+01
4.693715594332417851e+01 4.666965378203646964e+01
4.693715594332417851e+01 4.774136784633665087e+01
4.693715594332417851e+01 4.405329869568553391e+01
4.693715594332417851e+01 4.461266113462435356e+01
4.693715594332417851e+01 4.511972457050325147e+01
4.693715594332417851e+01 5.430330757034686684e+01
4.693715594332417851e+01 4.279860200390857017e+01
4.693715594332417851e+01 4.556364791302485884e+01
4.693715594332417851e+01 4.632216218505021743e+01
4.693715594332417851e+01 4.444629753234511327e+01
4.693715594332417851e+01 4.202266561645426179e+01
4.693715594332417851e+01 5.056623205482659245e+01
4.693715594332417851e+01 4.355155275006779902e+01
4.693715594332417851e+01 5.003577884109024865e+01
4.693715594332417851e+01 4.958923912949538249e+01
4.693715594332417851e+01 4.147274615928766650e+01
4.693715594332417851e+01 5.127209990159636277e+01
4.693715594332417851e+01 4.502346064172391493e+01
4.693715594332417851e+01 4.624002782871436779e+01
4.693715594332417851e+01 4.850974740543441044e+01
4.693715594332417851e+01 4.860731152416980194e+01
4.693715594332417851e+01 4.642771910314286288e+01
4.693715594332417851e+01 4.320855625050889159e+01
4.693715594332417851e+01 4.231591724645985408e+01
4.693715594332417851e+01 4.894181072681653433e+01
4.693715594332417851e+01 4.637589671016073822e+01
4.693715594332417851e+01 5.277678265072772490e+01
4.693715594332417851e+01 4.371617533219820473e+01
4.693715594332417851e+01 4.392290903760927989e+01
4.693715594332417851e+01 4.718616779661853400e+01
4.693715594332417851e+01 5.040487879931416160e+01
4.693715594332417851e+01 4.104278761499313788e+01
4.693715594332417851e+01 4.826415407148473236e+01
4.693715594332417851e+01 5.226281898316516816e+01
4.693715594332417851e+01 4.832376491810787655e+01
4.693715594332417851e+01 4.047616305698355887e+01
4.693715594332417851e+01 4.552934351746395691e+01
4.693715594332417851e+01 4.232103033783465662e+01
4.693715594332417851e+01 4.121902493864246253e+01
4.693715594332417851e+01 4.623150982682363974e+01
4.693715594332417851e+01 4.301295452078939263e+01
4.693715594332417851e+01 4.643767724845388045e+01
4.693715594332417851e+01 4.602181630208121277e+01
4.693715594332417851e+01 4.372512663706144309e+01
4.693715594332417851e+01 4.862137858895422227e+01
4.693715594332417851e+01 4.220839302172327479e+01
4.693715594332417851e+01 4.701829267476845331e+01
4.693715594332417851e+01 4.731523087565921060e+01
4.693715594332417851e+01 5.445894087539375761e+01
4.693715594332417851e+01 4.589255062573408850e+01
4.693715594332417851e+01 4.276058768376322661e+01
4.693715594332417851e+01 4.368822150371646984e+01
4.693715594332417851e+01 4.404760746572740970e+01
4.693715594332417851e+01 4.946774861835911707e+01
4.693715594332417851e+01 4.278566932591071037e+01
4.693715594332417851e+01 4.489937887678792094e+01
4.693715594332417851e+01 3.723186434108453824e+01
4.693715594332417851e+01 4.575251126962665893e+01
4.693715594332417851e+01 4.464432123625670101e+01
4.693715594332417851e+01 4.659658173574452178e+01
4.693715594332417851e+01 5.113994150253337523e+01
4.693715594332417851e+01 5.164477228558743604e+01
4.693715594332417851e+01 4.314680074861993120e+01
4.693715594332417851e+01 4.371414442669811251e+01
4.693715594332417851e+01 5.308534954361817171e+01
4.693715594332417851e+01 4.933571146399329876e+01
4.693715594332417851e+01 4.863671538147644924e+01
4.693715594332417851e+01 4.581639836678519373e+01
4.693715594332417851e+01 4.743990775832202189e+01
4.693715594332417851e+01 4.833573644380504675e+01
4.693715594332417851e+01 4.643941415786083127e+01
4.693715594332417851e+01 5.046402803382613911e+01
4.693715594332417851e+01 4.389764674789141452e+01
4.693715594332417851e+01 4.567297420783227579e+01
4.693715594332417851e+01 5.021554268935367560e+01
4.693715594332417851e+01 4.565997998729864804e+01
4.693715594332417851e+01 4.493653590720572311e+01
4.693715594332417851e+01 4.586955455760742240e+01
4.693715594332417851e+01 4.745145682840026069e+01
4.693715594332417851e+01 4.438799892352318466e+01
4.693715594332417851e+01 4.446491122166138155e+01
4.693715594332417851e+01 4.603661581857510043e+01
4.693715594332417851e+01 4.983310778634739791e+01
4.693715594332417851e+01 4.055230025471456656e+01
4.693715594332417851e+01 5.267748054274398584e+01
4.693715594332417851e+01 4.130147895052927964e+01
4.693715594332417851e+01 5.111342343296236379e+01
4.693715594332417851e+01 4.339996246646745703e+01
4.693715594332417851e+01 4.086254295762402933e+01
4.693715594332417851e+01 4.705640030662106454e+01
4.693715594332417851e+01 4.767213341819903150e+01
4.693715594332417851e+01 5.003489839464319289e+01
4.693715594332417851e+01 4.924136878122766348e+01
4.693715594332417851e+01 4.677410895269932212e+01
4.693715594332417851e+01 4.497422538740153186e+01
4.693715594332417851e+01 4.688681750159415174e+01
4.693715594332417851e+01 4.680444493443055620e+01
4.693715594332417851e+01 5.000527549739172883e+01
4.693715594332417851e+01 4.904360134021217021e+01
4.693715594332417851e+01 4.397485596914573591e+01
4.693715594332417851e+01 4.981396909829469877e+01
4.693715594332417851e+01 5.165396132257296102e+01
4.693715594332417851e+01 4.721498054184232274e+01
4.693715594332417851e+01 4.141317017796455957e+01
4.693715594332417851e+01 4.825878149549679819e+01
4.693715594332417851e+01 4.107020402931845382e+01
4.693715594332417851e+01 4.676050177457808843e+01
4.693715594332417851e+01 4.383082798880975872e+01
4.693715594332417851e+01 4.318560154601154011e+01
4.693715594332417851e+01 4.569277406235350014e+01
4.693715594332417851e+01 4.607129643912364969e+01
4.693715594332417851e+01 4.547958855982971471e+01
4.693715594332417851e+01 4.505861840646233674e+01
4.693715594332417851e+01 4.921673977781530596e+01
4.693715594332417851e+01 4.036216909973446576e+01
4.693715594332417851e+01 4.161080403384662674e+01
4.693715594332417851e+01 4.629077234488407555e+01
4.693715594332417851e+01 4.601471668641767820e+01
4.693715594332417851e+01 4.604044388261080911e+01
4.693715594332417851e+01 4.302001626964609216e+01
4.693715594332417851e+01 4.219910453711479903e+01
4.693715594332417851e+01 4.915672108703104470e+01
4.693715594332417851e+01 4.354880905838178506e+01
4.693715594332417851e+01 4.443367130341265892e+01
4.693715594332417851e+01 5.026982590859203981e+01
4.693715594332417851e+01 4.589184841349305088e+01
4.693715594332417851e+01 5.090917917848334895e+01
4.693715594332417851e+01 5.214317986866383592e+01
4.693715594332417851e+01 4.328762332685582948e+01
4.693715594332417851e+01 4.611471399610045552e+01
4.693715594332417851e+01 5.156618564518237946e+01
4.693715594332417851e+01 4.815359910442601432e+01
4.693715594332417851e+01 4.387488905014844676e+01
4.693715594332417851e+01 4.689269365790178767e+01
4.693715594332417851e+01 4.370034482386879660e+01
4.693715594332417851e+01 4.295443030525026984e+01
4.693715594332417851e+01 5.304129236634665290e+01
4.693715594332417851e+01 5.322515272469894398e+01
4.693715594332417851e+01 4.776363981068979569e+01
4.693715594332417851e+01 4.057299220724229372e+01
4.693715594332417851e+01 4.624065635871638591e+01
4.693715594332417851e+01 4.073996413397698291e+01
4.693715594332417851e+01 4.598821051129044690e+01
4.693715594332417851e+01 4.297652567329510731e+01
4.693715594332417851e+01 5.118182665316081881e+01
4.693715594332417851e+01 5.004039656067984509e+01
4.693715594332417851e+01 4.398395172042632595e+01
4.693715594332417851e+01 4.241669831931463364e+01
4.693715594332417851e+01 4.325096937415626996e+01
4.693715594332417851e+01 4.551512741656672745e+01
4.693715594332417851e+01 4.621655085421985376e+01
4.693715594332417851e+01 4.475327279949262760e+01
4.693715594332417851e+01 4.532869704605037242e+01
4.693715594332417851e+01 4.577947505026995856e+01
4.693715594332417851e+01 4.728526519806081296e+01
4.693715594332417851e+01 4.500848220846673797e+01
4.693715594332417851e+01 4.487059651997778076e+01
4.693715594332417851e+01 4.277540682240280745e+01
4.693715594332417851e+01 4.576122050205242431e+01
4.693715594332417851e+01 4.423950190047781916e+01
4.693715594332417851e+01 4.114594036484862727e+01
4.693715594332417851e+01 4.228553091484013748e+01
4.693715594332417851e+01 4.601213703751164985e+01
4.693715594332417851e+01 4.452233701741953809e+01
4.693715594332417851e+01 4.804428832019141282e+01
4.693715594332417851e+01 4.834658730010342254e+01
4.693715594332417851e+01 4.561567399386964183e+01
4.693715594332417851e+01 4.742482595779836885e+01
4.693715594332417851e+01 4.304378233299755152e+01
4.693715594332417851e+01 4.506331423680020976e+01
4.693715594332417851e+01 4.944059914751656493e+01
4.693715594332417851e+01 4.725871663568142367e+01
4.693715594332417851e+01 4.554482802321777513e+01
4.693715594332417851e+01 4.402832387942577697e+01
4.693715594332417851e+01 4.490087865836284209e+01
4.693715594332417851e+01 4.836638527847379265e+01
4.693715594332417851e+01 4.378052054275524796e+01
4.693715594332417851e+01 4.400333166900844617e+01
4.693715594332417851e+01 4.745862469297984632e+01
4.693715594332417851e+01 4.855394640460038147e+01
4.693715594332417851e+01 5.177074146402452470e+01
4.693715594332417851e+01 4.413864623954035693e+01
4.693715594332417851e+01 5.035738233215263193e+01
4.693715594332417851e+01 4.355102858908733054e+01
4.693715594332417851e+01 4.291434805541745590e+01
4.693715594332417851e+01 4.768993050596661476e+01
4.693715594332417851e+01 4.241702947051479811e+01
4.693715594332417851e+01 4.596075754496432353e+01
4.693715594332417851e+01 5.073193887585324546e+01
4.693715594332417851e+01 5.214013156919830294e+01
4.693715594332417851e+01 4.623190397894809678e+01
4.693715594332417851e+01 5.195795816837659231e+01
4.693715594332417851e+01 4.507132648476241599e+01
4.693715594332417851e+01 4.634308401497360563e+01
4.693715594332417851e+01 4.438486460449830417e+01
4.693715594332417851e+01 4.219962538422308995e+01
4.693715594332417851e+01 4.505288704347283613e+01
4.693715594332417851e+01 5.162333025661592245e+01
4.693715594332417851e+01 4.016314977803187247e+01
4.693715594332417851e+01 4.648304412765639881e+01
4.693715594332417851e+01 4.824179259370334449e+01
4.693715594332417851e+01 4.273140412926095166e+01
4.693715594332417851e+01 4.510305165766025937e+01
4.693715594332417851e+01 4.365123564410113488e+01
4.693715594332417851e+01 4.970973024572110432e+01
4.693715594332417851e+01 4.759068844216206173e+01
4.693715594332417851e+01 5.027563917022711593e+01
4.693715594332417851e+01 4.887836989482941163e+01
4.693715594332417851e+01 4.746054013606222810e+01
4.693715594332417851e+01 4.648681805506901554e+01
4.693715594332417851e+01 4.715813275326513576e+01
4.693715594332417851e+01 4.319386850329913585e+01
4.693715594332417851e+01 4.573239378032304359e+01
4.693715594332417851e+01 4.722267565440564141e+01
4.693715594332417851e+01 4.007682799798254791e+01
4.693715594332417851e+01 4.858800419486035338e+01
4.693715594332417851e+01 4.010358487798205118e+01
4.693715594332417851e+01 4.470269619672439632e+01
4.693715594332417851e+01 4.428561693178492220e+01
4.693715594332417851e+01 4.651485559614633303e+01
4.693715594332417851e+01 4.696582747097587429e+01
4.693715594332417851e+01 4.315290966981051213e+01
4.693715594332417851e+01 4.606396642290149401e+01
4.693715594332417851e+01 4.617484231865248745e+01
4.693715594332417851e+01 4.474733313654112976e+01
4.693715594332417851e+01 4.242345475496199469e+01
4.693715594332417851e+01 4.235608899151834095e+01
4.693715594332417851e+01 4.939307114785717090e+01
4.693715594332417851e+01 4.723156233051476960e+01
4.693715594332417851e+01 4.244077158140012074e+01
4.693715594332417851e+01 4.470095558484859311e+01
4.693715594332417851e+01 4.458826848900592665e+01
4.693715594332417851e+01 4.815297165400695434e+01
4.693715594332417851e+01 4.655730460127760040e+01
4.693715594332417851e+01 4.722016596625248042e+01
4.693715594332417851e+01 5.564541657440480549e+01
4.693715594332417851e+01 4.430143644047337403e+01
4.693715594332417851e+01 4.551924982351275872e+01
4.693715594332417851e+01 5.005775883600409770e+01
4.693715594332417851e+01 5.418140716000426949e+01
4.693715594332417851e+01 4.407687165190112921e+01
4.693715594332417851e+01 4.361937358751318783e+01
4.693715594332417851e+01 4.726667503499938761e+01
4.693715594332417851e+01 4.336964168477303616e+01
4.693715594332417851e+01 4.320304433234584707e+01
4.693715594332417851e+01 4.835313572975929475e+01
4.693715594332417851e+01 4.858060077297292167e+01
4.693715594332417851e+01 5.178687713528574221e+01
4.693715594332417851e+01 4.770628473750226561e+01
4.693715594332417851e+01 4.444422253798666134e+01
4.693715594332417851e+01 5.024484724322945794e+01
4.693715594332417851e+01 4.184371939198313584e+01
4.693715594332417851e+01 4.917192694885565629e+01
4.693715594332417851e+01 4.625538397036307003e+01
4.693715594332417851e+01 4.572463584263871894e+01
4.693715594332417851e+01 4.745886215412537013e+01
4.693715594332417851e+01 4.043006855192579252e+01
4.693715594332417851e+01 4.678709197037670720e+01
4.693715594332417851e+01 4.266384138635486778e+01
4.693715594332417851e+01 5.139708251994916566e+01
4.693715594332417851e+01 4.861335813270734008e+01
4.693715594332417851e+01 4.580978946720807699e+01
4.693715594332417851e+01 4.409545801377436902e+01
4.693715594332417851e+01 4.697789597947299001e+01
4.693715594332417851e+01 4.053872576889513368e+01
4.693715594332417851e+01 4.051970116427368396e+01
4.693715594332417851e+01 5.552261331229709640e+01
4.693715594332417851e+01 4.426290828428234647e+01
4.693715594332417851e+01 4.338387300240657396e+01
4.693715594332417851e+01 4.737286959755034843e+01
4.693715594332417851e+01 4.199356915986782468e+01
4.693715594332417851e+01 4.461317568143019230e+01
4.693715594332417851e+01 5.361767875500299141e+01
4.693715594332417851e+01 4.795354289651515245e+01
4.693715594332417851e+01 4.226334863562803434e+01
4.693715594332417851e+01 5.215232072973778088e+01
4.693715594332417851e+01 4.169868533722297599e+01
4.693715594332417851e+01 4.547187105645635086e+01
4.693715594332417851e+01 4.729954225377977650e+01
4.693715594332417851e+01 4.640246919266328263e+01
4.693715594332417851e+01 4.781473067772953556e+01
4.693715594332417851e+01 4.555683096118425368e+01
4.693715594332417851e+01 3.856303214060400109e+01
4.693715594332417851e+01 5.095656274347400227e+01
4.693715594332417851e+01 5.033194221163843451e+01
4.693715594332417851e+01 5.544500658647396563e+01
4.693715594332417851e+01 4.332954558333817374e+01
4.693715594332417851e+01 5.299197536525024077e+01
4.693715594332417851e+01 4.927298629965602572e+01
4.693715594332417851e+01 4.980968701734539650e+01
4.693715594332417851e+01 4.350886344044361209e+01
4.693715594332417851e+01 4.407367971873377144e+01
4.693715594332417851e+01 4.841354603679312874e+01
4.693715594332417851e+01 4.722659710008898770e+01
4.693715594332417851e+01 5.031836455369608530e+01
4.693715594332417851e+01 4.005578671125284274e+01
4.693715594332417851e+01 4.869438261986165628e+01
4.693715594332417851e+01 4.447543897252135991e+01
4.693715594332417851e+01 4.662769059010840067e+01
4.693715594332417851e+01 4.455675942041911952e+01
4.693715594332417851e+01 4.409818237835790455e+01
4.693715594332417851e+01 5.012625981745458859e+01
4.693715594332417851e+01 4.246086990210959300e+01
4.693715594332417851e+01 4.766000717584118718e+01
4.693715594332417851e+01 4.904501205638888450e+01
4.693715594332417851e+01 5.053444099564096348e+01
4.693715594332417851e+01 4.623029820321658434e+01
4.693715594332417851e+01 5.198135895497063075e+01
4.693715594332417851e+01 4.735027047220995655e+01
4.693715594332417851e+01 5.402566154652708263e+01
4.693715594332417851e+01 4.844094313148645625e+01
4.693715594332417851e+01 4.887597633849868117e+01
4.693715594332417851e+01 4.745310062769966919e+01
4.693715594332417851e+01 4.980565651788874959e+01
4.693715594332417851e+01 4.035625851368235573e+01
4.693715594332417851e+01 4.364661191008924845e+01
4.693715594332417851e+01 4.697800496959060013e+01
4.693715594332417851e+01 4.344546562011815638e+01
4.693715594332417851e+01 4.369633868859639847e+01
4.693715594332417851e+01 4.774439194232670047e+01
4.693715594332417851e+01 4.826836149595489900e+01
4.693715594332417851e+01 4.506330449414259931e+01
4.693715594332417851e+01 5.436295559997557802e+01
4.693715594332417851e+01 4.402520112471744085e+01
4.693715594332417851e+01 4.420753512963300125e+01
4.693715594332417851e+01 4.713766616738595161e+01
4.693715594332417851e+01 4.247849940582798212e+01
4.693715594332417851e+01 4.190421704640269240e+01
4.693715594332417851e+01 5.517360891301693471e+01
4.693715594332417851e+01 4.574552389591242729e+01
4.693715594332417851e+01 4.679868538789968113e+01
4.693715594332417851e+01 5.087046340675209422e+01
4.693715594332417851e+01 4.262337839650306393e+01
4.693715594332417851e+01 4.288356073463896934e+01
4.693715594332417851e+01 4.683403457172926210e+01
4.693715594332417851e+01 4.893837464731172560e+01
4.693715594332417851e+01 4.493067661468985108e+01
4.693715594332417851e+01 4.372277994782870536e+01
4.693715594332417851e+01 5.371605793725990452e+01
4.693715594332417851e+01 4.547657457146573989e+01
4.693715594332417851e+01 5.035238429304803986e+01
4.693715594332417851e+01 4.424599335097246922e+01
4.693715594332417851e+01 4.505960386842535570e+01
4.693715594332417851e+01 4.469507543525842408e+01
4.693715594332417851e+01 4.074741379883001002e+01
4.693715594332417851e+01 4.275636680238081055e+01
4.693715594332417851e+01 4.218699181835538070e+01
4.693715594332417851e+01 4.905520946916341529e+01
4.693715594332417851e+01 4.584309561914927400e+01
4.693715594332417851e+01 5.026551744384293841e+01
4.693715594332417851e+01 4.468968303010179000e+01
4.693715594332417851e+01 4.653157624190652797e+01
4.693715594332417851e+01 4.438579762949638052e+01
4.693715594332417851e+01 4.355431176140307770e+01
4.693715594332417851e+01 4.655054871672030004e+01
4.693715594332417851e+01 4.506238918093143297e+01
4.693715594332417851e+01 4.723570777064198012e+01
4.693715594332417851e+01 4.498975928509850775e+01
4.693715594332417851e+01 4.480799214049464751e+01
4.693715594332417851e+01 4.327320871997923035e+01
4.693715594332417851e+01 4.618147402601608320e+01
4.693715594332417851e+01 4.463227432467293454e+01
4.693715594332417851e+01 4.376790032453480705e+01
4.693715594332417851e+01 4.565567957335189675e+01
4.693715594332417851e+01 4.538814214851525719e+01
4.693715594332417851e+01 4.453041038435734578e+01
4.693715594332417851e+01 4.464004567835115722e+01
4.693715594332417851e+01 4.302980319642504980e+01
4.693715594332417851e+01 4.653913265965955048e+01
4.693715594332417851e+01 4.464183506978609017e+01
4.693715594332417851e+01 4.993183029606845480e+01
4.693715594332417851e+01 5.003494484345598181e+01
4.693715594332417851e+01 4.454695814532118447e+01
4.693715594332417851e+01 4.284091718861262166e+01
4.693715594332417851e+01 4.034661430338761789e+01
4.693715594332417851e+01 4.654356849799415841e+01
4.693715594332417851e+01 4.380714265694678744e+01
4.693715594332417851e+01 4.922553930751892182e+01
4.693715594332417851e+01 4.612000285753888562e+01
4.693715594332417851e+01 4.004848790050470342e+01
4.693715594332417851e+01 4.680179130686394018e+01
4.693715594332417851e+01 5.192840706122510142e+01
4.693715594332417851e+01 5.135005916376004365e+01
4.693715594332417851e+01 4.622756385121139999e+01
4.693715594332417851e+01 4.548842668977795967e+01
4.693715594332417851e+01 4.452881121458113967e+01
4.693715594332417851e+01 4.657857957593837739e+01
4.693715594332417851e+01 5.065761727275284443e+01
4.693715594332417851e+01 4.448106549252764808e+01
4.693715594332417851e+01 4.481387354763806030e+01
4.693715594332417851e+01 4.644844449851224510e+01
4.693715594332417851e+01 4.017693608690170493e+01
4.693715594332417851e+01 4.822999422964493021e+01
4.693715594332417851e+01 4.536970523299523705e+01
4.693715594332417851e+01 4.407722412050671323e+01
4.693715594332417851e+01 4.787184850079722764e+01
4.693715594332417851e+01 4.441991062524288481e+01
4.693715594332417851e+01 4.538906979250853624e+01
4.693715594332417851e+01 4.689151030064977732e+01
4.693715594332417851e+01 5.742713419429978217e+01
4.693715594332417851e+01 4.529046519825494244e+01
4.693715594332417851e+01 4.317044487607572734e+01
4.693715594332417851e+01 4.828945041239656888e+01
4.693715594332417851e+01 4.342630261576762507e+01
4.693715594332417851e+01 4.401713870936971773e+01
4.693715594332417851e+01 4.270991339832733047e+01
4.693715594332417851e+01 4.576083915952526837e+01
4.693715594332417851e+01 4.529294111733352679e+01
4.693715594332417851e+01 4.580558682617805744e+01
4.693715594332417851e+01 4.107072785468897536e+01
4.693715594332417851e+01 4.492323175973438509e+01
4.693715594332417851e+01 4.657437806479381948e+01
4.693715594332417851e+01 4.447794220322973047e+01
4.693715594332417851e+01 4.524924557592613183e+01
4.693715594332417851e+01 4.541684570179819502e+01
4.693715594332417851e+01 4.575544482594200701e+01
4.693715594332417851e+01 4.877356461553853251e+01
4.693715594332417851e+01 5.275068037494141748e+01
4.693715594332417851e+01 4.255110992427080419e+01
4.693715594332417851e+01 4.652061131377587344e+01
4.693715594332417851e+01 5.184817523385174098e+01
4.693715594332417851e+01 4.795214148626578066e+01
4.693715594332417851e+01 4.221041163229136828e+01
4.693715594332417851e+01 3.861784306003077205e+01
4.693715594332417851e+01 4.907759242529341037e+01
4.693715594332417851e+01 4.281539553460790870e+01
4.693715594332417851e+01 4.895547234587063912e+01
4.693715594332417851e+01 5.003179605788684370e+01
4.693715594332417851e+01 5.230548091608475403e+01
4.693715594332417851e+01 4.473429259903380029e+01
4.693715594332417851e+01 5.345867029235138546e+01
4.693715594332417851e+01 3.951274280585617049e+01
4.693715594332417851e+01 4.044777091713132933e+01
4.693715594332417851e+01 4.960997462358022148e+01
4.693715594332417851e+01 4.778752786103507333e+01
4.693715594332417851e+01 4.822605626956391944e+01
4.693715594332417851e+01 4.871304659134382575e+01
4.693715594332417851e+01 4.392836475571872512e+01
4.693715594332417851e+01 4.726276370725783238e+01
4.693715594332417851e+01 5.037881334965164370e+01
4.693715594332417851e+01 5.180802913556894396e+01
4.693715594332417851e+01 4.047393541094704261e+01
4.693715594332417851e+01 4.577201134018003614e+01
4.693715594332417851e+01 4.723056549722144837e+01
4.693715594332417851e+01 4.268106340885449868e+01
4.693715594332417851e+01 4.639416488735156463e+01
4.693715594332417851e+01 5.287810198234461723e+01
4.693715594332417851e+01 4.792466201057219877e+01
4.693715594332417851e+01 4.927129301340714562e+01
4.693715594332417851e+01 4.856208488333820839e+01
4.693715594332417851e+01 4.664567087123182887e+01
4.693715594332417851e+01 4.622754732843279868e+01
4.693715594332417851e+01 4.580122353348103559e+01
4.693715594332417851e+01 4.690619549831511392e+01
4.693715594332417851e+01 4.075015551484793974e+01
4.693715594332417851e+01 4.431135471467962361e+01
4.693715594332417851e+01 4.590960110182088272e+01
4.693715594332417851e+01 4.599997884344113430e+01
4.693715594332417851e+01 5.018260680544403129e+01
4.693715594332417851e+01 5.144378047582549840e+01
4.693715594332417851e+01 4.096591031861909471e+01
4.693715594332417851e+01 4.933909441241948457e+01
4.693715594332417851e+01 4.647626337050608925e+01
4.693715594332417851e+01 3.914101143295511065e+01
4.693715594332417851e+01 4.450084131282349631e+01
4.693715594332417851e+01 4.770224610167108636e+01
4.693715594332417851e+01 4.579927521489734232e+01
4.693715594332417851e+01 4.708091981822843053e+01
4.693715594332417851e+01 4.077949029732209141e+01
4.693715594332417851e+01 4.450873782375177967e+01
4.693715594332417851e+01 4.630489327351191520e+01
4.693715594332417851e+01 4.469440923991695769e+01
4.693715594332417851e+01 4.527973949610512250e+01
4.693715594332417851e+01 4.912543203875676312e+01
4.693715594332417851e+01 4.975586858241377541e+01
4.693715594332417851e+01 4.196292259771998090e+01
4.693715594332417851e+01 5.032264053840689400e+01
4.693715594332417851e+01 4.300497389405524018e+01
4.693715594332417851e+01 4.575387054972449619e+01
4.693715594332417851e+01 4.982582020577507365e+01
4.693715594332417851e+01 4.876546136467941750e+01
4.693715594332417851e+01 4.163285969643293782e+01
4.693715594332417851e+01 3.799487530115730038e+01
4.693715594332417851e+01 4.686906573263667752e+01
4.693715594332417851e+01 4.638439978619465620e+01
4.693715594332417851e+01 4.975985008363562656e+01
4.693715594332417851e+01 4.335732542199133377e+01
4.693715594332417851e+01 4.682388451420339948e+01
4.693715594332417851e+01 4.581627821234990705e+01
4.693715594332417851e+01 4.385154096324874473e+01
4.693715594332417851e+01 4.672746669736876868e+01
4.693715594332417851e+01 5.556886069716832566e+01
4.693715594332417851e+01 4.709049502652993624e+01
4.693715594332417851e+01 4.659654711373372038e+01
4.693715594332417851e+01 4.920587626290721062e+01
4.693715594332417851e+01 4.797529472934018457e+01
4.693715594332417851e+01 5.124480313412795596e+01
4.693715594332417851e+01 5.162560827556519172e+01
4.693715594332417851e+01 3.947838306962265165e+01
4.693715594332417851e+01 4.065506362475016999e+01
4.693715594332417851e+01 5.099578034135091542e+01
4.693715594332417851e+01 4.729913166536857005e+01
4.693715594332417851e+01 4.266783162175455146e+01
4.693715594332417851e+01 4.557838612749377205e+01
4.693715594332417851e+01 4.620503074643394825e+01
4.693715594332417851e+01 4.804078451263121963e+01
4.693715594332417851e+01 4.075495311977945789e+01
4.693715594332417851e+01 5.348598055751315172e+01
4.693715594332417851e+01 4.620367879665647592e+01
4.693715594332417851e+01 4.494284862246931311e+01
4.693715594332417851e+01 4.292530979496468291e+01
4.693715594332417851e+01 5.002356352854423704e+01
4.693715594332417851e+01 4.695098112902104504e+01
4.693715594332417851e+01 4.505774808320437330e+01
4.693715594332417851e+01 4.940838985931635818e+01
4.693715594332417851e+01 4.353683470284948953e+01
4.693715594332417851e+01 4.843050100063270946e+01
4.693715594332417851e+01 4.551347395915315275e+01
4.693715594332417851e+01 4.493747092391907927e+01
4.693715594332417851e+01 4.378827167033957579e+01
4.693715594332417851e+01 4.706411354735868002e+01
4.693715594332417851e+01 4.740075300981085604e+01
4.693715594332417851e+01 4.802971199213794762e+01
4.693715594332417851e+01 4.105909558335878984e+01
4.693715594332417851e+01 4.458410101520134106e+01
4.693715594332417851e+01 4.589964659354313170e+01
4.693715594332417851e+01 4.894130339043837807e+01
4.693715594332417851e+01 4.861219625195901983e+01
4.693715594332417851e+01 5.080336747898513750e+01
4.693715594332417851e+01 4.412948425624818327e+01
4.693715594332417851e+01 5.065293053684158053e+01
4.693715594332417851e+01 4.338907457696356573e+01
4.693715594332417851e+01 4.273729610097341691e+01
4.693715594332417851e+01 4.833344409670476693e+01
4.693715594332417851e+01 4.688752900046639382e+01
4.693715594332417851e+01 4.572874790706109138e+01
4.693715594332417851e+01 4.853715840112001700e+01
4.693715594332417851e+01 4.177442208303599358e+01
4.693715594332417851e+01 4.651477800906312154e+01
4.693715594332417851e+01 5.116323242907225222e+01
4.693715594332417851e+01 5.197451338844209090e+01
4.693715594332417851e+01 4.235881318841306609e+01
4.693715594332417851e+01 4.990239399879052939e+01
4.693715594332417851e+01 4.722923512824370107e+01
4.693715594332417851e+01 3.813612319500769132e+01
4.693715594332417851e+01 4.545793595644914831e+01
4.693715594332417851e+01 4.813687026642259781e+01
4.693715594332417851e+01 4.222582709421752156e+01
4.693715594332417851e+01 4.491008494280259100e+01
4.693715594332417851e+01 5.112907115256371782e+01
4.693715594332417851e+01 4.551802000440414986e+01
4.693715594332417851e+01 4.328785558994696459e+01
4.693715594332417851e+01 4.379680380798037476e+01
4.693715594332417851e+01 4.130137645150506387e+01
4.693715594332417851e+01 5.033891899525374214e+01
4.693715594332417851e+01 4.526713049229027774e+01
4.693715594332417851e+01 4.775719316466953046e+01
4.693715594332417851e+01 4.741194702900952507e+01
4.693715594332417851e+01 4.013621349604384392e+01
4.693715594332417851e+01 4.251418982868150920e+01
4.693715594332417851e+01 4.273346533840646799e+01
4.693715594332417851e+01 4.403702417570775651e+01
4.693715594332417851e+01 4.381530813773211008e+01
4.693715594332417851e+01 5.022439109889013764e+01
4.693715594332417851e+01 4.414976339866868926e+01
4.693715594332417851e+01 4.496052957743512479e+01
4.693715594332417851e+01 5.194496998615296235e+01
4.693715594332417851e+01 4.129648543036287123e+01
4.693715594332417851e+01 4.371065662303399080e+01
4.693715594332417851e+01 4.407384530980476711e+01
4.693715594332417851e+01 4.639844840703349860e+01
4.693715594332417851e+01 4.285326617830846629e+01
4.693715594332417851e+01 3.999407120924303172e+01
4.693715594332417851e+01 4.598851152880337168e+01
4.693715594332417851e+01 4.336480074554613395e+01
4.693715594332417851e+01 4.587334302392898877e+01
4.693715594332417851e+01 5.040548475396891348e+01
4.693715594332417851e+01 4.502831267267490745e+01
4.693715594332417851e+01 4.689837393839887625e+01
4.693715594332417851e+01 4.290701921206470359e+01
4.693715594332417851e+01 4.762451260286392341e+01
4.693715594332417851e+01 4.692055118453436791e+01
4.693715594332417851e+01 4.374415170557159627e+01
4.693715594332417851e+01 4.640840624815233895e+01
4.693715594332417851e+01 4.711163166721158291e+01
4.693715594332417851e+01 4.680295269792856061e+01
4.693715594332417851e+01 5.051833585829364637e+01
4.693715594332417851e+01 4.609393479807702931e+01
4.693715594332417851e+01 4.474881892065510414e+01
4.693715594332417851e+01 4.055075132756959988e+01
4.693715594332417851e+01 4.528728792115001056e+01
4.693715594332417851e+01 4.383642876803494914e+01
4.693715594332417851e+01 4.606166878952577548e+01
4.693715594332417851e+01 4.911213559789851502e+01
4.693715594332417851e+01 4.167288861728688687e+01
4.693715594332417851e+01 4.973641139212625006e+01
4.693715594332417851e+01 4.986920480493358809e+01
4.693715594332417851e+01 5.001963060472898093e+01
4.693715594332417851e+01 4.399476478421260595e+01
4.693715594332417851e+01 4.437363838266745830e+01
4.693715594332417851e+01 4.168065605540437701e+01
4.693715594332417851e+01 4.829921674083734473e+01
4.693715594332417851e+01 5.099498075131396035e+01
4.693715594332417851e+01 4.800731513808387518e+01
4.693715594332417851e+01 5.000323903557541172e+01
4.693715594332417851e+01 4.337533719897293594e+01
4.693715594332417851e+01 4.550419250138706673e+01
4.693715594332417851e+01 4.328957831496054354e+01
4.693715594332417851e+01 4.277838992712380417e+01
4.693715594332417851e+01 4.733732788729928842e+01
4.693715594332417851e+01 4.643327571651752805e+01
4.693715594332417851e+01 4.917349302394695343e+01
4.693715594332417851e+01 4.468993653342698735e+01
4.693715594332417851e+01 5.096693072194205598e+01
4.693715594332417851e+01 4.586858544175452579e+01
4.693715594332417851e+01 4.909459149742741602e+01
4.693715594332417851e+01 4.422216176964258239e+01
4.693715594332417851e+01 4.769736656369364169e+01
4.693715594332417851e+01 4.344368329787893401e+01
4.693715594332417851e+01 4.953560669438639508e+01
4.693715594332417851e+01 4.483059633290401536e+01
4.693715594332417851e+01 3.772861004112507288e+01
4.693715594332417851e+01 3.966992132059230869e+01
4.693715594332417851e+01 4.872552205649434143e+01
4.693715594332417851e+01 4.324387313907377006e+01
4.693715594332417851e+01 4.626352748146145188e+01
4.693715594332417851e+01 5.174308297183146976e+01
4.693715594332417851e+01 4.731201173006102323e+01
4.693715594332417851e+01 3.860279791397419302e+01
4.693715594332417851e+01 4.349122883552091423e+01
4.693715594332417851e+01 4.656571857891266575e+01
4.693715594332417851e+01 4.124828568824153763e+01
4.693715594332417851e+01 4.619274391847767447e+01
4.693715594332417851e+01 4.308715077560457729e+01
4.693715594332417851e+01 4.824268917248560484e+01
4.693715594332417851e+01 4.720287133072798724e+01
4.693715594332417851e+01 4.570238853066052798e+01
4.693715594332417851e+01 4.763269456526452217e+01
4.693715594332417851e+01 4.330230139827614266e+01
4.693715594332417851e+01 5.087014815462165274e+01
4.693715594332417851e+01 4.667397791076852087e+01
4.693715594332417851e+01 5.070692256948166943e+01
4.693715594332417851e+01 4.683998535547851816e+01
4.693715594332417851e+01 4.931383346284911795e+01
4.693715594332417851e+01 5.123398975000364430e+01
4.693715594332417851e+01 4.876668637483656710e+01
4.693715594332417851e+01 4.465808808860374768e+01
4.693715594332417851e+01 5.492942719518904227e+01
4.693715594332417851e+01 4.529734320672343983e+01
4.693715594332417851e+01 4.967423295425439989e+01
4.693715594332417851e+01 5.663377333552462289e+01
4.693715594332417851e+01 4.185058651838068755e+01
4.693715594332417851e+01 5.063494280193972230e+01
4.693715594332417851e+01 4.411427578036811781e+01
4.693715594332417851e+01 4.737725299818189484e+01
4.693715594332417851e+01 5.728621508693423436e+01
4.693715594332417851e+01 4.791447424523349952e+01
4.693715594332417851e+01 5.058735947365810404e+01
4.693715594332417851e+01 4.357261574603123933e+01
4.693715594332417851e+01 4.979775946309108292e+01
4.693715594332417851e+01 4.613460063118775167e+01
4.693715594332417851e+01 4.039421593031943303e+01
4.693715594332417851e+01 4.712977800596883071e+01
4.693715594332417851e+01 4.707457949277068820e+01
4.693715594332417851e+01 4.370395923609557798e+01
4.693715594332417851e+01 4.393276300977696991e+01
4.693715594332417851e+01 4.811525604073856499e+01
4.693715594332417851e+01 4.859508425718314584e+01
4.693715594332417851e+01 3.970647453466499144e+01
4.693715594332417851e+01 4.856749206835834798e+01
4.693715594332417851e+01 4.318191670063149701e+01
4.693715594332417851e+01 4.131523908350495589e+01
4.693715594332417851e+01 4.565502676069443311e+01
4.693715594332417851e+01 4.619954128557496631e+01
4.693715594332417851e+01 4.859027717262128476e+01
4.693715594332417851e+01 5.148541763646802849e+01
4.693715594332417851e+01 4.516381392142471185e+01
4.693715594332417851e+01 4.584696075473567589e+01
4.693715594332417851e+01 4.421144656743348378e+01
4.693715594332417851e+01 5.134496378733750532e+01
4.693715594332417851e+01 4.400665785570503630e+01
4.693715594332417851e+01 4.929241869923872343e+01
4.693715594332417851e+01 4.549006798117134309e+01
4.693715594332417851e+01 4.942270024328484368e+01
4.693715594332417851e+01 4.918653106468701708e+01
4.693715594332417851e+01 4.199934414415337613e+01
4.693715594332417851e+01 4.956642366887354001e+01
4.693715594332417851e+01 4.469674031593427088e+01
4.693715594332417851e+01 5.323344222551035188e+01
4.693715594332417851e+01 5.113965550512270397e+01
4.693715594332417851e+01 4.797104410584676515e+01
4.693715594332417851e+01 4.827897824459206788e+01
4.693715594332417851e+01 4.049191518996239125e+01
4.693715594332417851e+01 4.572202104376762577e+01
4.693715594332417851e+01 4.795264663353582790e+01
4.693715594332417851e+01 4.367406015034868716e+01
4.693715594332417851e+01 5.135189262262084497e+01
4.693715594332417851e+01 4.633956381355866938e+01
4.693715594332417851e+01 4.654116160539237512e+01
4.693715594332417851e+01 4.320897053060306803e+01
4.693715594332417851e+01 3.895726452575914323e+01
4.693715594332417851e+01 4.229082605940353545e+01
4.693715594332417851e+01 3.896371313455523477e+01
4.693715594332417851e+01 4.363756721505909297e+01
4.693715594332417851e+01 4.145758980262594662e+01
4.693715594332417851e+01 4.600177257963423472e+01
4.693715594332417851e+01 4.233199347559262549e+01
4.693715594332417851e+01 4.071261202784832989e+01
4.693715594332417851e+01 4.452450583385490290e+01
4.693715594332417851e+01 4.562141632839305316e+01
4.693715594332417851e+01 3.969185133380526764e+01
4.693715594332417851e+01 4.777887390579996918e+01
4.693715594332417851e+01 4.431872450296921784e+01
4.693715594332417851e+01 4.517131156744621023e+01
4.693715594332417851e+01 4.865250677912609945e+01
4.693715594332417851e+01 4.570947242572076163e+01
4.693715594332417851e+01 4.522170417070056203e+01
4.693715594332417851e+01 4.181741657069694895e+01
4.693715594332417851e+01 4.579553439060490660e+01
4.693715594332417851e+01 4.660757487115550646e+01
4.693715594332417851e+01 4.373112614898663963e+01
4.693715594332417851e+01 4.241167542394984480e+01
4.693715594332417851e+01 4.778693242872363811e+01
4.693715594332417851e+01 4.702309405596238179e+01
4.693715594332417851e+01 5.113456850401820475e+01
4.693715594332417851e+01 4.991404693202554199e+01
4.693715594332417851e+01 4.783835496780835683e+01
4.693715594332417851e+01 4.751452712511629528e+01
4.693715594332417851e+01 4.599928132621830201e+01
4.693715594332417851e+01 4.963761027904225642e+01
4.693715594332417851e+01 4.970823480977191622e+01
4.693715594332417851e+01 4.810939823416100580e+01
4.693715594332417851e+01 4.156674709553470848e+01
4.693715594332417851e+01 4.785468248416767523e+01
4.693715594332417851e+01 4.373379301170567146e+01
4.693715594332417851e+01 4.866603156686723963e+01
4.693715594332417851e+01 4.159569301474266467e+01
4.693715594332417851e+01 5.001902202858744317e+01
4.693715594332417851e+01 4.589303067651741230e+01
4.693715594332417851e+01 4.450312229575652623e+01
4.693715594332417851e+01 5.068586533967224739e+01
4.693715594332417851e+01 4.570968480654363475e+01
4.693715594332417851e+01 4.356448354451611493e+01
4.693715594332417851e+01 4.706367198854574951e+01
4.693715594332417851e+01 4.754399669419872509e+01
4.693715594332417851e+01 4.089063781701969447e+01
4.693715594332417851e+01 4.870242675625705431e+01
4.693715594332417851e+01 4.651549144761676047e+01
4.693715594332417851e+01 4.105006568401061884e+01
4.693715594332417851e+01 4.747748343569180918e+01
4.693715594332417851e+01 4.419984008888937410e+01
4.693715594332417851e+01 4.341673967299783499e+01
4.693715594332417851e+01 4.104476848943694733e+01
4.693715594332417851e+01 4.484424264670347071e+01
4.693715594332417851e+01 4.862414420324187603e+01
4.693715594332417851e+01 4.652157050345464739e+01
4.693715594332417851e+01 5.098455329962414595e+01
4.693715594332417851e+01 4.101770554958154946e+01
4.693715594332417851e+01 4.807609934728833423e+01
4.693715594332417851e+01 4.565383193209862611e+01
4.693715594332417851e+01 4.564104359591490834e+01
4.693715594332417851e+01 4.461956322755322191e+01
4.693715594332417851e+01 4.660013666391750320e+01
4.693715594332417851e+01 5.749336439045587355e+01
4.693715594332417851e+01 5.033637499307958052e+01
4.693715594332417851e+01 4.758350827104090541e+01
