4.693715594332417851e+01 4.353575684862890682e+01
4.693715594332417851e+01 4.490480622667050170e+01
4.693715594332417851e+01 4.645436689692285626e+01
4.693715594332417851e+01 4.201481908890631445e+01
4.693715594332417851e+01 4.676355789581833022e+01
4.693715594332417851e+01 5.180018711334815862e+01
4.693715594332417851e+01 4.277988864208212760e+01
4.693715594332417851e+01 5.271340338013757787e+01
4.693715594332417851e+01 4.239359407904134969e+01
4.693715594332417851e+01 4.839879726070794419e+01
4.693715594332417851e+01 4.608858671219949343e+01
4.693715594332417851e+01 4.862729470841790658e+01
4.693715594332417851e+01 4.770600178653420897e+01
4.693715594332417851e+01 3.985865075387446410e+01
4.693715594332417851e+01 4.361530639079063576e+01
4.693715594332417851e+01 4.910510316401482811e+01
4.693715594332417851e+01 4.590031898305305447e+01
4.693715594332417851e+01 4.915002441641077269e+01
4.693715594332417851e+01 5.077015789152427061e+01
4.693715594332417851e+01 4.432243330842531748e+01
4.693715594332417851e+01 4.531349082423952268e+01
4.693715594332417851e+01 4.599711014616664073e+01
4.693715594332417851e+01 4.577505914138665588e+01
4.693715594332417851e+01 4.337099927447993508e+01
4.693715594332417851e+01 3.999773242000070894e+01
4.693715594332417851e+01 5.056070215007700597e+01
4.693715594332417851e+01 4.511619627963409584e+01
4.693715594332417851e+01 4.169743198669407747e+01
4.693715594332417851e+01 4.598108045733506799e+01
4.693715594332417851e+01 4.656430564985583231e+01
4.693715594332417851e+01 4.952876557759805820e+01
4.693715594332417851e+01 4.857042222268754017e+01
4.693715594332417851e+01 4.061596291477641785e+01
4.693715594332417851e+01 4.281963204941115464e+01
4.693715594332417851e+01 4.632982867753158729e+01
4.693715594332417851e+01 4.710818374207789105e+01
4.693715594332417851e+01 4.083284932130371203e+01
4.693715594332417851e+01 4.691346858918626594e+01
4.693715594332417851e+01 4.614648490117406965e+01
4.693715594332417851e+01 4.468929354584670932e+01
4.693715594332417851e+01 4.011834566085157405e+01
4.693715594332417851e+01 4.538449485529537952e+01
4.693715594332417851e+01 4.619186242142227172e+01
4.693715594332417851e+01 5.627253433236033686e+01
4.693715594332417851e+01 4.535437917973206368e+01
4.693715594332417851e+01 4.793706502642857004e+01
4.693715594332417851e+01 5.175442087311853356e+01
4.693715594332417851e+01 4.159748637734329435e+01
4.693715594332417851e+01 4.760998939197176583e+01
4.693715594332417851e+01 4.502826034194089289e+01
4.693715594332417851e+01 4.959522954444957321e+01
4.693715594332417851e+01 4.396626314678421465e+01
4.693715594332417851e+01 4.473623124006159202e+01
4.693715594332417851e+01 4.680523883307733968e+01
4.693715594332417851e+01 4.977322561108945820e+01
4.693715594332417851e+01 4.770111392233894776e+01
4.693715594332417851e+01 4.810557004175046103e+01
4.693715594332417851e+01 4.196799084922169243e+01
4.693715594332417851e+01 5.023943599628107393e+01
4.693715594332417851e+01 4.947731163635362606e+01
4.693715594332417851e+01 4.248916430861068960e+01
4.693715594332417851e+01 4.485662014559039079e+01
4.693715594332417851e+01 5.043660723969018278e+01
4.693715594332417851e+01 4.729580462238013894e+01
4.693715594332417851e+01 4.598857865329131300e+01
4.693715594332417851e+01 3.973070707466312967e+01
4.693715594332417851e+01 4.759528424378054723e+01
4.693715594332417851e+01 4.509852709769717904e+01
4.693715594332417851e+01 5.003357035989619561e+01
4.693715594332417851e+01 4.980950594880852123e+01
4.693715594332417851e+01 4.583043267080074656e+01
4.693715594332417851e+01 4.679565317437001681e+01
4.693715594332417851e+01 4.513433518709302916e+01
4.693715594332417851e+01 4.989968573066138191e+01
4.693715594332417851e+01 4.810468400185723681e+01
4.693715594332417851e+01 4.466652397647789741e+01
4.693715594332417851e+01 4.596181703722251655e+01
4.693715594332417851e+01 4.507824450679235895e+01
4.693715594332417851e+01 4.698489706133196364e+01
4.693715594332417851e+01 4.823747843604107288e+01
4.693715594332417851e+01 4.644892122502636056e+01
4.693715594332417851e+01 4.706373079874677501e+01
4.693715594332417851e+01 4.911379184143765286e+01
4.693715594332417851e+01 4.233269322282850311e+01
4.693715594332417851e+01 4.649626254221170285e+01
4.693715594332417851e+01 5.071873391868005143e+01
4.693715594332417851e+01 4.618477824007086241e+01
4.693715594332417851e+01 5.044653225781342343e+01
4.693715594332417851e+01 4.253882609119146707e+01
4.693715594332417851e+01 4.604245224210485787e+01
4.693715594332417851e+01 5.172298698874140399e+01
4.693715594332417851e+01 4.664925061939191409e+01
4.693715594332417851e+01 4.627699173466297822e+01
4.693715594332417851e+01 4.459101334049312015e+01
4.693715594332417851e+01 5.221371582906169095e+01
4.693715594332417851e+01 5.158007054487943321e+01
4.693715594332417851e+01 4.751069925264871330e+01
4.693715594332417851e+01 4.427497214481189047e+01
4.693715594332417851e+01 4.032837206105205041e+01
4.693715594332417851e+01 4.785765774088526570e+01
4.693715594332417851e+01 4.786933010793990206e+01
4.693715594332417851e+01 4.727026017061135121e+01
4.693715594332417851e+01 4.562880153656497129e+01
4.693715594332417851e+01 4.165105947287323573e+01
4.693715594332417851e+01 4.980805909173558632e+01
4.693715594332417851e+01 4.367294079316295807e+01
4.693715594332417851e+01 4.270485809080332018e+01
4.693715594332417851e+01 4.083562718675197800e+01
4.693715594332417851e+01 4.319649044614203603e+01
4.693715594332417851e+01 4.571098334632380755e+01
4.693715594332417851e+01 3.829079718919506803e+01
4.693715594332417851e+01 4.318655254838947855e+01
4.693715594332417851e+01 4.405275851563740730e+01
4.693715594332417851e+01 4.572966567868738963e+01
4.693715594332417851e+01 4.483302182787603840e+01
4.693715594332417851e+01 4.156092017020839080e+01
4.693715594332417851e+01 4.350634535244795842e+01
4.693715594332417851e+01 4.895314878920363100e+01
4.693715594332417851e+01 4.479255252564021816e+01
4.693715594332417851e+01 4.658789130805206469e+01
4.693715594332417851e+01 4.683693540453811011e+01
4.693715594332417851e+01 4.408467301991104392e+01
4.693715594332417851e+01 4.319067564087486488e+01
4.693715594332417851e+01 5.032891045551118481e+01
4.693715594332417851e+01 4.974534761587689502e+01
4.693715594332417851e+01 4.217321324068262811e+01
4.693715594332417851e+01 4.289722597106487001e+01
4.693715594332417851e+01 4.913118540593133332e+01
4.693715594332417851e+01 4.672419626564343531e+01
4.693715594332417851e+01 5.226341989117284470e+01
4.693715594332417851e+01 4.265235322481937885e+01
4.693715594332417851e+01 5.102219037482030473e+01
4.693715594332417851e+01 4.696659725229467597e+01
4.693715594332417851e+01 4.542631933316294379e+01
4.693715594332417851e+01 4.655812729120442128e+01
4.693715594332417851e+01 4.807505657204362137e+01
4.693715594332417851e+01 4.555206716926408461e+01
4.693715594332417851e+01 5.253291062382002252e+01
4.693715594332417851e+01 4.938769195119677136e+01
4.693715594332417851e+01 5.119988470806568159e+01
4.693715594332417851e+01 4.448463618841178402e+01
4.693715594332417851e+01 4.568657714470101183e+01
4.693715594332417851e+01 4.584465233341511237e+01
4.693715594332417851e+01 4.786829948503199006e+01
4.693715594332417851e+01 4.231144855620628675e+01
4.693715594332417851e+01 4.678524102854097322e+01
4.693715594332417851e+01 4.621246943341088809e+01
4.693715594332417851e+01 5.072512664490406564e+01
4.693715594332417851e+01 4.386651455115264042e+01
4.693715594332417851e+01 4.340637744782608820e+01
4.693715594332417851e+01 4.597037077523556547e+01
4.693715594332417851e+01 4.702974928568576729e+01
4.693715594332417851e+01 4.602745385143399659e+01
4.693715594332417851e+01 4.763037677722436314e+01
4.693715594332417851e+01 4.715752500350493648e+01
4.693715594332417851e+01 4.542573714508225891e+01
4.693715594332417851e+01 4.277393786071111492e+01
4.693715594332417851e+01 4.509817634033731792e+01
4.693715594332417851e+01 4.482561221745615399e+01
4.693715594332417851e+01 4.759718274716347963e+01
4.693715594332417851e+01 4.038608784693972353e+01
4.693715594332417851e+01 5.005004997474093642e+01
4.693715594332417851e+01 5.137936228497259350e+01
4.693715594332417851e+01 4.612137892074678547e+01
4.693715594332417851e+01 4.401139894353598692e+01
4.693715594332417851e+01 5.102954212086950747e+01
4.693715594332417851e+01 4.953177167072145437e+01
4.693715594332417851e+01 4.687867860603768122e+01
4.693715594332417851e+01 4.436326543695237490e+01
4.693715594332417851e+01 4.642919028688549332e+01
4.693715594332417851e+01 4.047435424476275045e+01
4.693715594332417851e+01 4.622637532991025466e+01
4.693715594332417851e+01 4.769430383783500815e+01
4.693715594332417851e+01 4.185188547986719954e+01
4.693715594332417851e+01 4.708617518545412395e+01
4.693715594332417851e+01 4.980376091014573348e+01
4.693715594332417851e+01 4.887473596806858467e+01
4.693715594332417851e+01 4.745597587905780301e+01
4.693715594332417851e+01 4.174520004736057643e+01
4.693715594332417851e+01 4.263618020972491252e+01
4.693715594332417851e+01 4.565918562838691486e+01
4.693715594332417851e+01 4.630717631439318893e+01
4.693715594332417851e+01 4.343845235729194343e+01
4.693715594332417851e+01 4.125989870657948444e+01
4.693715594332417851e+01 3.912023746860722895e+01
4.693715594332417851e+01 4.785251443744503774e+01
4.693715594332417851e+01 4.473480524689488647e+01
4.693715594332417851e+01 5.064061528556773339e+01
4.693715594332417851e+01 4.158595512012747264e+01
4.693715594332417851e+01 4.737573698356102625e+01
4.693715594332417851e+01 4.224724020860338669e+01
4.693715594332417851e+01 5.087556242716682675e+01
4.693715594332417851e+01 4.409728278803968493e+01
4.693715594332417851e+01 4.556906645456445659e+01
4.693715594332417851e+01 4.632741831355745177e+01
4.693715594332417851e+01 3.963808282589477017e+01
4.693715594332417851e+01 5.232090458763538265e+01
4.693715594332417851e+01 4.745253316960335610e+01
4.693715594332417851e+01 4.775076025890386688e+01
4.693715594332417851e+01 5.043128330217432165e+01
4.693715594332417851e+01 4.458896447691284948e+01
4.693715594332417851e+01 5.018337244082351134e+01
4.693715594332417851e+01 4.209749680815897932e+01
4.693715594332417851e+01 4.488419960866753655e+01
4.693715594332417851e+01 3.873614216499114349e+01
4.693715594332417851e+01 4.522109636681084055e+01
4.693715594332417851e+01 4.306842538850116853e+01
4.693715594332417851e+01 4.812026249835527381e+01
4.693715594332417851e+01 4.727974073834909774e+01
4.693715594332417851e+01 4.588960492872014640e+01
4.693715594332417851e+01 4.472930266961233770e+01
4.693715594332417851e+01 4.691977879903593163e+01
4.693715594332417851e+01 4.711227975211120622e+01
4.693715594332417851e+01 4.654946979690461006e+01
4.693715594332417851e+01 4.992287138956179859e+01
4.693715594332417851e+01 4.881529153909195173e+01
4.693715594332417851e+01 4.504189171388821933e+01
4.693715594332417851e+01 4.504206369883859651e+01
4.693715594332417851e+01 4.337949604506114554e+01
4.693715594332417851e+01 4.737512031420185110e+01
4.693715594332417851e+01 4.886814193334973311e+01
4.693715594332417851e+01 4.880146918963798441e+01
4.693715594332417851e+01 4.892712640541518709e+01
4.693715594332417851e+01 4.867139884764020508e+01
4.693715594332417851e+01 4.277834496092268779e+01
4.693715594332417851e+01 4.275097159535839353e+01
4.693715594332417851e+01 4.597431001006999907e+01
4.693715594332417851e+01 4.300846518507386662e+01
4.693715594332417851e+01 4.522547495907920023e+01
4.693715594332417851e+01 4.291363106014084394e+01
4.693715594332417851e+01 4.759144270927740905e+01
4.693715594332417851e+01 4.299255364265206936e+01
4.693715594332417851e+01 4.538640757892454758e+01
4.693715594332417851e+01 4.633612445836621418e+01
4.693715594332417851e+01 4.601153877651662327e+01
4.693715594332417851e+01 4.045881733426318760e+01
4.693715594332417851e+01 4.827577055757160451e+01
4.693715594332417851e+01 4.704177047192655436e+01
4.693715594332417851e+01 4.707708306730162207e+01
4.693715594332417851e+01 4.198014035488078832e+01
4.693715594332417851e+01 4.227167096067202579e+01
4.693715594332417851e+01 5.080001655024849327e+01
4.693715594332417851e+01 4.828531637813181021e+01
4.693715594332417851e+01 4.569132077205553344e+01
4.693715594332417851e+01 5.153052561088262706e+01
4.693715594332417851e+01 4.677020855020123946e+01
4.693715594332417851e+01 4.352951418213628187e+01
4.693715594332417851e+01 4.758752443341671778e+01
4.693715594332417851e+01 5.138238454511203912e+01
4.693715594332417851e+01 4.471292781963775553e+01
4.693715594332417851e+01 5.160859016151829337e+01
4.693715594332417851e+01 4.838021892214542419e+01
4.693715594332417851e+01 5.098636101407758048e+01
4.693715594332417851e+01 4.452638415751157197e+01
4.693715594332417851e+01 5.073162936160849057e+01
4.693715594332417851e+01 3.925846179378864065e+01
4.693715594332417851e+01 4.655350006219891412e+01
4.693715594332417851e+01 4.286825020331102820e+01
4.693715594332417851e+01 4.251803825588409325e+01
4.693715594332417851e+01 4.642206301662695722e+01
4.693715594332417851e+01 4.248840236961835615e+01
4.693715594332417851e+01 4.810004991853730161e+01
4.693715594332417851e+01 4.708557804030835570e+01
4.693715594332417851e+01 4.837467877240780467e+01
4.693715594332417851e+01 5.095945389153089877e+01
4.693715594332417851e+01 4.868718036854849629e+01
4.693715594332417851e+01 4.793880328478375930e+01
4.693715594332417851e+01 4.653981371414931090e+01
4.693715594332417851e+01 4.059256169635045097e+01
4.693715594332417851e+01 4.340436301065410873e+01
4.693715594332417851e+01 4.452381522428559180e+01
4.693715594332417851e+01 4.520593072714566318e+01
4.693715594332417851e+01 5.114712905786031172e+01
4.693715594332417851e+01 4.216003585815208510e+01
4.693715594332417851e+01 4.679212476899263606e+01
4.693715594332417851e+01 4.822884580697070334e+01
4.693715594332417851e+01 4.953060515004688824e+01
4.693715594332417851e+01 4.585751649671633601e+01
4.693715594332417851e+01 4.496997728658446647e+01
4.693715594332417851e+01 4.671218432360978312e+01
4.693715594332417851e+01 4.996214813977505287e+01
4.693715594332417851e+01 4.938780398656699333e+01
4.693715594332417851e+01 4.005532287559702809e+01
4.693715594332417851e+01 4.204690783455131964e+01
4.693715594332417851e+01 4.765199489612150785e+01
4.693715594332417851e+01 4.673760059920475385e+01
4.693715594332417851e+01 4.905948824652437423e+01
4.693715594332417851e+01 4.333224011729517144e+01
4.693715594332417851e+01 4.681381355264965549e+01
4.693715594332417851e+01 4.749650209218181374e+01
4.693715594332417851e+01 4.654135063766774039e+01
4.693715594332417851e+01 4.803891225959261391e+01
4.693715594332417851e+01 4.155355277073232401e+01
4.693715594332417851e+01 4.059219566247011812e+01
4.693715594332417851e+01 4.141489002008398757e+01
4.693715594332417851e+01 4.185518841863022743e+01
4.693715594332417851e+01 4.521803447380289498e+01
4.693715594332417851e+01 4.838706503053973762e+01
4.693715594332417851e+01 4.553226770682873337e+01
4.693715594332417851e+01 4.320008254256823932e+01
4.693715594332417851e+01 4.334207223804814646e+01
4.693715594332417851e+01 4.398419563098012475e+01
4.693715594332417851e+01 5.419974881568613512e+01
4.693715594332417851e+01 5.169569398825220929e+01
4.693715594332417851e+01 4.556291865989766876e+01
4.693715594332417851e+01 4.907612871464964854e+01
4.693715594332417851e+01 4.602204037277027027e+01
4.693715594332417851e+01 4.408045973154290920e+01
4.693715594332417851e+01 5.199446742737858074e+01
4.693715594332417851e+01 4.842844499904986577e+01
4.693715594332417851e+01 4.663949805417471595e+01
4.693715594332417851e+01 4.854435633841982423e+01
4.693715594332417851e+01 4.505318749366692543e+01
4.693715594332417851e+01 5.669185113276596155e+01
4.693715594332417851e+01 4.632287630106846876e+01
4.693715594332417851e+01 4.484256348272134574e+01
4.693715594332417851e+01 4.538928733197602838e+01
4.693715594332417851e+01 4.058543435460754267e+01
4.693715594332417851e+01 4.483590767417399547e+01
4.693715594332417851e+01 4.256114147855877405e+01
4.693715594332417851e+01 3.875240856440434101e+01
4.693715594332417851e+01 5.107080245197654733e+01
4.693715594332417851e+01 4.783743988969816030e+01
4.693715594332417851e+01 4.543575250775896990e+01
4.693715594332417851e+01 4.868252752477078360e+01
4.693715594332417851e+01 4.380796604695238017e+01
4.693715594332417851e+01 4.681911621925208067e+01
4.693715594332417851e+01 4.813837321264585256e+01
4.693715594332417851e+01 4.398104608435616569e+01
4.693715594332417851e+01 5.030660114744807743e+01
4.693715594332417851e+01 4.730240198776212424e+01
4.693715594332417851e+01 4.651807439580687742e+01
4.693715594332417851e+01 4.306760138852934716e+01
4.693715594332417851e+01 4.749648217851608223e+01
4.693715594332417851e+01 4.042765513908688746e+01
4.693715594332417851e+01 4.263262978848921136e+01
4.693715594332417851e+01 4.767761573595963398e+01
4.693715594332417851e+01 4.823099501852352233e+01
4.693715594332417851e+01 4.760595003106509182e+01
4.693715594332417851e+01 4.673602107416367346e+01
4.693715594332417851e+01 4.461506088375367085e+01
4.693715594332417851e+01 4.531128516442863230e+01
4.693715594332417851e+01 4.721744010896897237e+01
4.693715594332417851e+01 4.252962318671252007e+01
4.693715594332417851e+01 4.395135765294578789e+01
4.693715594332417851e+01 4.399089480082278669e+01
4.693715594332417851e+01 4.978405456647891469e+01
4.693715594332417851e+01 4.295958829952769520e+01
4.693715594332417851e+01 4.719313498123542416e+01
4.693715594332417851e+01 4.359339146398843923e+01
4.693715594332417851e+01 4.490568453380929270e+01
4.693715594332417851e+01 4.751964353123594265e+01
4.693715594332417851e+01 4.834468107363578326e+01
4.693715594332417851e+01 4.908006724145482025e+01
4.693715594332417851e+01 4.952764680386776774e+01
4.693715594332417851e+01 4.147634128008404275e+01
4.693715594332417851e+01 4.300269061817599692e+01
4.693715594332417851e+01 4.526696451584069791e+01
4.693715594332417851e+01 4.637738135706523934e+01
4.693715594332417851e+01 4.516822195009776664e+01
4.693715594332417851e+01 4.429043981603924607e+01
4.693715594332417851e+01 4.676852374583545213e+01
4.693715594332417851e+01 4.839195541667043443e+01
4.693715594332417851e+01 4.798180638865131442e+01
4.693715594332417851e+01 4.830833103325097966e+01
4.693715594332417851e+01 4.626596307655477602e+01
4.693715594332417851e+01 4.299095912480180459e+01
4.693715594332417851e+01 4.665953251136269841e+01
4.693715594332417851e+01 4.022979723315992828e+01
4.693715594332417851e+01 4.538951099156367519e+01
4.693715594332417851e+01 5.006226341640294919e+01
4.693715594332417851e+01 5.601471126435600922e+01
4.693715594332417851e+01 4.335637853288692156e+01
4.693715594332417851e+01 4.693976551351256887e+01
4.693715594332417851e+01 5.155265194011204244e+01
4.693715594332417851e+01 4.336532873348804884e+01
4.693715594332417851e+01 4.723376760819278530e+01
4.693715594332417851e+01 4.736545931539902909e+01
4.693715594332417851e+01 4.685627789154828093e+01
4.693715594332417851e+01 4.630184770006467687e+01
4.693715594332417851e+01 4.512597002035414562e+01
4.693715594332417851e+01 5.227409700704289008e+01
4.693715594332417851e+01 4.464992669272707815e+01
4.693715594332417851e+01 4.753638743398368405e+01
4.693715594332417851e+01 4.314744933571315499e+01
4.693715594332417851e+01 5.282012725264371511e+01
4.693715594332417851e+01 5.047604287558777969e+01
4.693715594332417851e+01 4.728692367643819949e+01
4.693715594332417851e+01 4.458375912203027269e+01
4.693715594332417851e+01 4.461924410340918001e+01
4.693715594332417851e+01 4.721802603961563705e+01
4.693715594332417851e+01 5.034536918890988488e+01
4.693715594332417851e+01 4.407517029424750632e+01
4.693715594332417851e+01 4.436078611126361437e+01
4.693715594332417851e+01 4.858027328098506104e+01
4.693715594332417851e+01 4.471354246333090288e+01
4.693715594332417851e+01 3.781062497591837968e+01
4.693715594332417851e+01 5.180799358441687019e+01
4.693715594332417851e+01 4.479512645391756820e+01
4.693715594332417851e+01 4.500084602531126876e+01
4.693715594332417851e+01 4.940399916597479546e+01
4.693715594332417851e+01 5.443555799285111618e+01
4.693715594332417851e+01 5.195353260110496763e+01
4.693715594332417851e+01 4.170824835418323318e+01
4.693715594332417851e+01 4.429158342815045302e+01
4.693715594332417851e+01 4.595085354354184659e+01
4.693715594332417851e+01 3.861241725664076796e+01
4.693715594332417851e+01 4.292049144121710924e+01
4.693715594332417851e+01 4.119212473296278176e+01
4.693715594332417851e+01 4.806735619532713599e+01
4.693715594332417851e+01 4.623903436243949727e+01
4.693715594332417851e+01 5.157193002892293521e+01
4.693715594332417851e+01 4.327562633952651794e+01
4.693715594332417851e+01 4.420338664636420134e+01
4.693715594332417851e+01 4.337793834786471336e+01
4.693715594332417851e+01 4.517382392568485017e+01
4.693715594332417851e+01 5.077415900851654840e+01
4.693715594332417851e+01 4.407964116546898481e+01
4.693715594332417851e+01 4.974549304477748279e+01
4.693715594332417851e+01 4.173965658350011410e+01
4.693715594332417851e+01 4.884628273332212700e+01
4.693715594332417851e+01 4.716338123472270638e+01
4.693715594332417851e+01 4.670874372281252107e+01
4.693715594332417851e+01 4.488833129050724580e+01
4.693715594332417851e+01 5.275142677928300827e+01
4.693715594332417851e+01 4.228617695447931624e+01
4.693715594332417851e+01 4.450566691459915347e+01
4.693715594332417851e+01 4.389091307450119928e+01
4.693715594332417851e+01 4.808696454028746814e+01
4.693715594332417851e+01 4.683575821607232825e+01
4.693715594332417851e+01 4.548690828318689228e+01
4.693715594332417851e+01 4.651611175911835971e+01
4.693715594332417851e+01 4.688419547917958852e+01
4.693715594332417851e+01 4.942412911646174223e+01
4.693715594332417851e+01 4.478855492523975812e+01
4.693715594332417851e+01 4.564006350986509375e+01
4.693715594332417851e+01 4.589330476842881268e+01
4.693715594332417851e+01 4.345928130434116099e+01
4.693715594332417851e+01 4.738832917223996333e+01
4.693715594332417851e+01 4.719185213226381848e+01
4.693715594332417851e+01 4.466137062156866477e+01
4.693715594332417851e+01 4.120144579853864286e+01
4.693715594332417851e+01 4.745503337803973665e+01
4.693715594332417851e+01 4.648720103361116429e+01
4.693715594332417851e+01 4.677286912912260419e+01
4.693715594332417851e+01 4.429495088054086693e+01
4.693715594332417851e+01 4.850380771349913545e+01
4.693715594332417851e+01 5.452668683563849328e+01
4.693715594332417851e+01 4.727715512996319092e+01
4.693715594332417851e+01 4.321072933196953159e+01
4.693715594332417851e+01 4.610610059370360858e+01
4.693715594332417851e+01 4.645991770624540607e+01
4.693715594332417851e+01 4.451328383423042112e+01
4.693715594332417851e+01 4.578331553448332869e+01
4.693715594332417851e+01 4.438676742418694943e+01
4.693715594332417851e+01 4.655563609748372755e+01
4.693715594332417851e+01 4.378627861210512862e+01
4.693715594332417851e+01 4.668105421455410919e+01
4.693715594332417851e+01 4.846661294991714897e+01
4.693715594332417851e+01 4.617002107059636273e+01
4.693715594332417851e+01 4.622526842606062303e+01
4.693715594332417851e+01 5.366484435434642108e+01
4.693715594332417851e+01 3.704289377926056659e+01
4.693715594332417851e+01 4.842194877957462040e+01
4.693715594332417851e+01 4.963069836416311631e+01
4.693715594332417851e+01 4.399392291339142247e+01
4.693715594332417851e+01 4.508339515298682443e+01
4.693715594332417851e+01 4.335819436356957368e+01
4.693715594332417851e+01 4.304558357060074059e+01
4.693715594332417851e+01 4.468123236894955852e+01
4.693715594332417851e+01 4.244156436641716823e+01
4.693715594332417851e+01 4.407451459014253459e+01
4.693715594332417851e+01 4.550238070020382963e+01
4.693715594332417851e+01 4.787878195449032148e+01
4.693715594332417851e+01 4.693160728154389005e+01
4.693715594332417851e+01 4.330180004790772585e+01
4.693715594332417851e+01 4.366062390219941847e+01
4.693715594332417851e+01 4.852790460893032076e+01
4.693715594332417851e+01 5.208422185730790943e+01
4.693715594332417851e+01 4.388451816416080220e+01
4.693715594332417851e+01 4.305109031516764162e+01
4.693715594332417851e+01 4.496429961442726864e+01
4.693715594332417851e+01 4.220043327705265312e+01
4.693715594332417851e+01 4.595682868779181973e+01
4.693715594332417851e+01 4.424091638661799664e+01
4.693715594332417851e+01 4.370938892677282439e+01
4.693715594332417851e+01 4.560608356556084431e+01
4.693715594332417851e+01 4.389018714232189211e+01
4.693715594332417851e+01 4.960753767599160113e+01
4.693715594332417851e+01 5.049591185679443583e+01
4.693715594332417851e+01 4.628365528383046978e+01
4.693715594332417851e+01 4.522088363532498079e+01
4.693715594332417851e+01 4.654750917820139477e+01
4.693715594332417851e+01 5.387132451838432701e+01
4.693715594332417851e+01 4.124364471320701142e+01
4.693715594332417851e+01 4.256956592144630491e+01
4.693715594332417851e+01 4.851389813724666311e+01
4.693715594332417851e+01 4.804883109011837661e+01
4.693715594332417851e+01 4.076908042542419253e+01
4.693715594332417851e+01 4.569088889266694764e+01
4.693715594332417851e+01 4.680461235009062904e+01
4.693715594332417851e+01 4.461475684394253705e+01
4.693715594332417851e+01 4.138782157084232693e+01
4.693715594332417851e+01 4.131811692544724224e+01
4.693715594332417851e+01 4.921053186101075028e+01
4.693715594332417851e+01 4.456150727702572567e+01
4.693715594332417851e+01 4.479371686918176465e+01
4.693715594332417851e+01 4.935675143163089018e+01
4.693715594332417851e+01 4.044636313988797127e+01
4.693715594332417851e+01 4.596985718561941070e+01
4.693715594332417851e+01 4.553826493798165131e+01
4.693715594332417851e+01 5.163226377494735431e+01
4.693715594332417851e+01 5.478230012384704395e+01
4.693715594332417851e+01 4.516504330185923521e+01
4.693715594332417851e+01 4.886148519808418200e+01
4.693715594332417851e+01 4.572769729853876441e+01
4.693715594332417851e+01 4.363572280392622815e+01
4.693715594332417851e+01 4.046631909676731453e+01
4.693715594332417851e+01 4.478797424792350768e+01
4.693715594332417851e+01 5.008754876453548377e+01
4.693715594332417851e+01 5.670489546602851760e+01
4.693715594332417851e+01 4.766773194089562793e+01
4.693715594332417851e+01 4.592146023453418735e+01
4.693715594332417851e+01 4.033214246330039998e+01
4.693715594332417851e+01 4.384985600799468841e+01
4.693715594332417851e+01 4.910328658715306460e+01
4.693715594332417851e+01 4.917170970997194246e+01
4.693715594332417851e+01 4.437439860816675719e+01
4.693715594332417851e+01 4.999179773194781262e+01
4.693715594332417851e+01 4.293360345718174642e+01
4.693715594332417851e+01 4.623812404000651810e+01
4.693715594332417851e+01 4.684502285143019407e+01
4.693715594332417851e+01 5.136040396985650602e+01
4.693715594332417851e+01 4.705399799812624906e+01
4.693715594332417851e+01 4.379723741911386981e+01
4.693715594332417851e+01 4.753037322585368685e+01
4.693715594332417851e+01 4.858708451711693499e+01
4.693715594332417851e+01 4.129389472032561770e+01
4.693715594332417851e+01 4.684103315833061743e+01
4.693715594332417851e+01 4.928329452531039578e+01
4.693715594332417851e+01 4.665478843778656426e+01
4.693715594332417851e+01 4.779142950274480484e+01
4.693715594332417851e+01 4.660291275454027726e+01
4.693715594332417851e+01 4.532891856260395258e+01
4.693715594332417851e+01 4.360584828474755170e+01
4.693715594332417851e+01 4.490902125711013326e+01
4.693715594332417851e+01 4.601309988470302414e+01
4.693715594332417851e+01 4.485350686906176776e+01
4.693715594332417851e+01 4.506916177789075562e+01
4.693715594332417851e+01 4.894638151801709824e+01
4.693715594332417851e+01 4.550829540478436996e+01
4.693715594332417851e+01 4.428427307399595492e+01
4.693715594332417851e+01 4.764244968480762310e+01
4.693715594332417851e+01 4.704988505906542429e+01
4.693715594332417851e+01 4.013344516292603714e+01
4.693715594332417851e+01 4.718346574093444445e+01
4.693715594332417851e+01 4.201515833215997731e+01
4.693715594332417851e+01 4.772534462678340361e+01
4.693715594332417851e+01 4.388282156520425303e+01
4.693715594332417851e+01 4.814110083468978729e+01
4.693715594332417851e+01 4.647376226203897431e+01
4.693715594332417851e+01 4.577350871259957188e+01
4.693715594332417851e+01 4.332967636653868482e+01
4.693715594332417851e+01 4.422879073864422139e+01
4.693715594332417851e+01 4.508378215105010867e+01
4.693715594332417851e+01 5.072477919188835216e+01
4.693715594332417851e+01 5.283998455284238815e+01
4.693715594332417851e+01 4.502584676661525975e+01
4.693715594332417851e+01 5.332664302172078408e+01
4.693715594332417851e+01 4.064646292138986183e+01
4.693715594332417851e+01 4.554334370609392835e+01
4.693715594332417851e+01 4.609950050960287626e+01
4.693715594332417851e+01 4.943884346799136864e+01
4.693715594332417851e+01 4.980277318886488302e+01
4.693715594332417851e+01 4.318309850965302132e+01
4.693715594332417851e+01 4.671600974072322288e+01
4.693715594332417851e+01 4.335170102139843351e+01
4.693715594332417851e+01 4.596998159586878074e+01
4.693715594332417851e+01 4.305453102021732548e+01
4.693715594332417851e+01 4.089461432534099572e+01
4.693715594332417851e+01 4.614677101226070022e+01
4.693715594332417851e+01 4.697147037855645380e+01
4.693715594332417851e+01 4.384342373420067673e+01
4.693715594332417851e+01 4.915165908255595895e+01
4.693715594332417851e+01 4.763424838787566529e+01
4.693715594332417851e+01 4.568857116059040635e+01
4.693715594332417851e+01 4.633306982476794644e+01
4.693715594332417851e+01 4.485609841918888208e+01
4.693715594332417851e+01 4.366456099667047397e+01
4.693715594332417851e+01 4.200257812278407954e+01
4.693715594332417851e+01 4.381966904783908490e+01
4.693715594332417851e+01 4.209640475320146180e+01
4.693715594332417851e+01 4.532169889764223569e+01
4.693715594332417851e+01 4.696327808490690359e+01
4.693715594332417851e+01 4.611752531904005536e+01
4.693715594332417851e+01 4.450865521202420894e+01
4.693715594332417851e+01 4.939895592949159919e+01
4.693715594332417851e+01 4.323609009956593496e+01
4.693715594332417851e+01 4.290375082424142761e+01
4.693715594332417851e+01 5.098405703355389562e+01
4.693715594332417851e+01 4.597227410339638709e+01
4.693715594332417851e+01 4.965769137517805376e+01
4.693715594332417851e+01 4.638415789054769789e+01
4.693715594332417851e+01 4.608424658488006997e+01
4.693715594332417851e+01 5.331573397760899979e+01
4.693715594332417851e+01 4.056446029242166418e+01
4.693715594332417851e+01 5.110040105271755806e+01
4.693715594332417851e+01 4.619410702611867237e+01
4.693715594332417851e+01 5.006073026511118229e+01
4.693715594332417851e+01 4.351721038577233713e+01
4.693715594332417851e+01 5.010549424679654607e+01
4.693715594332417851e+01 4.125166273744893175e+01
4.693715594332417851e+01 4.607616837719521641e+01
4.693715594332417851e+01 4.447986920172060366e+01
4.693715594332417851e+01 5.187204554408125290e+01
4.693715594332417851e+01 4.026598104414171786e+01
4.693715594332417851e+01 4.612480333958902889e+01
4.693715594332417851e+01 4.121027132561786033e+01
4.693715594332417851e+01 4.140278561090595844e+01
4.693715594332417851e+01 4.955298867235761406e+01
4.693715594332417851e+01 4.643599267628676586e+01
4.693715594332417851e+01 4.224046543810001708e+01
4.693715594332417851e+01 4.206856639582143487e+01
4.693715594332417851e+01 4.602639371303365579e+01
4.693715594332417851e+01 4.665188499552343160e+01
4.693715594332417851e+01 4.714190385592202404e+01
4.693715594332417851e+01 5.274467074464886451e+01
4.693715594332417851e+01 4.608189711179407766e+01
4.693715594332417851e+01 4.411201554047624285e+01
4.693715594332417851e+01 4.411859864524719654e+01
4.693715594332417851e+01 4.682886349122906466e+01
4.693715594332417851e+01 4.589559257297860739e+01
4.693715594332417851e+01 4.663729768216875726e+01
4.693715594332417851e+01 4.694430679625880032e+01
4.693715594332417851e+01 4.708012867111538213e+01
4.693715594332417851e+01 4.784657487765422701e+01
4.693715594332417851e+01 4.606358962908986854e+01
4.693715594332417851e+01 4.964913220821232187e+01
4.693715594332417851e+01 4.480422496616093042e+01
4.693715594332417851e+01 4.855434316946173112e+01
4.693715594332417851e+01 4.272671715284176486e+01
4.693715594332417851e+01 5.053987676828465681e+01
4.693715594332417851e+01 4.742858044615557844e+01
4.693715594332417851e+01 4.287815862146162971e+01
4.693715594332417851e+01 5.224891275121577650e+01
4.693715594332417851e+01 4.802956494000791565e+01
4.693715594332417851e+01 4.733224987977221332e+01
4.693715594332417851e+01 4.786120092196782849e+01
4.693715594332417851e+01 4.175669886840596234e+01
4.693715594332417851e+01 4.730884128484079554e+01
4.693715594332417851e+01 4.537807822695332760e+01
4.693715594332417851e+01 4.367510877021389604e+01
4.693715594332417851e+01 4.720571896333595419e+01
4.693715594332417851e+01 4.680897653552704440e+01
4.693715594332417851e+01 4.791878299113172091e+01
4.693715594332417851e+01 4.812599796993631429e+01
4.693715594332417851e+01 4.908040789155460715e+01
4.693715594332417851e+01 4.541721662027774187e+01
4.693715594332417851e+01 4.730661402945980143e+01
4.693715594332417851e+01 4.294502524576280678e+01
4.693715594332417851e+01 4.705681304063443093e+01
4.693715594332417851e+01 4.394533204792012526e+01
4.693715594332417851e+01 4.324709888110573530e+01
4.693715594332417851e+01 4.967915179426699979e+01
4.693715594332417851e+01 4.232915968529289330e+01
4.693715594332417851e+01 5.291595467476400927e+01
4.693715594332417851e+01 4.415446395172902072e+01
4.693715594332417851e+01 5.285034815349614234e+01
4.693715594332417851e+01 4.659328641695238105e+01
4.693715594332417851e+01 4.757635461892071760e+01
4.693715594332417851e+01 4.378667183075823743e+01
4.693715594332417851e+01 4.932775349802242459e+01
4.693715594332417851e+01 4.516902140127402276e+01
4.693715594332417851e+01 4.931658496781415835e+01
4.693715594332417851e+01 4.444511079349428684e+01
4.693715594332417851e+01 4.111283622912962699e+01
4.693715594332417851e+01 4.973793405432910930e+01
4.693715594332417851e+01 4.133499604167069208e+01
4.693715594332417851e+01 4.822100504175571700e+01
4.693715594332417851e+01 4.447002455121152309e+01
4.693715594332417851e+01 4.505767342958952071e+01
4.693715594332417851e+01 5.006548168131035936e+01
4.693715594332417851e+01 5.238406971927940248e+01
4.693715594332417851e+01 4.720036997823933689e+01
4.693715594332417851e+01 4.317999488069604297e+01
4.693715594332417851e+01 4.541422639739447220e+01
4.693715594332417851e+01 4.333538175199592501e+01
4.693715594332417851e+01 4.364520458576662065e+01
4.693715594332417851e+01 4.839449192297830393e+01
4.693715594332417851e+01 4.275280160101941362e+01
4.693715594332417851e+01 4.623645602991258841e+01
4.693715594332417851e+01 4.643730995821064056e+01
4.693715594332417851e+01 4.916320627856756431e+01
4.693715594332417851e+01 5.278142986522510682e+01
4.693715594332417851e+01 5.173427344682510665e+01
4.693715594332417851e+01 4.575414889613008285e+01
4.693715594332417851e+01 4.312424991965158227e+01
4.693715594332417851e+01 4.699097510294456725e+01
4.693715594332417851e+01 4.358198466502392421e+01
4.693715594332417851e+01 4.158217630369949802e+01
4.693715594332417851e+01 4.800647818225242958e+01
4.693715594332417851e+01 4.913986970343965055e+01
4.693715594332417851e+01 4.417657495719534211e+01
4.693715594332417851e+01 4.775042571523687229e+01
4.693715594332417851e+01 4.395985840867454186e+01
4.693715594332417851e+01 4.309100098004893908e+01
4.693715594332417851e+01 4.472850738379969471e+01
4.693715594332417851e+01 4.417367436725332652e+01
4.693715594332417851e+01 4.941952735857400825e+01
4.693715594332417851e+01 4.554660315368150236e+01
4.693715594332417851e+01 4.763776952072605297e+01
4.693715594332417851e+01 4.748979880670896137e+01
4.693715594332417851e+01 4.833824374054751161e+01
4.693715594332417851e+01 4.358885692261270606e+01
4.693715594332417851e+01 5.398715409709593160e+01
4.693715594332417851e+01 4.958854429248115281e+01
4.693715594332417851e+01 4.218152849214916245e+01
4.693715594332417851e+01 4.770695814853296213e+01
4.693715594332417851e+01 4.027953423332411376e+01
4.693715594332417851e+01 4.306735399276418264e+01
4.693715594332417851e+01 4.600273003668596772e+01
4.693715594332417851e+01 4.651048805021658694e+01
4.693715594332417851e+01 4.937168633578974664e+01
4.693715594332417851e+01 4.752200857097041364e+01
4.693715594332417851e+01 5.073223506883207534e+01
4.693715594332417851e+01 4.383825743286961085e+01
4.693715594332417851e+01 5.405841239923448427e+01
4.693715594332417851e+01 4.491287345461239511e+01
4.693715594332417851e+01 4.431764881148411206e+01
4.693715594332417851e+01 4.650624008693498723e+01
4.693715594332417851e+01 4.073639238109475968e+01
4.693715594332417851e+01 5.071383624341108742e+01
4.693715594332417851e+01 4.303116118267283952e+01
4.693715594332417851e+01 4.093660927646698156e+01
4.693715594332417851e+01 4.411068741959678619e+01
4.693715594332417851e+01 5.172835240297964532e+01
4.693715594332417851e+01 4.770715787345938708e+01
4.693715594332417851e+01 4.977647834024874385e+01
4.693715594332417851e+01 4.556882852654766936e+01
4.693715594332417851e+01 4.669471999346257007e+01
4.693715594332417851e+01 4.490971321474560085e+01
4.693715594332417851e+01 4.152720131707120288e+01
4.693715594332417851e+01 4.657817438470542015e+01
4.693715594332417851e+01 4.721947311666281166e+01
4.693715594332417851e+01 4.864988652303053129e+01
4.693715594332417851e+01 5.204152064003878309e+01
4.693715594332417851e+01 4.678657764566010258e+01
4.693715594332417851e+01 4.453589431329692871e+01
4.693715594332417851e+01 4.277166175688044092e+01
4.693715594332417851e+01 4.544331871189707073e+01
4.693715594332417851e+01 4.550708539166833333e+01
4.693715594332417851e+01 4.658295188071043924e+01
4.693715594332417851e+01 4.542250181457662705e+01
4.693715594332417851e+01 4.081921221815406398e+01
4.693715594332417851e+01 4.183171592411658679e+01
4.693715594332417851e+01 4.746341862837465442e+01
4.693715594332417851e+01 4.728483987351185647e+01
4.693715594332417851e+01 4.776771214670512222e+01
4.693715594332417851e+01 4.325986932652713080e+01
4.693715594332417851e+01 4.862427986821915482e+01
4.693715594332417851e+01 4.778208282412746399e+01
4.693715594332417851e+01 4.163361534926004026e+01
4.693715594332417851e+01 4.960157541173591511e+01
4.693715594332417851e+01 4.746777361315964328e+01
4.693715594332417851e+01 4.513152404335480838e+01
4.693715594332417851e+01 4.554462904320406125e+01
4.693715594332417851e+01 4.724308272456511304e+01
4.693715594332417851e+01 4.547467489090898596e+01
4.693715594332417851e+01 4.780133179060427295e+01
4.693715594332417851e+01 4.667888252749496303e+01
4.693715594332417851e+01 4.990926510055953713e+01
4.693715594332417851e+01 4.588736754520239458e+01
4.693715594332417851e+01 4.499307037349532834e+01
4.693715594332417851e+01 4.795386568930371851e+01
4.693715594332417851e+01 4.470779014592955036e+01
4.693715594332417851e+01 5.045207565433587149e+01
4.693715594332417851e+01 4.785665392225935477e+01
4.693715594332417851e+01 5.156575763034258841e+01
4.693715594332417851e+01 4.904349908366402389e+01
4.693715594332417851e+01 4.845277039615054804e+01
4.693715594332417851e+01 4.632855960274259388e+01
4.693715594332417851e+01 4.088020650193519145e+01
4.693715594332417851e+01 4.932156679323126980e+01
4.693715594332417851e+01 4.719339833093933834e+01
4.693715594332417851e+01 4.302250609400366699e+01
4.693715594332417851e+01 4.465121975796542131e+01
4.693715594332417851e+01 4.786002774065173782e+01
4.693715594332417851e+01 4.527260250666466845e+01
4.693715594332417851e+01 4.682637629693149250e+01
4.693715594332417851e+01 4.482066915481465941e+01
4.693715594332417851e+01 5.533181329893788103e+01
4.693715594332417851e+01 4.430373167625877073e+01
4.693715594332417851e+01 4.522519476370094083e+01
4.693715594332417851e+01 4.286815022045483659e+01
4.693715594332417851e+01 4.398915754762051478e+01
4.693715594332417851e+01 4.758116478613603562e+01
4.693715594332417851e+01 4.966355605923098437e+01
4.693715594332417851e+01 4.574917815416657163e+01
4.693715594332417851e+01 4.325831378623370682e+01
4.693715594332417851e+01 4.725698410314899434e+01
4.693715594332417851e+01 4.728982413998980405e+01
4.693715594332417851e+01 4.404589263857324255e+01
4.693715594332417851e+01 4.560445224057610147e+01
4.693715594332417851e+01 4.686296691974535378e+01
4.693715594332417851e+01 4.841423867179091189e+01
4.693715594332417851e+01 4.231327693291641623e+01
4.693715594332417851e+01 4.590298511650456703e+01
4.693715594332417851e+01 4.545590374432712366e+01
4.693715594332417851e+01 4.291129303976963882e+01
4.693715594332417851e+01 4.206956698714106579e+01
4.693715594332417851e+01 4.437461427893215671e+01
4.693715594332417851e+01 4.602647293160669051e+01
4.693715594332417851e+01 4.266886841194654778e+01
4.693715594332417851e+01 5.677666084147223557e+01
4.693715594332417851e+01 3.977668316039672902e+01
4.693715594332417851e+01 4.266504781122210943e+01
4.693715594332417851e+01 4.811537040454827263e+01
4.693715594332417851e+01 4.973289721179975231e+01
4.693715594332417851e+01 4.291599102804687504e+01
4.693715594332417851e+01 4.427012392548775210e+01
4.693715594332417851e+01 4.528281493543490654e+01
4.693715594332417851e+01 4.562545547773378019e+01
4.693715594332417851e+01 5.381289128901823204e+01
4.693715594332417851e+01 4.583843803591602040e+01
4.693715594332417851e+01 4.727086780621842621e+01
4.693715594332417851e+01 5.052563320418128257e+01
4.693715594332417851e+01 4.759234618937509254e+01
4.693715594332417851e+01 4.917408167654397744e+01
4.693715594332417851e+01 5.184093699119632959e+01
4.693715594332417851e+01 4.473217725073067186e+01
4.693715594332417851e+01 4.801232433155352197e+01
4.693715594332417851e+01 4.316468865432968016e+01
4.693715594332417851e+01 5.030688930319091412e+01
4.693715594332417851e+01 4.589505482977555317e+01
4.693715594332417851e+01 4.544056181650228154e+01
4.693715594332417851e+01 5.041218395626176374e+01
4.693715594332417851e+01 4.958370725817530200e+01
4.693715594332417851e+01 4.349211830190244399e+01
4.693715594332417851e+01 4.404676831274022675e+01
4.693715594332417851e+01 4.302846713076166196e+01
4.693715594332417851e+01 5.087033239784915395e+01
4.693715594332417851e+01 4.947584943772089616e+01
4.693715594332417851e+01 4.887182882343088863e+01
4.693715594332417851e+01 4.615973958957548007e+01
4.693715594332417851e+01 4.582788745516373297e+01
4.693715594332417851e+01 4.343194903050895306e+01
4.693715594332417851e+01 4.262443150692636351e+01
4.693715594332417851e+01 4.467476456919433758e+01
4.693715594332417851e+01 4.570325919361843603e+01
4.693715594332417851e+01 4.619239649904619682e+01
4.693715594332417851e+01 4.605781380012088277e+01
4.693715594332417851e+01 4.419987953165034611e+01
4.693715594332417851e+01 4.786124477971037550e+01
4.693715594332417851e+01 3.938842813290407463e+01
4.693715594332417851e+01 4.476029491230530510e+01
4.693715594332417851e+01 4.031001576141463261e+01
4.693715594332417851e+01 4.405713352223652635e+01
4.693715594332417851e+01 4.938081739865322106e+01
4.693715594332417851e+01 4.356032586514669447e+01
4.693715594332417851e+01 4.928613482754327180e+01
4.693715594332417851e+01 4.403781386415448651e+01
4.693715594332417851e+01 4.480570830111587810e+01
4.693715594332417851e+01 4.691971521119282329e+01
4.693715594332417851e+01 4.826724274889359378e+01
4.693715594332417851e+01 4.724817792239281999e+01
4.693715594332417851e+01 4.911407508177583026e+01
4.693715594332417851e+01 4.711716821345377326e+01
4.693715594332417851e+01 4.119226924602033790e+01
4.693715594332417851e+01 4.940982583898603053e+01
4.693715594332417851e+01 4.377756912927176103e+01
4.693715594332417851e+01 4.530431898412793146e+01
4.693715594332417851e+01 4.950187425819155607e+01
4.693715594332417851e+01 4.252813009207411454e+01
4.693715594332417851e+01 3.922828066746848208e+01
4.693715594332417851e+01 4.119262655218565783e+01
4.693715594332417851e+01 4.378123360795194685e+01
4.693715594332417851e+01 4.665159722932242659e+01
4.693715594332417851e+01 4.807498935436746734e+01
4.693715594332417851e+01 4.219233130316292346e+01
4.693715594332417851e+01 4.687071345662333499e+01
4.693715594332417851e+01 4.654136905727289530e+01
4.693715594332417851e+01 4.675858540508610162e+01
4.693715594332417851e+01 4.243712093882428604e+01
4.693715594332417851e+01 4.266993910794256095e+01
4.693715594332417851e+01 4.731918422856395523e+01
4.693715594332417851e+01 4.377665270412922638e+01
4.693715594332417851e+01 4.498148784593109184e+01
4.693715594332417851e+01 4.473702466760114049e+01
4.693715594332417851e+01 4.417283587678753065e+01
4.693715594332417851e+01 5.028345636697334697e+01
4.693715594332417851e+01 4.129464364262904752e+01
4.693715594332417851e+01 4.248398710960061919e+01
4.693715594332417851e+01 4.814904630915805939e+01
4.693715594332417851e+01 4.490246570846625218e+01
4.693715594332417851e+01 4.822117921096592141e+01
4.693715594332417851e+01 4.455097322495851841e+01
4.693715594332417851e+01 4.873141452057969758e+01
4.693715594332417851e+01 5.123043590990172902e+01
4.693715594332417851e+01 4.268063671630768141e+01
4.693715594332417851e+01 5.257376529362003481e+01
4.693715594332417851e+01 4.211929022837399117e+01
4.693715594332417851e+01 4.634655658272429690e+01
4.693715594332417851e+01 4.445831091039426752e+01
4.693715594332417851e+01 4.991722828907877840e+01
4.693715594332417851e+01 4.579417713046269967e+01
4.693715594332417851e+01 4.732068084118344586e+01
4.693715594332417851e+01 4.299091313392439417e+01
4.693715594332417851e+01 4.150239093397234313e+01
4.693715594332417851e+01 4.440615822966800863e+01
4.693715594332417851e+01 4.906478913372958317e+01
4.693715594332417851e+01 4.336712655441626652e+01
4.693715594332417851e+01 4.788800765016504357e+01
4.693715594332417851e+01 4.926543977623919801e+01
4.693715594332417851e+01 4.380647675598309121e+01
4.693715594332417851e+01 4.257230041539055065e+01
4.693715594332417851e+01 4.411952807502578366e+01
4.693715594332417851e+01 4.154350139915227658e+01
4.693715594332417851e+01 4.705102608561029598e+01
4.693715594332417851e+01 4.070871299576370461e+01
4.693715594332417851e+01 4.663522767836992955e+01
4.693715594332417851e+01 5.054539980400052457e+01
4.693715594332417851e+01 4.783552913287047659e+01
4.693715594332417851e+01 4.976021246844511126e+01
4.693715594332417851e+01 5.143306569188689537e+01
4.693715594332417851e+01 4.214084722963476537e+01
4.693715594332417851e+01 4.673621206845476195e+01
4.693715594332417851e+01 4.670244124930189145e+01
4.693715594332417851e+01 4.489853796758436033e+01
4.693715594332417851e+01 4.587279018877097059e+01
4.693715594332417851e+01 4.439585717457671876e+01
4.693715594332417851e+01 4.718403969353388305e+01
4.693715594332417851e+01 4.911891903537802051e+01
4.693715594332417851e+01 4.528699278829971320e+01
4.693715594332417851e+01 4.559203251760721542e+01
4.693715594332417851e+01 4.843691753611095407e+01
4.693715594332417851e+01 4.781516676933476617e+01
4.693715594332417851e+01 5.124723741606381111e+01
4.693715594332417851e+01 4.286849441477735212e+01
4.693715594332417851e+01 4.469755029922101386e+01
4.693715594332417851e+01 4.758879236214924902e+01
4.693715594332417851e+01 4.559318376020627284e+01
4.693715594332417851e+01 4.787489980880145168e+01
4.693715594332417851e+01 5.203447665735924232e+01
4.693715594332417851e+01 4.873065042266369318e+01
4.693715594332417851e+01 4.379699369880803062e+01
4.693715594332417851e+01 5.148281443178184702e+01
4.693715594332417851e+01 5.006775716933785958e+01
4.693715594332417851e+01 4.599375763483602952e+01
4.693715594332417851e+01 4.978429515871096811e+01
4.693715594332417851e+01 4.725808489635509346e+01
4.693715594332417851e+01 4.256797929176295980e+01
4.693715594332417851e+01 4.143532499079433506e+01
4.693715594332417851e+01 4.766473839239625931e+01
4.693715594332417851e+01 4.605313686256705807e+01
4.693715594332417851e+01 4.262851047057834109e+01
4.693715594332417851e+01 4.880262489940269433e+01
4.693715594332417851e+01 4.324156022505060548e+01
4.693715594332417851e+01 4.632790509356128439e+01
4.693715594332417851e+01 4.375575728225225447e+01
4.693715594332417851e+01 4.616697149686299895e+01
4.693715594332417851e+01 4.029077389558625555e+01
4.693715594332417851e+01 5.096559006607004960e+01
4.693715594332417851e+01 5.205794007143588686e+01
4.693715594332417851e+01 4.432556507438683013e+01
4.693715594332417851e+01 4.804755590728807135e+01
4.693715594332417851e+01 4.484711375258490307e+01
4.693715594332417851e+01 4.124327119092543370e+01
4.693715594332417851e+01 4.791257200977370445e+01
4.693715594332417851e+01 3.901543254660897730e+01
4.693715594332417851e+01 4.292984371510554809e+01
4.693715594332417851e+01 4.230315831188044484e+01
4.693715594332417851e+01 4.871221172709547176e+01
4.693715594332417851e+01 4.512714365045949449e+01
4.693715594332417851e+01 5.028529281611027102e+01
4.693715594332417851e+01 5.136458152469839433e+01
4.693715594332417851e+01 4.729298323185815178e+01
4.693715594332417851e+01 4.401016118801928201e+01
4.693715594332417851e+01 4.480611491359247367e+01
4.693715594332417851e+01 4.145992969460357358e+01
4.693715594332417851e+01 5.361806365811666097e+01
4.693715594332417851e+01 4.577847593345252619e+01
4.693715594332417851e+01 5.002354624551079354e+01
4.693715594332417851e+01 4.717468333518741730e+01
4.693715594332417851e+01 4.641394951282137527e+01
4.693715594332417851e+01 4.841073824304021400e+01
4.693715594332417851e+01 4.611480777250396557e+01
4.693715594332417851e+01 4.500662724665865255e+01
4.693715594332417851e+01 5.131394674128662103e+01
4.693715594332417851e+01 4.682844781531237999e+01
4.693715594332417851e+01 4.103406448167177700e+01
4.693715594332417851e+01 4.466708002773954433e+01
4.693715594332417851e+01 4.993441839377526748e+01
4.693715594332417851e+01 4.344216879080543947e+01
4.693715594332417851e+01 4.892521341092990639e+01
4.693715594332417851e+01 4.247184614943596159e+01
4.693715594332417851e+01 4.829247345059103935e+01
4.693715594332417851e+01 4.782175354089645936e+01
4.693715594332417851e+01 4.742529099545453874e+01
4.693715594332417851e+01 5.100006017143404335e+01
4.693715594332417851e+01 4.551871811188355821e+01
