4.693715594332417851e+01 4.187208188951476728e+01
4.693715594332417851e+01 4.783818393078618669e+01
4.693715594332417851e+01 5.374334528961636437e+01
4.693715594332417851e+01 4.476858228209939483e+01
4.693715594332417851e+01 4.656194978465972412e+01
4.693715594332417851e+01 5.056043472946119266e+01
4.693715594332417851e+01 4.403091091946659219e+01
4.693715594332417851e+01 4.474320097040958188e+01
4.693715594332417851e+01 4.882205861944394343e+01
4.693715594332417851e+01 4.633887286345407830e+01
4.693715594332417851e+01 4.537791586413494116e+01
4.693715594332417851e+01 4.798675968279512460e+01
4.693715594332417851e+01 4.927755993623070196e+01
4.693715594332417851e+01 5.284538774823197826e+01
4.693715594332417851e+01 3.927966136925453355e+01
4.693715594332417851e+01 4.796277520042446696e+01
4.693715594332417851e+01 4.930470757328180298e+01
4.693715594332417851e+01 4.510702075436388725e+01
4.693715594332417851e+01 4.258162083869380155e+01
4.693715594332417851e+01 5.137229716690318782e+01
4.693715594332417851e+01 4.239765121946371806e+01
4.693715594332417851e+01 4.385040619279596541e+01
4.693715594332417851e+01 4.915812895655214021e+01
4.693715594332417851e+01 4.600693737367317482e+01
4.693715594332417851e+01 4.452621147015916847e+01
4.693715594332417851e+01 4.643985491599850235e+01
4.693715594332417851e+01 4.408737083990946815e+01
4.693715594332417851e+01 4.772185071846721627e+01
4.693715594332417851e+01 4.587480405868766553e+01
4.693715594332417851e+01 4.420603769557641272e+01
4.693715594332417851e+01 4.268212850958620663e+01
4.693715594332417851e+01 4.566654660724274351e+01
4.693715594332417851e+01 4.749406322692075832e+01
4.693715594332417851e+01 4.670897920190206065e+01
4.693715594332417851e+01 5.007473359120454859e+01
4.693715594332417851e+01 5.082075139639594141e+01
4.693715594332417851e+01 5.152548399774865118e+01
4.693715594332417851e+01 4.701725976750697811e+01
4.693715594332417851e+01 4.569200062931417960e+01
4.693715594332417851e+01 4.690644080371058067e+01
4.693715594332417851e+01 4.553990783698566247e+01
4.693715594332417851e+01 4.788778739600412848e+01
4.693715594332417851e+01 4.718405157089319601e+01
4.693715594332417851e+01 4.442900248594482093e+01
4.693715594332417851e+01 4.535423410847631942e+01
4.693715594332417851e+01 4.452436202002268573e+01
4.693715594332417851e+01 4.730831473665126907e+01
4.693715594332417851e+01 4.694313130691573832e+01
4.693715594332417851e+01 4.232860165174930245e+01
4.693715594332417851e+01 4.921009703519539613e+01
4.693715594332417851e+01 5.117054254631256782e+01
4.693715594332417851e+01 5.082362396105712321e+01
4.693715594332417851e+01 4.095117388472053221e+01
4.693715594332417851e+01 4.508356805200968864e+01
4.693715594332417851e+01 4.451970049526834572e+01
4.693715594332417851e+01 4.388653379693907652e+01
4.693715594332417851e+01 4.437290579009686553e+01
4.693715594332417851e+01 4.072127230968894906e+01
4.693715594332417851e+01 4.532453277366241906e+01
4.693715594332417851e+01 4.877303223732004511e+01
4.693715594332417851e+01 4.315461609618667183e+01
4.693715594332417851e+01 4.727853078513268059e+01
4.693715594332417851e+01 5.175911866427336605e+01
4.693715594332417851e+01 4.615463100375258421e+01
4.693715594332417851e+01 4.687577716895268054e+01
4.693715594332417851e+01 4.753897303251384443e+01
4.693715594332417851e+01 5.073095839081005209e+01
4.693715594332417851e+01 4.724753738729592811e+01
4.693715594332417851e+01 4.271304624474846889e+01
4.693715594332417851e+01 4.557461650698621014e+01
4.693715594332417851e+01 4.575065393763087229e+01
4.693715594332417851e+01 4.992248677650422906e+01
4.693715594332417851e+01 4.150517471124035040e+01
4.693715594332417851e+01 5.052161179381489120e+01
4.693715594332417851e+01 4.632841845532174574e+01
4.693715594332417851e+01 5.000889664043662464e+01
4.693715594332417851e+01 4.332349146203111445e+01
4.693715594332417851e+01 4.025485078225590030e+01
4.693715594332417851e+01 4.533063877707999723e+01
4.693715594332417851e+01 4.703380925443029525e+01
4.693715594332417851e+01 4.384092644610630884e+01
4.693715594332417851e+01 4.476954381568238261e+01
4.693715594332417851e+01 4.502909786800972114e+01
4.693715594332417851e+01 5.200938480673758590e+01
4.693715594332417851e+01 4.603248663041455302e+01
4.693715594332417851e+01 4.423948337924137064e+01
4.693715594332417851e+01 4.451561654804692836e+01
4.693715594332417851e+01 4.781535631342025994e+01
4.693715594332417851e+01 4.404170009117722628e+01
4.693715594332417851e+01 5.156993251452680482e+01
4.693715594332417851e+01 4.929421167638201240e+01
4.693715594332417851e+01 4.511657460236151707e+01
4.693715594332417851e+01 4.430549896635425711e+01
4.693715594332417851e+01 4.596648472613511416e+01
4.693715594332417851e+01 5.065122937052026941e+01
4.693715594332417851e+01 4.603262437013496822e+01
4.693715594332417851e+01 4.204783236996275519e+01
4.693715594332417851e+01 5.106453299602184615e+01
4.693715594332417851e+01 4.687472836726787762e+01
4.693715594332417851e+01 4.505470093037072843e+01
4.693715594332417851e+01 4.205105253296556356e+01
4.693715594332417851e+01 4.309852990198455558e+01
4.693715594332417851e+01 4.195247829525276018e+01
4.693715594332417851e+01 5.029558925079123810e+01
4.693715594332417851e+01 4.207529319625376729e+01
4.693715594332417851e+01 4.806917467068446115e+01
4.693715594332417851e+01 4.500894729966250196e+01
4.693715594332417851e+01 4.871653372682528271e+01
4.693715594332417851e+01 4.154601990134194267e+01
4.693715594332417851e+01 4.773901187844906246e+01
4.693715594332417851e+01 4.652949403989315869e+01
4.693715594332417851e+01 5.093322942630055650e+01
4.693715594332417851e+01 4.897125198520194544e+01
4.693715594332417851e+01 4.736798903162652863e+01
4.693715594332417851e+01 4.912624985844748693e+01
4.693715594332417851e+01 4.421880181275105315e+01
4.693715594332417851e+01 4.360156952702821087e+01
4.693715594332417851e+01 4.429046865627857699e+01
4.693715594332417851e+01 4.560673192824142319e+01
4.693715594332417851e+01 4.353330895245198917e+01
4.693715594332417851e+01 5.349642865243200163e+01
4.693715594332417851e+01 5.188758856094385408e+01
4.693715594332417851e+01 5.110595517648299335e+01
4.693715594332417851e+01 4.258504788889332815e+01
4.693715594332417851e+01 4.706708333408729317e+01
4.693715594332417851e+01 4.543654183050404072e+01
4.693715594332417851e+01 4.121262730872921054e+01
4.693715594332417851e+01 4.278216488745469803e+01
4.693715594332417851e+01 4.724279739647624154e+01
4.693715594332417851e+01 4.808805837062286770e+01
4.693715594332417851e+01 4.452980829209123925e+01
4.693715594332417851e+01 4.762885552265593248e+01
4.693715594332417851e+01 4.996990620882834833e+01
4.693715594332417851e+01 4.504010746516897967e+01
4.693715594332417851e+01 4.844773243046555677e+01
4.693715594332417851e+01 3.876936529614469151e+01
4.693715594332417851e+01 4.111324992988959792e+01
4.693715594332417851e+01 4.618503855519113444e+01
4.693715594332417851e+01 4.482387435567183331e+01
4.693715594332417851e+01 4.685637036689909252e+01
4.693715594332417851e+01 4.526453891885302028e+01
4.693715594332417851e+01 4.451216530470536270e+01
4.693715594332417851e+01 5.063714785915047401e+01
4.693715594332417851e+01 4.441845135253961985e+01
4.693715594332417851e+01 3.806578203833137763e+01
4.693715594332417851e+01 4.319097507481018283e+01
4.693715594332417851e+01 5.435839245673082587e+01
4.693715594332417851e+01 4.613255451091837500e+01
4.693715594332417851e+01 4.078829986061246871e+01
4.693715594332417851e+01 4.572633532362449671e+01
4.693715594332417851e+01 4.400596174396536497e+01
4.693715594332417851e+01 4.294615967600666551e+01
4.693715594332417851e+01 4.945661623745198199e+01
4.693715594332417851e+01 4.582791096683509835e+01
4.693715594332417851e+01 5.257227432840474535e+01
4.693715594332417851e+01 4.684693306748852137e+01
4.693715594332417851e+01 4.952039244500972615e+01
4.693715594332417851e+01 5.115386887734208443e+01
4.693715594332417851e+01 4.361341066670726008e+01
4.693715594332417851e+01 4.416300472969172830e+01
4.693715594332417851e+01 4.307797965148509434e+01
4.693715594332417851e+01 4.577497425906933159e+01
4.693715594332417851e+01 4.891919301788276186e+01
4.693715594332417851e+01 5.277767012593956508e+01
4.693715594332417851e+01 4.374867600876073936e+01
4.693715594332417851e+01 4.628912475455027931e+01
4.693715594332417851e+01 4.903369237903469724e+01
4.693715594332417851e+01 4.730780813889192160e+01
4.693715594332417851e+01 4.422023077710611005e+01
4.693715594332417851e+01 4.876029121835298952e+01
4.693715594332417851e+01 4.389815284602509138e+01
4.693715594332417851e+01 4.843672183096303741e+01
4.693715594332417851e+01 4.420884609694104483e+01
4.693715594332417851e+01 4.706221636752457727e+01
4.693715594332417851e+01 4.912748977992574595e+01
4.693715594332417851e+01 4.636497878938695294e+01
4.693715594332417851e+01 5.257004873728110539e+01
4.693715594332417851e+01 4.574801023772942443e+01
4.693715594332417851e+01 5.128942823825110509e+01
4.693715594332417851e+01 4.544198465077075610e+01
4.693715594332417851e+01 4.792158845754322272e+01
4.693715594332417851e+01 4.770053881096897896e+01
4.693715594332417851e+01 4.841361131692168840e+01
4.693715594332417851e+01 4.124299045609841130e+01
4.693715594332417851e+01 4.790673407529288141e+01
4.693715594332417851e+01 4.492947113988523711e+01
4.693715594332417851e+01 4.763028713419987525e+01
4.693715594332417851e+01 4.184425617926807917e+01
4.693715594332417851e+01 4.842403546562670158e+01
4.693715594332417851e+01 4.606566614226272804e+01
4.693715594332417851e+01 4.285902276914110587e+01
4.693715594332417851e+01 4.670574785905204607e+01
4.693715594332417851e+01 5.307054607204506169e+01
4.693715594332417851e+01 4.494100299652602359e+01
4.693715594332417851e+01 4.820187707043631065e+01
4.693715594332417851e+01 5.098816194402576230e+01
4.693715594332417851e+01 4.666256765920178395e+01
4.693715594332417851e+01 4.369909194734490399e+01
4.693715594332417851e+01 4.765778678290811854e+01
4.693715594332417851e+01 4.199030919592755140e+01
4.693715594332417851e+01 4.734523985721434514e+01
4.693715594332417851e+01 5.174566738836398372e+01
4.693715594332417851e+01 4.305612281988226187e+01
4.693715594332417851e+01 4.402673184480751445e+01
4.693715594332417851e+01 4.605595120004800691e+01
4.693715594332417851e+01 4.533588931992371585e+01
4.693715594332417851e+01 5.015209437063032283e+01
4.693715594332417851e+01 4.722770340980118675e+01
4.693715594332417851e+01 4.330288313448707527e+01
4.693715594332417851e+01 4.801928685618150894e+01
4.693715594332417851e+01 5.163838500333857695e+01
4.693715594332417851e+01 4.457841365562635616e+01
4.693715594332417851e+01 5.176898700948572696e+01
4.693715594332417851e+01 4.694616817026012967e+01
4.693715594332417851e+01 4.508689384724362981e+01
4.693715594332417851e+01 4.351842425586130503e+01
4.693715594332417851e+01 4.577484111344691087e+01
4.693715594332417851e+01 4.969805547384640931e+01
4.693715594332417851e+01 4.372555565971271818e+01
4.693715594332417851e+01 5.034925410291894821e+01
4.693715594332417851e+01 4.163720232289735890e+01
4.693715594332417851e+01 4.440917427294724007e+01
4.693715594332417851e+01 5.560765100406327122e+01
4.693715594332417851e+01 5.018813850657438280e+01
4.693715594332417851e+01 4.755539479669779013e+01
4.693715594332417851e+01 4.887199928269868110e+01
4.693715594332417851e+01 4.016630808853913948e+01
4.693715594332417851e+01 4.533304041431895826e+01
4.693715594332417851e+01 4.624432691507081472e+01
4.693715594332417851e+01 4.731595171561118462e+01
4.693715594332417851e+01 4.895056533141087840e+01
4.693715594332417851e+01 4.845779134871355609e+01
4.693715594332417851e+01 4.029366720710152805e+01
4.693715594332417851e+01 4.238170067596939816e+01
4.693715594332417851e+01 4.357644943738673504e+01
4.693715594332417851e+01 4.580565598688976081e+01
4.693715594332417851e+01 5.121156144079043315e+01
4.693715594332417851e+01 4.699424291075527549e+01
4.693715594332417851e+01 4.620946404310548417e+01
4.693715594332417851e+01 4.188341381082793191e+01
4.693715594332417851e+01 4.602309942549438659e+01
4.693715594332417851e+01 4.603219671984058436e+01
4.693715594332417851e+01 4.643597827278731671e+01
4.693715594332417851e+01 4.453056853188699193e+01
4.693715594332417851e+01 4.500749399874507617e+01
4.693715594332417851e+01 4.847179336340420974e+01
4.693715594332417851e+01 4.804505464131252523e+01
4.693715594332417851e+01 4.706673996879570154e+01
4.693715594332417851e+01 4.905643159954673393e+01
4.693715594332417851e+01 4.488784279093494689e+01
4.693715594332417851e+01 4.097518920307296497e+01
4.693715594332417851e+01 4.217439149251070774e+01
4.693715594332417851e+01 4.758301289817288193e+01
4.693715594332417851e+01 4.859189515473528331e+01
4.693715594332417851e+01 4.413775564510806504e+01
4.693715594332417851e+01 4.546118895352027067e+01
4.693715594332417851e+01 5.192683885918796705e+01
4.693715594332417851e+01 4.512788373671764219e+01
4.693715594332417851e+01 4.889660704363531352e+01
4.693715594332417851e+01 4.747737921612547041e+01
4.693715594332417851e+01 4.411959105915767054e+01
4.693715594332417851e+01 4.967284533747537267e+01
4.693715594332417851e+01 4.613738689698868711e+01
4.693715594332417851e+01 5.155077050446822540e+01
4.693715594332417851e+01 4.257776384342827214e+01
4.693715594332417851e+01 4.298998020252060570e+01
4.693715594332417851e+01 4.571183070550789296e+01
4.693715594332417851e+01 4.686166121420419017e+01
4.693715594332417851e+01 4.227984009959590850e+01
4.693715594332417851e+01 4.714043562398270382e+01
4.693715594332417851e+01 4.975880245626424170e+01
4.693715594332417851e+01 4.164651051107249913e+01
4.693715594332417851e+01 4.675595105986046462e+01
4.693715594332417851e+01 4.443418135544738590e+01
4.693715594332417851e+01 4.438697418854741983e+01
4.693715594332417851e+01 4.069794786395740260e+01
4.693715594332417851e+01 5.556643681754662367e+01
4.693715594332417851e+01 4.417775765892992013e+01
4.693715594332417851e+01 4.891987033181865030e+01
4.693715594332417851e+01 4.532498933175244105e+01
4.693715594332417851e+01 4.831307939074046232e+01
4.693715594332417851e+01 4.656622519321314257e+01
4.693715594332417851e+01 4.860323601683951011e+01
4.693715594332417851e+01 4.499613898902023834e+01
4.693715594332417851e+01 5.193566371507869661e+01
4.693715594332417851e+01 5.154766408820999146e+01
4.693715594332417851e+01 4.647437621829273269e+01
4.693715594332417851e+01 4.854621682615692180e+01
4.693715594332417851e+01 4.963349084533492572e+01
4.693715594332417851e+01 4.667186974134583721e+01
4.693715594332417851e+01 4.431299119421481691e+01
4.693715594332417851e+01 5.257964513782945914e+01
4.693715594332417851e+01 4.821920851071418213e+01
4.693715594332417851e+01 5.044509825448754015e+01
4.693715594332417851e+01 4.913897327791617187e+01
4.693715594332417851e+01 4.073960175430637776e+01
4.693715594332417851e+01 4.788846889505094140e+01
4.693715594332417851e+01 4.500513179522898355e+01
4.693715594332417851e+01 5.320721692380141832e+01
4.693715594332417851e+01 4.189375465088845374e+01
4.693715594332417851e+01 4.792663058219805094e+01
4.693715594332417851e+01 4.785605814874882924e+01
4.693715594332417851e+01 4.316234844096579337e+01
4.693715594332417851e+01 4.932065943453496004e+01
4.693715594332417851e+01 4.470479490053651261e+01
4.693715594332417851e+01 4.891629238231805488e+01
4.693715594332417851e+01 4.750296786735222554e+01
4.693715594332417851e+01 4.951122568039162530e+01
4.693715594332417851e+01 4.843974058605000721e+01
4.693715594332417851e+01 4.459851209426420837e+01
4.693715594332417851e+01 4.990859485706386067e+01
4.693715594332417851e+01 4.392221270944511247e+01
4.693715594332417851e+01 3.987735968091930516e+01
4.693715594332417851e+01 4.078542588225927545e+01
4.693715594332417851e+01 4.771102195587083372e+01
4.693715594332417851e+01 4.531590641779774842e+01
4.693715594332417851e+01 4.631599066852538016e+01
4.693715594332417851e+01 4.309213925816752777e+01
4.693715594332417851e+01 4.287553497298081595e+01
4.693715594332417851e+01 4.946893579532883223e+01
4.693715594332417851e+01 4.318214152803986394e+01
4.693715594332417851e+01 4.569796455527626478e+01
4.693715594332417851e+01 4.800113952349181545e+01
4.693715594332417851e+01 4.635145569455082892e+01
4.693715594332417851e+01 4.490978927474958482e+01
4.693715594332417851e+01 4.466855633332517073e+01
4.693715594332417851e+01 4.570907399813736305e+01
4.693715594332417851e+01 5.082425032380904639e+01
4.693715594332417851e+01 4.270717567049258179e+01
4.693715594332417851e+01 5.094867994204570749e+01
4.693715594332417851e+01 4.951187047724357626e+01
4.693715594332417851e+01 4.383357135279820938e+01
4.693715594332417851e+01 4.578915027228419632e+01
4.693715594332417851e+01 4.760570134135585363e+01
4.693715594332417851e+01 4.193838679523177859e+01
4.693715594332417851e+01 4.997878572702726530e+01
4.693715594332417851e+01 4.566876108547381818e+01
4.693715594332417851e+01 3.861636157692574045e+01
4.693715594332417851e+01 4.879100643918363289e+01
4.693715594332417851e+01 4.620047109842022337e+01
4.693715594332417851e+01 4.894726169841469243e+01
4.693715594332417851e+01 4.452899343221759665e+01
4.693715594332417851e+01 4.430807604697587010e+01
4.693715594332417851e+01 4.802051254312385709e+01
4.693715594332417851e+01 4.862731844748532950e+01
4.693715594332417851e+01 4.450454298907172301e+01
4.693715594332417851e+01 3.568565029008050260e+01
4.693715594332417851e+01 4.272495556919676574e+01
4.693715594332417851e+01 4.480462006764010852e+01
4.693715594332417851e+01 4.485069450628662935e+01
4.693715594332417851e+01 4.616471779529587138e+01
4.693715594332417851e+01 4.965708558650771209e+01
4.693715594332417851e+01 4.377430787058917616e+01
4.693715594332417851e+01 5.231094880132935998e+01
4.693715594332417851e+01 4.428678213307410516e+01
4.693715594332417851e+01 5.028202538766291951e+01
4.693715594332417851e+01 4.339608485061862808e+01
4.693715594332417851e+01 5.086403951457956651e+01
4.693715594332417851e+01 4.650728824024516683e+01
4.693715594332417851e+01 4.546334362420542163e+01
4.693715594332417851e+01 5.135628231816057365e+01
4.693715594332417851e+01 4.941655260683684503e+01
4.693715594332417851e+01 4.442066423765987793e+01
4.693715594332417851e+01 4.888925505257459747e+01
4.693715594332417851e+01 4.555703136133973175e+01
4.693715594332417851e+01 4.638970404599721320e+01
4.693715594332417851e+01 4.936699182652594686e+01
4.693715594332417851e+01 4.343147432919608519e+01
4.693715594332417851e+01 5.146902775426941190e+01
4.693715594332417851e+01 5.168625069796538440e+01
4.693715594332417851e+01 4.345869487427603417e+01
4.693715594332417851e+01 4.973461915560464774e+01
4.693715594332417851e+01 4.458797247428727673e+01
4.693715594332417851e+01 4.842938513167397474e+01
4.693715594332417851e+01 4.794908096401021425e+01
4.693715594332417851e+01 4.255650938410338568e+01
4.693715594332417851e+01 4.456348791183945934e+01
4.693715594332417851e+01 4.785471152219666635e+01
4.693715594332417851e+01 4.560467501280859892e+01
4.693715594332417851e+01 4.144708396948840345e+01
4.693715594332417851e+01 4.700499209804630141e+01
4.693715594332417851e+01 4.168156684596465311e+01
4.693715594332417851e+01 5.003031231804707346e+01
4.693715594332417851e+01 4.213669798609459605e+01
4.693715594332417851e+01 4.456185381953365265e+01
4.693715594332417851e+01 5.603095680498682896e+01
4.693715594332417851e+01 4.116430346267189577e+01
4.693715594332417851e+01 4.819532673515372778e+01
4.693715594332417851e+01 4.511814643353117305e+01
4.693715594332417851e+01 4.870182535653065514e+01
4.693715594332417851e+01 4.827424352094873683e+01
4.693715594332417851e+01 4.332958198928969296e+01
4.693715594332417851e+01 4.446182924477196252e+01
4.693715594332417851e+01 4.073971349195274172e+01
4.693715594332417851e+01 4.478259315234927129e+01
4.693715594332417851e+01 4.435941447230273837e+01
4.693715594332417851e+01 4.746033766360603323e+01
4.693715594332417851e+01 5.152727698082377117e+01
4.693715594332417851e+01 4.340967143517745797e+01
4.693715594332417851e+01 4.911214856154953168e+01
4.693715594332417851e+01 5.496393895201210000e+01
4.693715594332417851e+01 4.058525348532088373e+01
4.693715594332417851e+01 4.443183355659695621e+01
4.693715594332417851e+01 4.651492581447821806e+01
4.693715594332417851e+01 4.240075129469175863e+01
4.693715594332417851e+01 4.917472430266133188e+01
4.693715594332417851e+01 4.259107711105182403e+01
4.693715594332417851e+01 4.793677001453323783e+01
4.693715594332417851e+01 4.988869849569054082e+01
4.693715594332417851e+01 5.123867344516741440e+01
4.693715594332417851e+01 4.910584414851550150e+01
4.693715594332417851e+01 4.306567996321639669e+01
4.693715594332417851e+01 4.293760031043591852e+01
4.693715594332417851e+01 4.395547399362077812e+01
4.693715594332417851e+01 4.573951928291626956e+01
4.693715594332417851e+01 4.908872160442738419e+01
4.693715594332417851e+01 4.705483534822953828e+01
4.693715594332417851e+01 4.578211294417792487e+01
4.693715594332417851e+01 4.239327016873760101e+01
4.693715594332417851e+01 4.631972680849183632e+01
4.693715594332417851e+01 4.665245545484488332e+01
4.693715594332417851e+01 4.535811378784647019e+01
4.693715594332417851e+01 4.767559337315785228e+01
4.693715594332417851e+01 4.686647390641776667e+01
4.693715594332417851e+01 5.058047530822507554e+01
4.693715594332417851e+01 4.711403902327399607e+01
4.693715594332417851e+01 4.299307706950904873e+01
4.693715594332417851e+01 4.030070749754992221e+01
4.693715594332417851e+01 4.394469277865299972e+01
4.693715594332417851e+01 5.403070005715272828e+01
4.693715594332417851e+01 4.309924959757623952e+01
4.693715594332417851e+01 4.631871928879086653e+01
4.693715594332417851e+01 4.296782173868533761e+01
4.693715594332417851e+01 4.494957560407918606e+01
4.693715594332417851e+01 4.668255566026687120e+01
4.693715594332417851e+01 4.855802719921778277e+01
4.693715594332417851e+01 4.142409347262647401e+01
4.693715594332417851e+01 4.951673783299708020e+01
4.693715594332417851e+01 4.554145264884444799e+01
4.693715594332417851e+01 4.531531485711325757e+01
4.693715594332417851e+01 4.739862304192806164e+01
4.693715594332417851e+01 4.353586018963083859e+01
4.693715594332417851e+01 4.806055526013815893e+01
4.693715594332417851e+01 4.889638618652035973e+01
4.693715594332417851e+01 4.171940663764640789e+01
4.693715594332417851e+01 4.498503846257227679e+01
4.693715594332417851e+01 4.581750151954788208e+01
4.693715594332417851e+01 4.651865441216891384e+01
4.693715594332417851e+01 4.721317406719919063e+01
4.693715594332417851e+01 4.483145102585130104e+01
4.693715594332417851e+01 4.534466439172074104e+01
4.693715594332417851e+01 4.401663929689443933e+01
4.693715594332417851e+01 4.167799856782308154e+01
4.693715594332417851e+01 5.041333910816241826e+01
4.693715594332417851e+01 4.588202947251572539e+01
4.693715594332417851e+01 4.591558932091231071e+01
4.693715594332417851e+01 4.406358191752810427e+01
4.693715594332417851e+01 4.469328046757689776e+01
4.693715594332417851e+01 4.657179584864938704e+01
4.693715594332417851e+01 4.798656875811467160e+01
4.693715594332417851e+01 4.674296728663373557e+01
4.693715594332417851e+01 4.875616982782781861e+01
4.693715594332417851e+01 5.215967343000527734e+01
4.693715594332417851e+01 4.672010513534460330e+01
4.693715594332417851e+01 4.554910163293785530e+01
4.693715594332417851e+01 5.059928749414209648e+01
4.693715594332417851e+01 4.817546535689804443e+01
4.693715594332417851e+01 4.289735214759269155e+01
4.693715594332417851e+01 4.810701155632134629e+01
4.693715594332417851e+01 3.939551755903477215e+01
4.693715594332417851e+01 4.389496806483194291e+01
4.693715594332417851e+01 4.686709883088612116e+01
4.693715594332417851e+01 5.165762210481133820e+01
4.693715594332417851e+01 4.707090078849730475e+01
4.693715594332417851e+01 5.122618105218625573e+01
4.693715594332417851e+01 5.039062598544411031e+01
4.693715594332417851e+01 5.025753786975326420e+01
4.693715594332417851e+01 4.920598556551730951e+01
4.693715594332417851e+01 4.279376399614196202e+01
4.693715594332417851e+01 4.540328419718289155e+01
4.693715594332417851e+01 4.335789124502638714e+01
4.693715594332417851e+01 5.174345593651602826e+01
4.693715594332417851e+01 4.516619289215105937e+01
4.693715594332417851e+01 4.680375622229635013e+01
4.693715594332417851e+01 4.492252811126389389e+01
4.693715594332417851e+01 4.454880971050254601e+01
4.693715594332417851e+01 4.756148563298390997e+01
4.693715594332417851e+01 4.576590306409848097e+01
4.693715594332417851e+01 4.836669777029436545e+01
4.693715594332417851e+01 4.734945149509059803e+01
4.693715594332417851e+01 4.847793201707133903e+01
4.693715594332417851e+01 4.289363903305861925e+01
4.693715594332417851e+01 4.661288835695160060e+01
4.693715594332417851e+01 4.789606915520977282e+01
4.693715594332417851e+01 5.226424416308191212e+01
4.693715594332417851e+01 4.518733575922460943e+01
4.693715594332417851e+01 4.714018735554006412e+01
4.693715594332417851e+01 5.252952977714029714e+01
4.693715594332417851e+01 4.463473255566573528e+01
4.693715594332417851e+01 4.516864002961325752e+01
4.693715594332417851e+01 4.801006174575231000e+01
4.693715594332417851e+01 4.056527797988054118e+01
4.693715594332417851e+01 5.019491567112500263e+01
4.693715594332417851e+01 4.451403313266285977e+01
4.693715594332417851e+01 4.845973794889261654e+01
4.693715594332417851e+01 5.107024187251472114e+01
4.693715594332417851e+01 4.692546376673488595e+01
4.693715594332417851e+01 4.675697363132540119e+01
4.693715594332417851e+01 4.816217438022125208e+01
4.693715594332417851e+01 5.281691260667050614e+01
4.693715594332417851e+01 4.703274240992740829e+01
4.693715594332417851e+01 4.592419781927615219e+01
4.693715594332417851e+01 5.132287725643730880e+01
4.693715594332417851e+01 5.041160033073337132e+01
4.693715594332417851e+01 4.124222349326350923e+01
4.693715594332417851e+01 4.871975691768903260e+01
4.693715594332417851e+01 4.398129028553265840e+01
4.693715594332417851e+01 4.259906022443459506e+01
4.693715594332417851e+01 4.443671290990283040e+01
4.693715594332417851e+01 4.719803090380099775e+01
4.693715594332417851e+01 4.251656264293153242e+01
4.693715594332417851e+01 4.545122736208320902e+01
4.693715594332417851e+01 4.328960555121138754e+01
4.693715594332417851e+01 5.164721105719899441e+01
4.693715594332417851e+01 4.817973084235425318e+01
4.693715594332417851e+01 4.466277107458756745e+01
4.693715594332417851e+01 5.140130838761399446e+01
4.693715594332417851e+01 4.480312770915886489e+01
4.693715594332417851e+01 4.357474798224875201e+01
4.693715594332417851e+01 5.424484457345495514e+01
4.693715594332417851e+01 3.994610494104635734e+01
4.693715594332417851e+01 4.403031961574767905e+01
4.693715594332417851e+01 4.731293932668771163e+01
4.693715594332417851e+01 4.594584055498427233e+01
4.693715594332417851e+01 4.348579009509893467e+01
4.693715594332417851e+01 4.786647371658761330e+01
4.693715594332417851e+01 4.649927835447226698e+01
4.693715594332417851e+01 4.499634579789113076e+01
4.693715594332417851e+01 4.696693357154588000e+01
4.693715594332417851e+01 5.190923211522229508e+01
4.693715594332417851e+01 4.614709337339901651e+01
4.693715594332417851e+01 4.174777615909779627e+01
4.693715594332417851e+01 4.415955766189374287e+01
4.693715594332417851e+01 4.207853017166455345e+01
4.693715594332417851e+01 4.764746067314349176e+01
4.693715594332417851e+01 4.495973204332975115e+01
4.693715594332417851e+01 4.981096180779935878e+01
4.693715594332417851e+01 4.502725822416901735e+01
4.693715594332417851e+01 4.005701826157577017e+01
4.693715594332417851e+01 4.414376075422446633e+01
4.693715594332417851e+01 4.399294642800669664e+01
4.693715594332417851e+01 4.441725137542897528e+01
4.693715594332417851e+01 4.924720153536967615e+01
4.693715594332417851e+01 4.517655694997066718e+01
4.693715594332417851e+01 4.971566141174941578e+01
4.693715594332417851e+01 4.008028358057053708e+01
4.693715594332417851e+01 4.791493728293135490e+01
4.693715594332417851e+01 4.550195124000056524e+01
4.693715594332417851e+01 4.840648461477336895e+01
4.693715594332417851e+01 4.442096510393116660e+01
4.693715594332417851e+01 4.723523049949432817e+01
4.693715594332417851e+01 4.795743403468724608e+01
4.693715594332417851e+01 4.863691505353183686e+01
4.693715594332417851e+01 4.205677213259061631e+01
4.693715594332417851e+01 4.827419590568555208e+01
4.693715594332417851e+01 4.585741952985532777e+01
4.693715594332417851e+01 4.290607316207864130e+01
4.693715594332417851e+01 4.876533403962542934e+01
4.693715594332417851e+01 4.617982805709679894e+01
4.693715594332417851e+01 4.298389796923662942e+01
4.693715594332417851e+01 4.376564491050010020e+01
4.693715594332417851e+01 5.261968306636600801e+01
4.693715594332417851e+01 4.280166787978475895e+01
4.693715594332417851e+01 4.479819932706242014e+01
4.693715594332417851e+01 4.996636923033897659e+01
4.693715594332417851e+01 4.766343821334050546e+01
4.693715594332417851e+01 5.025138828486817744e+01
4.693715594332417851e+01 4.291134438433832088e+01
4.693715594332417851e+01 4.904592733007508087e+01
4.693715594332417851e+01 5.435663160712005038e+01
4.693715594332417851e+01 4.743051426306278984e+01
4.693715594332417851e+01 4.699292976759708296e+01
4.693715594332417851e+01 4.934676267633282976e+01
4.693715594332417851e+01 4.479030011777749820e+01
4.693715594332417851e+01 4.922607780572911196e+01
4.693715594332417851e+01 5.224020015958004137e+01
4.693715594332417851e+01 4.894171006569481364e+01
4.693715594332417851e+01 4.393598623671023518e+01
4.693715594332417851e+01 4.665745306411753290e+01
4.693715594332417851e+01 4.971360429340138865e+01
4.693715594332417851e+01 4.868687655814930082e+01
4.693715594332417851e+01 4.939904176426204430e+01
4.693715594332417851e+01 4.905925769044477391e+01
4.693715594332417851e+01 4.178024652334386246e+01
4.693715594332417851e+01 4.877871897524953226e+01
4.693715594332417851e+01 4.699783468906667139e+01
4.693715594332417851e+01 4.559795532851757116e+01
4.693715594332417851e+01 5.165841734250903983e+01
4.693715594332417851e+01 4.467224485261994005e+01
4.693715594332417851e+01 4.564379303015694234e+01
4.693715594332417851e+01 4.977100768935233788e+01
4.693715594332417851e+01 4.305220294145873794e+01
4.693715594332417851e+01 4.531151097152559259e+01
4.693715594332417851e+01 4.204449044991506668e+01
4.693715594332417851e+01 4.853471645610857621e+01
4.693715594332417851e+01 4.953340866282965749e+01
4.693715594332417851e+01 4.705762693180953704e+01
4.693715594332417851e+01 4.720978163196787136e+01
4.693715594332417851e+01 5.000786420680233846e+01
4.693715594332417851e+01 4.395549924996127800e+01
4.693715594332417851e+01 4.621038792856030852e+01
4.693715594332417851e+01 4.580833177932710498e+01
4.693715594332417851e+01 4.630110367636497415e+01
4.693715594332417851e+01 4.433088264371166787e+01
4.693715594332417851e+01 4.458459088526137037e+01
4.693715594332417851e+01 4.424329512010567100e+01
4.693715594332417851e+01 5.144790235733270833e+01
4.693715594332417851e+01 4.608684553301083042e+01
4.693715594332417851e+01 4.450331496058417713e+01
4.693715594332417851e+01 4.656227698615014532e+01
4.693715594332417851e+01 4.464163763552792830e+01
4.693715594332417851e+01 4.352283942156451246e+01
4.693715594332417851e+01 4.648400287280828991e+01
4.693715594332417851e+01 4.466887390978559580e+01
4.693715594332417851e+01 4.428942109550740724e+01
4.693715594332417851e+01 4.726137173962603555e+01
4.693715594332417851e+01 4.908253646463071362e+01
4.693715594332417851e+01 4.925206220784462374e+01
4.693715594332417851e+01 5.484818259115347416e+01
4.693715594332417851e+01 4.439701267425751752e+01
4.693715594332417851e+01 4.548541778575678052e+01
4.693715594332417851e+01 5.116957191308168262e+01
4.693715594332417851e+01 4.447722508725135526e+01
4.693715594332417851e+01 4.606430931101208870e+01
4.693715594332417851e+01 5.430644221397840710e+01
4.693715594332417851e+01 4.726525884079940454e+01
4.693715594332417851e+01 4.799654303496537722e+01
4.693715594332417851e+01 4.857295556813341619e+01
4.693715594332417851e+01 4.446607987389432282e+01
4.693715594332417851e+01 5.112227128515090158e+01
4.693715594332417851e+01 5.282613004036527116e+01
4.693715594332417851e+01 4.808601186027740937e+01
4.693715594332417851e+01 4.215646127741465676e+01
4.693715594332417851e+01 4.165276210642809218e+01
4.693715594332417851e+01 4.727692358176438603e+01
4.693715594332417851e+01 4.500818376339162796e+01
4.693715594332417851e+01 4.263087421122465059e+01
4.693715594332417851e+01 4.805993650080017687e+01
4.693715594332417851e+01 4.304723337813683059e+01
4.693715594332417851e+01 4.525528736901277682e+01
4.693715594332417851e+01 4.594425094157007550e+01
4.693715594332417851e+01 4.401941138176031387e+01
4.693715594332417851e+01 4.418161610864390809e+01
4.693715594332417851e+01 4.373713701709937851e+01
4.693715594332417851e+01 4.718650806176042067e+01
4.693715594332417851e+01 4.642610049468380851e+01
4.693715594332417851e+01 5.241586221498802445e+01
4.693715594332417851e+01 4.529963742310967945e+01
4.693715594332417851e+01 4.465288334394716685e+01
4.693715594332417851e+01 4.526478367188891383e+01
4.693715594332417851e+01 4.528380710903238082e+01
4.693715594332417851e+01 4.413790280802744803e+01
4.693715594332417851e+01 4.318011258540203556e+01
4.693715594332417851e+01 4.395188053951694940e+01
4.693715594332417851e+01 4.626321681261863716e+01
4.693715594332417851e+01 4.652508864381608333e+01
4.693715594332417851e+01 4.782424512779449799e+01
4.693715594332417851e+01 4.649886182425616710e+01
4.693715594332417851e+01 4.223857726831460013e+01
4.693715594332417851e+01 4.284258023948274285e+01
4.693715594332417851e+01 4.480308687473672791e+01
4.693715594332417851e+01 4.228235560876925092e+01
4.693715594332417851e+01 4.513734364334617766e+01
4.693715594332417851e+01 5.263723527115631384e+01
4.693715594332417851e+01 4.137105664779078751e+01
4.693715594332417851e+01 4.599290337574003473e+01
4.693715594332417851e+01 4.915599623698606990e+01
4.693715594332417851e+01 4.159180745870528284e+01
4.693715594332417851e+01 4.511722437095501448e+01
4.693715594332417851e+01 4.873756424846425261e+01
4.693715594332417851e+01 4.668317113314238753e+01
4.693715594332417851e+01 4.211808059382973113e+01
4.693715594332417851e+01 4.221101572041019523e+01
4.693715594332417851e+01 4.416136840212340076e+01
4.693715594332417851e+01 4.833102721034664029e+01
4.693715594332417851e+01 4.750299050701566728e+01
4.693715594332417851e+01 5.451680014248591988e+01
4.693715594332417851e+01 5.052990342291936798e+01
4.693715594332417851e+01 4.586916293777670006e+01
4.693715594332417851e+01 5.002662865182327323e+01
4.693715594332417851e+01 4.287243730358915883e+01
4.693715594332417851e+01 4.304535224281548267e+01
4.693715594332417851e+01 4.609872190223852328e+01
4.693715594332417851e+01 3.907182153987560014e+01
4.693715594332417851e+01 4.964545820738772619e+01
4.693715594332417851e+01 5.207100000069118551e+01
4.693715594332417851e+01 4.343346578439592776e+01
4.693715594332417851e+01 4.748196831183622635e+01
4.693715594332417851e+01 4.165109498326147985e+01
4.693715594332417851e+01 4.431920609035005754e+01
4.693715594332417851e+01 4.430898487843670353e+01
4.693715594332417851e+01 4.250514513613070733e+01
4.693715594332417851e+01 4.813544017807250697e+01
4.693715594332417851e+01 4.723510415255460515e+01
4.693715594332417851e+01 4.808259783394969844e+01
4.693715594332417851e+01 4.977759112017542265e+01
4.693715594332417851e+01 4.518605469762110971e+01
4.693715594332417851e+01 4.506205575547740239e+01
4.693715594332417851e+01 4.259170036653868863e+01
4.693715594332417851e+01 4.060037404965736130e+01
4.693715594332417851e+01 4.201367338987571998e+01
4.693715594332417851e+01 4.991084923493836811e+01
4.693715594332417851e+01 4.529889974749323045e+01
4.693715594332417851e+01 4.364606363498921837e+01
4.693715594332417851e+01 4.968065114783809122e+01
4.693715594332417851e+01 4.967196251157702847e+01
4.693715594332417851e+01 4.924191341281606782e+01
4.693715594332417851e+01 4.628400500104520177e+01
4.693715594332417851e+01 4.506581847080011727e+01
4.693715594332417851e+01 4.404543138536524793e+01
4.693715594332417851e+01 4.838797287285902371e+01
4.693715594332417851e+01 4.672856401035031837e+01
4.693715594332417851e+01 5.460543229726859238e+01
4.693715594332417851e+01 5.019599504313997329e+01
4.693715594332417851e+01 4.217550245839915135e+01
4.693715594332417851e+01 4.609249303418989996e+01
4.693715594332417851e+01 4.679178580416336075e+01
4.693715594332417851e+01 5.269258244334272234e+01
4.693715594332417851e+01 4.022078159712608425e+01
4.693715594332417851e+01 4.135943079170850467e+01
4.693715594332417851e+01 4.401929949516006957e+01
4.693715594332417851e+01 4.622267178772816010e+01
4.693715594332417851e+01 4.608541070619256885e+01
4.693715594332417851e+01 4.523629750959491247e+01
4.693715594332417851e+01 4.603983081226179763e+01
4.693715594332417851e+01 4.903053194831264250e+01
4.693715594332417851e+01 3.813813783573871774e+01
4.693715594332417851e+01 4.828373539001657377e+01
4.693715594332417851e+01 3.918164839887265316e+01
4.693715594332417851e+01 4.856868731612004808e+01
4.693715594332417851e+01 4.493086203009471546e+01
4.693715594332417851e+01 4.596267483368585260e+01
4.693715594332417851e+01 4.756975257295741244e+01
4.693715594332417851e+01 4.395172269920498564e+01
4.693715594332417851e+01 4.771852962401997189e+01
4.693715594332417851e+01 4.783473067651075894e+01
4.693715594332417851e+01 4.877015094392793060e+01
4.693715594332417851e+01 5.004830947822807019e+01
4.693715594332417851e+01 4.812261594171309298e+01
4.693715594332417851e+01 4.333179562506402505e+01
4.693715594332417851e+01 4.494237156824605961e+01
4.693715594332417851e+01 4.653837068744887517e+01
4.693715594332417851e+01 4.100696665631399895e+01
4.693715594332417851e+01 4.677413294336221838e+01
4.693715594332417851e+01 4.641912927257493493e+01
4.693715594332417851e+01 5.324365593745044833e+01
4.693715594332417851e+01 4.558992403714754715e+01
4.693715594332417851e+01 4.617701206866375685e+01
4.693715594332417851e+01 4.537862813153745378e+01
4.693715594332417851e+01 4.131576877256732416e+01
4.693715594332417851e+01 3.975117492493430404e+01
4.693715594332417851e+01 4.544458183600155365e+01
4.693715594332417851e+01 4.581677784692611510e+01
4.693715594332417851e+01 4.412229179821591174e+01
4.693715594332417851e+01 4.194232844281594197e+01
4.693715594332417851e+01 4.043671551461325464e+01
4.693715594332417851e+01 4.481251668699741231e+01
4.693715594332417851e+01 4.507508917308791041e+01
4.693715594332417851e+01 4.551400594692665891e+01
4.693715594332417851e+01 4.270851250300914614e+01
4.693715594332417851e+01 4.805302515940482522e+01
4.693715594332417851e+01 3.491837168094817656e+01
4.693715594332417851e+01 4.491509208820211541e+01
4.693715594332417851e+01 5.056655448202075576e+01
4.693715594332417851e+01 4.803820808826115751e+01
4.693715594332417851e+01 4.552249343839488205e+01
4.693715594332417851e+01 4.322573550275787824e+01
4.693715594332417851e+01 4.947971521207541201e+01
4.693715594332417851e+01 4.517456915149248431e+01
4.693715594332417851e+01 5.005627671098442733e+01
4.693715594332417851e+01 5.044350335251898798e+01
4.693715594332417851e+01 5.280730948960162152e+01
4.693715594332417851e+01 4.580963536504109612e+01
4.693715594332417851e+01 5.176055883078137754e+01
4.693715594332417851e+01 4.473300784376598926e+01
4.693715594332417851e+01 4.232689837755220452e+01
4.693715594332417851e+01 5.018494995349107057e+01
4.693715594332417851e+01 4.342785933824806932e+01
4.693715594332417851e+01 5.042300621627809676e+01
4.693715594332417851e+01 4.610398603146231977e+01
4.693715594332417851e+01 4.264638471569458744e+01
4.693715594332417851e+01 4.965374921935138985e+01
4.693715594332417851e+01 4.532650896404112473e+01
4.693715594332417851e+01 5.102476997311024576e+01
4.693715594332417851e+01 5.031685727917655271e+01
4.693715594332417851e+01 3.923651818698649407e+01
4.693715594332417851e+01 4.251719203996327678e+01
4.693715594332417851e+01 4.996606207435758762e+01
4.693715594332417851e+01 4.993542838552838248e+01
4.693715594332417851e+01 4.879557815899366346e+01
4.693715594332417851e+01 4.767209436280946733e+01
4.693715594332417851e+01 4.739343247905465972e+01
4.693715594332417851e+01 4.525903236671746299e+01
4.693715594332417851e+01 4.785530055228998236e+01
4.693715594332417851e+01 5.203166786828052182e+01
4.693715594332417851e+01 4.401764211561652473e+01
4.693715594332417851e+01 4.751280430313769898e+01
4.693715594332417851e+01 4.802314994284214578e+01
4.693715594332417851e+01 5.212804397715094495e+01
4.693715594332417851e+01 4.952236904342933599e+01
4.693715594332417851e+01 4.910500677071271980e+01
4.693715594332417851e+01 4.575362192204535461e+01
4.693715594332417851e+01 4.994701593228589331e+01
4.693715594332417851e+01 4.965980790012012136e+01
4.693715594332417851e+01 4.501245260673640303e+01
4.693715594332417851e+01 4.232901879456424865e+01
4.693715594332417851e+01 4.764035287199922664e+01
4.693715594332417851e+01 3.944762606810680694e+01
4.693715594332417851e+01 4.783750566023684314e+01
4.693715594332417851e+01 4.509643424842763437e+01
4.693715594332417851e+01 4.919873117197136736e+01
4.693715594332417851e+01 3.969311560188747023e+01
4.693715594332417851e+01 5.061254580289858040e+01
4.693715594332417851e+01 4.929288248660122207e+01
4.693715594332417851e+01 4.618296893316892948e+01
4.693715594332417851e+01 5.301514815126110847e+01
4.693715594332417851e+01 4.561709376422346196e+01
4.693715594332417851e+01 4.796061754487767104e+01
4.693715594332417851e+01 4.884589955341206036e+01
4.693715594332417851e+01 4.464259990914928267e+01
4.693715594332417851e+01 4.965416100319374237e+01
4.693715594332417851e+01 4.757058954181496802e+01
4.693715594332417851e+01 4.673428989772169473e+01
4.693715594332417851e+01 4.840572314851211644e+01
4.693715594332417851e+01 4.666523518684070382e+01
4.693715594332417851e+01 5.137287048160794711e+01
4.693715594332417851e+01 4.133968784832971721e+01
4.693715594332417851e+01 4.694165992844980906e+01
4.693715594332417851e+01 4.200935609744833243e+01
4.693715594332417851e+01 4.157810851080839853e+01
4.693715594332417851e+01 4.439829325019049833e+01
4.693715594332417851e+01 4.603108766562888832e+01
4.693715594332417851e+01 4.115657260137277973e+01
4.693715594332417851e+01 4.865282115735914914e+01
4.693715594332417851e+01 4.597386033473136280e+01
4.693715594332417851e+01 4.484081691377600976e+01
4.693715594332417851e+01 4.675214514213998740e+01
4.693715594332417851e+01 5.029854489957993025e+01
4.693715594332417851e+01 4.709545471211446710e+01
4.693715594332417851e+01 4.921277971660123285e+01
4.693715594332417851e+01 4.830629857810441763e+01
4.693715594332417851e+01 4.311990994419445400e+01
4.693715594332417851e+01 5.075007433031644410e+01
4.693715594332417851e+01 4.890042618921027184e+01
4.693715594332417851e+01 4.471551827986053240e+01
4.693715594332417851e+01 5.127929343240180060e+01
4.693715594332417851e+01 4.473801489681765275e+01
4.693715594332417851e+01 4.405534628425829169e+01
4.693715594332417851e+01 4.488776725988388705e+01
4.693715594332417851e+01 5.127564592564557699e+01
4.693715594332417851e+01 4.508778724339418886e+01
4.693715594332417851e+01 3.876463837453835737e+01
4.693715594332417851e+01 5.128209285723727362e+01
4.693715594332417851e+01 4.861187767335571408e+01
4.693715594332417851e+01 4.298976273559058114e+01
4.693715594332417851e+01 4.638864368703814023e+01
4.693715594332417851e+01 4.111983093686440327e+01
4.693715594332417851e+01 4.434305305226406801e+01
4.693715594332417851e+01 4.716591080425826021e+01
4.693715594332417851e+01 4.677508053322111437e+01
4.693715594332417851e+01 4.289914788779196897e+01
4.693715594332417851e+01 4.852557839180382615e+01
4.693715594332417851e+01 4.814013961456569035e+01
4.693715594332417851e+01 4.099012385834497252e+01
4.693715594332417851e+01 4.973039040202667138e+01
4.693715594332417851e+01 4.727125004440726741e+01
4.693715594332417851e+01 4.721169799655150001e+01
4.693715594332417851e+01 4.458869542258433682e+01
4.693715594332417851e+01 4.075157957979520518e+01
4.693715594332417851e+01 4.605449586470516721e+01
4.693715594332417851e+01 4.943345802521253773e+01
4.693715594332417851e+01 4.719712598652458269e+01
4.693715594332417851e+01 4.588781727113492082e+01
4.693715594332417851e+01 4.769821837067796366e+01
4.693715594332417851e+01 4.209673318606949266e+01
4.693715594332417851e+01 4.942768969845096194e+01
4.693715594332417851e+01 4.563894953611127647e+01
4.693715594332417851e+01 4.362415621217571982e+01
4.693715594332417851e+01 4.387565656675767656e+01
4.693715594332417851e+01 5.084209018746834374e+01
4.693715594332417851e+01 4.594653009951564826e+01
4.693715594332417851e+01 3.891988766204573125e+01
4.693715594332417851e+01 4.783718227474733453e+01
4.693715594332417851e+01 5.161949610739269190e+01
4.693715594332417851e+01 4.423459832501841760e+01
4.693715594332417851e+01 4.441878826927747070e+01
4.693715594332417851e+01 4.294125709269081881e+01
4.693715594332417851e+01 4.475807559748297848e+01
4.693715594332417851e+01 4.597424573137351445e+01
4.693715594332417851e+01 4.208046282581576492e+01
4.693715594332417851e+01 5.310906602454739556e+01
4.693715594332417851e+01 4.603477770949496062e+01
4.693715594332417851e+01 4.813199520263724196e+01
4.693715594332417851e+01 4.467015601168331784e+01
4.693715594332417851e+01 5.323199842784264035e+01
4.693715594332417851e+01 5.089066405384534164e+01
4.693715594332417851e+01 4.983453681296936111e+01
4.693715594332417851e+01 5.125360505182722193e+01
4.693715594332417851e+01 3.853674908256225962e+01
4.693715594332417851e+01 4.755741362203313827e+01
4.693715594332417851e+01 4.927540505452297026e+01
4.693715594332417851e+01 4.013884654957337972e+01
4.693715594332417851e+01 4.332800643964827003e+01
4.693715594332417851e+01 4.694595172496138247e+01
4.693715594332417851e+01 4.603977801686477278e+01
4.693715594332417851e+01 4.680157983460107829e+01
4.693715594332417851e+01 5.200716367526638351e+01
4.693715594332417851e+01 4.550251854740723445e+01
4.693715594332417851e+01 5.057812846122629225e+01
4.693715594332417851e+01 4.825946152531861344e+01
4.693715594332417851e+01 4.204394189488078837e+01
4.693715594332417851e+01 4.678052471270530788e+01
4.693715594332417851e+01 4.121737712580720370e+01
4.693715594332417851e+01 4.329770766101321300e+01
4.693715594332417851e+01 4.420185843849281326e+01
4.693715594332417851e+01 4.850169832145436999e+01
4.693715594332417851e+01 4.723285093106034793e+01
4.693715594332417851e+01 4.910495401860934095e+01
4.693715594332417851e+01 4.663279171564060022e+01
4.693715594332417851e+01 4.943742760044357709e+01
4.693715594332417851e+01 4.272950212903307943e+01
4.693715594332417851e+01 4.572809362155197732e+01
4.693715594332417851e+01 4.226313415339511437e+01
4.693715594332417851e+01 4.229881494726367208e+01
4.693715594332417851e+01 5.072924143704565125e+01
4.693715594332417851e+01 4.413602178672786636e+01
4.693715594332417851e+01 4.862579725467278280e+01
4.693715594332417851e+01 5.146093470444947116e+01
4.693715594332417851e+01 4.862688218230299242e+01
4.693715594332417851e+01 5.010595748362889168e+01
4.693715594332417851e+01 5.122666680441621878e+01
4.693715594332417851e+01 5.127647684282234763e+01
4.693715594332417851e+01 4.738068675413648378e+01
4.693715594332417851e+01 4.510243543833430380e+01
4.693715594332417851e+01 4.712112069440455286e+01
4.693715594332417851e+01 4.522705212341203662e+01
4.693715594332417851e+01 4.801574781396934100e+01
4.693715594332417851e+01 4.107724649932119831e+01
4.693715594332417851e+01 4.522434581978588142e+01
4.693715594332417851e+01 4.811214147092501037e+01
4.693715594332417851e+01 4.442763052018658243e+01
4.693715594332417851e+01 4.528807170135832649e+01
4.693715594332417851e+01 4.402181674440859638e+01
4.693715594332417851e+01 5.067680817580718156e+01
4.693715594332417851e+01 4.399384743852440494e+01
4.693715594332417851e+01 4.473612900400041070e+01
4.693715594332417851e+01 4.827211564895119977e+01
4.693715594332417851e+01 4.389327081032703859e+01
4.693715594332417851e+01 4.685611124392865889e+01
4.693715594332417851e+01 4.627667231915227575e+01
4.693715594332417851e+01 4.708310593245312958e+01
4.693715594332417851e+01 4.753114259041735323e+01
4.693715594332417851e+01 4.845768995437872917e+01
4.693715594332417851e+01 4.930747023104685667e+01
4.693715594332417851e+01 4.931137916747811545e+01
4.693715594332417851e+01 4.613203129295559535e+01
4.693715594332417851e+01 4.736881380584144807e+01
4.693715594332417851e+01 4.935203682691219029e+01
4.693715594332417851e+01 4.415165355894843202e+01
4.693715594332417851e+01 4.078918344160965148e+01
4.693715594332417851e+01 5.180358744941865012e+01
4.693715594332417851e+01 4.407810795166753337e+01
4.693715594332417851e+01 4.373428398573107501e+01
4.693715594332417851e+01 3.876456368369136385e+01
4.693715594332417851e+01 4.317333660064092982e+01
4.693715594332417851e+01 4.743405691356465326e+01
4.693715594332417851e+01 4.436396840343735448e+01
4.693715594332417851e+01 4.591261731007579527e+01
4.693715594332417851e+01 4.616646448568995709e+01
4.693715594332417851e+01 4.615035114371596592e+01
4.693715594332417851e+01 4.768501331445213509e+01
4.693715594332417851e+01 4.520480689894892379e+01
4.693715594332417851e+01 4.460537897537570728e+01
4.693715594332417851e+01 4.265799224341311202e+01
4.693715594332417851e+01 4.812490610547087044e+01
4.693715594332417851e+01 4.052177676670970641e+01
4.693715594332417851e+01 4.161030300469116838e+01
4.693715594332417851e+01 4.944624910763438663e+01
4.693715594332417851e+01 4.197960280479617268e+01
4.693715594332417851e+01 4.280522250347910074e+01
4.693715594332417851e+01 4.668428961700519153e+01
4.693715594332417851e+01 4.711713635828512281e+01
4.693715594332417851e+01 4.250152764567297226e+01
4.693715594332417851e+01 4.642720619702367202e+01
4.693715594332417851e+01 4.293568640091888255e+01
4.693715594332417851e+01 4.716176333219549122e+01
4.693715594332417851e+01 4.894697976320986754e+01
4.693715594332417851e+01 4.820617876646902289e+01
4.693715594332417851e+01 4.501300690147751027e+01
4.693715594332417851e+01 4.468355244080066058e+01
