4.693715594332417851e+01 4.872489767252109516e+01
4.693715594332417851e+01 4.624254550062820357e+01
4.693715594332417851e+01 4.190890028191707017e+01
4.693715594332417851e+01 4.633165475268346256e+01
4.693715594332417851e+01 4.249832839296694686e+01
4.693715594332417851e+01 4.271425497723084419e+01
4.693715594332417851e+01 4.335167977034441833e+01
4.693715594332417851e+01 4.829719199185620937e+01
4.693715594332417851e+01 4.342778187214868524e+01
4.693715594332417851e+01 4.663984414618467156e+01
4.693715594332417851e+01 4.802394323905689077e+01
4.693715594332417851e+01 4.845829245378844519e+01
4.693715594332417851e+01 4.609300875939828757e+01
4.693715594332417851e+01 4.042235453235030462e+01
4.693715594332417851e+01 4.598779026125486524e+01
4.693715594332417851e+01 5.263501124717434720e+01
4.693715594332417851e+01 5.052822195827317131e+01
4.693715594332417851e+01 4.149789068867806918e+01
4.693715594332417851e+01 5.040150153711571335e+01
4.693715594332417851e+01 4.525917811240250188e+01
4.693715594332417851e+01 4.208731756060490881e+01
4.693715594332417851e+01 5.111434298678415900e+01
4.693715594332417851e+01 4.397564834098111675e+01
4.693715594332417851e+01 4.654574885561063979e+01
4.693715594332417851e+01 4.316398547894956295e+01
4.693715594332417851e+01 4.860744968217443329e+01
4.693715594332417851e+01 5.270066707907650283e+01
4.693715594332417851e+01 4.873275873043775164e+01
4.693715594332417851e+01 4.143284689054181058e+01
4.693715594332417851e+01 4.055117475402693117e+01
4.693715594332417851e+01 4.850103789337848781e+01
4.693715594332417851e+01 4.568178187106967414e+01
4.693715594332417851e+01 4.790587324810901748e+01
4.693715594332417851e+01 4.162861290824044147e+01
4.693715594332417851e+01 4.235950167300519809e+01
4.693715594332417851e+01 4.348147164179287927e+01
4.693715594332417851e+01 4.719390144945025867e+01
4.693715594332417851e+01 4.410083908668875807e+01
4.693715594332417851e+01 3.993984449409328619e+01
4.693715594332417851e+01 4.223478167062248900e+01
4.693715594332417851e+01 4.176624189500410722e+01
4.693715594332417851e+01 4.775756934103134199e+01
4.693715594332417851e+01 4.923738980283970790e+01
4.693715594332417851e+01 5.287830481060544940e+01
4.693715594332417851e+01 4.972961854088116240e+01
4.693715594332417851e+01 5.480577507841432094e+01
4.693715594332417851e+01 4.801679263727536551e+01
4.693715594332417851e+01 4.696758664958267104e+01
4.693715594332417851e+01 5.084126649510994866e+01
4.693715594332417851e+01 5.192206873829415770e+01
4.693715594332417851e+01 4.486183174389434924e+01
4.693715594332417851e+01 4.939189685513501615e+01
4.693715594332417851e+01 4.457696905457829217e+01
4.693715594332417851e+01 4.388207047909003222e+01
4.693715594332417851e+01 4.174634645070721461e+01
4.693715594332417851e+01 4.975235501870284338e+01
4.693715594332417851e+01 4.605161458862917812e+01
4.693715594332417851e+01 5.058091905126762811e+01
4.693715594332417851e+01 4.578391720503140050e+01
4.693715594332417851e+01 4.008035851845588127e+01
4.693715594332417851e+01 4.477115575389661473e+01
4.693715594332417851e+01 4.502573938316122337e+01
4.693715594332417851e+01 4.179796786144768106e+01
4.693715594332417851e+01 4.931071081635724340e+01
4.693715594332417851e+01 4.503910850890274276e+01
4.693715594332417851e+01 4.224670944972730524e+01
4.693715594332417851e+01 4.433903104454765298e+01
4.693715594332417851e+01 4.799245281989756506e+01
4.693715594332417851e+01 5.049460371891653665e+01
4.693715594332417851e+01 4.620611176214232074e+01
4.693715594332417851e+01 5.386967362900480083e+01
4.693715594332417851e+01 4.350647274947893806e+01
4.693715594332417851e+01 4.458668784281707076e+01
4.693715594332417851e+01 4.163379633493391907e+01
4.693715594332417851e+01 4.155722420236694603e+01
4.693715594332417851e+01 4.442998600518347985e+01
4.693715594332417851e+01 4.519223744704170542e+01
4.693715594332417851e+01 4.963181347892598438e+01
4.693715594332417851e+01 4.121623678539803137e+01
4.693715594332417851e+01 4.898519682378736206e+01
4.693715594332417851e+01 4.511332177799394572e+01
4.693715594332417851e+01 3.922661355208393985e+01
4.693715594332417851e+01 4.823128701444935729e+01
4.693715594332417851e+01 4.406929572882281576e+01
4.693715594332417851e+01 4.286158244658820138e+01
4.693715594332417851e+01 3.822427211811867664e+01
4.693715594332417851e+01 5.123378878207564924e+01
4.693715594332417851e+01 5.002674488330706737e+01
4.693715594332417851e+01 4.824530231447430140e+01
4.693715594332417851e+01 4.644652544724455367e+01
4.693715594332417851e+01 4.407174464595303220e+01
4.693715594332417851e+01 4.215334669955372959e+01
4.693715594332417851e+01 4.488341810549301414e+01
4.693715594332417851e+01 4.649510846463251568e+01
4.693715594332417851e+01 4.618429911832951262e+01
4.693715594332417851e+01 4.506407614146932161e+01
4.693715594332417851e+01 4.840107120031529320e+01
4.693715594332417851e+01 4.323961019722560195e+01
4.693715594332417851e+01 4.131281639567963282e+01
4.693715594332417851e+01 4.794001558330879931e+01
4.693715594332417851e+01 4.349004414230465443e+01
4.693715594332417851e+01 4.680320447915238447e+01
4.693715594332417851e+01 4.161594433007673643e+01
4.693715594332417851e+01 4.729052600681823293e+01
4.693715594332417851e+01 4.737106693021777915e+01
4.693715594332417851e+01 4.392021897560091048e+01
4.693715594332417851e+01 4.545293482946767938e+01
4.693715594332417851e+01 4.790774064917434316e+01
4.693715594332417851e+01 4.732274599510544988e+01
4.693715594332417851e+01 4.557562111240693525e+01
4.693715594332417851e+01 4.341339237672197982e+01
4.693715594332417851e+01 4.844522858414119071e+01
4.693715594332417851e+01 4.288719308217221027e+01
4.693715594332417851e+01 5.188587759419118584e+01
4.693715594332417851e+01 4.561179910785953240e+01
4.693715594332417851e+01 4.700575618065189332e+01
4.693715594332417851e+01 4.889671661691784266e+01
4.693715594332417851e+01 4.783081342366116928e+01
4.693715594332417851e+01 5.074621281352509072e+01
4.693715594332417851e+01 4.784584698291206450e+01
4.693715594332417851e+01 4.314738543118970426e+01
4.693715594332417851e+01 3.879650069279178126e+01
4.693715594332417851e+01 4.080215500449095600e+01
4.693715594332417851e+01 4.839001729287813447e+01
4.693715594332417851e+01 4.548334172126404695e+01
4.693715594332417851e+01 4.565326312102614281e+01
4.693715594332417851e+01 4.679794229205990064e+01
4.693715594332417851e+01 4.401319697012657173e+01
4.693715594332417851e+01 4.484820045448544334e+01
4.693715594332417851e+01 4.297598196881091326e+01
4.693715594332417851e+01 4.421082797115968077e+01
4.693715594332417851e+01 4.346318166925050264e+01
4.693715594332417851e+01 4.649806124462642032e+01
4.693715594332417851e+01 4.845013945440217640e+01
4.693715594332417851e+01 4.877611506156296173e+01
4.693715594332417851e+01 4.732128332766224332e+01
4.693715594332417851e+01 4.919421837158466104e+01
4.693715594332417851e+01 4.574161581010172739e+01
4.693715594332417851e+01 4.350104943341731456e+01
4.693715594332417851e+01 4.945507304401502324e+01
4.693715594332417851e+01 4.058775005229421140e+01
4.693715594332417851e+01 4.781994762540899302e+01
4.693715594332417851e+01 5.042391434567979047e+01
4.693715594332417851e+01 4.306371891346541503e+01
4.693715594332417851e+01 4.264209729034088525e+01
4.693715594332417851e+01 4.697328951237108186e+01
4.693715594332417851e+01 4.732964804642207923e+01
4.693715594332417851e+01 4.672060760526535717e+01
4.693715594332417851e+01 5.108868472093333679e+01
4.693715594332417851e+01 4.399491362199678690e+01
4.693715594332417851e+01 4.680538982796254288e+01
4.693715594332417851e+01 4.364724566529307026e+01
4.693715594332417851e+01 4.515243666479497620e+01
4.693715594332417851e+01 4.377282410089547682e+01
4.693715594332417851e+01 4.396681988237755689e+01
4.693715594332417851e+01 4.565867965117094229e+01
4.693715594332417851e+01 4.032448925195448197e+01
4.693715594332417851e+01 4.376512705804677239e+01
4.693715594332417851e+01 4.270066362074592803e+01
4.693715594332417851e+01 4.760291997078412152e+01
4.693715594332417851e+01 4.383948028570567601e+01
4.693715594332417851e+01 4.463126006800982282e+01
4.693715594332417851e+01 5.108139381841585447e+01
4.693715594332417851e+01 4.560789098059156998e+01
4.693715594332417851e+01 4.201690036641396375e+01
4.693715594332417851e+01 4.515014057227282507e+01
4.693715594332417851e+01 4.616318050022887576e+01
4.693715594332417851e+01 4.757069170512317413e+01
4.693715594332417851e+01 4.961913831517747298e+01
4.693715594332417851e+01 4.408561528625988046e+01
4.693715594332417851e+01 4.640987704375419298e+01
4.693715594332417851e+01 4.681160646561640704e+01
4.693715594332417851e+01 4.511182929026604427e+01
4.693715594332417851e+01 4.431469719244641681e+01
4.693715594332417851e+01 4.158625336115927240e+01
4.693715594332417851e+01 4.597941298282837153e+01
4.693715594332417851e+01 4.969984397180900970e+01
4.693715594332417851e+01 4.406651001934368850e+01
4.693715594332417851e+01 4.187238952572820239e+01
4.693715594332417851e+01 4.553263120412345444e+01
4.693715594332417851e+01 4.587197828980426095e+01
4.693715594332417851e+01 5.016066784203518836e+01
4.693715594332417851e+01 4.739190368275302490e+01
4.693715594332417851e+01 4.546751183407048558e+01
4.693715594332417851e+01 4.747655347262015368e+01
4.693715594332417851e+01 4.576922296972147564e+01
4.693715594332417851e+01 5.071515194428624795e+01
4.693715594332417851e+01 5.200523705764602056e+01
4.693715594332417851e+01 4.852979888925830210e+01
4.693715594332417851e+01 4.562001523017891458e+01
4.693715594332417851e+01 4.399448860753668100e+01
4.693715594332417851e+01 4.378906205694497089e+01
4.693715594332417851e+01 4.934880122013953496e+01
4.693715594332417851e+01 4.852993635410782503e+01
4.693715594332417851e+01 5.089333020478887448e+01
4.693715594332417851e+01 4.545304240808204810e+01
4.693715594332417851e+01 4.180715584272078900e+01
4.693715594332417851e+01 4.477639797157490875e+01
4.693715594332417851e+01 4.557569673541803468e+01
4.693715594332417851e+01 4.531286960140572262e+01
4.693715594332417851e+01 4.348441496933231321e+01
4.693715594332417851e+01 4.397749026655156968e+01
4.693715594332417851e+01 4.412038187434345815e+01
4.693715594332417851e+01 4.503772826962125464e+01
4.693715594332417851e+01 5.273842424576582033e+01
4.693715594332417851e+01 4.535970473190699437e+01
4.693715594332417851e+01 4.692484931204076304e+01
4.693715594332417851e+01 4.668490132817609606e+01
4.693715594332417851e+01 4.653010397593087788e+01
4.693715594332417851e+01 4.275991792832014227e+01
4.693715594332417851e+01 4.848386457535698213e+01
4.693715594332417851e+01 4.403375061641370536e+01
4.693715594332417851e+01 4.980061374094979243e+01
4.693715594332417851e+01 4.676282291760688281e+01
4.693715594332417851e+01 4.633596418197592470e+01
4.693715594332417851e+01 4.867708734731518661e+01
4.693715594332417851e+01 4.940537908637316633e+01
4.693715594332417851e+01 5.020940729444910033e+01
4.693715594332417851e+01 4.285952733095794542e+01
4.693715594332417851e+01 3.858940400792962322e+01
4.693715594332417851e+01 4.719714789493335161e+01
4.693715594332417851e+01 5.384794684824245081e+01
4.693715594332417851e+01 4.620307039332334398e+01
4.693715594332417851e+01 4.463322697440355569e+01
4.693715594332417851e+01 5.248260405791296535e+01
4.693715594332417851e+01 4.361389224970379530e+01
4.693715594332417851e+01 4.667722366944282442e+01
4.693715594332417851e+01 4.608270110961648669e+01
4.693715594332417851e+01 4.953045695130373360e+01
4.693715594332417851e+01 4.278335691722116252e+01
4.693715594332417851e+01 4.528591584274977322e+01
4.693715594332417851e+01 4.978937499757036278e+01
4.693715594332417851e+01 4.466900159293282258e+01
4.693715594332417851e+01 5.490800532748507123e+01
4.693715594332417851e+01 4.365231775190818553e+01
4.693715594332417851e+01 4.818404237734855400e+01
4.693715594332417851e+01 4.181718675541819863e+01
4.693715594332417851e+01 4.417090403987295844e+01
4.693715594332417851e+01 4.701656512970717472e+01
4.693715594332417851e+01 4.799772210034668518e+01
4.693715594332417851e+01 4.822344229297191731e+01
4.693715594332417851e+01 5.128234010441534707e+01
4.693715594332417851e+01 4.187933338058320487e+01
4.693715594332417851e+01 4.612469868498270387e+01
4.693715594332417851e+01 4.663818064628596716e+01
4.693715594332417851e+01 4.395001346282150934e+01
4.693715594332417851e+01 4.428007328018573219e+01
4.693715594332417851e+01 4.551421691339593423e+01
4.693715594332417851e+01 4.379208113425254112e+01
4.693715594332417851e+01 4.743127697231984996e+01
4.693715594332417851e+01 4.526444332361354128e+01
4.693715594332417851e+01 4.332434857242543558e+01
4.693715594332417851e+01 4.215478469252995097e+01
4.693715594332417851e+01 5.202964289038537515e+01
4.693715594332417851e+01 4.364650634792793937e+01
4.693715594332417851e+01 4.433264786421451475e+01
4.693715594332417851e+01 4.773930660502871604e+01
4.693715594332417851e+01 4.717285155279413544e+01
4.693715594332417851e+01 4.203443658900152968e+01
4.693715594332417851e+01 4.400710852723926791e+01
4.693715594332417851e+01 3.849271766448563170e+01
4.693715594332417851e+01 4.386002790697668274e+01
4.693715594332417851e+01 5.385737993817357960e+01
4.693715594332417851e+01 4.787999543048525908e+01
4.693715594332417851e+01 4.339408097872024683e+01
4.693715594332417851e+01 4.626258331488348574e+01
4.693715594332417851e+01 4.178340554956588448e+01
4.693715594332417851e+01 4.366382350190929174e+01
4.693715594332417851e+01 4.368152711512693998e+01
4.693715594332417851e+01 4.175049635741626020e+01
4.693715594332417851e+01 4.360042069522205566e+01
4.693715594332417851e+01 4.277429118444648992e+01
4.693715594332417851e+01 4.452318397366931890e+01
4.693715594332417851e+01 4.588712175659498627e+01
4.693715594332417851e+01 4.281905248994169710e+01
4.693715594332417851e+01 5.030947249073062011e+01
4.693715594332417851e+01 4.592199735397158378e+01
4.693715594332417851e+01 5.305490158922258814e+01
4.693715594332417851e+01 4.912539986346789789e+01
4.693715594332417851e+01 4.812238317862021830e+01
4.693715594332417851e+01 4.665870664062995132e+01
4.693715594332417851e+01 4.560527122065806083e+01
4.693715594332417851e+01 4.210980419648529960e+01
4.693715594332417851e+01 4.374086609609977216e+01
4.693715594332417851e+01 4.977636775427404103e+01
4.693715594332417851e+01 5.523734082216395791e+01
4.693715594332417851e+01 5.167474056627087009e+01
4.693715594332417851e+01 4.460839842031933244e+01
4.693715594332417851e+01 4.027543653400345391e+01
4.693715594332417851e+01 4.772167352034723820e+01
4.693715594332417851e+01 4.457623070164495260e+01
4.693715594332417851e+01 4.626422270919739077e+01
4.693715594332417851e+01 4.522925497490630420e+01
4.693715594332417851e+01 4.673936155778552148e+01
4.693715594332417851e+01 5.432853240627367342e+01
4.693715594332417851e+01 5.029466976624423324e+01
4.693715594332417851e+01 4.248082408496745188e+01
4.693715594332417851e+01 5.456336918405815339e+01
4.693715594332417851e+01 4.929647420499901500e+01
4.693715594332417851e+01 4.499068331753399264e+01
4.693715594332417851e+01 4.497315056808702138e+01
4.693715594332417851e+01 4.255445047033445150e+01
4.693715594332417851e+01 3.988673226744589329e+01
4.693715594332417851e+01 4.896842311313501028e+01
4.693715594332417851e+01 3.741226900549810352e+01
4.693715594332417851e+01 4.892266015729485673e+01
4.693715594332417851e+01 4.287057303579587142e+01
4.693715594332417851e+01 4.836218108236161584e+01
4.693715594332417851e+01 4.259622943134036177e+01
4.693715594332417851e+01 4.670978261525734609e+01
4.693715594332417851e+01 4.873144686801769154e+01
4.693715594332417851e+01 4.051341556477422756e+01
4.693715594332417851e+01 4.633624432550406880e+01
4.693715594332417851e+01 4.568571437676018121e+01
4.693715594332417851e+01 4.872656755468879908e+01
4.693715594332417851e+01 4.548318281075464142e+01
4.693715594332417851e+01 4.537134349875509542e+01
4.693715594332417851e+01 4.546125693129681622e+01
4.693715594332417851e+01 4.466873752017520616e+01
4.693715594332417851e+01 5.190886485905431869e+01
4.693715594332417851e+01 4.998956216980977985e+01
4.693715594332417851e+01 4.494619249706857289e+01
4.693715594332417851e+01 4.728606590238432261e+01
4.693715594332417851e+01 5.414909867935669752e+01
4.693715594332417851e+01 4.452358791144129668e+01
4.693715594332417851e+01 5.131495662235235500e+01
4.693715594332417851e+01 4.883258783864022945e+01
4.693715594332417851e+01 4.815366456850312460e+01
4.693715594332417851e+01 4.675420362704378618e+01
4.693715594332417851e+01 4.955955764243163486e+01
4.693715594332417851e+01 4.207502870728755795e+01
4.693715594332417851e+01 4.334726086298104519e+01
4.693715594332417851e+01 4.652595190802276903e+01
4.693715594332417851e+01 4.635947551410449563e+01
4.693715594332417851e+01 4.604594809858998161e+01
4.693715594332417851e+01 4.745866134784015600e+01
4.693715594332417851e+01 5.304294022034128631e+01
4.693715594332417851e+01 4.834111491905945712e+01
4.693715594332417851e+01 4.655533407456219663e+01
4.693715594332417851e+01 5.241898558149359388e+01
4.693715594332417851e+01 4.810932485800388037e+01
4.693715594332417851e+01 4.127219733162115745e+01
4.693715594332417851e+01 5.035674579745447232e+01
4.693715594332417851e+01 4.242129418494761950e+01
4.693715594332417851e+01 4.670527742500180324e+01
4.693715594332417851e+01 4.704948351543961138e+01
4.693715594332417851e+01 4.629720514442771417e+01
4.693715594332417851e+01 4.621375821474786250e+01
4.693715594332417851e+01 4.782086314002001615e+01
4.693715594332417851e+01 4.480534632079721291e+01
4.693715594332417851e+01 4.825820568279682021e+01
4.693715594332417851e+01 5.096478032938279767e+01
4.693715594332417851e+01 4.738783225295425439e+01
4.693715594332417851e+01 4.835771285464953451e+01
4.693715594332417851e+01 4.575917401837415355e+01
4.693715594332417851e+01 3.858827802052395839e+01
4.693715594332417851e+01 4.555522596378020239e+01
4.693715594332417851e+01 4.970983308954938451e+01
4.693715594332417851e+01 4.439819047782189898e+01
4.693715594332417851e+01 4.228484183203504188e+01
4.693715594332417851e+01 4.234040892708804193e+01
4.693715594332417851e+01 4.273535031564298237e+01
4.693715594332417851e+01 4.925053203236945620e+01
4.693715594332417851e+01 4.591658417614245735e+01
4.693715594332417851e+01 5.021212787037580938e+01
4.693715594332417851e+01 4.647564426479723920e+01
4.693715594332417851e+01 4.707227760708577335e+01
4.693715594332417851e+01 4.648989152888211152e+01
4.693715594332417851e+01 4.813942136524470072e+01
4.693715594332417851e+01 4.616118645346302429e+01
4.693715594332417851e+01 4.437057636974628139e+01
4.693715594332417851e+01 4.500680034825838050e+01
4.693715594332417851e+01 5.154230558543888208e+01
4.693715594332417851e+01 3.974138519313054729e+01
4.693715594332417851e+01 4.667719210159798848e+01
4.693715594332417851e+01 4.063417984338960309e+01
4.693715594332417851e+01 4.630808379533640107e+01
4.693715594332417851e+01 4.709275414593903974e+01
4.693715594332417851e+01 4.900112117845288395e+01
4.693715594332417851e+01 4.305602171428945013e+01
4.693715594332417851e+01 4.487484795001437732e+01
4.693715594332417851e+01 4.650476612341479665e+01
4.693715594332417851e+01 4.601480412927665498e+01
4.693715594332417851e+01 4.232386098247817330e+01
4.693715594332417851e+01 5.343632934388983813e+01
4.693715594332417851e+01 4.799731235863822576e+01
4.693715594332417851e+01 4.990981955962232774e+01
4.693715594332417851e+01 4.750224997889115741e+01
4.693715594332417851e+01 3.998082762681116975e+01
4.693715594332417851e+01 4.643602433859774692e+01
4.693715594332417851e+01 4.450159098153466175e+01
4.693715594332417851e+01 4.522760512056498783e+01
4.693715594332417851e+01 4.234852704181929539e+01
4.693715594332417851e+01 5.271962921553789272e+01
4.693715594332417851e+01 5.111423631213622798e+01
4.693715594332417851e+01 4.226001971418082803e+01
4.693715594332417851e+01 4.703031981293740671e+01
4.693715594332417851e+01 4.700661357999859291e+01
4.693715594332417851e+01 4.384849098721625893e+01
4.693715594332417851e+01 5.650685190206073827e+01
4.693715594332417851e+01 4.544698498682818411e+01
4.693715594332417851e+01 4.563856017396555842e+01
4.693715594332417851e+01 5.428354610406321257e+01
4.693715594332417851e+01 4.129625306300108889e+01
4.693715594332417851e+01 4.341832178658613373e+01
4.693715594332417851e+01 4.602966000831547433e+01
4.693715594332417851e+01 4.733615498707487035e+01
4.693715594332417851e+01 4.361642952362495151e+01
4.693715594332417851e+01 5.031318430427371879e+01
4.693715594332417851e+01 4.266848444825753717e+01
4.693715594332417851e+01 4.617293512931582455e+01
4.693715594332417851e+01 4.926222883655163542e+01
4.693715594332417851e+01 4.537001071058681134e+01
4.693715594332417851e+01 4.830064519981279858e+01
4.693715594332417851e+01 4.617424939806135598e+01
4.693715594332417851e+01 5.579426296750322933e+01
4.693715594332417851e+01 4.412443163806405977e+01
4.693715594332417851e+01 4.605227146031828056e+01
4.693715594332417851e+01 4.768554625475054820e+01
4.693715594332417851e+01 4.443658745840078694e+01
4.693715594332417851e+01 4.833020375512897004e+01
4.693715594332417851e+01 4.803632603844238247e+01
4.693715594332417851e+01 4.383876859513890167e+01
4.693715594332417851e+01 4.668032798940304673e+01
4.693715594332417851e+01 4.876277517216239943e+01
4.693715594332417851e+01 4.774086333312487085e+01
4.693715594332417851e+01 4.202618170204220149e+01
4.693715594332417851e+01 4.544656176346204290e+01
4.693715594332417851e+01 4.674985871627894340e+01
4.693715594332417851e+01 4.841789742586561829e+01
4.693715594332417851e+01 4.795692322903840221e+01
4.693715594332417851e+01 4.556772526594608763e+01
4.693715594332417851e+01 5.153368409331351785e+01
4.693715594332417851e+01 4.185655733648500387e+01
4.693715594332417851e+01 4.318751135103500616e+01
4.693715594332417851e+01 4.506211310857421637e+01
4.693715594332417851e+01 4.808746534571190523e+01
4.693715594332417851e+01 4.636106528324459219e+01
4.693715594332417851e+01 4.498038089268243311e+01
4.693715594332417851e+01 4.576331562221735538e+01
4.693715594332417851e+01 4.705775408563172846e+01
4.693715594332417851e+01 4.367789524848760863e+01
4.693715594332417851e+01 4.376500366283541865e+01
4.693715594332417851e+01 4.113611388874682007e+01
4.693715594332417851e+01 4.451678345016888727e+01
4.693715594332417851e+01 4.591417991716589597e+01
4.693715594332417851e+01 4.666199864854492318e+01
4.693715594332417851e+01 4.573420616081712353e+01
4.693715594332417851e+01 4.608772541686950319e+01
4.693715594332417851e+01 4.899486432246875722e+01
4.693715594332417851e+01 3.832595916620669385e+01
4.693715594332417851e+01 4.292354921314586136e+01
4.693715594332417851e+01 4.668429144018799803e+01
4.693715594332417851e+01 4.728558024005650395e+01
4.693715594332417851e+01 4.619687757398349959e+01
4.693715594332417851e+01 4.842929516594628581e+01
4.693715594332417851e+01 4.825619606726480271e+01
4.693715594332417851e+01 5.022478241278162159e+01
4.693715594332417851e+01 4.451364562666969249e+01
4.693715594332417851e+01 4.622786140184518189e+01
4.693715594332417851e+01 4.701141543441624293e+01
4.693715594332417851e+01 4.599544266488625510e+01
4.693715594332417851e+01 4.392929526185646694e+01
4.693715594332417851e+01 4.797176315780472322e+01
4.693715594332417851e+01 4.151475696411038996e+01
4.693715594332417851e+01 4.748266805916059496e+01
4.693715594332417851e+01 4.608755350952160512e+01
4.693715594332417851e+01 4.912820300069517998e+01
4.693715594332417851e+01 5.311011155985602272e+01
4.693715594332417851e+01 4.759122935250926645e+01
4.693715594332417851e+01 4.431545896104270810e+01
4.693715594332417851e+01 4.851714043403877241e+01
4.693715594332417851e+01 5.171734504380924591e+01
4.693715594332417851e+01 4.832516239637337918e+01
4.693715594332417851e+01 4.712689902218193794e+01
4.693715594332417851e+01 4.642302494391954326e+01
4.693715594332417851e+01 4.523776242858638597e+01
4.693715594332417851e+01 4.697598359982381311e+01
4.693715594332417851e+01 4.911600707456916837e+01
4.693715594332417851e+01 4.590055782389303829e+01
4.693715594332417851e+01 4.336922321519573842e+01
4.693715594332417851e+01 4.858306398466021392e+01
4.693715594332417851e+01 4.988266707198123839e+01
4.693715594332417851e+01 4.493786434560023935e+01
4.693715594332417851e+01 4.743493789837976493e+01
4.693715594332417851e+01 4.950779657317760751e+01
4.693715594332417851e+01 4.406242635386529116e+01
4.693715594332417851e+01 4.984594432793758756e+01
4.693715594332417851e+01 4.813451740392014244e+01
4.693715594332417851e+01 5.526008701294027503e+01
4.693715594332417851e+01 4.653251337663946430e+01
4.693715594332417851e+01 4.769177889530149628e+01
4.693715594332417851e+01 4.826230670029408998e+01
4.693715594332417851e+01 4.659971662561815009e+01
4.693715594332417851e+01 4.818954995141015729e+01
4.693715594332417851e+01 4.935150207343509976e+01
4.693715594332417851e+01 4.528264980587685784e+01
4.693715594332417851e+01 4.274451146847951577e+01
4.693715594332417851e+01 4.446329549699093064e+01
4.693715594332417851e+01 4.464311099371235514e+01
4.693715594332417851e+01 4.530764538816649178e+01
4.693715594332417851e+01 4.528905415867035344e+01
4.693715594332417851e+01 4.682800764636058233e+01
4.693715594332417851e+01 4.399020684794716374e+01
4.693715594332417851e+01 4.786780384098933183e+01
4.693715594332417851e+01 4.677038843756322706e+01
4.693715594332417851e+01 4.060441605179715907e+01
4.693715594332417851e+01 4.589539567402207609e+01
4.693715594332417851e+01 4.202564700005434872e+01
4.693715594332417851e+01 4.248367798912008908e+01
4.693715594332417851e+01 5.361609087581989286e+01
4.693715594332417851e+01 4.512218145303977934e+01
4.693715594332417851e+01 4.265802046216097665e+01
4.693715594332417851e+01 4.794534610542375930e+01
4.693715594332417851e+01 4.863185801410401865e+01
4.693715594332417851e+01 4.678975466720897458e+01
4.693715594332417851e+01 4.242431604289234315e+01
4.693715594332417851e+01 4.435161309780372108e+01
4.693715594332417851e+01 5.252678620406965138e+01
4.693715594332417851e+01 4.859704071141059956e+01
4.693715594332417851e+01 4.278764293316390876e+01
4.693715594332417851e+01 4.682127605378406798e+01
4.693715594332417851e+01 5.508134227062667065e+01
4.693715594332417851e+01 4.329861562640262918e+01
4.693715594332417851e+01 4.583978436063226525e+01
4.693715594332417851e+01 4.673393814454706074e+01
4.693715594332417851e+01 4.835632950809370811e+01
4.693715594332417851e+01 4.492290211063260585e+01
4.693715594332417851e+01 4.510858165851324486e+01
4.693715594332417851e+01 4.381309333757002378e+01
4.693715594332417851e+01 5.212197123264781595e+01
4.693715594332417851e+01 4.567876809399795235e+01
4.693715594332417851e+01 4.711482231116920616e+01
4.693715594332417851e+01 4.654219915361314008e+01
4.693715594332417851e+01 4.404150576922275206e+01
4.693715594332417851e+01 4.652671661741976550e+01
4.693715594332417851e+01 4.354698598308023350e+01
4.693715594332417851e+01 4.434057180383986463e+01
4.693715594332417851e+01 4.568015287847997286e+01
4.693715594332417851e+01 4.897855429661827742e+01
4.693715594332417851e+01 4.710480547964407094e+01
4.693715594332417851e+01 4.247215609608749531e+01
4.693715594332417851e+01 4.139739009222596877e+01
4.693715594332417851e+01 4.515770013229258240e+01
4.693715594332417851e+01 4.834990929643176827e+01
4.693715594332417851e+01 4.630795503680649716e+01
4.693715594332417851e+01 4.635575276554640567e+01
4.693715594332417851e+01 4.545830969425078649e+01
4.693715594332417851e+01 3.723951020823869840e+01
4.693715594332417851e+01 4.277934709815082215e+01
4.693715594332417851e+01 4.685111118184415346e+01
4.693715594332417851e+01 4.498814027105730418e+01
4.693715594332417851e+01 4.915322219376644597e+01
4.693715594332417851e+01 4.744375877817303433e+01
4.693715594332417851e+01 5.005083497403592219e+01
4.693715594332417851e+01 4.259900542129054912e+01
4.693715594332417851e+01 4.205258367647073214e+01
4.693715594332417851e+01 4.154718527295672459e+01
4.693715594332417851e+01 5.012992301283142638e+01
4.693715594332417851e+01 4.838373634365080278e+01
4.693715594332417851e+01 4.065573239764403723e+01
4.693715594332417851e+01 4.094722398075747094e+01
4.693715594332417851e+01 4.745800659367402830e+01
4.693715594332417851e+01 4.389461017569217915e+01
4.693715594332417851e+01 5.313700599731119212e+01
4.693715594332417851e+01 4.701575524054860722e+01
4.693715594332417851e+01 4.469311619290490256e+01
4.693715594332417851e+01 4.744733434696414065e+01
4.693715594332417851e+01 4.997196322766270526e+01
4.693715594332417851e+01 4.476264756751447749e+01
4.693715594332417851e+01 4.562538023392524167e+01
4.693715594332417851e+01 4.930289758916693899e+01
4.693715594332417851e+01 4.974656990609702234e+01
4.693715594332417851e+01 4.050364981320578295e+01
4.693715594332417851e+01 5.217674375405162124e+01
4.693715594332417851e+01 4.726771915749523600e+01
4.693715594332417851e+01 4.971574417402105439e+01
4.693715594332417851e+01 4.642900267728850139e+01
4.693715594332417851e+01 4.892177568866086546e+01
4.693715594332417851e+01 4.496077486857473815e+01
4.693715594332417851e+01 5.415584677777352596e+01
4.693715594332417851e+01 5.288251301390982206e+01
4.693715594332417851e+01 4.456534330199728799e+01
4.693715594332417851e+01 4.734324809876165574e+01
4.693715594332417851e+01 4.161664232509349404e+01
4.693715594332417851e+01 4.737751154740704607e+01
4.693715594332417851e+01 3.895490026381608573e+01
4.693715594332417851e+01 5.071591742886139542e+01
4.693715594332417851e+01 5.079292682948990034e+01
4.693715594332417851e+01 4.350244212090476736e+01
4.693715594332417851e+01 5.288800553888066247e+01
4.693715594332417851e+01 4.387762174563223283e+01
4.693715594332417851e+01 4.448002311649425877e+01
4.693715594332417851e+01 4.105632235101664662e+01
4.693715594332417851e+01 4.534250796728980504e+01
4.693715594332417851e+01 4.782082070061755985e+01
4.693715594332417851e+01 4.370669016126132078e+01
4.693715594332417851e+01 4.769035502715471608e+01
4.693715594332417851e+01 4.267418002475614003e+01
4.693715594332417851e+01 4.793736777185284836e+01
4.693715594332417851e+01 4.838927893814845760e+01
4.693715594332417851e+01 4.481230841768834949e+01
4.693715594332417851e+01 5.174599496380909613e+01
4.693715594332417851e+01 4.581864313259749366e+01
4.693715594332417851e+01 4.176070409709944897e+01
4.693715594332417851e+01 4.585980508028639235e+01
4.693715594332417851e+01 4.121499171041687504e+01
4.693715594332417851e+01 4.821986782252147208e+01
4.693715594332417851e+01 4.429018740292356426e+01
4.693715594332417851e+01 4.577009494962481284e+01
4.693715594332417851e+01 4.614451288069947310e+01
4.693715594332417851e+01 5.179387655468465113e+01
4.693715594332417851e+01 4.652739864827893257e+01
4.693715594332417851e+01 4.509043595355041134e+01
4.693715594332417851e+01 4.766859348394014262e+01
4.693715594332417851e+01 4.587622889674911875e+01
4.693715594332417851e+01 5.023791700995501230e+01
4.693715594332417851e+01 4.485458963877191252e+01
4.693715594332417851e+01 4.569893845038124880e+01
4.693715594332417851e+01 4.963470222936334864e+01
4.693715594332417851e+01 4.772377266025638676e+01
4.693715594332417851e+01 4.278466184395065142e+01
4.693715594332417851e+01 4.738400421674320739e+01
4.693715594332417851e+01 4.710459652298874289e+01
4.693715594332417851e+01 4.176069909523364743e+01
4.693715594332417851e+01 4.204556741422476307e+01
4.693715594332417851e+01 4.454319505660248524e+01
4.693715594332417851e+01 4.300178691507680639e+01
4.693715594332417851e+01 4.370061288374432706e+01
4.693715594332417851e+01 5.038895773032540149e+01
4.693715594332417851e+01 5.049685887948427876e+01
4.693715594332417851e+01 4.525141564415545758e+01
4.693715594332417851e+01 4.930534924998338653e+01
4.693715594332417851e+01 4.555586484829450455e+01
4.693715594332417851e+01 4.958239188324214552e+01
4.693715594332417851e+01 4.796567524807334593e+01
4.693715594332417851e+01 4.912880099658362099e+01
4.693715594332417851e+01 4.599953366142122491e+01
4.693715594332417851e+01 4.433550141040500847e+01
4.693715594332417851e+01 4.616944489738529001e+01
4.693715594332417851e+01 4.440930123004525143e+01
4.693715594332417851e+01 4.609133161082478836e+01
4.693715594332417851e+01 5.079085580295262048e+01
4.693715594332417851e+01 5.005585639017750310e+01
4.693715594332417851e+01 4.901594957559039756e+01
4.693715594332417851e+01 5.985574492010407255e+01
4.693715594332417851e+01 4.786998604708502825e+01
4.693715594332417851e+01 3.681717125701084115e+01
4.693715594332417851e+01 4.588031149592399061e+01
4.693715594332417851e+01 4.893687367321740567e+01
4.693715594332417851e+01 4.475983670338383291e+01
4.693715594332417851e+01 4.987208909078309915e+01
4.693715594332417851e+01 4.800558856290046350e+01
4.693715594332417851e+01 4.150176449404164458e+01
4.693715594332417851e+01 4.513758022937444991e+01
4.693715594332417851e+01 4.872385932456298008e+01
4.693715594332417851e+01 4.068948087654979417e+01
4.693715594332417851e+01 5.232405237935118691e+01
4.693715594332417851e+01 4.640027789495321997e+01
4.693715594332417851e+01 4.450966721464020992e+01
4.693715594332417851e+01 4.278497306608666406e+01
4.693715594332417851e+01 4.424233542268900976e+01
4.693715594332417851e+01 5.177063200430020373e+01
4.693715594332417851e+01 4.837355665638767022e+01
4.693715594332417851e+01 4.090329087526011875e+01
4.693715594332417851e+01 4.514487532647201107e+01
4.693715594332417851e+01 4.149826196869138073e+01
4.693715594332417851e+01 4.533211821312611534e+01
4.693715594332417851e+01 4.826576083837946385e+01
4.693715594332417851e+01 4.008783924752007266e+01
4.693715594332417851e+01 4.904617335933985345e+01
4.693715594332417851e+01 4.753598491130296821e+01
4.693715594332417851e+01 4.390056628806033956e+01
4.693715594332417851e+01 4.108654390795709332e+01
4.693715594332417851e+01 4.642095823926058529e+01
4.693715594332417851e+01 4.193318461089316429e+01
4.693715594332417851e+01 4.581442694594986875e+01
4.693715594332417851e+01 4.927485957137660222e+01
4.693715594332417851e+01 4.460346545298590115e+01
4.693715594332417851e+01 4.865059624488466739e+01
4.693715594332417851e+01 4.765901083600940780e+01
4.693715594332417851e+01 4.940094802354433057e+01
4.693715594332417851e+01 4.742339204305226019e+01
4.693715594332417851e+01 4.317109812540796554e+01
4.693715594332417851e+01 4.556130448540927347e+01
4.693715594332417851e+01 4.367931003256179423e+01
4.693715594332417851e+01 3.826358136055972636e+01
4.693715594332417851e+01 4.857667838517721037e+01
4.693715594332417851e+01 4.703371064868618845e+01
4.693715594332417851e+01 4.887336005247354365e+01
4.693715594332417851e+01 4.217712361221664708e+01
4.693715594332417851e+01 5.165589952032642174e+01
4.693715594332417851e+01 4.807501750601757351e+01
4.693715594332417851e+01 4.657107338705328914e+01
4.693715594332417851e+01 4.515623144085841290e+01
4.693715594332417851e+01 4.890379306573552753e+01
4.693715594332417851e+01 4.074448322552586887e+01
4.693715594332417851e+01 4.669654578785301169e+01
4.693715594332417851e+01 4.430379563397406173e+01
4.693715594332417851e+01 4.394693160179203772e+01
4.693715594332417851e+01 4.593872753704664547e+01
4.693715594332417851e+01 4.543336615002228029e+01
4.693715594332417851e+01 4.638522465120681204e+01
4.693715594332417851e+01 4.648198064320954614e+01
4.693715594332417851e+01 4.566827365455527854e+01
4.693715594332417851e+01 5.056824119028761544e+01
4.693715594332417851e+01 4.498311914446627213e+01
4.693715594332417851e+01 4.782762520236439485e+01
4.693715594332417851e+01 5.391277075120041218e+01
4.693715594332417851e+01 4.827440656829269017e+01
4.693715594332417851e+01 4.453442289944038635e+01
4.693715594332417851e+01 4.310144496806736925e+01
4.693715594332417851e+01 4.649353753515998733e+01
4.693715594332417851e+01 3.850951130965912483e+01
4.693715594332417851e+01 5.226876371737819937e+01
4.693715594332417851e+01 4.586132696490411575e+01
4.693715594332417851e+01 4.541406888303924205e+01
4.693715594332417851e+01 4.234470472379712191e+01
4.693715594332417851e+01 5.211524299208340949e+01
4.693715594332417851e+01 4.268788407378067262e+01
4.693715594332417851e+01 4.618100958011247315e+01
4.693715594332417851e+01 4.593649523707109239e+01
4.693715594332417851e+01 4.993612321106519403e+01
4.693715594332417851e+01 5.231207071774728945e+01
4.693715594332417851e+01 4.712947163779842441e+01
4.693715594332417851e+01 4.790162290910213727e+01
4.693715594332417851e+01 4.756607741925075317e+01
4.693715594332417851e+01 4.534053447798832792e+01
4.693715594332417851e+01 4.500805945937690922e+01
4.693715594332417851e+01 4.875397961337181840e+01
4.693715594332417851e+01 4.441338539391382767e+01
4.693715594332417851e+01 3.915237113810812986e+01
4.693715594332417851e+01 4.647513377392079548e+01
4.693715594332417851e+01 4.648996671811590176e+01
4.693715594332417851e+01 4.612041970092799659e+01
4.693715594332417851e+01 4.215517344876352723e+01
4.693715594332417851e+01 4.373759322212929135e+01
4.693715594332417851e+01 4.118000429576795085e+01
4.693715594332417851e+01 4.650129102007029758e+01
4.693715594332417851e+01 4.575621755524057477e+01
4.693715594332417851e+01 4.456899267083990424e+01
4.693715594332417851e+01 5.321016974336154703e+01
4.693715594332417851e+01 4.852735537418681133e+01
4.693715594332417851e+01 4.794138471692689762e+01
4.693715594332417851e+01 4.793747472699227075e+01
4.693715594332417851e+01 4.465544563670087541e+01
4.693715594332417851e+01 4.425034365367841360e+01
4.693715594332417851e+01 4.790509737408191882e+01
4.693715594332417851e+01 4.450916174872588726e+01
4.693715594332417851e+01 4.618323334702462546e+01
4.693715594332417851e+01 4.930511467608599219e+01
4.693715594332417851e+01 4.523781681502467933e+01
4.693715594332417851e+01 4.445855587403904252e+01
4.693715594332417851e+01 4.178703519872925654e+01
4.693715594332417851e+01 4.914300103704128020e+01
4.693715594332417851e+01 4.462171531400476709e+01
4.693715594332417851e+01 4.507256497489871094e+01
4.693715594332417851e+01 4.995227800671362672e+01
4.693715594332417851e+01 4.269110334204366097e+01
4.693715594332417851e+01 4.677122509287988095e+01
4.693715594332417851e+01 4.366816334812498468e+01
4.693715594332417851e+01 4.194841899981447142e+01
4.693715594332417851e+01 4.590202515380356374e+01
4.693715594332417851e+01 4.231454136420109791e+01
4.693715594332417851e+01 4.588386605717685995e+01
4.693715594332417851e+01 4.479933956236511250e+01
4.693715594332417851e+01 4.280484539112562459e+01
4.693715594332417851e+01 4.540716724331360865e+01
4.693715594332417851e+01 4.904119380012230778e+01
4.693715594332417851e+01 4.439396571552094173e+01
4.693715594332417851e+01 4.723844602372737000e+01
4.693715594332417851e+01 4.657815672733498502e+01
4.693715594332417851e+01 4.849530411692958864e+01
4.693715594332417851e+01 4.722399709825153025e+01
4.693715594332417851e+01 4.736806448685131699e+01
4.693715594332417851e+01 4.710730919583035359e+01
4.693715594332417851e+01 5.033742833958801555e+01
4.693715594332417851e+01 5.245846998195663247e+01
4.693715594332417851e+01 4.364490347990370367e+01
4.693715594332417851e+01 4.513793848688806065e+01
4.693715594332417851e+01 5.137502815651528465e+01
4.693715594332417851e+01 5.005815916779339148e+01
4.693715594332417851e+01 4.579818733179286028e+01
4.693715594332417851e+01 4.571416568509093992e+01
4.693715594332417851e+01 5.108810082232169947e+01
4.693715594332417851e+01 5.225937473627027430e+01
4.693715594332417851e+01 4.627776326013912467e+01
4.693715594332417851e+01 4.753275620585024797e+01
4.693715594332417851e+01 4.421181107452942882e+01
4.693715594332417851e+01 4.749104128940250291e+01
4.693715594332417851e+01 5.118313547054650314e+01
4.693715594332417851e+01 4.390676084328855922e+01
4.693715594332417851e+01 4.706613715796146380e+01
4.693715594332417851e+01 4.977393572533753741e+01
4.693715594332417851e+01 4.388151127669404161e+01
4.693715594332417851e+01 4.144802523551989282e+01
4.693715594332417851e+01 4.664317014239021830e+01
4.693715594332417851e+01 4.748578341270136605e+01
4.693715594332417851e+01 4.388411733720288765e+01
4.693715594332417851e+01 4.373754533424468605e+01
4.693715594332417851e+01 4.557898815272660187e+01
4.693715594332417851e+01 4.922402131018076687e+01
4.693715594332417851e+01 4.747753095850045923e+01
4.693715594332417851e+01 4.756088496052165482e+01
4.693715594332417851e+01 4.750570642863026904e+01
4.693715594332417851e+01 4.836141006454290903e+01
4.693715594332417851e+01 4.545068478368339271e+01
4.693715594332417851e+01 4.463088925887534941e+01
4.693715594332417851e+01 4.596293831610108782e+01
4.693715594332417851e+01 4.276761743603431398e+01
4.693715594332417851e+01 4.749746437796857634e+01
4.693715594332417851e+01 4.988148195680927444e+01
4.693715594332417851e+01 5.143086809023206740e+01
4.693715594332417851e+01 5.031160293514868442e+01
4.693715594332417851e+01 4.638189513342020831e+01
4.693715594332417851e+01 4.329119320506485025e+01
4.693715594332417851e+01 4.561267169293310531e+01
4.693715594332417851e+01 4.409240904032474617e+01
4.693715594332417851e+01 4.660253260270830111e+01
4.693715594332417851e+01 4.395102805411191582e+01
4.693715594332417851e+01 4.595365170818453038e+01
4.693715594332417851e+01 4.910826970177605943e+01
4.693715594332417851e+01 4.585031745805651582e+01
4.693715594332417851e+01 4.566605322537971290e+01
4.693715594332417851e+01 4.729747581201478113e+01
4.693715594332417851e+01 4.509136066456627390e+01
4.693715594332417851e+01 4.583762116007761733e+01
4.693715594332417851e+01 4.303455668888230434e+01
4.693715594332417851e+01 4.897735879952530524e+01
4.693715594332417851e+01 4.768107931492258444e+01
4.693715594332417851e+01 5.078155481926116011e+01
4.693715594332417851e+01 4.407856492649344204e+01
4.693715594332417851e+01 4.307819737939416882e+01
4.693715594332417851e+01 4.588034286082003632e+01
4.693715594332417851e+01 4.463606068081366374e+01
4.693715594332417851e+01 4.634655521772089060e+01
4.693715594332417851e+01 4.767657400999026152e+01
4.693715594332417851e+01 4.337507824399202860e+01
4.693715594332417851e+01 4.627808220795947136e+01
4.693715594332417851e+01 4.651197422882997756e+01
4.693715594332417851e+01 4.893638074034625163e+01
4.693715594332417851e+01 4.590924084272726446e+01
4.693715594332417851e+01 4.260842018113334717e+01
4.693715594332417851e+01 5.147348805700860197e+01
4.693715594332417851e+01 4.922441213727959308e+01
4.693715594332417851e+01 4.981453087186267936e+01
4.693715594332417851e+01 4.979519791911813797e+01
4.693715594332417851e+01 4.598493250703569402e+01
4.693715594332417851e+01 4.166053608216883930e+01
4.693715594332417851e+01 4.765333312834358281e+01
4.693715594332417851e+01 4.778700499022965431e+01
4.693715594332417851e+01 4.417764139716193483e+01
4.693715594332417851e+01 4.329942724856113756e+01
4.693715594332417851e+01 4.502993140014165618e+01
4.693715594332417851e+01 4.419512258230829360e+01
4.693715594332417851e+01 4.701394530227171487e+01
4.693715594332417851e+01 4.116906365366453713e+01
4.693715594332417851e+01 4.496024422451499447e+01
4.693715594332417851e+01 4.502988764276123135e+01
4.693715594332417851e+01 4.497483679725213079e+01
4.693715594332417851e+01 4.470991557134914274e+01
4.693715594332417851e+01 4.926622036690726958e+01
4.693715594332417851e+01 5.229223501243147609e+01
4.693715594332417851e+01 5.028343767744370041e+01
4.693715594332417851e+01 4.098980068365028018e+01
4.693715594332417851e+01 4.158009265010471722e+01
4.693715594332417851e+01 4.671519330333144637e+01
4.693715594332417851e+01 4.497115663904227745e+01
4.693715594332417851e+01 4.362086237217823737e+01
4.693715594332417851e+01 4.911317179540485967e+01
4.693715594332417851e+01 4.176502532069472551e+01
4.693715594332417851e+01 5.197121537160303006e+01
4.693715594332417851e+01 4.857484215263485794e+01
4.693715594332417851e+01 4.544764285069635434e+01
4.693715594332417851e+01 4.699804287769782007e+01
4.693715594332417851e+01 4.231071940192467906e+01
4.693715594332417851e+01 4.160201153168394228e+01
4.693715594332417851e+01 5.114788461090468275e+01
4.693715594332417851e+01 4.507131617988765271e+01
4.693715594332417851e+01 4.870758987099039672e+01
4.693715594332417851e+01 4.340701319847001116e+01
4.693715594332417851e+01 4.618653176955513828e+01
4.693715594332417851e+01 5.317473524201324153e+01
4.693715594332417851e+01 5.054474206270626269e+01
4.693715594332417851e+01 4.050379156842956974e+01
4.693715594332417851e+01 4.978073010222286143e+01
4.693715594332417851e+01 4.376914815722723517e+01
4.693715594332417851e+01 4.836283502119913891e+01
4.693715594332417851e+01 4.216399933243150144e+01
4.693715594332417851e+01 4.359770752801865257e+01
4.693715594332417851e+01 4.865490440432503050e+01
4.693715594332417851e+01 4.173224309737987880e+01
4.693715594332417851e+01 4.252610265047815119e+01
4.693715594332417851e+01 4.242514688516897792e+01
4.693715594332417851e+01 4.685885158465096367e+01
4.693715594332417851e+01 4.911158281582618912e+01
4.693715594332417851e+01 4.886702100437324248e+01
4.693715594332417851e+01 4.165291282929187133e+01
4.693715594332417851e+01 4.728924599901282022e+01
4.693715594332417851e+01 4.707413433787496615e+01
4.693715594332417851e+01 4.598102282666429375e+01
4.693715594332417851e+01 4.207986667061160091e+01
4.693715594332417851e+01 5.103406593922085221e+01
4.693715594332417851e+01 4.948306998649935906e+01
4.693715594332417851e+01 4.680106394497855149e+01
4.693715594332417851e+01 4.792903149333460533e+01
4.693715594332417851e+01 4.455843940601300801e+01
4.693715594332417851e+01 4.608502687595420610e+01
4.693715594332417851e+01 4.407744593573050906e+01
4.693715594332417851e+01 4.423727999828553692e+01
4.693715594332417851e+01 4.199545764161243966e+01
4.693715594332417851e+01 5.494553626042623762e+01
4.693715594332417851e+01 4.365812180510072693e+01
4.693715594332417851e+01 4.480268914552410564e+01
4.693715594332417851e+01 4.033038976529115871e+01
4.693715594332417851e+01 4.247102605016402066e+01
4.693715594332417851e+01 4.223414129502310743e+01
4.693715594332417851e+01 4.037603499519573802e+01
4.693715594332417851e+01 4.091959350072111334e+01
4.693715594332417851e+01 4.400607762616825624e+01
4.693715594332417851e+01 4.749678176011511965e+01
4.693715594332417851e+01 4.785572221099273094e+01
4.693715594332417851e+01 4.363004249487413944e+01
4.693715594332417851e+01 4.364462121904583825e+01
4.693715594332417851e+01 4.267846072484883990e+01
4.693715594332417851e+01 4.403669153123227176e+01
4.693715594332417851e+01 4.224102884991775397e+01
4.693715594332417851e+01 4.518283614384551328e+01
4.693715594332417851e+01 4.773356293548869189e+01
4.693715594332417851e+01 4.942531839036325891e+01
4.693715594332417851e+01 5.005235880225678358e+01
4.693715594332417851e+01 4.237971344808354246e+01
4.693715594332417851e+01 4.071848849042110174e+01
4.693715594332417851e+01 4.129415695682650522e+01
4.693715594332417851e+01 5.435369140068877414e+01
4.693715594332417851e+01 3.960974861049584206e+01
4.693715594332417851e+01 4.672257994782255963e+01
4.693715594332417851e+01 4.629982372188779038e+01
4.693715594332417851e+01 4.817632003643978322e+01
4.693715594332417851e+01 4.626085739571411892e+01
4.693715594332417851e+01 4.834359862084135528e+01
4.693715594332417851e+01 5.067063642136944424e+01
4.693715594332417851e+01 4.281082965288361208e+01
4.693715594332417851e+01 4.943323533736187159e+01
4.693715594332417851e+01 4.393521171206212728e+01
4.693715594332417851e+01 5.143458273705326178e+01
4.693715594332417851e+01 4.642590929942533506e+01
4.693715594332417851e+01 4.477568626465700419e+01
4.693715594332417851e+01 4.735441156876630941e+01
4.693715594332417851e+01 4.605651981798252592e+01
4.693715594332417851e+01 4.269693456614194815e+01
4.693715594332417851e+01 4.634100855129614871e+01
4.693715594332417851e+01 4.731715457457724483e+01
4.693715594332417851e+01 4.552394560216580999e+01
4.693715594332417851e+01 4.476773917589500940e+01
4.693715594332417851e+01 4.769868466929261785e+01
4.693715594332417851e+01 4.463143217468182655e+01
4.693715594332417851e+01 4.553019029750720392e+01
4.693715594332417851e+01 4.695278809678202236e+01
4.693715594332417851e+01 4.876498272636190023e+01
4.693715594332417851e+01 4.510694459641212717e+01
4.693715594332417851e+01 4.620134233085682496e+01
4.693715594332417851e+01 4.976566437902922502e+01
4.693715594332417851e+01 5.292440116154703844e+01
4.693715594332417851e+01 5.115313516074519384e+01
4.693715594332417851e+01 4.599562081207356101e+01
4.693715594332417851e+01 4.378140541929782614e+01
4.693715594332417851e+01 4.903422044323760787e+01
4.693715594332417851e+01 5.352507312724920752e+01
4.693715594332417851e+01 4.619530312172907571e+01
4.693715594332417851e+01 4.968520415258240064e+01
4.693715594332417851e+01 4.892239570663270598e+01
4.693715594332417851e+01 4.628057516571711005e+01
4.693715594332417851e+01 5.326372318053869037e+01
4.693715594332417851e+01 4.239159789145987389e+01
4.693715594332417851e+01 4.803689193061069318e+01
4.693715594332417851e+01 4.399805138329445953e+01
4.693715594332417851e+01 4.296946951508135015e+01
4.693715594332417851e+01 4.318366662047840521e+01
4.693715594332417851e+01 4.895810025915071151e+01
4.693715594332417851e+01 4.500151044515931176e+01
4.693715594332417851e+01 4.500690701681825345e+01
4.693715594332417851e+01 5.448937839919042148e+01
4.693715594332417851e+01 4.365328563558274766e+01
4.693715594332417851e+01 4.659355061414568411e+01
4.693715594332417851e+01 4.730732469343394087e+01
4.693715594332417851e+01 4.806225176056450010e+01
4.693715594332417851e+01 4.763484424971711917e+01
4.693715594332417851e+01 5.397278043529286862e+01
4.693715594332417851e+01 4.053623010415805794e+01
4.693715594332417851e+01 4.644700501735231057e+01
4.693715594332417851e+01 5.107295944909412810e+01
4.693715594332417851e+01 4.578036814292138246e+01
4.693715594332417851e+01 4.800437521786096795e+01
4.693715594332417851e+01 4.991521150927369632e+01
4.693715594332417851e+01 4.921219851551474278e+01
4.693715594332417851e+01 4.293433315087710866e+01
4.693715594332417851e+01 5.213702625352241427e+01
4.693715594332417851e+01 4.485201925552415503e+01
4.693715594332417851e+01 4.629612198137863999e+01
