4.693715594332417851e+01 4.728296081149936470e+01
4.693715594332417851e+01 4.365496842406048472e+01
4.693715594332417851e+01 5.201826834876059991e+01
4.693715594332417851e+01 4.756213767225352740e+01
4.693715594332417851e+01 4.897376470648141122e+01
4.693715594332417851e+01 5.082089109165561069e+01
4.693715594332417851e+01 4.832554497599713983e+01
4.693715594332417851e+01 4.937846575636040569e+01
4.693715594332417851e+01 4.696591582148552391e+01
4.693715594332417851e+01 4.311931201148248505e+01
4.693715594332417851e+01 4.398374742850253938e+01
4.693715594332417851e+01 4.299066851614745843e+01
4.693715594332417851e+01 5.036669466223552405e+01
4.693715594332417851e+01 4.588831959021277385e+01
4.693715594332417851e+01 4.077124500774741023e+01
4.693715594332417851e+01 4.507246056772509490e+01
4.693715594332417851e+01 4.257476963768285572e+01
4.693715594332417851e+01 4.837844162867691722e+01
4.693715594332417851e+01 5.066497833727425615e+01
4.693715594332417851e+01 4.563835369645816797e+01
4.693715594332417851e+01 4.724068427986178165e+01
4.693715594332417851e+01 4.910999205245366284e+01
4.693715594332417851e+01 4.372896920974958590e+01
4.693715594332417851e+01 4.677227876561124731e+01
4.693715594332417851e+01 4.330974930844164561e+01
4.693715594332417851e+01 4.093857459733300175e+01
4.693715594332417851e+01 4.373800933810682068e+01
4.693715594332417851e+01 5.271872081476131200e+01
4.693715594332417851e+01 4.485235679317446511e+01
4.693715594332417851e+01 5.144981424191271202e+01
4.693715594332417851e+01 4.438365292030567133e+01
4.693715594332417851e+01 4.679316760107093387e+01
4.693715594332417851e+01 5.095861261021611455e+01
4.693715594332417851e+01 4.509916199902880862e+01
4.693715594332417851e+01 4.732806386894849737e+01
4.693715594332417851e+01 4.982138691053749113e+01
4.693715594332417851e+01 4.652849753265041954e+01
4.693715594332417851e+01 4.777514456241308238e+01
4.693715594332417851e+01 4.687232805411632341e+01
4.693715594332417851e+01 4.953103349544146283e+01
4.693715594332417851e+01 4.537569730664494472e+01
4.693715594332417851e+01 4.638125450412810125e+01
4.693715594332417851e+01 4.367280805306917557e+01
4.693715594332417851e+01 4.435718632284039131e+01
4.693715594332417851e+01 5.036625773684977503e+01
4.693715594332417851e+01 4.335481484726602019e+01
4.693715594332417851e+01 4.462187234036132821e+01
4.693715594332417851e+01 4.241658874629956699e+01
4.693715594332417851e+01 4.127151562477047264e+01
4.693715594332417851e+01 4.486596762067090083e+01
4.693715594332417851e+01 4.569172123946320596e+01
4.693715594332417851e+01 5.187438052614984940e+01
4.693715594332417851e+01 4.413055263180592647e+01
4.693715594332417851e+01 4.769386189976063406e+01
4.693715594332417851e+01 5.112658844481216391e+01
4.693715594332417851e+01 4.116972179790464992e+01
4.693715594332417851e+01 4.185427044325948742e+01
4.693715594332417851e+01 4.410054315121704605e+01
4.693715594332417851e+01 4.142987696387023533e+01
4.693715594332417851e+01 4.498572540637611183e+01
4.693715594332417851e+01 4.927224818796808137e+01
4.693715594332417851e+01 4.447417055760247706e+01
4.693715594332417851e+01 4.573056214248647677e+01
4.693715594332417851e+01 4.307378996286842465e+01
4.693715594332417851e+01 5.657137642965369650e+01
4.693715594332417851e+01 4.821959522606780268e+01
4.693715594332417851e+01 4.704805805415186626e+01
4.693715594332417851e+01 4.537185058666647564e+01
4.693715594332417851e+01 4.710230972473277689e+01
4.693715594332417851e+01 4.407026032937311300e+01
4.693715594332417851e+01 4.554797172420932583e+01
4.693715594332417851e+01 4.876320280456931044e+01
4.693715594332417851e+01 4.392357959272000301e+01
4.693715594332417851e+01 4.837672436449863511e+01
4.693715594332417851e+01 4.233976915717290268e+01
4.693715594332417851e+01 4.667926247843086429e+01
4.693715594332417851e+01 4.724745492093462218e+01
4.693715594332417851e+01 4.592280424228348323e+01
4.693715594332417851e+01 3.754312806042977257e+01
4.693715594332417851e+01 4.565394867496183906e+01
4.693715594332417851e+01 4.910255766914713860e+01
4.693715594332417851e+01 4.055609542811156132e+01
4.693715594332417851e+01 5.310251365364711518e+01
4.693715594332417851e+01 4.484172133763272683e+01
4.693715594332417851e+01 3.684664585451179164e+01
4.693715594332417851e+01 4.273551835229788765e+01
4.693715594332417851e+01 4.400422927886785374e+01
4.693715594332417851e+01 3.844349924809333885e+01
4.693715594332417851e+01 5.048036240770466776e+01
4.693715594332417851e+01 4.421811825111652183e+01
4.693715594332417851e+01 4.483528074165553789e+01
4.693715594332417851e+01 4.671950810366461582e+01
4.693715594332417851e+01 4.820222158147198144e+01
4.693715594332417851e+01 5.113312142093881363e+01
4.693715594332417851e+01 4.585444459225313807e+01
4.693715594332417851e+01 4.312364439962960461e+01
4.693715594332417851e+01 4.030405363912442596e+01
4.693715594332417851e+01 4.496465320031471435e+01
4.693715594332417851e+01 4.864788002417987656e+01
4.693715594332417851e+01 4.705985584097685148e+01
4.693715594332417851e+01 4.468620413935443736e+01
4.693715594332417851e+01 4.610014697213894408e+01
4.693715594332417851e+01 4.592112546331232892e+01
4.693715594332417851e+01 4.968564604471291801e+01
4.693715594332417851e+01 4.449036325907496803e+01
4.693715594332417851e+01 4.324362262756428521e+01
4.693715594332417851e+01 4.840103722205093817e+01
4.693715594332417851e+01 5.107598361947497523e+01
4.693715594332417851e+01 4.744409264669272375e+01
4.693715594332417851e+01 4.705933330708024442e+01
4.693715594332417851e+01 5.163491199394503894e+01
4.693715594332417851e+01 5.174904705839126962e+01
4.693715594332417851e+01 4.215845967287386742e+01
4.693715594332417851e+01 3.999228195735276614e+01
4.693715594332417851e+01 4.695190912054973609e+01
4.693715594332417851e+01 4.283691267352114096e+01
4.693715594332417851e+01 4.608479624432427357e+01
4.693715594332417851e+01 4.500267863805829904e+01
4.693715594332417851e+01 4.277219147271677713e+01
4.693715594332417851e+01 4.597958784660904996e+01
4.693715594332417851e+01 4.498621536389102715e+01
4.693715594332417851e+01 4.239385904012569029e+01
4.693715594332417851e+01 4.454579038744737574e+01
4.693715594332417851e+01 4.800370432085744454e+01
4.693715594332417851e+01 4.962560187387294519e+01
4.693715594332417851e+01 5.075105178708631115e+01
4.693715594332417851e+01 5.494674462407447635e+01
4.693715594332417851e+01 3.921996800945651529e+01
4.693715594332417851e+01 4.848278070465931933e+01
4.693715594332417851e+01 4.755769982641547244e+01
4.693715594332417851e+01 4.340176042276966228e+01
4.693715594332417851e+01 4.360662186921384631e+01
4.693715594332417851e+01 4.432298412281642186e+01
4.693715594332417851e+01 4.963829128991044826e+01
4.693715594332417851e+01 4.586591715504572164e+01
4.693715594332417851e+01 4.262703766171295428e+01
4.693715594332417851e+01 4.801883485324420775e+01
4.693715594332417851e+01 4.322604398586271657e+01
4.693715594332417851e+01 4.411073769993257798e+01
4.693715594332417851e+01 4.607731713959259423e+01
4.693715594332417851e+01 4.691852451149963343e+01
4.693715594332417851e+01 4.692353614234706782e+01
4.693715594332417851e+01 4.186049269964500041e+01
4.693715594332417851e+01 4.432696744678087697e+01
4.693715594332417851e+01 5.076533996003945504e+01
4.693715594332417851e+01 4.223118497270171190e+01
4.693715594332417851e+01 4.188420637852521367e+01
4.693715594332417851e+01 4.935595253399730353e+01
4.693715594332417851e+01 5.209836203883898520e+01
4.693715594332417851e+01 5.197719480554237492e+01
4.693715594332417851e+01 4.823058294121313594e+01
4.693715594332417851e+01 5.056813863690658195e+01
4.693715594332417851e+01 4.282614498399458114e+01
4.693715594332417851e+01 4.605279974637864626e+01
4.693715594332417851e+01 4.506912612237316296e+01
4.693715594332417851e+01 4.247293061891210897e+01
4.693715594332417851e+01 4.439589730424730618e+01
4.693715594332417851e+01 4.636582163105644128e+01
4.693715594332417851e+01 4.798549847071040375e+01
4.693715594332417851e+01 4.378871966385367642e+01
4.693715594332417851e+01 4.210221880712396114e+01
4.693715594332417851e+01 4.246250665227166365e+01
4.693715594332417851e+01 4.055087961436169053e+01
4.693715594332417851e+01 4.013806256213831603e+01
4.693715594332417851e+01 4.736599013233026056e+01
4.693715594332417851e+01 4.782791374486794922e+01
4.693715594332417851e+01 5.004411348472520871e+01
4.693715594332417851e+01 5.264498923506801731e+01
4.693715594332417851e+01 4.512611287143997885e+01
4.693715594332417851e+01 4.656754551763618366e+01
4.693715594332417851e+01 4.610265365699511619e+01
4.693715594332417851e+01 4.474880993132887141e+01
4.693715594332417851e+01 5.547278832119679493e+01
4.693715594332417851e+01 4.584748986079904398e+01
4.693715594332417851e+01 4.526353129259974395e+01
4.693715594332417851e+01 5.215768583472116404e+01
4.693715594332417851e+01 4.470143437411890375e+01
4.693715594332417851e+01 4.244817995101308128e+01
4.693715594332417851e+01 4.802359783257881531e+01
4.693715594332417851e+01 4.461533371757783328e+01
4.693715594332417851e+01 4.240715481307339729e+01
4.693715594332417851e+01 4.229070539367104686e+01
4.693715594332417851e+01 5.518644118615409155e+01
4.693715594332417851e+01 4.689827205595084081e+01
4.693715594332417851e+01 4.469115594625591825e+01
4.693715594332417851e+01 5.752163217248565275e+01
4.693715594332417851e+01 4.586353686050921397e+01
4.693715594332417851e+01 4.897199844469774632e+01
4.693715594332417851e+01 5.093599679977169359e+01
4.693715594332417851e+01 4.521384072402081955e+01
4.693715594332417851e+01 4.486857931836538427e+01
4.693715594332417851e+01 4.676428331748441991e+01
4.693715594332417851e+01 4.881635398811575044e+01
4.693715594332417851e+01 5.038937387477995600e+01
4.693715594332417851e+01 4.670356744304220342e+01
4.693715594332417851e+01 4.883469348365665041e+01
4.693715594332417851e+01 4.738105867102916591e+01
4.693715594332417851e+01 4.186256934075176162e+01
4.693715594332417851e+01 5.225813553036947923e+01
4.693715594332417851e+01 4.515979736537677525e+01
4.693715594332417851e+01 4.401385233411147624e+01
4.693715594332417851e+01 3.975963172638259380e+01
4.693715594332417851e+01 4.715126379138458645e+01
4.693715594332417851e+01 4.614000003246862747e+01
4.693715594332417851e+01 4.536914287919464783e+01
4.693715594332417851e+01 4.574465981383951174e+01
4.693715594332417851e+01 5.013164861808898110e+01
4.693715594332417851e+01 4.439297667575586104e+01
4.693715594332417851e+01 4.083044902498608764e+01
4.693715594332417851e+01 4.092115642821985944e+01
4.693715594332417851e+01 4.581088025105353267e+01
4.693715594332417851e+01 4.522570520179197473e+01
4.693715594332417851e+01 4.602857197448307147e+01
4.693715594332417851e+01 5.009030704711082649e+01
4.693715594332417851e+01 4.470456814673337931e+01
4.693715594332417851e+01 5.358301257139781626e+01
4.693715594332417851e+01 4.560894709512745493e+01
4.693715594332417851e+01 5.194868885891357024e+01
4.693715594332417851e+01 4.477663250349084478e+01
4.693715594332417851e+01 4.392436481976368157e+01
4.693715594332417851e+01 4.396630010013292633e+01
4.693715594332417851e+01 5.060335171026061118e+01
4.693715594332417851e+01 4.623339946137311784e+01
4.693715594332417851e+01 4.471095603906559290e+01
4.693715594332417851e+01 4.600217697708269782e+01
4.693715594332417851e+01 5.165629562364146921e+01
4.693715594332417851e+01 4.659500438633661901e+01
4.693715594332417851e+01 4.922018229311830595e+01
4.693715594332417851e+01 4.562595057691397216e+01
4.693715594332417851e+01 5.487371524890905761e+01
4.693715594332417851e+01 4.677125470589366785e+01
4.693715594332417851e+01 4.926413079894362568e+01
4.693715594332417851e+01 5.001605326469090329e+01
4.693715594332417851e+01 4.245365602837410535e+01
4.693715594332417851e+01 4.937587701936353568e+01
4.693715594332417851e+01 4.577088612064356710e+01
4.693715594332417851e+01 4.810072349681436066e+01
4.693715594332417851e+01 4.704147487527137628e+01
4.693715594332417851e+01 4.833388095703629972e+01
4.693715594332417851e+01 4.888179803277404289e+01
4.693715594332417851e+01 4.409572792042455802e+01
4.693715594332417851e+01 4.340048972680175865e+01
4.693715594332417851e+01 4.359561497006927766e+01
4.693715594332417851e+01 4.141292928129760043e+01
4.693715594332417851e+01 4.132028867435924013e+01
4.693715594332417851e+01 4.560885459047471358e+01
4.693715594332417851e+01 4.438138920375812546e+01
4.693715594332417851e+01 4.855927854816989964e+01
4.693715594332417851e+01 4.735255589546579813e+01
4.693715594332417851e+01 3.958496430837306690e+01
4.693715594332417851e+01 4.264794861588013219e+01
4.693715594332417851e+01 4.796518061801920396e+01
4.693715594332417851e+01 4.090462385950533530e+01
4.693715594332417851e+01 4.566170919650897986e+01
4.693715594332417851e+01 4.454791774750407285e+01
4.693715594332417851e+01 4.745479155194040999e+01
4.693715594332417851e+01 4.452206010327445540e+01
4.693715594332417851e+01 4.766937332497586510e+01
4.693715594332417851e+01 4.385809956355782901e+01
4.693715594332417851e+01 4.530447681957577544e+01
4.693715594332417851e+01 4.654293310902944825e+01
4.693715594332417851e+01 4.620057002900968257e+01
4.693715594332417851e+01 4.501629555405155969e+01
4.693715594332417851e+01 4.829699775099707892e+01
4.693715594332417851e+01 4.549958699325512868e+01
4.693715594332417851e+01 4.656241335985354368e+01
4.693715594332417851e+01 3.956949010067950212e+01
4.693715594332417851e+01 4.974263853795331869e+01
4.693715594332417851e+01 4.545187899410890253e+01
4.693715594332417851e+01 5.022020984086658757e+01
4.693715594332417851e+01 4.739293423131005767e+01
4.693715594332417851e+01 4.781646087891314778e+01
4.693715594332417851e+01 4.437985471836220341e+01
4.693715594332417851e+01 4.719291823804896779e+01
4.693715594332417851e+01 5.099679925156388549e+01
4.693715594332417851e+01 4.619098171356660032e+01
4.693715594332417851e+01 4.979735679218885025e+01
4.693715594332417851e+01 4.986617550163294510e+01
4.693715594332417851e+01 4.816394304127236126e+01
4.693715594332417851e+01 4.697899095866836916e+01
4.693715594332417851e+01 4.731847618427539715e+01
4.693715594332417851e+01 5.035986036402157140e+01
4.693715594332417851e+01 4.452510802313092597e+01
4.693715594332417851e+01 4.858928511213855472e+01
4.693715594332417851e+01 4.478126284237190191e+01
4.693715594332417851e+01 4.637883241220615105e+01
4.693715594332417851e+01 4.508608714165903564e+01
4.693715594332417851e+01 4.870700781939421375e+01
4.693715594332417851e+01 4.562926687706889339e+01
4.693715594332417851e+01 5.266812923809614233e+01
4.693715594332417851e+01 4.423184257984448919e+01
4.693715594332417851e+01 4.608320844560599028e+01
4.693715594332417851e+01 4.351110690765666078e+01
4.693715594332417851e+01 4.721844378751609383e+01
4.693715594332417851e+01 4.582686410450714476e+01
4.693715594332417851e+01 4.903339635473263769e+01
4.693715594332417851e+01 4.709065693599231395e+01
4.693715594332417851e+01 4.575885490733948302e+01
4.693715594332417851e+01 4.598247367715806178e+01
4.693715594332417851e+01 4.565206813216174453e+01
4.693715594332417851e+01 5.096870214405325328e+01
4.693715594332417851e+01 4.674512273675556884e+01
4.693715594332417851e+01 4.808467688550019403e+01
4.693715594332417851e+01 4.732201401585859202e+01
4.693715594332417851e+01 4.725571835608453597e+01
4.693715594332417851e+01 4.527653579697549446e+01
4.693715594332417851e+01 4.413129584638745229e+01
4.693715594332417851e+01 4.470903264692238821e+01
4.693715594332417851e+01 5.045815047578123114e+01
4.693715594332417851e+01 4.302787552561463258e+01
4.693715594332417851e+01 5.123296522144033815e+01
4.693715594332417851e+01 4.710299719906025473e+01
4.693715594332417851e+01 4.352637784841395785e+01
4.693715594332417851e+01 4.170114503517229565e+01
4.693715594332417851e+01 4.428564637512807423e+01
4.693715594332417851e+01 5.258019865025099904e+01
4.693715594332417851e+01 4.411731613076277370e+01
4.693715594332417851e+01 4.477192787638599469e+01
4.693715594332417851e+01 5.277581774959845262e+01
4.693715594332417851e+01 4.675477822528893768e+01
4.693715594332417851e+01 4.975365440778737991e+01
4.693715594332417851e+01 4.860100804869414759e+01
4.693715594332417851e+01 4.519311443746944690e+01
4.693715594332417851e+01 4.732699070979811751e+01
4.693715594332417851e+01 4.488899326723932859e+01
4.693715594332417851e+01 4.913283932650355013e+01
4.693715594332417851e+01 4.509437667853744358e+01
4.693715594332417851e+01 4.169843313543083951e+01
4.693715594332417851e+01 4.527664316325241600e+01
4.693715594332417851e+01 5.046730915987561872e+01
4.693715594332417851e+01 4.541025839866716751e+01
4.693715594332417851e+01 4.795520916864357730e+01
4.693715594332417851e+01 4.136746953846095209e+01
4.693715594332417851e+01 4.210905593524982748e+01
4.693715594332417851e+01 4.394678908921171967e+01
4.693715594332417851e+01 4.496333245727652184e+01
4.693715594332417851e+01 4.740876277882688328e+01
4.693715594332417851e+01 4.839819564591591927e+01
4.693715594332417851e+01 4.856119209549745364e+01
4.693715594332417851e+01 4.429176117626346354e+01
4.693715594332417851e+01 5.460488661555967838e+01
4.693715594332417851e+01 4.286572940396121822e+01
4.693715594332417851e+01 5.061969012034236215e+01
4.693715594332417851e+01 4.541890664755791818e+01
4.693715594332417851e+01 4.854260859749831525e+01
4.693715594332417851e+01 4.981578896597841322e+01
4.693715594332417851e+01 4.739318056922563471e+01
4.693715594332417851e+01 4.465735653443382347e+01
4.693715594332417851e+01 4.213336972825023707e+01
4.693715594332417851e+01 4.670964015869275698e+01
4.693715594332417851e+01 4.982682834459445331e+01
4.693715594332417851e+01 4.556153851205284866e+01
4.693715594332417851e+01 4.375097678094168430e+01
4.693715594332417851e+01 4.496988459583150899e+01
4.693715594332417851e+01 5.194755566042020689e+01
4.693715594332417851e+01 4.910032823012946324e+01
4.693715594332417851e+01 4.766791664730232014e+01
4.693715594332417851e+01 4.505709929437688999e+01
4.693715594332417851e+01 4.649634584585513153e+01
4.693715594332417851e+01 4.522911521069426044e+01
4.693715594332417851e+01 4.789274555273364342e+01
4.693715594332417851e+01 3.880943927400055316e+01
4.693715594332417851e+01 4.613851853236002398e+01
4.693715594332417851e+01 4.729347066265964372e+01
4.693715594332417851e+01 4.714684177143758603e+01
4.693715594332417851e+01 4.631257540918944215e+01
4.693715594332417851e+01 4.650443924388134320e+01
4.693715594332417851e+01 4.563003225279354069e+01
4.693715594332417851e+01 3.794668314628567884e+01
4.693715594332417851e+01 4.016777770184636864e+01
4.693715594332417851e+01 4.419202244146813285e+01
4.693715594332417851e+01 4.898255816371192140e+01
4.693715594332417851e+01 4.537008688672030843e+01
4.693715594332417851e+01 4.783791464131518012e+01
4.693715594332417851e+01 4.399974272099355943e+01
4.693715594332417851e+01 4.484247009242268689e+01
4.693715594332417851e+01 5.406008954008954959e+01
4.693715594332417851e+01 4.677366312307981389e+01
4.693715594332417851e+01 4.878703283705097249e+01
4.693715594332417851e+01 4.404051589770459429e+01
4.693715594332417851e+01 4.603203855139549461e+01
4.693715594332417851e+01 4.183111896657424467e+01
4.693715594332417851e+01 4.078674113786884448e+01
4.693715594332417851e+01 3.827477294437811395e+01
4.693715594332417851e+01 4.418471220805216859e+01
4.693715594332417851e+01 4.416127548048992679e+01
4.693715594332417851e+01 4.651298816428844418e+01
4.693715594332417851e+01 5.630309091864196347e+01
4.693715594332417851e+01 4.663978710437310582e+01
4.693715594332417851e+01 4.532001403346912127e+01
4.693715594332417851e+01 5.519101328257899297e+01
4.693715594332417851e+01 4.325386666175162986e+01
4.693715594332417851e+01 4.486089148988986608e+01
4.693715594332417851e+01 4.967935933843964591e+01
4.693715594332417851e+01 4.760261101513204807e+01
4.693715594332417851e+01 4.090757000778646812e+01
4.693715594332417851e+01 4.538494768598816620e+01
4.693715594332417851e+01 4.609737759002597812e+01
4.693715594332417851e+01 4.328723025232101662e+01
4.693715594332417851e+01 4.641188219400625314e+01
4.693715594332417851e+01 4.001436476115953411e+01
4.693715594332417851e+01 4.956310333779960331e+01
4.693715594332417851e+01 4.678294322039963049e+01
4.693715594332417851e+01 4.597945689950357462e+01
4.693715594332417851e+01 4.188241380719694007e+01
4.693715594332417851e+01 4.124369913644561336e+01
4.693715594332417851e+01 4.815059931616355016e+01
4.693715594332417851e+01 4.980422821894439522e+01
4.693715594332417851e+01 4.437602458755968371e+01
4.693715594332417851e+01 4.990806826598294066e+01
4.693715594332417851e+01 4.735547229974248040e+01
4.693715594332417851e+01 4.248047974442901165e+01
4.693715594332417851e+01 4.400238756795343420e+01
4.693715594332417851e+01 4.511472925797122713e+01
4.693715594332417851e+01 4.454187403200887019e+01
4.693715594332417851e+01 4.074329332547164029e+01
4.693715594332417851e+01 4.389661728766723314e+01
4.693715594332417851e+01 4.657582289224813366e+01
4.693715594332417851e+01 4.112828735167087046e+01
4.693715594332417851e+01 4.981541181261667361e+01
4.693715594332417851e+01 4.527110138846460075e+01
4.693715594332417851e+01 4.453383541676656421e+01
4.693715594332417851e+01 5.154012324358431130e+01
4.693715594332417851e+01 4.961213635074876294e+01
4.693715594332417851e+01 4.135925260204388820e+01
4.693715594332417851e+01 4.321187473862623563e+01
4.693715594332417851e+01 4.162861935188815465e+01
4.693715594332417851e+01 4.834298888782046077e+01
4.693715594332417851e+01 4.618354481459178373e+01
4.693715594332417851e+01 4.503272908039406985e+01
4.693715594332417851e+01 4.953639667417320425e+01
4.693715594332417851e+01 4.916416085974006478e+01
4.693715594332417851e+01 4.412342773592809664e+01
4.693715594332417851e+01 4.707251972636125004e+01
4.693715594332417851e+01 4.685789285168648632e+01
4.693715594332417851e+01 4.748361256936496488e+01
4.693715594332417851e+01 4.450606295833244985e+01
4.693715594332417851e+01 4.804307313724579132e+01
4.693715594332417851e+01 4.535691630134284225e+01
4.693715594332417851e+01 4.862650484086071856e+01
4.693715594332417851e+01 4.234942495764390458e+01
4.693715594332417851e+01 4.417886491024943751e+01
4.693715594332417851e+01 4.829242508875950790e+01
4.693715594332417851e+01 4.962973028662570130e+01
4.693715594332417851e+01 4.959067321349084523e+01
4.693715594332417851e+01 4.655662229336689251e+01
4.693715594332417851e+01 4.953031159917227200e+01
4.693715594332417851e+01 4.300014847080465330e+01
4.693715594332417851e+01 4.037753853249365221e+01
4.693715594332417851e+01 4.410086317437491488e+01
4.693715594332417851e+01 4.082025432327559855e+01
4.693715594332417851e+01 5.049720069215306495e+01
4.693715594332417851e+01 4.869337185558249104e+01
4.693715594332417851e+01 4.910338345529756765e+01
4.693715594332417851e+01 5.141229065665383757e+01
4.693715594332417851e+01 4.387745470337814879e+01
4.693715594332417851e+01 4.405037383683696817e+01
4.693715594332417851e+01 4.622681416322804182e+01
4.693715594332417851e+01 4.775081039582649112e+01
4.693715594332417851e+01 4.187972194189729436e+01
4.693715594332417851e+01 4.149027534440597265e+01
4.693715594332417851e+01 4.256432200475536121e+01
4.693715594332417851e+01 4.322844855380611051e+01
4.693715594332417851e+01 4.722998801082167830e+01
4.693715594332417851e+01 4.852817277112578154e+01
4.693715594332417851e+01 5.202262704910022961e+01
4.693715594332417851e+01 4.262791184169670800e+01
4.693715594332417851e+01 5.043209367059812820e+01
4.693715594332417851e+01 4.387104694638436797e+01
4.693715594332417851e+01 4.280444574282383741e+01
4.693715594332417851e+01 5.026555283888130532e+01
4.693715594332417851e+01 4.513993901088721117e+01
4.693715594332417851e+01 4.709352055648661661e+01
4.693715594332417851e+01 4.465985732206695502e+01
4.693715594332417851e+01 4.881883876117498033e+01
4.693715594332417851e+01 5.114677662245587442e+01
4.693715594332417851e+01 4.353216331790576277e+01
4.693715594332417851e+01 4.337205524746713792e+01
4.693715594332417851e+01 4.374688227472437063e+01
4.693715594332417851e+01 4.031938732280303839e+01
4.693715594332417851e+01 4.924097927890210968e+01
4.693715594332417851e+01 4.532651078836430969e+01
4.693715594332417851e+01 4.378340045221135313e+01
4.693715594332417851e+01 4.816034542355394166e+01
4.693715594332417851e+01 4.439997109230919392e+01
4.693715594332417851e+01 4.712440015328426313e+01
4.693715594332417851e+01 4.583073053958452192e+01
4.693715594332417851e+01 4.700156729510672449e+01
4.693715594332417851e+01 4.869079738035317462e+01
4.693715594332417851e+01 4.531404178342193489e+01
4.693715594332417851e+01 4.685341990173520088e+01
4.693715594332417851e+01 4.803629681624292402e+01
4.693715594332417851e+01 4.586658751725263983e+01
4.693715594332417851e+01 4.872514040335215668e+01
4.693715594332417851e+01 4.807908145224730134e+01
4.693715594332417851e+01 5.419325034270576680e+01
4.693715594332417851e+01 4.633957014398264107e+01
4.693715594332417851e+01 4.829839947019226543e+01
4.693715594332417851e+01 5.210733915484473755e+01
4.693715594332417851e+01 4.454696872463198076e+01
4.693715594332417851e+01 4.774536548228735455e+01
4.693715594332417851e+01 4.515931951929809429e+01
4.693715594332417851e+01 4.813839602324450340e+01
4.693715594332417851e+01 4.750054329976108392e+01
4.693715594332417851e+01 4.764296798491585605e+01
4.693715594332417851e+01 4.357380209275100924e+01
4.693715594332417851e+01 4.906510349404226901e+01
4.693715594332417851e+01 4.618458434345109964e+01
4.693715594332417851e+01 4.570530163430832005e+01
4.693715594332417851e+01 4.896760735868525671e+01
4.693715594332417851e+01 4.897718827635821981e+01
4.693715594332417851e+01 4.752224759066895388e+01
4.693715594332417851e+01 4.703668759941060529e+01
4.693715594332417851e+01 4.734748929217657576e+01
4.693715594332417851e+01 4.108798408969344251e+01
4.693715594332417851e+01 4.419246637058409988e+01
4.693715594332417851e+01 4.535117749950833854e+01
4.693715594332417851e+01 4.287882324897086050e+01
4.693715594332417851e+01 4.360889183507241995e+01
4.693715594332417851e+01 4.551681750723310671e+01
4.693715594332417851e+01 4.783051020509061146e+01
4.693715594332417851e+01 4.418550933636483080e+01
4.693715594332417851e+01 4.841312923433207516e+01
4.693715594332417851e+01 4.791508744754079174e+01
4.693715594332417851e+01 4.526590096586651413e+01
4.693715594332417851e+01 4.918615266694115462e+01
4.693715594332417851e+01 4.784195822280399568e+01
4.693715594332417851e+01 4.524580688220424918e+01
4.693715594332417851e+01 4.859022105068807207e+01
4.693715594332417851e+01 4.487175005655650040e+01
4.693715594332417851e+01 4.331381377926030041e+01
4.693715594332417851e+01 4.186396806408428262e+01
4.693715594332417851e+01 4.123819509162934338e+01
4.693715594332417851e+01 4.476691427339921603e+01
4.693715594332417851e+01 4.259252997033058108e+01
4.693715594332417851e+01 4.507949098409023492e+01
4.693715594332417851e+01 5.097824508125037113e+01
4.693715594332417851e+01 4.907857835992761153e+01
4.693715594332417851e+01 4.435298922114179732e+01
4.693715594332417851e+01 4.551518922081299223e+01
4.693715594332417851e+01 4.855557804214667073e+01
4.693715594332417851e+01 4.729258833712527377e+01
4.693715594332417851e+01 4.343447345602045573e+01
4.693715594332417851e+01 5.102518652850807968e+01
4.693715594332417851e+01 4.410683269538741058e+01
4.693715594332417851e+01 4.561297915049294716e+01
4.693715594332417851e+01 4.813800561038272008e+01
4.693715594332417851e+01 4.262641844118243029e+01
4.693715594332417851e+01 5.009964969795858281e+01
4.693715594332417851e+01 4.787718433344209501e+01
4.693715594332417851e+01 5.052212346936809695e+01
4.693715594332417851e+01 4.642305118789472118e+01
4.693715594332417851e+01 4.607288116111775622e+01
4.693715594332417851e+01 5.115110352027289053e+01
4.693715594332417851e+01 4.804275156616932918e+01
4.693715594332417851e+01 5.043306216478109150e+01
4.693715594332417851e+01 4.913607297158068121e+01
4.693715594332417851e+01 5.111487012245082440e+01
4.693715594332417851e+01 4.721221099252534970e+01
4.693715594332417851e+01 4.443760464173800528e+01
4.693715594332417851e+01 4.308589143140822131e+01
4.693715594332417851e+01 4.561768820917822609e+01
4.693715594332417851e+01 5.095087252895638130e+01
4.693715594332417851e+01 4.624450009547273055e+01
4.693715594332417851e+01 4.322554393115699156e+01
4.693715594332417851e+01 4.580152726186481260e+01
4.693715594332417851e+01 4.256980757276548388e+01
4.693715594332417851e+01 4.666620237031796847e+01
4.693715594332417851e+01 4.758444149817294289e+01
4.693715594332417851e+01 4.135728197018773500e+01
4.693715594332417851e+01 4.704797824330733391e+01
4.693715594332417851e+01 4.462168399746427383e+01
4.693715594332417851e+01 4.699333954100394095e+01
4.693715594332417851e+01 4.890976056659752658e+01
4.693715594332417851e+01 4.671219733091891158e+01
4.693715594332417851e+01 4.798535918533559652e+01
4.693715594332417851e+01 4.269039395819686433e+01
4.693715594332417851e+01 4.011731057391371280e+01
4.693715594332417851e+01 4.595557325768842816e+01
4.693715594332417851e+01 5.507487565937179852e+01
4.693715594332417851e+01 4.311418303022590237e+01
4.693715594332417851e+01 5.064988254782247878e+01
4.693715594332417851e+01 4.814597928629715540e+01
4.693715594332417851e+01 4.791531780125178130e+01
4.693715594332417851e+01 4.600350309202720922e+01
4.693715594332417851e+01 4.822819971030888553e+01
4.693715594332417851e+01 4.658556431367580331e+01
4.693715594332417851e+01 5.202147657117853896e+01
4.693715594332417851e+01 3.974497783898745240e+01
4.693715594332417851e+01 5.040339316599441588e+01
4.693715594332417851e+01 4.565713139225955786e+01
4.693715594332417851e+01 4.931018417376250795e+01
4.693715594332417851e+01 4.264724290367775694e+01
4.693715594332417851e+01 4.884195589699645268e+01
4.693715594332417851e+01 4.364692722887975407e+01
4.693715594332417851e+01 4.753680974727267738e+01
4.693715594332417851e+01 5.064385987251995402e+01
4.693715594332417851e+01 4.509230101090434317e+01
4.693715594332417851e+01 4.353381672054496931e+01
4.693715594332417851e+01 4.978868644437061164e+01
4.693715594332417851e+01 4.305692956365413693e+01
4.693715594332417851e+01 4.581926589149712470e+01
4.693715594332417851e+01 4.771945799114211439e+01
4.693715594332417851e+01 5.099364760036567645e+01
4.693715594332417851e+01 4.356304972542350384e+01
4.693715594332417851e+01 5.261571112203130696e+01
4.693715594332417851e+01 4.321550348985376644e+01
4.693715594332417851e+01 4.307537641536382722e+01
4.693715594332417851e+01 5.024415879743586544e+01
4.693715594332417851e+01 4.127576126777711352e+01
4.693715594332417851e+01 4.570969043029441536e+01
4.693715594332417851e+01 4.894041349554703402e+01
4.693715594332417851e+01 4.920510331564028661e+01
4.693715594332417851e+01 4.959502260255393935e+01
4.693715594332417851e+01 4.873460660376457554e+01
4.693715594332417851e+01 4.701421963091876677e+01
4.693715594332417851e+01 4.094645255503733949e+01
4.693715594332417851e+01 4.609997681790333957e+01
4.693715594332417851e+01 4.701760615036749158e+01
4.693715594332417851e+01 4.259276426662480475e+01
4.693715594332417851e+01 4.662158541344453511e+01
4.693715594332417851e+01 4.453276320961264645e+01
4.693715594332417851e+01 4.410370842970591809e+01
4.693715594332417851e+01 4.421556289679616469e+01
4.693715594332417851e+01 4.715351889120041307e+01
4.693715594332417851e+01 4.960957275026861168e+01
4.693715594332417851e+01 4.187758152944939383e+01
4.693715594332417851e+01 4.333352581966462225e+01
4.693715594332417851e+01 4.959062946775750902e+01
4.693715594332417851e+01 5.429774377062996393e+01
4.693715594332417851e+01 4.660502620780329153e+01
4.693715594332417851e+01 4.200763529023273435e+01
4.693715594332417851e+01 4.207939014252249166e+01
4.693715594332417851e+01 4.440475820604939372e+01
4.693715594332417851e+01 4.613521071931941009e+01
4.693715594332417851e+01 4.603233772753605280e+01
4.693715594332417851e+01 4.892405013454838780e+01
4.693715594332417851e+01 4.223684201932800875e+01
4.693715594332417851e+01 4.682241320334352963e+01
4.693715594332417851e+01 4.569063930764206560e+01
4.693715594332417851e+01 4.961514988861452480e+01
4.693715594332417851e+01 5.213662168953754872e+01
4.693715594332417851e+01 4.254957040376390864e+01
4.693715594332417851e+01 4.305895847166733148e+01
4.693715594332417851e+01 4.795967064215132325e+01
4.693715594332417851e+01 4.800560356514346694e+01
4.693715594332417851e+01 4.167679054193636290e+01
4.693715594332417851e+01 3.866741082650906947e+01
4.693715594332417851e+01 4.356682103821264462e+01
4.693715594332417851e+01 4.984906224445522582e+01
4.693715594332417851e+01 5.350767740215933799e+01
4.693715594332417851e+01 4.593077639192678419e+01
4.693715594332417851e+01 4.381930107352491177e+01
4.693715594332417851e+01 4.675222739226741453e+01
4.693715594332417851e+01 4.923168755543937181e+01
4.693715594332417851e+01 4.496769555607084357e+01
4.693715594332417851e+01 4.700368416101547098e+01
4.693715594332417851e+01 4.838504579748644829e+01
4.693715594332417851e+01 5.417413347878616037e+01
4.693715594332417851e+01 3.868560042674415911e+01
4.693715594332417851e+01 4.352446296191212127e+01
4.693715594332417851e+01 4.830266535918275395e+01
4.693715594332417851e+01 4.971173258619566582e+01
4.693715594332417851e+01 4.503030455619563099e+01
4.693715594332417851e+01 4.985256200461532217e+01
4.693715594332417851e+01 4.364127204921462067e+01
4.693715594332417851e+01 4.311774212211632573e+01
4.693715594332417851e+01 5.398971871471728434e+01
4.693715594332417851e+01 4.417374713558518096e+01
4.693715594332417851e+01 4.349079415439709351e+01
4.693715594332417851e+01 4.440316062888389581e+01
4.693715594332417851e+01 4.108896678393607260e+01
4.693715594332417851e+01 4.679207326233160558e+01
4.693715594332417851e+01 4.484547698415982353e+01
4.693715594332417851e+01 4.473434882497016929e+01
4.693715594332417851e+01 4.307271801703851111e+01
4.693715594332417851e+01 4.515439605372189646e+01
4.693715594332417851e+01 4.993786310006787943e+01
4.693715594332417851e+01 4.972741428644011563e+01
4.693715594332417851e+01 4.766330678387909359e+01
4.693715594332417851e+01 4.795768398811464550e+01
4.693715594332417851e+01 4.976077978024597570e+01
4.693715594332417851e+01 4.321038493526855717e+01
4.693715594332417851e+01 4.326173876925162887e+01
4.693715594332417851e+01 5.043137634120017765e+01
4.693715594332417851e+01 5.081889929627021729e+01
4.693715594332417851e+01 5.085022554908920256e+01
4.693715594332417851e+01 4.958993842714259159e+01
4.693715594332417851e+01 4.677703187443791677e+01
4.693715594332417851e+01 4.931776625750677567e+01
4.693715594332417851e+01 4.530605135698314001e+01
4.693715594332417851e+01 4.347243966723421238e+01
4.693715594332417851e+01 4.457599462113462607e+01
4.693715594332417851e+01 4.108152045310221467e+01
4.693715594332417851e+01 4.150209570417429461e+01
4.693715594332417851e+01 4.920402022579437329e+01
4.693715594332417851e+01 4.749488851243676635e+01
4.693715594332417851e+01 4.613150043142705670e+01
4.693715594332417851e+01 4.323294475176399487e+01
4.693715594332417851e+01 4.477497656779741675e+01
4.693715594332417851e+01 4.767485855784356374e+01
4.693715594332417851e+01 4.743608955546012851e+01
4.693715594332417851e+01 4.030942775224833952e+01
4.693715594332417851e+01 5.212721920530259467e+01
4.693715594332417851e+01 4.976689620569910488e+01
4.693715594332417851e+01 4.454529134008205915e+01
4.693715594332417851e+01 4.071813978305209503e+01
4.693715594332417851e+01 4.556218840140631698e+01
4.693715594332417851e+01 4.418154009707171781e+01
4.693715594332417851e+01 4.310366917711833423e+01
4.693715594332417851e+01 4.628758761019518175e+01
4.693715594332417851e+01 4.626614635069488202e+01
4.693715594332417851e+01 4.293866301285135023e+01
4.693715594332417851e+01 4.762252850477266719e+01
4.693715594332417851e+01 4.455839995181450774e+01
4.693715594332417851e+01 4.707925548245174241e+01
4.693715594332417851e+01 5.554754769226290989e+01
4.693715594332417851e+01 4.470869827479651804e+01
4.693715594332417851e+01 5.032325479072893870e+01
4.693715594332417851e+01 4.308975366017404696e+01
4.693715594332417851e+01 4.479764600489893667e+01
4.693715594332417851e+01 4.906186300684848334e+01
4.693715594332417851e+01 4.375879427864953186e+01
4.693715594332417851e+01 4.414501038911215858e+01
4.693715594332417851e+01 4.446949170695000930e+01
4.693715594332417851e+01 5.031046567961757177e+01
4.693715594332417851e+01 4.400473496805736318e+01
4.693715594332417851e+01 4.111275766872473980e+01
4.693715594332417851e+01 5.108094521580230207e+01
4.693715594332417851e+01 4.762963886084731513e+01
4.693715594332417851e+01 4.343654393817645598e+01
4.693715594332417851e+01 4.901194800955892106e+01
4.693715594332417851e+01 4.442831749123530471e+01
4.693715594332417851e+01 4.673869186514500740e+01
4.693715594332417851e+01 4.171750513073816791e+01
4.693715594332417851e+01 4.258582605343032412e+01
4.693715594332417851e+01 4.696896262487496898e+01
4.693715594332417851e+01 4.252470787139353803e+01
4.693715594332417851e+01 4.321652499750621246e+01
4.693715594332417851e+01 4.490477071945987575e+01
4.693715594332417851e+01 3.894902913102555431e+01
4.693715594332417851e+01 5.022988907255129476e+01
4.693715594332417851e+01 4.392062426258577545e+01
4.693715594332417851e+01 4.466124922800347719e+01
4.693715594332417851e+01 4.415959945632454264e+01
4.693715594332417851e+01 4.826368846325939188e+01
4.693715594332417851e+01 4.049038473803989291e+01
4.693715594332417851e+01 3.923583434480458720e+01
4.693715594332417851e+01 4.565678847027534459e+01
4.693715594332417851e+01 3.959567699917299421e+01
4.693715594332417851e+01 4.148635306386532307e+01
4.693715594332417851e+01 4.836759837382921035e+01
4.693715594332417851e+01 4.625673087375581360e+01
4.693715594332417851e+01 5.265985550104437607e+01
4.693715594332417851e+01 4.281447887677819608e+01
4.693715594332417851e+01 4.484591634711136265e+01
4.693715594332417851e+01 5.094389253845834986e+01
4.693715594332417851e+01 4.575199310188477853e+01
4.693715594332417851e+01 4.805853618561085483e+01
4.693715594332417851e+01 3.946423536418907219e+01
4.693715594332417851e+01 4.647818906917628823e+01
4.693715594332417851e+01 4.315816095632693816e+01
4.693715594332417851e+01 4.797826297701344345e+01
4.693715594332417851e+01 4.602462094301768047e+01
4.693715594332417851e+01 4.467765825419421333e+01
4.693715594332417851e+01 5.196772839730979854e+01
4.693715594332417851e+01 5.319206822205676843e+01
4.693715594332417851e+01 4.917443392976108640e+01
4.693715594332417851e+01 4.932975848298060129e+01
4.693715594332417851e+01 4.823708310641839603e+01
4.693715594332417851e+01 4.877823463945020421e+01
4.693715594332417851e+01 4.676338741515957764e+01
4.693715594332417851e+01 4.129633751906941086e+01
4.693715594332417851e+01 5.130077422486061778e+01
4.693715594332417851e+01 4.426607207366613039e+01
4.693715594332417851e+01 4.832177895950393776e+01
4.693715594332417851e+01 5.013872105730125384e+01
4.693715594332417851e+01 4.489357862051180348e+01
4.693715594332417851e+01 4.611875224970863485e+01
4.693715594332417851e+01 4.423653370550962904e+01
4.693715594332417851e+01 4.575527796728498942e+01
4.693715594332417851e+01 4.320968023932974944e+01
4.693715594332417851e+01 4.575165809648098048e+01
4.693715594332417851e+01 4.286345800728415867e+01
4.693715594332417851e+01 4.426662327121776741e+01
4.693715594332417851e+01 4.721787038730635544e+01
4.693715594332417851e+01 4.057055740778967134e+01
4.693715594332417851e+01 4.719809373395180785e+01
4.693715594332417851e+01 4.235492758803599855e+01
4.693715594332417851e+01 4.850694249350797804e+01
4.693715594332417851e+01 5.057263811892762106e+01
4.693715594332417851e+01 4.986156670076803721e+01
4.693715594332417851e+01 4.816155669046413834e+01
4.693715594332417851e+01 4.633737996138327730e+01
4.693715594332417851e+01 5.119827930393619653e+01
4.693715594332417851e+01 4.501746284175754909e+01
4.693715594332417851e+01 4.676783087645651449e+01
4.693715594332417851e+01 4.704939219766796299e+01
4.693715594332417851e+01 5.351794183400622984e+01
4.693715594332417851e+01 4.252680014438503520e+01
4.693715594332417851e+01 4.077739847119218553e+01
4.693715594332417851e+01 4.756486655386191131e+01
4.693715594332417851e+01 4.334213428636675758e+01
4.693715594332417851e+01 5.368811184472490794e+01
4.693715594332417851e+01 4.597330824184468412e+01
4.693715594332417851e+01 4.431067069222790877e+01
4.693715594332417851e+01 4.474198407426348467e+01
4.693715594332417851e+01 4.740310191223165504e+01
4.693715594332417851e+01 5.127058048603542773e+01
4.693715594332417851e+01 5.048942793194163414e+01
4.693715594332417851e+01 4.636553069375693070e+01
4.693715594332417851e+01 4.516725082459124252e+01
4.693715594332417851e+01 4.555076864684089344e+01
4.693715594332417851e+01 5.313881878824979310e+01
4.693715594332417851e+01 4.814125248929735079e+01
4.693715594332417851e+01 4.830768237331086823e+01
4.693715594332417851e+01 4.116873778772851722e+01
4.693715594332417851e+01 4.637357725618146986e+01
4.693715594332417851e+01 4.701446988299402818e+01
4.693715594332417851e+01 4.807303508944840331e+01
4.693715594332417851e+01 4.420003451745105849e+01
4.693715594332417851e+01 4.576546491700188568e+01
4.693715594332417851e+01 4.797963883180026556e+01
4.693715594332417851e+01 4.949686524858555714e+01
4.693715594332417851e+01 4.870317793826588826e+01
4.693715594332417851e+01 4.851690409782436575e+01
4.693715594332417851e+01 4.632982533212359755e+01
4.693715594332417851e+01 4.419962469699728302e+01
4.693715594332417851e+01 4.887114642031697542e+01
4.693715594332417851e+01 4.681821713269479091e+01
4.693715594332417851e+01 4.627985540301491341e+01
4.693715594332417851e+01 4.699073511614950860e+01
4.693715594332417851e+01 5.230832036770424054e+01
4.693715594332417851e+01 4.301921844123465632e+01
4.693715594332417851e+01 4.789242534185874689e+01
4.693715594332417851e+01 3.997441498040242891e+01
4.693715594332417851e+01 4.432401614681847946e+01
4.693715594332417851e+01 4.371847406080035370e+01
4.693715594332417851e+01 4.556572001934468830e+01
4.693715594332417851e+01 4.337538193913757567e+01
4.693715594332417851e+01 4.295507693171271058e+01
4.693715594332417851e+01 4.550501979570915978e+01
4.693715594332417851e+01 4.780989613960907292e+01
4.693715594332417851e+01 4.566934738983734832e+01
4.693715594332417851e+01 4.927997301748134618e+01
4.693715594332417851e+01 4.677586881178622491e+01
4.693715594332417851e+01 4.500717442471657392e+01
4.693715594332417851e+01 4.600560630079319679e+01
4.693715594332417851e+01 5.057801032245765782e+01
4.693715594332417851e+01 4.803611613825154336e+01
4.693715594332417851e+01 4.719712453635158766e+01
4.693715594332417851e+01 4.659793239652862695e+01
4.693715594332417851e+01 4.047998163540437133e+01
4.693715594332417851e+01 5.055420437529651423e+01
4.693715594332417851e+01 4.246732188450377521e+01
4.693715594332417851e+01 4.736847768182013141e+01
4.693715594332417851e+01 4.603237655944525386e+01
4.693715594332417851e+01 4.813558248960423214e+01
4.693715594332417851e+01 5.042464400151657600e+01
4.693715594332417851e+01 3.803996111919043699e+01
4.693715594332417851e+01 4.751387121463898922e+01
4.693715594332417851e+01 3.780142507366566207e+01
4.693715594332417851e+01 5.113537410860295296e+01
4.693715594332417851e+01 4.641039157602310183e+01
4.693715594332417851e+01 4.328697367463709611e+01
4.693715594332417851e+01 4.410671050378056179e+01
4.693715594332417851e+01 3.847475459592241265e+01
4.693715594332417851e+01 5.128605806543207990e+01
4.693715594332417851e+01 4.663582429747395253e+01
4.693715594332417851e+01 4.861128674112548964e+01
4.693715594332417851e+01 4.932054203478828214e+01
4.693715594332417851e+01 4.379490760476738842e+01
4.693715594332417851e+01 4.679253727036629584e+01
4.693715594332417851e+01 4.412805876991665599e+01
4.693715594332417851e+01 4.415905072985108859e+01
4.693715594332417851e+01 4.448749156965000395e+01
4.693715594332417851e+01 4.788880944575718956e+01
4.693715594332417851e+01 4.443519500049299609e+01
4.693715594332417851e+01 4.401129138117295270e+01
4.693715594332417851e+01 4.447630497204894340e+01
4.693715594332417851e+01 4.442643705345450655e+01
4.693715594332417851e+01 4.784629908768683038e+01
4.693715594332417851e+01 5.017255251658077952e+01
4.693715594332417851e+01 4.736023911853705926e+01
4.693715594332417851e+01 4.106697835010614028e+01
4.693715594332417851e+01 5.398050900569596422e+01
4.693715594332417851e+01 5.408270095782723530e+01
4.693715594332417851e+01 4.489679686567151862e+01
4.693715594332417851e+01 4.792585358497507286e+01
4.693715594332417851e+01 4.501378980363811166e+01
4.693715594332417851e+01 4.614490721461988443e+01
4.693715594332417851e+01 4.649588289124801577e+01
4.693715594332417851e+01 4.083518120046570488e+01
4.693715594332417851e+01 4.738826223915533120e+01
4.693715594332417851e+01 4.938668002475534280e+01
4.693715594332417851e+01 4.738976982611940514e+01
4.693715594332417851e+01 4.922676436713680204e+01
4.693715594332417851e+01 4.738193962100534407e+01
4.693715594332417851e+01 4.572523233158998579e+01
4.693715594332417851e+01 4.425421782925485559e+01
4.693715594332417851e+01 4.612703173019093583e+01
4.693715594332417851e+01 4.776900815991186988e+01
4.693715594332417851e+01 5.011449672705393965e+01
4.693715594332417851e+01 5.104986901741154526e+01
4.693715594332417851e+01 4.710059033444858301e+01
4.693715594332417851e+01 4.936497835546347090e+01
4.693715594332417851e+01 4.552905720262917555e+01
4.693715594332417851e+01 4.294046517464553858e+01
4.693715594332417851e+01 5.003380497557834161e+01
4.693715594332417851e+01 4.246159831698301446e+01
4.693715594332417851e+01 4.646330030949471279e+01
4.693715594332417851e+01 4.581539465693124669e+01
4.693715594332417851e+01 4.915970069470244397e+01
4.693715594332417851e+01 4.355976396085070235e+01
4.693715594332417851e+01 4.035904774234880676e+01
4.693715594332417851e+01 4.550774460210231354e+01
4.693715594332417851e+01 4.809896362619516452e+01
4.693715594332417851e+01 4.315802840888517267e+01
4.693715594332417851e+01 4.708343245557279744e+01
4.693715594332417851e+01 4.676778956060885406e+01
4.693715594332417851e+01 4.981247037340195760e+01
4.693715594332417851e+01 5.077641700584017315e+01
4.693715594332417851e+01 4.678011728189184737e+01
4.693715594332417851e+01 4.832027183246083268e+01
4.693715594332417851e+01 4.576750482588140301e+01
4.693715594332417851e+01 4.698434275896370593e+01
4.693715594332417851e+01 4.214302774443564914e+01
4.693715594332417851e+01 5.051056780764008636e+01
4.693715594332417851e+01 4.649375888131228862e+01
4.693715594332417851e+01 4.875060470094229004e+01
4.693715594332417851e+01 4.540438439945931748e+01
4.693715594332417851e+01 4.944629033361999859e+01
4.693715594332417851e+01 4.753596547538551675e+01
4.693715594332417851e+01 4.403362512675654727e+01
4.693715594332417851e+01 4.686380888212856632e+01
4.693715594332417851e+01 4.681752419154505418e+01
4.693715594332417851e+01 4.568069774110337988e+01
4.693715594332417851e+01 4.164170639774707894e+01
4.693715594332417851e+01 4.948424683837590976e+01
4.693715594332417851e+01 4.932067682960831689e+01
4.693715594332417851e+01 4.688258244189796642e+01
4.693715594332417851e+01 4.211405736850845472e+01
4.693715594332417851e+01 4.427135631020347262e+01
4.693715594332417851e+01 4.222255939428654159e+01
4.693715594332417851e+01 4.415398352304132601e+01
4.693715594332417851e+01 4.723701278013523819e+01
4.693715594332417851e+01 4.410595538836739848e+01
4.693715594332417851e+01 4.011216321333258605e+01
4.693715594332417851e+01 4.547592058188338626e+01
4.693715594332417851e+01 4.181208033170990035e+01
4.693715594332417851e+01 4.840301991886743593e+01
4.693715594332417851e+01 3.925923739014599079e+01
4.693715594332417851e+01 4.414309715642495746e+01
4.693715594332417851e+01 4.636539944859179485e+01
4.693715594332417851e+01 5.150625190305021306e+01
4.693715594332417851e+01 4.713520726025659968e+01
4.693715594332417851e+01 5.028096116138458882e+01
4.693715594332417851e+01 4.569916774037938723e+01
4.693715594332417851e+01 4.322720615172519132e+01
4.693715594332417851e+01 4.620510786411369963e+01
4.693715594332417851e+01 4.820276945277887393e+01
4.693715594332417851e+01 4.400991842632654993e+01
4.693715594332417851e+01 4.238933057691423301e+01
4.693715594332417851e+01 4.808104886812611056e+01
4.693715594332417851e+01 4.518344085048047276e+01
4.693715594332417851e+01 4.602702920359824645e+01
4.693715594332417851e+01 4.250407428920195230e+01
4.693715594332417851e+01 4.282358314515659714e+01
4.693715594332417851e+01 5.008742666998699633e+01
4.693715594332417851e+01 4.803696901229312743e+01
4.693715594332417851e+01 4.535157292510074711e+01
4.693715594332417851e+01 4.626763284937012344e+01
4.693715594332417851e+01 4.690942587667758090e+01
4.693715594332417851e+01 4.362830092832125928e+01
4.693715594332417851e+01 4.079935115653805155e+01
4.693715594332417851e+01 4.570517603977991428e+01
4.693715594332417851e+01 4.964493374830334460e+01
4.693715594332417851e+01 3.986645394754317806e+01
4.693715594332417851e+01 4.582076781225951123e+01
4.693715594332417851e+01 5.079680755061696118e+01
4.693715594332417851e+01 4.928563901783350332e+01
4.693715594332417851e+01 4.523169503993182161e+01
4.693715594332417851e+01 4.915083858041219855e+01
4.693715594332417851e+01 4.369637288799780350e+01
4.693715594332417851e+01 4.367956403041426938e+01
4.693715594332417851e+01 4.782706760714174976e+01
4.693715594332417851e+01 4.594768704408676285e+01
4.693715594332417851e+01 5.040591843042471254e+01
4.693715594332417851e+01 4.363453362950478720e+01
4.693715594332417851e+01 5.026399573770282103e+01
4.693715594332417851e+01 4.114201579873316916e+01
4.693715594332417851e+01 4.336090091184560436e+01
4.693715594332417851e+01 4.343810480225960902e+01
4.693715594332417851e+01 4.301152248093132613e+01
4.693715594332417851e+01 5.423520161013050966e+01
4.693715594332417851e+01 4.246099638351959271e+01
4.693715594332417851e+01 4.775747847025986914e+01
4.693715594332417851e+01 4.678786284073207469e+01
4.693715594332417851e+01 4.830000437069037389e+01
4.693715594332417851e+01 4.594917768767237476e+01
