4.693715594332417851e+01 4.680850937473717011e+01
4.693715594332417851e+01 4.517811255365782586e+01
4.693715594332417851e+01 4.781647809680119110e+01
4.693715594332417851e+01 4.886878797032481714e+01
4.693715594332417851e+01 4.627908669143243259e+01
4.693715594332417851e+01 5.181790758117125506e+01
4.693715594332417851e+01 4.501529020015821914e+01
4.693715594332417851e+01 4.561178466794561359e+01
4.693715594332417851e+01 4.528960138866116125e+01
4.693715594332417851e+01 4.775150764474550868e+01
4.693715594332417851e+01 4.541899304509237822e+01
4.693715594332417851e+01 4.851430838707079118e+01
4.693715594332417851e+01 5.002444464751443576e+01
4.693715594332417851e+01 4.268744596072301789e+01
4.693715594332417851e+01 4.499514586729699772e+01
4.693715594332417851e+01 4.523566093869789029e+01
4.693715594332417851e+01 4.861270259096309587e+01
4.693715594332417851e+01 4.475054797590263433e+01
4.693715594332417851e+01 4.562545549989751947e+01
4.693715594332417851e+01 4.602108339940184578e+01
4.693715594332417851e+01 4.385542667597672306e+01
4.693715594332417851e+01 4.858641529354929389e+01
4.693715594332417851e+01 4.616180453517298332e+01
4.693715594332417851e+01 4.212591820648450636e+01
4.693715594332417851e+01 4.256275915279693578e+01
4.693715594332417851e+01 4.869943728640975422e+01
4.693715594332417851e+01 4.887475999765426593e+01
4.693715594332417851e+01 4.835251070179579358e+01
4.693715594332417851e+01 4.880848940237515876e+01
4.693715594332417851e+01 4.694456406866552811e+01
4.693715594332417851e+01 4.551157309974455245e+01
4.693715594332417851e+01 4.529143218259719816e+01
4.693715594332417851e+01 4.082470642993994403e+01
4.693715594332417851e+01 4.234699478650252047e+01
4.693715594332417851e+01 4.739321333682958937e+01
4.693715594332417851e+01 3.999773453394203671e+01
4.693715594332417851e+01 5.016569275965328956e+01
4.693715594332417851e+01 4.837441544723004228e+01
4.693715594332417851e+01 4.264570084108797943e+01
4.693715594332417851e+01 4.220100042266033569e+01
4.693715594332417851e+01 3.991612080724700462e+01
4.693715594332417851e+01 4.220200040880902748e+01
4.693715594332417851e+01 3.940981334120095170e+01
4.693715594332417851e+01 4.411515539233106153e+01
4.693715594332417851e+01 4.377823470389248683e+01
4.693715594332417851e+01 5.062489601884560386e+01
4.693715594332417851e+01 4.762410073749025230e+01
4.693715594332417851e+01 4.302117717529569063e+01
4.693715594332417851e+01 4.692760932607065882e+01
4.693715594332417851e+01 4.449735160111224275e+01
4.693715594332417851e+01 4.367998588452692843e+01
4.693715594332417851e+01 5.104014809666028185e+01
4.693715594332417851e+01 5.085556230818492907e+01
4.693715594332417851e+01 4.919867450332125003e+01
4.693715594332417851e+01 4.617124741131868859e+01
4.693715594332417851e+01 4.874026249458444227e+01
4.693715594332417851e+01 4.631721281599739370e+01
4.693715594332417851e+01 4.606980976024228625e+01
4.693715594332417851e+01 4.185320421253104684e+01
4.693715594332417851e+01 4.862445204325492654e+01
4.693715594332417851e+01 4.920038491100236655e+01
4.693715594332417851e+01 5.027534960950771392e+01
4.693715594332417851e+01 4.654947914247641449e+01
4.693715594332417851e+01 4.343058798608412019e+01
4.693715594332417851e+01 5.004322169244584728e+01
4.693715594332417851e+01 4.075482548765419466e+01
4.693715594332417851e+01 4.238941006974767589e+01
4.693715594332417851e+01 5.354993529847399003e+01
4.693715594332417851e+01 4.600456959877300989e+01
4.693715594332417851e+01 4.798898844556789101e+01
4.693715594332417851e+01 4.260010197358724326e+01
4.693715594332417851e+01 4.942930210912680167e+01
4.693715594332417851e+01 4.821243431528495194e+01
4.693715594332417851e+01 4.320281233258262432e+01
4.693715594332417851e+01 4.255832507923781804e+01
4.693715594332417851e+01 5.225441897798160795e+01
4.693715594332417851e+01 4.507601787960234674e+01
4.693715594332417851e+01 4.346219331990482004e+01
4.693715594332417851e+01 4.573474878412768874e+01
4.693715594332417851e+01 4.369795016669260690e+01
4.693715594332417851e+01 4.439863243392382941e+01
4.693715594332417851e+01 4.332682748101894532e+01
4.693715594332417851e+01 4.615061033378088950e+01
4.693715594332417851e+01 4.678623128386514907e+01
4.693715594332417851e+01 5.122366737587451979e+01
4.693715594332417851e+01 4.687427000678174238e+01
4.693715594332417851e+01 4.866030503540667951e+01
4.693715594332417851e+01 4.185909708908928195e+01
4.693715594332417851e+01 4.550341551892172731e+01
4.693715594332417851e+01 4.951382058027966337e+01
4.693715594332417851e+01 4.594229009673058073e+01
4.693715594332417851e+01 4.915622849860292831e+01
4.693715594332417851e+01 4.763833357257337298e+01
4.693715594332417851e+01 4.318284704416853259e+01
4.693715594332417851e+01 5.263518540477217300e+01
4.693715594332417851e+01 4.578445629140019690e+01
4.693715594332417851e+01 4.749669478554785940e+01
4.693715594332417851e+01 4.333180147437353469e+01
4.693715594332417851e+01 5.146412325266036447e+01
4.693715594332417851e+01 4.712046834469309431e+01
4.693715594332417851e+01 5.003703224144268091e+01
4.693715594332417851e+01 4.323714642050460810e+01
4.693715594332417851e+01 4.351043600973358139e+01
4.693715594332417851e+01 5.028055680606034628e+01
4.693715594332417851e+01 4.582854443466600003e+01
4.693715594332417851e+01 4.562928487904463282e+01
4.693715594332417851e+01 4.705275426318312526e+01
4.693715594332417851e+01 4.921925110392380986e+01
4.693715594332417851e+01 4.840356564213852408e+01
4.693715594332417851e+01 4.410636283464845064e+01
4.693715594332417851e+01 4.590895417665560529e+01
4.693715594332417851e+01 4.321541741174504381e+01
4.693715594332417851e+01 5.265524714046857468e+01
4.693715594332417851e+01 4.742109086697853115e+01
4.693715594332417851e+01 5.023991771284973851e+01
4.693715594332417851e+01 4.332685466262255858e+01
4.693715594332417851e+01 4.290539920253443995e+01
4.693715594332417851e+01 4.460308362258150794e+01
4.693715594332417851e+01 4.661722415326340752e+01
4.693715594332417851e+01 4.131471094397902988e+01
4.693715594332417851e+01 4.521245789023587491e+01
4.693715594332417851e+01 3.878226661694670696e+01
4.693715594332417851e+01 5.398416304206897109e+01
4.693715594332417851e+01 5.088356798383341584e+01
4.693715594332417851e+01 4.669055969122236149e+01
4.693715594332417851e+01 4.550660639189239021e+01
4.693715594332417851e+01 4.357623555427375805e+01
4.693715594332417851e+01 5.583783292817577149e+01
4.693715594332417851e+01 4.291063615437762024e+01
4.693715594332417851e+01 5.266010277660285510e+01
4.693715594332417851e+01 4.553020042425115577e+01
4.693715594332417851e+01 3.934304382978791637e+01
4.693715594332417851e+01 4.623194096906449602e+01
4.693715594332417851e+01 4.240978157424210337e+01
4.693715594332417851e+01 4.402749999390978530e+01
4.693715594332417851e+01 5.182739255703847192e+01
4.693715594332417851e+01 4.244081934478715112e+01
4.693715594332417851e+01 4.917042576224994832e+01
4.693715594332417851e+01 4.432971008203126928e+01
4.693715594332417851e+01 4.454086112701875777e+01
4.693715594332417851e+01 4.983402775426915809e+01
4.693715594332417851e+01 4.473356144648834487e+01
4.693715594332417851e+01 4.074335847435545332e+01
4.693715594332417851e+01 4.460916849630578440e+01
4.693715594332417851e+01 4.042953090151257101e+01
4.693715594332417851e+01 4.761673738875855122e+01
4.693715594332417851e+01 5.145269282033659408e+01
4.693715594332417851e+01 3.889581690087739929e+01
4.693715594332417851e+01 4.408711009148168358e+01
4.693715594332417851e+01 4.800008956421009998e+01
4.693715594332417851e+01 5.173264459759120371e+01
4.693715594332417851e+01 4.176973193745292434e+01
4.693715594332417851e+01 4.459678813560493182e+01
4.693715594332417851e+01 4.316623573083910514e+01
4.693715594332417851e+01 4.124868402526804800e+01
4.693715594332417851e+01 4.714576305075457441e+01
4.693715594332417851e+01 4.323154944753937201e+01
4.693715594332417851e+01 4.694199309759856931e+01
4.693715594332417851e+01 4.701007378160583272e+01
4.693715594332417851e+01 4.050140254085406610e+01
4.693715594332417851e+01 4.849963406711130176e+01
4.693715594332417851e+01 5.007493594020433392e+01
4.693715594332417851e+01 4.654425228072720699e+01
4.693715594332417851e+01 4.403968030434548808e+01
4.693715594332417851e+01 4.403672431607702720e+01
4.693715594332417851e+01 4.632381049083318203e+01
4.693715594332417851e+01 4.875164115377744167e+01
4.693715594332417851e+01 5.129541749275303175e+01
4.693715594332417851e+01 5.063943454198137317e+01
4.693715594332417851e+01 5.266464041479414959e+01
4.693715594332417851e+01 4.251081873134820910e+01
4.693715594332417851e+01 4.422119019787024286e+01
4.693715594332417851e+01 4.486866366122591643e+01
4.693715594332417851e+01 4.847851585657414830e+01
4.693715594332417851e+01 4.449628868306272977e+01
4.693715594332417851e+01 4.643766495414877227e+01
4.693715594332417851e+01 4.592634476701346813e+01
4.693715594332417851e+01 4.682903079719875450e+01
4.693715594332417851e+01 5.043251649835455197e+01
4.693715594332417851e+01 5.086075981655420009e+01
4.693715594332417851e+01 4.941844759129454445e+01
4.693715594332417851e+01 4.780019161694275454e+01
4.693715594332417851e+01 4.357467095214442310e+01
4.693715594332417851e+01 4.666219290483572024e+01
4.693715594332417851e+01 4.365901640023728447e+01
4.693715594332417851e+01 4.711609131306571641e+01
4.693715594332417851e+01 4.894662598574287671e+01
4.693715594332417851e+01 4.461619376922060098e+01
4.693715594332417851e+01 4.513127506038325976e+01
4.693715594332417851e+01 4.371736990926486044e+01
4.693715594332417851e+01 3.979838685792854136e+01
4.693715594332417851e+01 4.529029614575736673e+01
4.693715594332417851e+01 4.510613728042940807e+01
4.693715594332417851e+01 4.589821859858925990e+01
4.693715594332417851e+01 4.572107810552841300e+01
4.693715594332417851e+01 4.905447979003709946e+01
4.693715594332417851e+01 4.869366892733472696e+01
4.693715594332417851e+01 4.701083574000409016e+01
4.693715594332417851e+01 4.425329674531514002e+01
4.693715594332417851e+01 4.061390390663296301e+01
4.693715594332417851e+01 4.168476116552434263e+01
4.693715594332417851e+01 4.737916388394227596e+01
4.693715594332417851e+01 4.501301183481888302e+01
4.693715594332417851e+01 4.705377166870356120e+01
4.693715594332417851e+01 4.179670680621158851e+01
4.693715594332417851e+01 5.463838812263713152e+01
4.693715594332417851e+01 4.744997166475490502e+01
4.693715594332417851e+01 4.928017070666981425e+01
4.693715594332417851e+01 4.356628895260629264e+01
4.693715594332417851e+01 4.659526725334268349e+01
4.693715594332417851e+01 4.127642306239877712e+01
4.693715594332417851e+01 5.365738518963640757e+01
4.693715594332417851e+01 4.884000738234494321e+01
4.693715594332417851e+01 5.034171034359263786e+01
4.693715594332417851e+01 4.482995582191545481e+01
4.693715594332417851e+01 4.312286700160421304e+01
4.693715594332417851e+01 4.422454813839441101e+01
4.693715594332417851e+01 4.761253648317754283e+01
4.693715594332417851e+01 4.157624774542253476e+01
4.693715594332417851e+01 4.640977974324648869e+01
4.693715594332417851e+01 4.900766481655609397e+01
4.693715594332417851e+01 4.193843110418936959e+01
4.693715594332417851e+01 4.638781650398393452e+01
4.693715594332417851e+01 4.530642401064497449e+01
4.693715594332417851e+01 4.837125602829513582e+01
4.693715594332417851e+01 4.341542307448902704e+01
4.693715594332417851e+01 4.330305558166911339e+01
4.693715594332417851e+01 4.188101440601867154e+01
4.693715594332417851e+01 4.353064310670661996e+01
4.693715594332417851e+01 4.334004010139732088e+01
4.693715594332417851e+01 4.996683000322730805e+01
4.693715594332417851e+01 4.994124824286440401e+01
4.693715594332417851e+01 4.316476023603460277e+01
4.693715594332417851e+01 4.810808728202814422e+01
4.693715594332417851e+01 4.544039366059379859e+01
4.693715594332417851e+01 4.267791587013979182e+01
4.693715594332417851e+01 4.425550693079102871e+01
4.693715594332417851e+01 4.633524992204847592e+01
4.693715594332417851e+01 4.140235680026863463e+01
4.693715594332417851e+01 4.379733419272572803e+01
4.693715594332417851e+01 5.053029043645628349e+01
4.693715594332417851e+01 4.248772583797309466e+01
4.693715594332417851e+01 4.698898832988104601e+01
4.693715594332417851e+01 5.027725990684626112e+01
4.693715594332417851e+01 5.036162702393563961e+01
4.693715594332417851e+01 4.160644946158149082e+01
4.693715594332417851e+01 4.912300569256011329e+01
4.693715594332417851e+01 5.012197443927014717e+01
4.693715594332417851e+01 4.572391422443348574e+01
4.693715594332417851e+01 4.496080198630218661e+01
4.693715594332417851e+01 4.564608838001064584e+01
4.693715594332417851e+01 5.091124189217924112e+01
4.693715594332417851e+01 4.418865772643364664e+01
4.693715594332417851e+01 4.806457036726970955e+01
4.693715594332417851e+01 4.692991558123106444e+01
4.693715594332417851e+01 4.314338552860945697e+01
4.693715594332417851e+01 4.697435007378178540e+01
4.693715594332417851e+01 4.496097274759094375e+01
4.693715594332417851e+01 4.496702831105044851e+01
4.693715594332417851e+01 4.296582724871485226e+01
4.693715594332417851e+01 4.945706859282349654e+01
4.693715594332417851e+01 4.820974218657917731e+01
4.693715594332417851e+01 4.792287681996833015e+01
4.693715594332417851e+01 4.726575756000602979e+01
4.693715594332417851e+01 4.631956839808572823e+01
4.693715594332417851e+01 5.061711225537327863e+01
4.693715594332417851e+01 4.756887167844262621e+01
4.693715594332417851e+01 4.188699457037069607e+01
4.693715594332417851e+01 4.556691947208572913e+01
4.693715594332417851e+01 4.740350081956195538e+01
4.693715594332417851e+01 4.676781801129783389e+01
4.693715594332417851e+01 4.344238320935050979e+01
4.693715594332417851e+01 4.708833210788493773e+01
4.693715594332417851e+01 4.198622329980626944e+01
4.693715594332417851e+01 4.176195414132833861e+01
4.693715594332417851e+01 4.918170825618676645e+01
4.693715594332417851e+01 4.350543537473362221e+01
4.693715594332417851e+01 4.773705052835518359e+01
4.693715594332417851e+01 4.971484440846315778e+01
4.693715594332417851e+01 4.635093260703532536e+01
4.693715594332417851e+01 4.500049754018944981e+01
4.693715594332417851e+01 4.491732915314992169e+01
4.693715594332417851e+01 4.953990178412993117e+01
4.693715594332417851e+01 4.463199158906207487e+01
4.693715594332417851e+01 4.764395285205205255e+01
4.693715594332417851e+01 4.328840943918138606e+01
4.693715594332417851e+01 5.028601529706765660e+01
4.693715594332417851e+01 5.342796609097564442e+01
4.693715594332417851e+01 4.471059214769517354e+01
4.693715594332417851e+01 4.517083519174034478e+01
4.693715594332417851e+01 4.782968153772637265e+01
4.693715594332417851e+01 4.566156993821613241e+01
4.693715594332417851e+01 4.859734920577099615e+01
4.693715594332417851e+01 4.261913682848157237e+01
4.693715594332417851e+01 4.567084055990411429e+01
4.693715594332417851e+01 4.698856523074370273e+01
4.693715594332417851e+01 4.580105936642085851e+01
4.693715594332417851e+01 4.126370926053735388e+01
4.693715594332417851e+01 4.866507731513769386e+01
4.693715594332417851e+01 5.053903268134356352e+01
4.693715594332417851e+01 4.494172631186946631e+01
4.693715594332417851e+01 4.814502212364209299e+01
4.693715594332417851e+01 5.386519834908648363e+01
4.693715594332417851e+01 4.382211707804624012e+01
4.693715594332417851e+01 4.450026163817557290e+01
4.693715594332417851e+01 3.976070277400965836e+01
4.693715594332417851e+01 4.502530356250623100e+01
4.693715594332417851e+01 4.226331030829015134e+01
4.693715594332417851e+01 4.704266106309714957e+01
4.693715594332417851e+01 4.561700695803578753e+01
4.693715594332417851e+01 4.095817583287049501e+01
4.693715594332417851e+01 3.962078277528114967e+01
4.693715594332417851e+01 4.775116400926610538e+01
4.693715594332417851e+01 4.687980999248802050e+01
4.693715594332417851e+01 4.072295183785542605e+01
4.693715594332417851e+01 4.745632040902658133e+01
4.693715594332417851e+01 4.725173313567810141e+01
4.693715594332417851e+01 4.549023575448165246e+01
4.693715594332417851e+01 5.004216961630932303e+01
4.693715594332417851e+01 4.472514291492777261e+01
4.693715594332417851e+01 4.602439622028688149e+01
4.693715594332417851e+01 4.586400722463393720e+01
4.693715594332417851e+01 4.341381656943091372e+01
4.693715594332417851e+01 4.761505887819656380e+01
4.693715594332417851e+01 4.516873742858313534e+01
4.693715594332417851e+01 4.356917713992123709e+01
4.693715594332417851e+01 4.922643554622637652e+01
4.693715594332417851e+01 4.185603887987043237e+01
4.693715594332417851e+01 5.191161594702698778e+01
4.693715594332417851e+01 4.552000780583665573e+01
4.693715594332417851e+01 4.930888893395656680e+01
4.693715594332417851e+01 4.715805718608188357e+01
4.693715594332417851e+01 4.290688751638272436e+01
4.693715594332417851e+01 4.558427358564559029e+01
4.693715594332417851e+01 4.688695498437881781e+01
4.693715594332417851e+01 4.819178536309653538e+01
4.693715594332417851e+01 4.558819387917152000e+01
4.693715594332417851e+01 4.289258202921136132e+01
4.693715594332417851e+01 4.990567228702503400e+01
4.693715594332417851e+01 4.424278377753218194e+01
4.693715594332417851e+01 4.129869456941470673e+01
4.693715594332417851e+01 4.470583887623520525e+01
4.693715594332417851e+01 4.593723064091776820e+01
4.693715594332417851e+01 4.379416164351346197e+01
4.693715594332417851e+01 5.293932581987031227e+01
4.693715594332417851e+01 4.552185340476385278e+01
4.693715594332417851e+01 4.538198004369982641e+01
4.693715594332417851e+01 5.162264508455479017e+01
4.693715594332417851e+01 4.229894412575526275e+01
4.693715594332417851e+01 4.748603526550999732e+01
4.693715594332417851e+01 4.535894613798416231e+01
4.693715594332417851e+01 4.612440356074897352e+01
4.693715594332417851e+01 5.057910331815259042e+01
4.693715594332417851e+01 4.055326670901791886e+01
4.693715594332417851e+01 4.730037074522594054e+01
4.693715594332417851e+01 4.813514109066152713e+01
4.693715594332417851e+01 4.839481920677962279e+01
4.693715594332417851e+01 4.334671899245734039e+01
4.693715594332417851e+01 4.165741698250459280e+01
4.693715594332417851e+01 4.131649605207167752e+01
4.693715594332417851e+01 4.427187588501868731e+01
4.693715594332417851e+01 4.246526945657920038e+01
4.693715594332417851e+01 4.282480504360159301e+01
4.693715594332417851e+01 5.192473618043032957e+01
4.693715594332417851e+01 4.198423958208250895e+01
4.693715594332417851e+01 4.087299116792219422e+01
4.693715594332417851e+01 4.387750071879381863e+01
4.693715594332417851e+01 5.594489987759085636e+01
4.693715594332417851e+01 3.925034066876305872e+01
4.693715594332417851e+01 4.839537152741514348e+01
4.693715594332417851e+01 4.612153211769457073e+01
4.693715594332417851e+01 4.907245665807033674e+01
4.693715594332417851e+01 4.591181497429075620e+01
4.693715594332417851e+01 4.423466077458964207e+01
4.693715594332417851e+01 4.792877362722028067e+01
4.693715594332417851e+01 5.248115459432578689e+01
4.693715594332417851e+01 4.417909335430092455e+01
4.693715594332417851e+01 4.629247352364361490e+01
4.693715594332417851e+01 4.695259179318088627e+01
4.693715594332417851e+01 4.332265335827229080e+01
4.693715594332417851e+01 4.853118096295014539e+01
4.693715594332417851e+01 4.362288765279434699e+01
4.693715594332417851e+01 4.627406779973935613e+01
4.693715594332417851e+01 4.235145891485786507e+01
4.693715594332417851e+01 4.915101135326965931e+01
4.693715594332417851e+01 4.769593932721285512e+01
4.693715594332417851e+01 4.182684486497325338e+01
4.693715594332417851e+01 4.826896438467881012e+01
4.693715594332417851e+01 4.705250752405689241e+01
4.693715594332417851e+01 4.799256677172654406e+01
4.693715594332417851e+01 4.692021006668960581e+01
4.693715594332417851e+01 4.171002241532739419e+01
4.693715594332417851e+01 4.630980356989818603e+01
4.693715594332417851e+01 4.464223602417851566e+01
4.693715594332417851e+01 4.943431376160126689e+01
4.693715594332417851e+01 4.791551274392622162e+01
4.693715594332417851e+01 4.517770015512453341e+01
4.693715594332417851e+01 5.030561859728199892e+01
4.693715594332417851e+01 5.194564617615537117e+01
4.693715594332417851e+01 4.780481466134982327e+01
4.693715594332417851e+01 4.785219031725582539e+01
4.693715594332417851e+01 4.868931921890975900e+01
4.693715594332417851e+01 4.982609567472352552e+01
4.693715594332417851e+01 4.835601720261006164e+01
4.693715594332417851e+01 5.067748727651839857e+01
4.693715594332417851e+01 4.537952348269921998e+01
4.693715594332417851e+01 4.900328457795575332e+01
4.693715594332417851e+01 5.424839250751038122e+01
4.693715594332417851e+01 4.250111148006391915e+01
4.693715594332417851e+01 4.658635723205754431e+01
4.693715594332417851e+01 5.180442811383432655e+01
4.693715594332417851e+01 4.634558799930272244e+01
4.693715594332417851e+01 4.334621319373158599e+01
4.693715594332417851e+01 4.702020801383370241e+01
4.693715594332417851e+01 4.849254767157680135e+01
4.693715594332417851e+01 4.663715227534721919e+01
4.693715594332417851e+01 4.654880624394743904e+01
4.693715594332417851e+01 4.619810555798636642e+01
4.693715594332417851e+01 4.391459666201270551e+01
4.693715594332417851e+01 4.739441810579990744e+01
4.693715594332417851e+01 4.337625910440159771e+01
4.693715594332417851e+01 5.680023367164677950e+01
4.693715594332417851e+01 4.319884211329171109e+01
4.693715594332417851e+01 4.171304288960909901e+01
4.693715594332417851e+01 4.516295419251186871e+01
4.693715594332417851e+01 4.848062408433151660e+01
4.693715594332417851e+01 4.773692821947699372e+01
4.693715594332417851e+01 4.686284165119600686e+01
4.693715594332417851e+01 4.288409859717477701e+01
4.693715594332417851e+01 5.040378131018683661e+01
4.693715594332417851e+01 3.920760873982970907e+01
4.693715594332417851e+01 4.627004646943137800e+01
4.693715594332417851e+01 4.164745973798810041e+01
4.693715594332417851e+01 4.799963931881412549e+01
4.693715594332417851e+01 5.405714791504055938e+01
4.693715594332417851e+01 3.887823539808013606e+01
4.693715594332417851e+01 5.273792164307253216e+01
4.693715594332417851e+01 4.473620836330731265e+01
4.693715594332417851e+01 4.652422890186516469e+01
4.693715594332417851e+01 4.623943860050028576e+01
4.693715594332417851e+01 4.548053235145964379e+01
4.693715594332417851e+01 4.751904347421791641e+01
4.693715594332417851e+01 4.923722121825075249e+01
4.693715594332417851e+01 4.307502168205154192e+01
4.693715594332417851e+01 4.450861054276474249e+01
4.693715594332417851e+01 4.215581943490570893e+01
4.693715594332417851e+01 4.492316807427794600e+01
4.693715594332417851e+01 5.194034886135906959e+01
4.693715594332417851e+01 4.661167636715453000e+01
4.693715594332417851e+01 4.465702717499593177e+01
4.693715594332417851e+01 4.580613635835016595e+01
4.693715594332417851e+01 4.607312289428011809e+01
4.693715594332417851e+01 4.810990663520780686e+01
4.693715594332417851e+01 4.302783102609040355e+01
4.693715594332417851e+01 4.148366357902018819e+01
4.693715594332417851e+01 4.214513121474686841e+01
4.693715594332417851e+01 4.603195998782059917e+01
4.693715594332417851e+01 4.399232935110852338e+01
4.693715594332417851e+01 5.270333959069669305e+01
4.693715594332417851e+01 5.084618646651664875e+01
4.693715594332417851e+01 5.020033616075861005e+01
4.693715594332417851e+01 4.628346210269010896e+01
4.693715594332417851e+01 4.552116852082928489e+01
4.693715594332417851e+01 4.637313854729330131e+01
4.693715594332417851e+01 4.732313809939743976e+01
4.693715594332417851e+01 5.033941306221695555e+01
4.693715594332417851e+01 4.558529828329245959e+01
4.693715594332417851e+01 4.419858812402921444e+01
4.693715594332417851e+01 5.317638015364231308e+01
4.693715594332417851e+01 4.168253739709759742e+01
4.693715594332417851e+01 5.218216748014931028e+01
4.693715594332417851e+01 4.412808323834912017e+01
4.693715594332417851e+01 4.351433016173862001e+01
4.693715594332417851e+01 5.266045507444984963e+01
4.693715594332417851e+01 4.639188738811201063e+01
4.693715594332417851e+01 4.377717582732063306e+01
4.693715594332417851e+01 5.027234297042885203e+01
4.693715594332417851e+01 4.220577906197848961e+01
4.693715594332417851e+01 4.378687291878504340e+01
4.693715594332417851e+01 4.384020021308213444e+01
4.693715594332417851e+01 4.442096890404301490e+01
4.693715594332417851e+01 4.659808829425898580e+01
4.693715594332417851e+01 4.655929313959062910e+01
4.693715594332417851e+01 4.528172202915417444e+01
4.693715594332417851e+01 4.024226619530342930e+01
4.693715594332417851e+01 4.568646613661952927e+01
4.693715594332417851e+01 4.798485544859340735e+01
4.693715594332417851e+01 4.827647252872255734e+01
4.693715594332417851e+01 4.681161800880985879e+01
4.693715594332417851e+01 4.717336704844832695e+01
4.693715594332417851e+01 4.592327541862035645e+01
4.693715594332417851e+01 4.513357958911028334e+01
4.693715594332417851e+01 4.885682608992607356e+01
4.693715594332417851e+01 4.922453271741370173e+01
4.693715594332417851e+01 4.909143424890192620e+01
4.693715594332417851e+01 4.250275393238520394e+01
4.693715594332417851e+01 4.882937862427655773e+01
4.693715594332417851e+01 5.072582475110939981e+01
4.693715594332417851e+01 4.957197251197644761e+01
4.693715594332417851e+01 4.715954704086789206e+01
4.693715594332417851e+01 4.203413428860074674e+01
4.693715594332417851e+01 5.047887079613097683e+01
4.693715594332417851e+01 4.886244876949402283e+01
4.693715594332417851e+01 4.627891572179338198e+01
4.693715594332417851e+01 4.738391563556101715e+01
4.693715594332417851e+01 4.649580853385022294e+01
4.693715594332417851e+01 4.687092769646411483e+01
4.693715594332417851e+01 4.577657055526856311e+01
4.693715594332417851e+01 4.604852596746366800e+01
4.693715594332417851e+01 4.421061382085673586e+01
4.693715594332417851e+01 4.652648816540470733e+01
4.693715594332417851e+01 4.500790302105748708e+01
4.693715594332417851e+01 4.940616931714573923e+01
4.693715594332417851e+01 4.750261694938385659e+01
4.693715594332417851e+01 4.384387691871684467e+01
4.693715594332417851e+01 4.615724613786412078e+01
4.693715594332417851e+01 4.860238646543350427e+01
4.693715594332417851e+01 4.442800021936560029e+01
4.693715594332417851e+01 4.689971785861697384e+01
4.693715594332417851e+01 4.548011700662419798e+01
4.693715594332417851e+01 4.154718870061067548e+01
4.693715594332417851e+01 4.766928769876169270e+01
4.693715594332417851e+01 5.342795845680904421e+01
4.693715594332417851e+01 5.065109550568623575e+01
4.693715594332417851e+01 4.588709822339217226e+01
4.693715594332417851e+01 4.530094660192057177e+01
4.693715594332417851e+01 4.136070551848564492e+01
4.693715594332417851e+01 5.072564595473521365e+01
4.693715594332417851e+01 4.769622532896799072e+01
4.693715594332417851e+01 5.170635072744198624e+01
4.693715594332417851e+01 4.369612997951546163e+01
4.693715594332417851e+01 4.692923883414741937e+01
4.693715594332417851e+01 4.856919354237516018e+01
4.693715594332417851e+01 4.915560347918290063e+01
4.693715594332417851e+01 4.250173014928061832e+01
4.693715594332417851e+01 4.349643848961471804e+01
4.693715594332417851e+01 4.155877656927693664e+01
4.693715594332417851e+01 4.461782644021614885e+01
4.693715594332417851e+01 4.485348420747032350e+01
4.693715594332417851e+01 4.313428410340879537e+01
4.693715594332417851e+01 4.226723148323698354e+01
4.693715594332417851e+01 4.700471198909593795e+01
4.693715594332417851e+01 4.456120330370532656e+01
4.693715594332417851e+01 4.876745006008042083e+01
4.693715594332417851e+01 4.151302567992428294e+01
4.693715594332417851e+01 4.797082697815839936e+01
4.693715594332417851e+01 4.985921741011382835e+01
4.693715594332417851e+01 4.710273617665961865e+01
4.693715594332417851e+01 4.842233035328123947e+01
4.693715594332417851e+01 4.696210813942605711e+01
4.693715594332417851e+01 4.890186330218269717e+01
4.693715594332417851e+01 4.505117661002116591e+01
4.693715594332417851e+01 4.148266949308735718e+01
4.693715594332417851e+01 4.447988962114821732e+01
4.693715594332417851e+01 4.514442065781491920e+01
4.693715594332417851e+01 4.384711092037858293e+01
4.693715594332417851e+01 5.195911836293699793e+01
4.693715594332417851e+01 4.433695863243264057e+01
4.693715594332417851e+01 5.450998111527416512e+01
4.693715594332417851e+01 4.471140692054360244e+01
4.693715594332417851e+01 4.555953011253348706e+01
4.693715594332417851e+01 4.890624714784935634e+01
4.693715594332417851e+01 4.772353545442596356e+01
4.693715594332417851e+01 4.455589486035207614e+01
4.693715594332417851e+01 5.089050336969343391e+01
4.693715594332417851e+01 4.194172108073276917e+01
4.693715594332417851e+01 5.155024944202176584e+01
4.693715594332417851e+01 4.286236078605188027e+01
4.693715594332417851e+01 4.366567225649988160e+01
4.693715594332417851e+01 4.638702834107814965e+01
4.693715594332417851e+01 4.494223001675884888e+01
4.693715594332417851e+01 4.339653926557486585e+01
4.693715594332417851e+01 4.380640495573086923e+01
4.693715594332417851e+01 4.195510160676934674e+01
4.693715594332417851e+01 4.674884752610844885e+01
4.693715594332417851e+01 4.241773013602082898e+01
4.693715594332417851e+01 4.612343235064240332e+01
4.693715594332417851e+01 4.738092744769020470e+01
4.693715594332417851e+01 4.837052088056699972e+01
4.693715594332417851e+01 4.758728692178289066e+01
4.693715594332417851e+01 4.605136104538021868e+01
4.693715594332417851e+01 5.521782112975554924e+01
4.693715594332417851e+01 4.300776260982581789e+01
4.693715594332417851e+01 4.966736192144120565e+01
4.693715594332417851e+01 5.118535003888072055e+01
4.693715594332417851e+01 4.460580113517698919e+01
4.693715594332417851e+01 5.062724554124439891e+01
4.693715594332417851e+01 4.271300321780356057e+01
4.693715594332417851e+01 4.552915370952901242e+01
4.693715594332417851e+01 4.924055627882932384e+01
4.693715594332417851e+01 4.644752634849674422e+01
4.693715594332417851e+01 4.756679781607436297e+01
4.693715594332417851e+01 5.452058468175789585e+01
4.693715594332417851e+01 4.449848058858556499e+01
4.693715594332417851e+01 4.392085362700546369e+01
4.693715594332417851e+01 4.739187527971448333e+01
4.693715594332417851e+01 4.299773865326513800e+01
4.693715594332417851e+01 4.539905596801844467e+01
4.693715594332417851e+01 4.417484365680221003e+01
4.693715594332417851e+01 4.755090599806400320e+01
4.693715594332417851e+01 4.625058551665615170e+01
4.693715594332417851e+01 4.858383631332240071e+01
4.693715594332417851e+01 4.637180554603122573e+01
4.693715594332417851e+01 4.607879312766240076e+01
4.693715594332417851e+01 4.563738600286479397e+01
4.693715594332417851e+01 4.818462834199267064e+01
4.693715594332417851e+01 4.875644314295526272e+01
4.693715594332417851e+01 4.817797559429696008e+01
4.693715594332417851e+01 4.168206582788447179e+01
4.693715594332417851e+01 4.506270530039472533e+01
4.693715594332417851e+01 4.127231098287633415e+01
4.693715594332417851e+01 4.524625419502979895e+01
4.693715594332417851e+01 4.874788197699866288e+01
4.693715594332417851e+01 4.887524484553950543e+01
4.693715594332417851e+01 4.448785825023642104e+01
4.693715594332417851e+01 5.468432698065731756e+01
4.693715594332417851e+01 4.646262265476202913e+01
4.693715594332417851e+01 4.401112919742754315e+01
4.693715594332417851e+01 4.841651911718723511e+01
4.693715594332417851e+01 4.548839503704519416e+01
4.693715594332417851e+01 4.988700011896607123e+01
4.693715594332417851e+01 4.976250798378387685e+01
4.693715594332417851e+01 4.452282909342373785e+01
4.693715594332417851e+01 4.254163257364952955e+01
4.693715594332417851e+01 4.472587804353902641e+01
4.693715594332417851e+01 4.527220175005965785e+01
4.693715594332417851e+01 5.292135721150254568e+01
4.693715594332417851e+01 5.265855831261436037e+01
4.693715594332417851e+01 4.232180966625946894e+01
4.693715594332417851e+01 4.458389849477045885e+01
4.693715594332417851e+01 4.380351481660922275e+01
4.693715594332417851e+01 5.209266894865150022e+01
4.693715594332417851e+01 3.883783445299320647e+01
4.693715594332417851e+01 4.264106152993823429e+01
4.693715594332417851e+01 4.920821061656181428e+01
4.693715594332417851e+01 4.719075547532587933e+01
4.693715594332417851e+01 4.757387711820036458e+01
4.693715594332417851e+01 4.804151585712795480e+01
4.693715594332417851e+01 5.065911343277815604e+01
4.693715594332417851e+01 4.774378140366312095e+01
4.693715594332417851e+01 4.864949178407613317e+01
4.693715594332417851e+01 4.313060675388140908e+01
4.693715594332417851e+01 4.391028081637389846e+01
4.693715594332417851e+01 4.294265111665219337e+01
4.693715594332417851e+01 4.988853710207634862e+01
4.693715594332417851e+01 4.649040530246753633e+01
4.693715594332417851e+01 4.546748319228224489e+01
4.693715594332417851e+01 4.608944708616640895e+01
4.693715594332417851e+01 4.869628057110030284e+01
4.693715594332417851e+01 4.594381891847417165e+01
4.693715594332417851e+01 4.415126986063613401e+01
4.693715594332417851e+01 4.744646802183857659e+01
4.693715594332417851e+01 4.416168221588932852e+01
4.693715594332417851e+01 5.332709785865034036e+01
4.693715594332417851e+01 5.024634932770726437e+01
4.693715594332417851e+01 4.199898832136697280e+01
4.693715594332417851e+01 4.134326767067690866e+01
4.693715594332417851e+01 4.483357349053604679e+01
4.693715594332417851e+01 4.189801762358345627e+01
4.693715594332417851e+01 4.896290480753511787e+01
4.693715594332417851e+01 4.922297165132141572e+01
4.693715594332417851e+01 4.649888960774556068e+01
4.693715594332417851e+01 4.462607286186855049e+01
4.693715594332417851e+01 4.927866250952675387e+01
4.693715594332417851e+01 4.493014274067219560e+01
4.693715594332417851e+01 4.186356837668452613e+01
4.693715594332417851e+01 4.170139113318980861e+01
4.693715594332417851e+01 4.666232457454027127e+01
4.693715594332417851e+01 4.545916882095567502e+01
4.693715594332417851e+01 4.248073053027045631e+01
4.693715594332417851e+01 4.839510885265343632e+01
4.693715594332417851e+01 5.110369509692667833e+01
4.693715594332417851e+01 4.270643413564621227e+01
4.693715594332417851e+01 4.783985634218547744e+01
4.693715594332417851e+01 4.934190177066933103e+01
4.693715594332417851e+01 4.276927806749401384e+01
4.693715594332417851e+01 4.726971679377204794e+01
4.693715594332417851e+01 4.684448374878346755e+01
4.693715594332417851e+01 4.691375758904737125e+01
4.693715594332417851e+01 3.777089962113679178e+01
4.693715594332417851e+01 4.640343605838726404e+01
4.693715594332417851e+01 4.638791764634004977e+01
4.693715594332417851e+01 4.281363412300095916e+01
4.693715594332417851e+01 4.558166337873421270e+01
4.693715594332417851e+01 5.211147638635874557e+01
4.693715594332417851e+01 4.662924371748712105e+01
4.693715594332417851e+01 4.427561178966795552e+01
4.693715594332417851e+01 4.458551910681519814e+01
4.693715594332417851e+01 4.851748820548643693e+01
4.693715594332417851e+01 4.345921790513167338e+01
4.693715594332417851e+01 4.703769982172313036e+01
4.693715594332417851e+01 4.433665466621395979e+01
4.693715594332417851e+01 5.039985054963293720e+01
4.693715594332417851e+01 4.570207863338010412e+01
4.693715594332417851e+01 4.654451948456242860e+01
4.693715594332417851e+01 4.545777793872463945e+01
4.693715594332417851e+01 4.326470298556686345e+01
4.693715594332417851e+01 4.079757081513408679e+01
4.693715594332417851e+01 4.601628842217024840e+01
4.693715594332417851e+01 4.834287111483485688e+01
4.693715594332417851e+01 4.482729066105151361e+01
4.693715594332417851e+01 4.228519312492993976e+01
4.693715594332417851e+01 4.818298246938982743e+01
4.693715594332417851e+01 4.566568047504995320e+01
4.693715594332417851e+01 4.480406978395220108e+01
4.693715594332417851e+01 4.634853701339140741e+01
4.693715594332417851e+01 4.392494678546265874e+01
4.693715594332417851e+01 4.535299003211232360e+01
4.693715594332417851e+01 5.517412952400630388e+01
4.693715594332417851e+01 4.504568829357166493e+01
4.693715594332417851e+01 4.870922753587059617e+01
4.693715594332417851e+01 5.041254156607231351e+01
4.693715594332417851e+01 4.268092067474399443e+01
4.693715594332417851e+01 4.344421407879889330e+01
4.693715594332417851e+01 4.827263616106425559e+01
4.693715594332417851e+01 4.607958042032403512e+01
4.693715594332417851e+01 4.894517434753195317e+01
4.693715594332417851e+01 4.477553864222178959e+01
4.693715594332417851e+01 4.972032007642233964e+01
4.693715594332417851e+01 4.448856061721602373e+01
4.693715594332417851e+01 4.615963317905965368e+01
4.693715594332417851e+01 4.452011678961912367e+01
4.693715594332417851e+01 4.184861330452564232e+01
4.693715594332417851e+01 4.258085254333508374e+01
4.693715594332417851e+01 5.137020308488795450e+01
4.693715594332417851e+01 4.538634459004100563e+01
4.693715594332417851e+01 5.102951694913681990e+01
4.693715594332417851e+01 4.813489382931172145e+01
4.693715594332417851e+01 4.273006480515387295e+01
4.693715594332417851e+01 4.824462733522990732e+01
4.693715594332417851e+01 4.656120583011369263e+01
4.693715594332417851e+01 4.377540216861489597e+01
4.693715594332417851e+01 4.373268131213333731e+01
4.693715594332417851e+01 4.649200742462807057e+01
4.693715594332417851e+01 5.098981380235272098e+01
4.693715594332417851e+01 4.761028958538912548e+01
4.693715594332417851e+01 4.621208357420304225e+01
4.693715594332417851e+01 4.358571804714285491e+01
4.693715594332417851e+01 4.702821229923612378e+01
4.693715594332417851e+01 4.935250462416093598e+01
4.693715594332417851e+01 4.219286502177899933e+01
4.693715594332417851e+01 4.227773427444528664e+01
4.693715594332417851e+01 4.394652392964021459e+01
4.693715594332417851e+01 4.874258754594384868e+01
4.693715594332417851e+01 4.820381376843830168e+01
4.693715594332417851e+01 4.208633267088154639e+01
4.693715594332417851e+01 4.580493745570291253e+01
4.693715594332417851e+01 4.754508078886031797e+01
4.693715594332417851e+01 4.293754106480481880e+01
4.693715594332417851e+01 4.375302748164307332e+01
4.693715594332417851e+01 4.875441783553488051e+01
4.693715594332417851e+01 4.771090272294401302e+01
4.693715594332417851e+01 5.160689976760104258e+01
4.693715594332417851e+01 4.601068684575324852e+01
4.693715594332417851e+01 4.836853368773707729e+01
4.693715594332417851e+01 4.586340789168172449e+01
4.693715594332417851e+01 5.391650550734533454e+01
4.693715594332417851e+01 4.465859491688011929e+01
4.693715594332417851e+01 4.993761147113043108e+01
4.693715594332417851e+01 4.590661453358387689e+01
4.693715594332417851e+01 4.241836873141693331e+01
4.693715594332417851e+01 4.883752742786924728e+01
4.693715594332417851e+01 4.798120775048488440e+01
4.693715594332417851e+01 5.226517836589570720e+01
4.693715594332417851e+01 4.237540702939869419e+01
4.693715594332417851e+01 4.626979617851254289e+01
4.693715594332417851e+01 4.854568707894793533e+01
4.693715594332417851e+01 4.627694045462222050e+01
4.693715594332417851e+01 4.415289204599496742e+01
4.693715594332417851e+01 4.869663370542776448e+01
4.693715594332417851e+01 4.661210317344750820e+01
4.693715594332417851e+01 4.523577948538451210e+01
4.693715594332417851e+01 4.868252640971827105e+01
4.693715594332417851e+01 4.160908457097113455e+01
4.693715594332417851e+01 4.760575682671220932e+01
4.693715594332417851e+01 4.616473650691936825e+01
4.693715594332417851e+01 4.642334096892870576e+01
4.693715594332417851e+01 4.526928127022887338e+01
4.693715594332417851e+01 4.420250806667462484e+01
4.693715594332417851e+01 4.342632542185564404e+01
4.693715594332417851e+01 4.905495826510812662e+01
4.693715594332417851e+01 4.249088542070291652e+01
4.693715594332417851e+01 4.763517216751462513e+01
4.693715594332417851e+01 4.414546743219322877e+01
4.693715594332417851e+01 4.882863288535915558e+01
4.693715594332417851e+01 4.030694042608111971e+01
4.693715594332417851e+01 4.466722646063773539e+01
4.693715594332417851e+01 4.633923977745145351e+01
4.693715594332417851e+01 4.732844399933700430e+01
4.693715594332417851e+01 4.342798603914719990e+01
4.693715594332417851e+01 4.846718681106916904e+01
4.693715594332417851e+01 4.615795267685877690e+01
4.693715594332417851e+01 4.227487546711432742e+01
4.693715594332417851e+01 4.960014233509124182e+01
4.693715594332417851e+01 4.382733291789489982e+01
4.693715594332417851e+01 4.732459971594730774e+01
4.693715594332417851e+01 5.243793701394453421e+01
4.693715594332417851e+01 4.161991004284099205e+01
4.693715594332417851e+01 4.529912858480199844e+01
4.693715594332417851e+01 4.629128195667274071e+01
4.693715594332417851e+01 4.825090224963059882e+01
4.693715594332417851e+01 4.925198839489688396e+01
4.693715594332417851e+01 4.052940916108140357e+01
4.693715594332417851e+01 4.422107702062560719e+01
4.693715594332417851e+01 4.652482835827910179e+01
4.693715594332417851e+01 4.661291380795529449e+01
4.693715594332417851e+01 4.545841407529182021e+01
4.693715594332417851e+01 4.732174763203104817e+01
4.693715594332417851e+01 4.995223179207891917e+01
4.693715594332417851e+01 4.920704803690380658e+01
4.693715594332417851e+01 5.066140141795382590e+01
4.693715594332417851e+01 4.936499072626185125e+01
4.693715594332417851e+01 4.944381833553340044e+01
4.693715594332417851e+01 4.935221367792092906e+01
4.693715594332417851e+01 4.767607828749812882e+01
4.693715594332417851e+01 5.727508626724069529e+01
4.693715594332417851e+01 4.514931298712614449e+01
4.693715594332417851e+01 4.148478906763623542e+01
4.693715594332417851e+01 4.502358391450909636e+01
4.693715594332417851e+01 4.817663063694664771e+01
4.693715594332417851e+01 4.684160281043841678e+01
4.693715594332417851e+01 4.884459509503732022e+01
4.693715594332417851e+01 4.468193017665880973e+01
4.693715594332417851e+01 4.799587354309090159e+01
4.693715594332417851e+01 5.060452818572095879e+01
4.693715594332417851e+01 4.157271585773577272e+01
4.693715594332417851e+01 4.940091488620907967e+01
4.693715594332417851e+01 5.077158696884853128e+01
4.693715594332417851e+01 3.969137047128398166e+01
4.693715594332417851e+01 4.043106241951685575e+01
4.693715594332417851e+01 4.879080246558297773e+01
4.693715594332417851e+01 4.524615521301451082e+01
4.693715594332417851e+01 4.756733729400789912e+01
4.693715594332417851e+01 4.874571233846104690e+01
4.693715594332417851e+01 5.095686139746597831e+01
4.693715594332417851e+01 4.646237028103138300e+01
4.693715594332417851e+01 4.144145443732357137e+01
4.693715594332417851e+01 4.842790057939642878e+01
4.693715594332417851e+01 4.513406673304218231e+01
4.693715594332417851e+01 5.235407013042442514e+01
4.693715594332417851e+01 4.507881215523451601e+01
4.693715594332417851e+01 4.351657353497525094e+01
4.693715594332417851e+01 4.098758055558231206e+01
4.693715594332417851e+01 4.297370753157633771e+01
4.693715594332417851e+01 4.171578264088856969e+01
4.693715594332417851e+01 4.842200082693872076e+01
4.693715594332417851e+01 4.789502267639355892e+01
4.693715594332417851e+01 4.957772685874550689e+01
4.693715594332417851e+01 5.197459144260965047e+01
4.693715594332417851e+01 4.508908228467043244e+01
4.693715594332417851e+01 4.692018011760281837e+01
4.693715594332417851e+01 4.752950196081626189e+01
4.693715594332417851e+01 4.179751127848049919e+01
4.693715594332417851e+01 4.592244201461894448e+01
4.693715594332417851e+01 4.408127695263796397e+01
4.693715594332417851e+01 4.995009755312261035e+01
4.693715594332417851e+01 5.097677121113222398e+01
4.693715594332417851e+01 5.224797740438933147e+01
4.693715594332417851e+01 4.735963019086017312e+01
4.693715594332417851e+01 4.354978291605709728e+01
4.693715594332417851e+01 4.776983434302501763e+01
4.693715594332417851e+01 5.293550712314663542e+01
4.693715594332417851e+01 4.685755036024459486e+01
4.693715594332417851e+01 4.605014278304835074e+01
4.693715594332417851e+01 4.632317744828603168e+01
4.693715594332417851e+01 4.520761804938171480e+01
4.693715594332417851e+01 4.911125317883025332e+01
4.693715594332417851e+01 5.300024608770163326e+01
4.693715594332417851e+01 4.836286297757833808e+01
4.693715594332417851e+01 5.357503089073358638e+01
4.693715594332417851e+01 4.031060802077401917e+01
4.693715594332417851e+01 5.018852310737993605e+01
4.693715594332417851e+01 4.406388524956201991e+01
4.693715594332417851e+01 4.737900191555958429e+01
4.693715594332417851e+01 4.507407555439051094e+01
4.693715594332417851e+01 4.270929621896812733e+01
4.693715594332417851e+01 4.505688317228797501e+01
4.693715594332417851e+01 4.292355344885703516e+01
4.693715594332417851e+01 5.419700463893973108e+01
4.693715594332417851e+01 4.330289981290848544e+01
4.693715594332417851e+01 4.843816259778257205e+01
4.693715594332417851e+01 4.770618368377361662e+01
4.693715594332417851e+01 4.555077913217606067e+01
4.693715594332417851e+01 4.410422450737361544e+01
4.693715594332417851e+01 4.367926040441135882e+01
4.693715594332417851e+01 4.350120619848546966e+01
4.693715594332417851e+01 4.876193735236022064e+01
4.693715594332417851e+01 4.663392043603707293e+01
4.693715594332417851e+01 4.396022983149311614e+01
4.693715594332417851e+01 5.024053282530510245e+01
4.693715594332417851e+01 5.292495151126018982e+01
4.693715594332417851e+01 4.837779389458736290e+01
4.693715594332417851e+01 4.869763952473081758e+01
4.693715594332417851e+01 4.964381218587178779e+01
4.693715594332417851e+01 4.898712516099185876e+01
4.693715594332417851e+01 4.565527636719518512e+01
4.693715594332417851e+01 4.658250377094643113e+01
4.693715594332417851e+01 4.686371889970975957e+01
4.693715594332417851e+01 4.415524793990302754e+01
4.693715594332417851e+01 4.288333659924325048e+01
4.693715594332417851e+01 4.164351208000766746e+01
4.693715594332417851e+01 4.894201628236243096e+01
4.693715594332417851e+01 4.730362672937013713e+01
4.693715594332417851e+01 5.098765899159695181e+01
4.693715594332417851e+01 4.677146635653949858e+01
4.693715594332417851e+01 4.347984794196358393e+01
4.693715594332417851e+01 4.056970323887703955e+01
4.693715594332417851e+01 4.505128138760056800e+01
4.693715594332417851e+01 4.509727527194849017e+01
4.693715594332417851e+01 5.409695407736690953e+01
4.693715594332417851e+01 4.699226152098216858e+01
4.693715594332417851e+01 4.370114644991529218e+01
4.693715594332417851e+01 4.575265565183985217e+01
4.693715594332417851e+01 4.323882836648467531e+01
4.693715594332417851e+01 4.207489278341589056e+01
4.693715594332417851e+01 4.404026270145287469e+01
4.693715594332417851e+01 4.912017638922498719e+01
4.693715594332417851e+01 4.637993007065833950e+01
4.693715594332417851e+01 4.295861643319938850e+01
4.693715594332417851e+01 4.629853063716716122e+01
4.693715594332417851e+01 4.811022333448229205e+01
4.693715594332417851e+01 5.123945661099614313e+01
4.693715594332417851e+01 4.535302269270805198e+01
4.693715594332417851e+01 4.698463267986033287e+01
4.693715594332417851e+01 4.182962353086053042e+01
4.693715594332417851e+01 4.137333792960678380e+01
4.693715594332417851e+01 4.495904272566844639e+01
4.693715594332417851e+01 5.103455486942716135e+01
4.693715594332417851e+01 4.862313556839900741e+01
4.693715594332417851e+01 4.782923747082328703e+01
4.693715594332417851e+01 4.207519996049008171e+01
4.693715594332417851e+01 4.908552789431422525e+01
4.693715594332417851e+01 4.629603152027549839e+01
4.693715594332417851e+01 4.516860389433384881e+01
4.693715594332417851e+01 4.834630251616904673e+01
4.693715594332417851e+01 4.729728031135059041e+01
4.693715594332417851e+01 4.341437210494383692e+01
4.693715594332417851e+01 4.831313511475238442e+01
4.693715594332417851e+01 3.885104621742283371e+01
4.693715594332417851e+01 4.126957617512437793e+01
4.693715594332417851e+01 4.498706990319287513e+01
4.693715594332417851e+01 4.398346078753678512e+01
4.693715594332417851e+01 4.840093471915480450e+01
4.693715594332417851e+01 4.719228462425386539e+01
4.693715594332417851e+01 4.739993779499016568e+01
4.693715594332417851e+01 4.538120279928125456e+01
4.693715594332417851e+01 4.578258423430713719e+01
4.693715594332417851e+01 4.408142648451530476e+01
4.693715594332417851e+01 5.240383228542315663e+01
4.693715594332417851e+01 4.426480782686559223e+01
4.693715594332417851e+01 4.508708801312713632e+01
4.693715594332417851e+01 4.666913296295015101e+01
4.693715594332417851e+01 4.684750484353016731e+01
4.693715594332417851e+01 4.510961235616531440e+01
4.693715594332417851e+01 4.654230190417943192e+01
4.693715594332417851e+01 4.658462834139275088e+01
4.693715594332417851e+01 4.692023021047039322e+01
4.693715594332417851e+01 5.064222803794206129e+01
4.693715594332417851e+01 4.797973144098614284e+01
4.693715594332417851e+01 4.009297461531259188e+01
4.693715594332417851e+01 5.184447600039085557e+01
4.693715594332417851e+01 4.499910148058867776e+01
4.693715594332417851e+01 4.472355738134137937e+01
4.693715594332417851e+01 3.977538836096064045e+01
4.693715594332417851e+01 5.048245159294197748e+01
4.693715594332417851e+01 5.128800266458339507e+01
4.693715594332417851e+01 4.515141331916794343e+01
4.693715594332417851e+01 4.553417322185814697e+01
4.693715594332417851e+01 4.523949433874641812e+01
4.693715594332417851e+01 4.435224160299097917e+01
4.693715594332417851e+01 4.382390084357822957e+01
4.693715594332417851e+01 5.003396466752650440e+01
4.693715594332417851e+01 4.629190724865201645e+01
4.693715594332417851e+01 4.301781069598755636e+01
4.693715594332417851e+01 4.769321687309317070e+01
4.693715594332417851e+01 4.570094602455859700e+01
4.693715594332417851e+01 4.009760175690322370e+01
4.693715594332417851e+01 4.853392394538237653e+01
4.693715594332417851e+01 4.271036529279346894e+01
4.693715594332417851e+01 4.633191127700341383e+01
4.693715594332417851e+01 4.735476148829513932e+01
4.693715594332417851e+01 4.832073652358248239e+01
4.693715594332417851e+01 5.373175751194246175e+01
4.693715594332417851e+01 4.019069729188827012e+01
4.693715594332417851e+01 4.788909815018522664e+01
4.693715594332417851e+01 4.490064230109067722e+01
4.693715594332417851e+01 5.116705667536403723e+01
4.693715594332417851e+01 4.698840605471610132e+01
4.693715594332417851e+01 4.517489498030674611e+01
4.693715594332417851e+01 4.457673229059582809e+01
4.693715594332417851e+01 4.765336368854160298e+01
4.693715594332417851e+01 4.681095166739291358e+01
4.693715594332417851e+01 5.013226906923811299e+01
4.693715594332417851e+01 4.443611588410331592e+01
4.693715594332417851e+01 3.905640354297975847e+01
4.693715594332417851e+01 4.667490562717496516e+01
4.693715594332417851e+01 4.095772533578519159e+01
4.693715594332417851e+01 4.331427559990236631e+01
4.693715594332417851e+01 5.041914151977785252e+01
4.693715594332417851e+01 4.291092234797651628e+01
