4.693715594332417851e+01 4.785177530183392491e+01
4.693715594332417851e+01 4.768143927250213920e+01
4.693715594332417851e+01 4.904658146355993864e+01
4.693715594332417851e+01 4.683364189039019720e+01
4.693715594332417851e+01 4.785759942116821719e+01
4.693715594332417851e+01 4.682586933036647281e+01
4.693715594332417851e+01 4.869145316116033939e+01
4.693715594332417851e+01 4.664998014277092153e+01
4.693715594332417851e+01 5.078648816019772738e+01
4.693715594332417851e+01 4.553424416151909071e+01
4.693715594332417851e+01 4.582262595773892855e+01
4.693715594332417851e+01 4.514724553616405700e+01
4.693715594332417851e+01 4.484480802551991019e+01
4.693715594332417851e+01 5.386838934249368549e+01
4.693715594332417851e+01 4.382703303818833973e+01
4.693715594332417851e+01 4.695857671753412887e+01
4.693715594332417851e+01 4.588652004117653860e+01
4.693715594332417851e+01 4.662962636968966734e+01
4.693715594332417851e+01 5.289122572989135307e+01
4.693715594332417851e+01 4.606455316269847344e+01
4.693715594332417851e+01 4.863002812724098334e+01
4.693715594332417851e+01 4.374935899159876129e+01
4.693715594332417851e+01 4.955663282138561243e+01
4.693715594332417851e+01 4.552714436322906266e+01
4.693715594332417851e+01 4.446339095233899030e+01
4.693715594332417851e+01 4.504130357618283398e+01
4.693715594332417851e+01 4.813550787066029102e+01
4.693715594332417851e+01 4.917984318123514953e+01
4.693715594332417851e+01 5.747421668306669318e+01
4.693715594332417851e+01 4.320159318413308824e+01
4.693715594332417851e+01 4.708556842331959302e+01
4.693715594332417851e+01 5.122033120792190175e+01
4.693715594332417851e+01 4.496293915205432512e+01
4.693715594332417851e+01 4.585859910886950530e+01
4.693715594332417851e+01 4.746917684958398098e+01
4.693715594332417851e+01 4.296734730318954831e+01
4.693715594332417851e+01 4.696214242330785282e+01
4.693715594332417851e+01 4.765404083285883985e+01
4.693715594332417851e+01 4.272447045256497233e+01
4.693715594332417851e+01 5.117376888063729723e+01
4.693715594332417851e+01 4.941741739759073226e+01
4.693715594332417851e+01 4.533637993127162957e+01
4.693715594332417851e+01 4.336783032399142002e+01
4.693715594332417851e+01 5.020178807982118485e+01
4.693715594332417851e+01 4.222786264451018923e+01
4.693715594332417851e+01 4.709769328021796753e+01
4.693715594332417851e+01 4.611785159030041115e+01
4.693715594332417851e+01 4.517958213436246950e+01
4.693715594332417851e+01 4.881989399138149111e+01
4.693715594332417851e+01 4.664563133129968264e+01
4.693715594332417851e+01 4.972499307232394017e+01
4.693715594332417851e+01 4.876291102189983917e+01
4.693715594332417851e+01 4.883904043078769774e+01
4.693715594332417851e+01 4.579191731354463712e+01
4.693715594332417851e+01 4.576430241121845910e+01
4.693715594332417851e+01 4.755164811567683358e+01
4.693715594332417851e+01 4.395418335115962094e+01
4.693715594332417851e+01 4.310686635320067239e+01
4.693715594332417851e+01 4.901454983680162769e+01
4.693715594332417851e+01 4.901020364159495557e+01
4.693715594332417851e+01 4.391104721727221971e+01
4.693715594332417851e+01 4.411877102651220639e+01
4.693715594332417851e+01 4.918864411951262383e+01
4.693715594332417851e+01 4.386550923860168893e+01
4.693715594332417851e+01 4.839234612552451154e+01
4.693715594332417851e+01 5.014448456401794374e+01
4.693715594332417851e+01 4.698832579052020719e+01
4.693715594332417851e+01 4.675071182794895464e+01
4.693715594332417851e+01 4.248960439712823955e+01
4.693715594332417851e+01 4.328347815132654830e+01
4.693715594332417851e+01 4.454971945483338658e+01
4.693715594332417851e+01 4.424086723497659790e+01
4.693715594332417851e+01 4.552862856774198974e+01
4.693715594332417851e+01 4.852933276046945110e+01
4.693715594332417851e+01 4.745265102309061689e+01
4.693715594332417851e+01 4.726956350022211950e+01
4.693715594332417851e+01 5.118047247371746522e+01
4.693715594332417851e+01 4.670242976105944166e+01
4.693715594332417851e+01 4.558537461837778437e+01
4.693715594332417851e+01 4.449671397884178958e+01
4.693715594332417851e+01 4.504871292058067667e+01
4.693715594332417851e+01 4.942675495634001948e+01
4.693715594332417851e+01 5.841202074036321790e+01
4.693715594332417851e+01 4.346797439311141886e+01
4.693715594332417851e+01 4.212638205326717156e+01
4.693715594332417851e+01 4.569224003284067948e+01
4.693715594332417851e+01 4.595568495901937922e+01
4.693715594332417851e+01 4.452014842274805773e+01
4.693715594332417851e+01 5.395552861808749867e+01
4.693715594332417851e+01 4.857999932629581963e+01
4.693715594332417851e+01 5.044306647206275329e+01
4.693715594332417851e+01 4.879913249363261230e+01
4.693715594332417851e+01 4.749604801920695962e+01
4.693715594332417851e+01 4.506463458695297675e+01
4.693715594332417851e+01 4.370768510477766711e+01
4.693715594332417851e+01 4.384592528903393571e+01
4.693715594332417851e+01 4.777854623600065054e+01
4.693715594332417851e+01 4.003360882631513817e+01
4.693715594332417851e+01 4.253926630667064046e+01
4.693715594332417851e+01 4.475151762787934473e+01
4.693715594332417851e+01 4.907570766901966408e+01
4.693715594332417851e+01 4.333728382247785049e+01
4.693715594332417851e+01 4.945074492021910118e+01
4.693715594332417851e+01 4.741521077438157050e+01
4.693715594332417851e+01 4.219852079310792448e+01
4.693715594332417851e+01 4.834987356007783177e+01
4.693715594332417851e+01 4.492374791023635794e+01
4.693715594332417851e+01 4.613783807093094680e+01
4.693715594332417851e+01 5.116697734061729363e+01
4.693715594332417851e+01 4.805531427151829149e+01
4.693715594332417851e+01 4.802748880570337775e+01
4.693715594332417851e+01 4.864710755325299374e+01
4.693715594332417851e+01 5.232197036569473170e+01
4.693715594332417851e+01 5.082105338630174884e+01
4.693715594332417851e+01 4.531307252302559618e+01
4.693715594332417851e+01 4.595028805339223510e+01
4.693715594332417851e+01 4.766262297105171797e+01
4.693715594332417851e+01 4.166184561016805787e+01
4.693715594332417851e+01 5.162144705699593317e+01
4.693715594332417851e+01 4.372799500435957043e+01
4.693715594332417851e+01 5.024987083933735477e+01
4.693715594332417851e+01 5.115643161955563301e+01
4.693715594332417851e+01 4.147521142451191878e+01
4.693715594332417851e+01 4.658303689669160264e+01
4.693715594332417851e+01 4.284597207395847107e+01
4.693715594332417851e+01 4.606964839954375890e+01
4.693715594332417851e+01 5.061943165646437848e+01
4.693715594332417851e+01 4.240132246327010535e+01
4.693715594332417851e+01 4.342923813340155448e+01
4.693715594332417851e+01 4.382005046673440773e+01
4.693715594332417851e+01 4.137846580120512385e+01
4.693715594332417851e+01 4.640980748526702371e+01
4.693715594332417851e+01 4.827566863353484905e+01
4.693715594332417851e+01 4.424050343046341283e+01
4.693715594332417851e+01 4.196248499958704059e+01
4.693715594332417851e+01 4.310820705350007387e+01
4.693715594332417851e+01 4.994520931627469196e+01
4.693715594332417851e+01 4.689805157633245614e+01
4.693715594332417851e+01 4.023883193380023471e+01
4.693715594332417851e+01 4.886769602575555638e+01
4.693715594332417851e+01 4.258607402850245194e+01
4.693715594332417851e+01 4.601846689080706199e+01
4.693715594332417851e+01 4.367673170710060759e+01
4.693715594332417851e+01 3.976122779162872689e+01
4.693715594332417851e+01 4.829379787419203751e+01
4.693715594332417851e+01 5.163663075865503771e+01
4.693715594332417851e+01 4.283745977625119394e+01
4.693715594332417851e+01 5.162863285813675418e+01
4.693715594332417851e+01 4.669385658199756506e+01
4.693715594332417851e+01 4.364078656313417071e+01
4.693715594332417851e+01 4.812323181760802271e+01
4.693715594332417851e+01 4.579341956503768785e+01
4.693715594332417851e+01 4.608886232169131603e+01
4.693715594332417851e+01 4.472942536410263870e+01
4.693715594332417851e+01 4.881571814445744906e+01
4.693715594332417851e+01 4.284906637376121097e+01
4.693715594332417851e+01 4.418574222863732359e+01
4.693715594332417851e+01 4.622971792822669101e+01
4.693715594332417851e+01 5.101602751835969940e+01
4.693715594332417851e+01 4.943221062111908992e+01
4.693715594332417851e+01 4.735658860319654195e+01
4.693715594332417851e+01 4.770246836835548265e+01
4.693715594332417851e+01 4.800103628391135402e+01
4.693715594332417851e+01 4.533068855562945032e+01
4.693715594332417851e+01 5.082273334245063268e+01
4.693715594332417851e+01 4.776750762027613462e+01
4.693715594332417851e+01 5.040631706784124333e+01
4.693715594332417851e+01 5.301222833382885113e+01
4.693715594332417851e+01 4.198232790017817706e+01
4.693715594332417851e+01 4.991357936399177220e+01
4.693715594332417851e+01 5.006483477741387134e+01
4.693715594332417851e+01 4.249605435944859977e+01
4.693715594332417851e+01 4.951967766146172778e+01
4.693715594332417851e+01 4.376739456041176624e+01
4.693715594332417851e+01 4.545726117427673074e+01
4.693715594332417851e+01 4.990930259731641883e+01
4.693715594332417851e+01 4.909098600004804069e+01
4.693715594332417851e+01 4.451206621672292840e+01
4.693715594332417851e+01 4.466512891767347071e+01
4.693715594332417851e+01 4.921701667610230402e+01
4.693715594332417851e+01 4.790555721466165551e+01
4.693715594332417851e+01 3.945612697887605691e+01
4.693715594332417851e+01 4.631617318929298932e+01
4.693715594332417851e+01 5.032696449149479889e+01
4.693715594332417851e+01 4.435055221319917251e+01
4.693715594332417851e+01 4.757953412661722581e+01
4.693715594332417851e+01 4.307747608148137175e+01
4.693715594332417851e+01 4.173528548537147742e+01
4.693715594332417851e+01 4.210375622333900480e+01
4.693715594332417851e+01 4.914356497591695927e+01
4.693715594332417851e+01 5.319529572866810696e+01
4.693715594332417851e+01 4.657091637259950545e+01
4.693715594332417851e+01 4.238283224712002806e+01
4.693715594332417851e+01 5.417408820390573965e+01
4.693715594332417851e+01 4.258187843262837191e+01
4.693715594332417851e+01 4.248657861000145886e+01
4.693715594332417851e+01 4.573762301273446695e+01
4.693715594332417851e+01 4.696794400207900821e+01
4.693715594332417851e+01 4.734104497569627057e+01
4.693715594332417851e+01 4.595985981963192302e+01
4.693715594332417851e+01 3.666558866773244318e+01
4.693715594332417851e+01 4.527572599946554277e+01
4.693715594332417851e+01 4.279904576230008217e+01
4.693715594332417851e+01 4.932084485417811948e+01
4.693715594332417851e+01 4.753503309078442385e+01
4.693715594332417851e+01 4.357967640164778089e+01
4.693715594332417851e+01 5.174393832987403385e+01
4.693715594332417851e+01 4.711976503201283606e+01
4.693715594332417851e+01 5.090851682986566118e+01
4.693715594332417851e+01 4.859637759859964490e+01
4.693715594332417851e+01 4.675491188566622469e+01
4.693715594332417851e+01 4.591045343228360309e+01
4.693715594332417851e+01 4.557390109570218328e+01
4.693715594332417851e+01 3.981113326302939015e+01
4.693715594332417851e+01 4.754742916905369299e+01
4.693715594332417851e+01 4.151200347516583378e+01
4.693715594332417851e+01 4.613402302402404587e+01
4.693715594332417851e+01 4.588371654557371215e+01
4.693715594332417851e+01 5.025614242239777241e+01
4.693715594332417851e+01 5.057069294169703966e+01
4.693715594332417851e+01 4.444461747513864225e+01
4.693715594332417851e+01 4.395360809598721374e+01
4.693715594332417851e+01 4.523154556369615165e+01
4.693715594332417851e+01 4.454568938857319438e+01
4.693715594332417851e+01 3.957255385528556957e+01
4.693715594332417851e+01 4.688236481388901922e+01
4.693715594332417851e+01 4.489108791502645346e+01
4.693715594332417851e+01 4.192483899482524379e+01
4.693715594332417851e+01 4.777233518016751646e+01
4.693715594332417851e+01 5.049807688461937261e+01
4.693715594332417851e+01 4.648905124436737424e+01
4.693715594332417851e+01 5.262295722044595436e+01
4.693715594332417851e+01 5.103349980351241300e+01
4.693715594332417851e+01 4.271905633657173240e+01
4.693715594332417851e+01 4.377570452671764656e+01
4.693715594332417851e+01 4.555673859770553236e+01
4.693715594332417851e+01 4.502013916749757527e+01
4.693715594332417851e+01 4.306554182199251812e+01
4.693715594332417851e+01 4.773656600605047373e+01
4.693715594332417851e+01 5.077122104858428742e+01
4.693715594332417851e+01 5.178672175135632472e+01
4.693715594332417851e+01 4.704021750552347925e+01
4.693715594332417851e+01 4.468305050547918000e+01
4.693715594332417851e+01 4.268222613450102898e+01
4.693715594332417851e+01 4.920518594777158228e+01
4.693715594332417851e+01 4.485430485420732083e+01
4.693715594332417851e+01 5.025691137950844478e+01
4.693715594332417851e+01 4.117575482804757314e+01
4.693715594332417851e+01 5.253660900979154746e+01
4.693715594332417851e+01 4.455184697352012080e+01
4.693715594332417851e+01 4.638884871617663208e+01
4.693715594332417851e+01 4.629385846868196097e+01
4.693715594332417851e+01 4.395638755061702341e+01
4.693715594332417851e+01 4.586112824381679332e+01
4.693715594332417851e+01 4.747131078372741086e+01
4.693715594332417851e+01 5.231002472230476030e+01
4.693715594332417851e+01 4.559366041507255574e+01
4.693715594332417851e+01 4.329467971317857433e+01
4.693715594332417851e+01 4.822422169797274449e+01
4.693715594332417851e+01 4.515036921575151041e+01
4.693715594332417851e+01 4.809695944160138481e+01
4.693715594332417851e+01 5.187749206125684509e+01
4.693715594332417851e+01 4.642901371194950144e+01
4.693715594332417851e+01 4.162538637758383686e+01
4.693715594332417851e+01 4.615962017430840802e+01
4.693715594332417851e+01 5.213528715613977482e+01
4.693715594332417851e+01 4.353897163189600406e+01
4.693715594332417851e+01 5.068168615242976927e+01
4.693715594332417851e+01 4.567694239216578467e+01
4.693715594332417851e+01 4.843676592271858539e+01
4.693715594332417851e+01 4.208757779417957323e+01
4.693715594332417851e+01 4.280079327949276546e+01
4.693715594332417851e+01 4.317811734919062161e+01
4.693715594332417851e+01 4.676092912759439457e+01
4.693715594332417851e+01 4.322360646762138003e+01
4.693715594332417851e+01 4.822334466472418057e+01
4.693715594332417851e+01 4.086938859531902324e+01
4.693715594332417851e+01 4.738409105085191442e+01
4.693715594332417851e+01 4.868281893529017168e+01
4.693715594332417851e+01 5.207366965038932705e+01
4.693715594332417851e+01 4.238456255636179293e+01
4.693715594332417851e+01 5.245089472454603907e+01
4.693715594332417851e+01 4.855625512568952473e+01
4.693715594332417851e+01 5.103810691498815544e+01
4.693715594332417851e+01 4.187507105174649524e+01
4.693715594332417851e+01 4.769619388563940987e+01
4.693715594332417851e+01 4.026190829682681738e+01
4.693715594332417851e+01 4.510232743950368217e+01
4.693715594332417851e+01 5.016215098789852078e+01
4.693715594332417851e+01 4.738821654610773493e+01
4.693715594332417851e+01 4.307147006266001199e+01
4.693715594332417851e+01 4.209262843498902384e+01
4.693715594332417851e+01 4.573043216223670271e+01
4.693715594332417851e+01 4.452423416067583162e+01
4.693715594332417851e+01 4.540445568112856023e+01
4.693715594332417851e+01 4.288708353336583201e+01
4.693715594332417851e+01 4.183463279783225630e+01
4.693715594332417851e+01 4.558898719588438553e+01
4.693715594332417851e+01 4.251410666185771703e+01
4.693715594332417851e+01 4.623464825249767784e+01
4.693715594332417851e+01 4.917885043108279319e+01
4.693715594332417851e+01 4.341137223769697329e+01
4.693715594332417851e+01 4.584893692330715709e+01
4.693715594332417851e+01 4.252326528262490513e+01
4.693715594332417851e+01 4.719709947565743136e+01
4.693715594332417851e+01 4.584377119070148865e+01
4.693715594332417851e+01 4.859933774893750069e+01
4.693715594332417851e+01 4.119648581641233420e+01
4.693715594332417851e+01 4.985135951386479292e+01
4.693715594332417851e+01 4.882777155387658041e+01
4.693715594332417851e+01 4.758145868919821453e+01
4.693715594332417851e+01 5.045998036159885203e+01
4.693715594332417851e+01 4.978485638188979578e+01
4.693715594332417851e+01 4.302687644258725186e+01
4.693715594332417851e+01 4.490126285244996751e+01
4.693715594332417851e+01 4.348933104353454837e+01
4.693715594332417851e+01 4.439123320363461289e+01
4.693715594332417851e+01 4.498434378929800914e+01
4.693715594332417851e+01 4.315826242258839329e+01
4.693715594332417851e+01 4.368600994734538290e+01
4.693715594332417851e+01 5.084711156000432197e+01
4.693715594332417851e+01 5.166805016164726538e+01
4.693715594332417851e+01 4.172627856950049363e+01
4.693715594332417851e+01 4.598397782031469205e+01
4.693715594332417851e+01 4.923255850314899362e+01
4.693715594332417851e+01 5.007342300171880822e+01
4.693715594332417851e+01 4.087991100822637236e+01
4.693715594332417851e+01 4.634338146225601207e+01
4.693715594332417851e+01 5.511119873750696740e+01
4.693715594332417851e+01 4.428017399306221336e+01
4.693715594332417851e+01 4.867743438628608743e+01
4.693715594332417851e+01 4.195979754970310438e+01
4.693715594332417851e+01 3.923516241246046832e+01
4.693715594332417851e+01 3.809585994947040177e+01
4.693715594332417851e+01 4.780022767538651607e+01
4.693715594332417851e+01 4.516098003384700377e+01
4.693715594332417851e+01 5.171984499666137225e+01
4.693715594332417851e+01 4.997824861866715906e+01
4.693715594332417851e+01 4.077173002545608682e+01
4.693715594332417851e+01 5.010863250701243743e+01
4.693715594332417851e+01 4.729312142243976780e+01
4.693715594332417851e+01 4.737171985834442722e+01
4.693715594332417851e+01 4.329350488067683500e+01
4.693715594332417851e+01 4.260108557400449314e+01
4.693715594332417851e+01 4.736602770459203526e+01
4.693715594332417851e+01 4.642121779835064643e+01
4.693715594332417851e+01 4.798679590958703756e+01
4.693715594332417851e+01 5.288556907667584284e+01
4.693715594332417851e+01 3.743691794111403937e+01
4.693715594332417851e+01 5.000703950168082201e+01
4.693715594332417851e+01 5.002676545283355836e+01
4.693715594332417851e+01 3.989604541722449937e+01
4.693715594332417851e+01 4.533259800546390039e+01
4.693715594332417851e+01 4.876258420263992832e+01
4.693715594332417851e+01 4.805924216076789435e+01
4.693715594332417851e+01 4.384103264163046987e+01
4.693715594332417851e+01 4.199179290491471050e+01
4.693715594332417851e+01 4.144697210528940445e+01
4.693715594332417851e+01 4.745084997659897397e+01
4.693715594332417851e+01 4.356144708917085495e+01
4.693715594332417851e+01 4.954865061719563357e+01
4.693715594332417851e+01 4.541137835934669198e+01
4.693715594332417851e+01 4.199714562367347526e+01
4.693715594332417851e+01 4.544447767659720938e+01
4.693715594332417851e+01 5.114685634033905615e+01
4.693715594332417851e+01 4.457456003675451939e+01
4.693715594332417851e+01 4.772696127103390751e+01
4.693715594332417851e+01 4.597247210560314556e+01
4.693715594332417851e+01 5.013381494623087065e+01
4.693715594332417851e+01 4.732472363668500748e+01
4.693715594332417851e+01 4.932286930057813379e+01
4.693715594332417851e+01 4.978986355831499822e+01
4.693715594332417851e+01 4.686964656792682149e+01
4.693715594332417851e+01 4.697614603137500211e+01
4.693715594332417851e+01 4.950881295355624445e+01
4.693715594332417851e+01 4.749009664450760937e+01
4.693715594332417851e+01 4.779098976944954558e+01
4.693715594332417851e+01 4.554317465069282633e+01
4.693715594332417851e+01 4.198327844306150070e+01
4.693715594332417851e+01 4.990371581902048348e+01
4.693715594332417851e+01 4.468289995734852482e+01
4.693715594332417851e+01 4.691581173151274697e+01
4.693715594332417851e+01 4.711716808686498581e+01
4.693715594332417851e+01 4.819722550728739918e+01
4.693715594332417851e+01 4.539866850292285250e+01
4.693715594332417851e+01 4.590377512396045745e+01
4.693715594332417851e+01 4.673979852854836992e+01
4.693715594332417851e+01 4.436709207261409205e+01
4.693715594332417851e+01 4.683493629562666882e+01
4.693715594332417851e+01 5.333137086975177965e+01
4.693715594332417851e+01 5.840627756557766759e+01
4.693715594332417851e+01 4.404587211012044179e+01
4.693715594332417851e+01 4.030830526256140445e+01
4.693715594332417851e+01 4.912352533902021889e+01
4.693715594332417851e+01 5.369762183668446198e+01
4.693715594332417851e+01 4.481955275263847938e+01
4.693715594332417851e+01 4.665936512400959657e+01
4.693715594332417851e+01 4.470111409898708388e+01
4.693715594332417851e+01 4.594145417194680192e+01
4.693715594332417851e+01 4.926984011484800163e+01
4.693715594332417851e+01 4.947734081275874019e+01
4.693715594332417851e+01 4.539717119547015045e+01
4.693715594332417851e+01 4.867459891273417583e+01
4.693715594332417851e+01 4.818330323422757999e+01
4.693715594332417851e+01 4.774348328676284581e+01
4.693715594332417851e+01 4.857769020734438215e+01
4.693715594332417851e+01 5.445240936963296008e+01
4.693715594332417851e+01 4.654050553501554077e+01
4.693715594332417851e+01 4.193587574865873080e+01
4.693715594332417851e+01 4.499160366420307611e+01
4.693715594332417851e+01 4.767010249967716362e+01
4.693715594332417851e+01 4.996514410122214400e+01
4.693715594332417851e+01 4.652189605949007500e+01
4.693715594332417851e+01 4.301946947438747770e+01
4.693715594332417851e+01 4.382809645922334596e+01
4.693715594332417851e+01 4.476126346221832364e+01
4.693715594332417851e+01 4.700693044862811831e+01
4.693715594332417851e+01 4.435034954194742340e+01
4.693715594332417851e+01 4.675776076058081543e+01
4.693715594332417851e+01 4.635626809312176277e+01
4.693715594332417851e+01 4.684464725776425809e+01
4.693715594332417851e+01 4.700365107006011556e+01
4.693715594332417851e+01 4.560280400354292141e+01
4.693715594332417851e+01 4.477143508224053647e+01
4.693715594332417851e+01 4.429231153983592151e+01
4.693715594332417851e+01 4.933752285324005982e+01
4.693715594332417851e+01 4.591300181709607386e+01
4.693715594332417851e+01 4.439368804213908959e+01
4.693715594332417851e+01 4.661865654759134969e+01
4.693715594332417851e+01 4.981198865188598290e+01
4.693715594332417851e+01 5.284418588641307224e+01
4.693715594332417851e+01 4.599009872441352798e+01
4.693715594332417851e+01 4.748697613772202430e+01
4.693715594332417851e+01 5.213583117074522022e+01
4.693715594332417851e+01 4.754972248528832779e+01
4.693715594332417851e+01 5.061709699270260643e+01
4.693715594332417851e+01 3.904427046719080607e+01
4.693715594332417851e+01 4.557523742133128053e+01
4.693715594332417851e+01 5.345393210890689772e+01
4.693715594332417851e+01 4.054222612955036453e+01
4.693715594332417851e+01 4.623955903513169119e+01
4.693715594332417851e+01 4.820491027263957307e+01
4.693715594332417851e+01 4.543201879278107924e+01
4.693715594332417851e+01 4.369021524695749292e+01
4.693715594332417851e+01 4.926272990038822286e+01
4.693715594332417851e+01 4.553094562217466290e+01
4.693715594332417851e+01 4.097465523218659911e+01
4.693715594332417851e+01 5.088446805092518588e+01
4.693715594332417851e+01 5.458976793418398898e+01
4.693715594332417851e+01 4.697231914479778681e+01
4.693715594332417851e+01 5.002303339296124562e+01
4.693715594332417851e+01 4.142213810830319431e+01
4.693715594332417851e+01 4.161637656874682989e+01
4.693715594332417851e+01 4.690927611092955374e+01
4.693715594332417851e+01 4.443364301504638547e+01
4.693715594332417851e+01 4.851422063184453037e+01
4.693715594332417851e+01 4.553292375512977941e+01
4.693715594332417851e+01 4.411918946962543941e+01
4.693715594332417851e+01 4.575136113136061766e+01
4.693715594332417851e+01 4.534786539261204297e+01
4.693715594332417851e+01 4.295722076265586509e+01
4.693715594332417851e+01 4.588106155632866745e+01
4.693715594332417851e+01 4.251520670493538034e+01
4.693715594332417851e+01 4.684463678177286283e+01
4.693715594332417851e+01 4.712435984594903715e+01
4.693715594332417851e+01 4.281332783477697745e+01
4.693715594332417851e+01 4.868950031588082084e+01
4.693715594332417851e+01 5.439108980375789315e+01
4.693715594332417851e+01 4.559908315747820495e+01
4.693715594332417851e+01 5.167406731093890215e+01
4.693715594332417851e+01 4.615755756439021695e+01
4.693715594332417851e+01 4.765908476851799946e+01
4.693715594332417851e+01 4.204375528552048280e+01
4.693715594332417851e+01 4.799794506479415190e+01
4.693715594332417851e+01 4.894346591280766745e+01
4.693715594332417851e+01 4.722436904438762184e+01
4.693715594332417851e+01 4.475574517896068727e+01
4.693715594332417851e+01 4.934354843076906860e+01
4.693715594332417851e+01 4.231348526545824029e+01
4.693715594332417851e+01 4.702786982846708952e+01
4.693715594332417851e+01 4.337826986732255818e+01
4.693715594332417851e+01 4.832232643419168738e+01
4.693715594332417851e+01 4.082176448181734685e+01
4.693715594332417851e+01 5.206634249471964893e+01
4.693715594332417851e+01 4.715307591683028932e+01
4.693715594332417851e+01 4.264932857831815483e+01
4.693715594332417851e+01 4.661412988750999631e+01
4.693715594332417851e+01 4.531680141277364982e+01
4.693715594332417851e+01 4.500096401604395169e+01
4.693715594332417851e+01 4.987163741531051642e+01
4.693715594332417851e+01 4.546276948822393393e+01
4.693715594332417851e+01 4.646814265845288361e+01
4.693715594332417851e+01 4.654516589585182373e+01
4.693715594332417851e+01 4.416583234373035083e+01
4.693715594332417851e+01 5.036353633983058131e+01
4.693715594332417851e+01 4.892901380362857111e+01
4.693715594332417851e+01 5.138871338626979224e+01
4.693715594332417851e+01 4.648463319527521520e+01
4.693715594332417851e+01 4.530147834341659063e+01
4.693715594332417851e+01 4.721371671491281319e+01
4.693715594332417851e+01 4.313337263508187647e+01
4.693715594332417851e+01 4.625509794598128366e+01
4.693715594332417851e+01 4.608570710075815668e+01
4.693715594332417851e+01 4.458830381210193394e+01
4.693715594332417851e+01 4.509791080236619365e+01
4.693715594332417851e+01 5.021114444214422434e+01
4.693715594332417851e+01 4.323635281643982609e+01
4.693715594332417851e+01 5.234811050992972525e+01
4.693715594332417851e+01 4.554758470870155662e+01
4.693715594332417851e+01 4.837381819484934908e+01
4.693715594332417851e+01 4.861549023531305380e+01
4.693715594332417851e+01 4.710522433761230587e+01
4.693715594332417851e+01 4.898151700787500573e+01
4.693715594332417851e+01 4.775529147955570863e+01
4.693715594332417851e+01 4.635573718903901153e+01
4.693715594332417851e+01 4.823865852396789933e+01
4.693715594332417851e+01 5.012084115506991111e+01
4.693715594332417851e+01 4.401386956443042209e+01
4.693715594332417851e+01 4.467335653208762380e+01
4.693715594332417851e+01 4.999870665378042389e+01
4.693715594332417851e+01 4.584036087142206384e+01
4.693715594332417851e+01 4.594413852574410839e+01
4.693715594332417851e+01 4.171398041112860966e+01
4.693715594332417851e+01 4.740909888802273287e+01
4.693715594332417851e+01 4.267085269410218729e+01
4.693715594332417851e+01 4.959729591554568628e+01
4.693715594332417851e+01 4.055625534189764636e+01
4.693715594332417851e+01 4.659029332382529986e+01
4.693715594332417851e+01 3.942833990863770310e+01
4.693715594332417851e+01 4.274722361385484248e+01
4.693715594332417851e+01 4.765665089346536121e+01
4.693715594332417851e+01 4.730916203713792356e+01
4.693715594332417851e+01 4.611665655558026344e+01
4.693715594332417851e+01 4.481542079154854008e+01
4.693715594332417851e+01 4.103450754305963954e+01
4.693715594332417851e+01 4.796639922308907700e+01
4.693715594332417851e+01 4.228569276863110815e+01
4.693715594332417851e+01 4.350014910872194207e+01
4.693715594332417851e+01 5.156930764379870880e+01
4.693715594332417851e+01 4.378877471543631827e+01
4.693715594332417851e+01 4.882318058712446884e+01
4.693715594332417851e+01 4.575103427515492882e+01
4.693715594332417851e+01 4.112558516864080360e+01
4.693715594332417851e+01 4.238696830283925010e+01
4.693715594332417851e+01 4.166070888074404621e+01
4.693715594332417851e+01 4.706252441653494145e+01
4.693715594332417851e+01 4.449988095511190522e+01
4.693715594332417851e+01 4.451864582902143042e+01
4.693715594332417851e+01 4.227332522585685837e+01
4.693715594332417851e+01 4.604820270882061095e+01
4.693715594332417851e+01 4.424045407086389048e+01
4.693715594332417851e+01 3.665038743498511309e+01
4.693715594332417851e+01 4.621362192776142308e+01
4.693715594332417851e+01 4.922529211914580571e+01
4.693715594332417851e+01 4.798626699153754771e+01
4.693715594332417851e+01 5.197704656676628332e+01
4.693715594332417851e+01 5.172226058435729357e+01
4.693715594332417851e+01 4.601849431430095905e+01
4.693715594332417851e+01 4.376690965964627367e+01
4.693715594332417851e+01 4.623826120969339826e+01
4.693715594332417851e+01 4.973137354558086543e+01
4.693715594332417851e+01 4.751440088240775594e+01
4.693715594332417851e+01 4.635810079209036871e+01
4.693715594332417851e+01 4.377871322440931579e+01
4.693715594332417851e+01 5.338460191804450261e+01
4.693715594332417851e+01 4.135317110504573179e+01
4.693715594332417851e+01 4.901382128547386685e+01
4.693715594332417851e+01 4.701326998860065487e+01
4.693715594332417851e+01 4.354433270523243493e+01
4.693715594332417851e+01 4.646008794063561709e+01
4.693715594332417851e+01 4.207618769359574884e+01
4.693715594332417851e+01 4.249194756141696416e+01
4.693715594332417851e+01 5.237427468422680477e+01
4.693715594332417851e+01 4.466911187866253385e+01
4.693715594332417851e+01 5.074660301595827150e+01
4.693715594332417851e+01 4.864875502792998674e+01
4.693715594332417851e+01 4.745764097117439206e+01
4.693715594332417851e+01 4.409746690983897111e+01
4.693715594332417851e+01 4.786670417040994607e+01
4.693715594332417851e+01 5.247968757036680643e+01
4.693715594332417851e+01 4.474611177665825323e+01
4.693715594332417851e+01 4.746778386680017547e+01
4.693715594332417851e+01 4.631453063361884404e+01
4.693715594332417851e+01 4.891802949617422058e+01
4.693715594332417851e+01 4.496580670940131341e+01
4.693715594332417851e+01 4.185982738057852970e+01
4.693715594332417851e+01 4.754218328825940887e+01
4.693715594332417851e+01 4.993996432331007895e+01
4.693715594332417851e+01 5.250209777510707454e+01
4.693715594332417851e+01 4.640494328273175029e+01
4.693715594332417851e+01 3.937029519377398401e+01
4.693715594332417851e+01 3.860954001660297052e+01
4.693715594332417851e+01 4.341505027704383224e+01
4.693715594332417851e+01 4.315763150718347418e+01
4.693715594332417851e+01 5.021025102641086590e+01
4.693715594332417851e+01 5.196892053427927038e+01
4.693715594332417851e+01 4.462859233572348927e+01
4.693715594332417851e+01 4.384348507485301383e+01
4.693715594332417851e+01 4.451675922655955731e+01
4.693715594332417851e+01 4.235509828095785423e+01
4.693715594332417851e+01 4.159011238076764982e+01
4.693715594332417851e+01 4.454198968535702363e+01
4.693715594332417851e+01 4.228362023984040974e+01
4.693715594332417851e+01 4.647119641823994840e+01
4.693715594332417851e+01 4.417396829118798962e+01
4.693715594332417851e+01 4.650631202534676589e+01
4.693715594332417851e+01 4.870272721559026508e+01
4.693715594332417851e+01 4.806063703088882022e+01
4.693715594332417851e+01 4.539288828538843745e+01
4.693715594332417851e+01 4.224708013032118714e+01
4.693715594332417851e+01 4.200567108963715413e+01
4.693715594332417851e+01 4.854073455406760473e+01
4.693715594332417851e+01 4.452772874774504430e+01
4.693715594332417851e+01 4.286708034270542811e+01
4.693715594332417851e+01 4.095996733739849560e+01
4.693715594332417851e+01 4.906742208040810738e+01
4.693715594332417851e+01 5.211836187804863840e+01
4.693715594332417851e+01 4.832570433456902492e+01
4.693715594332417851e+01 4.641349560636272287e+01
4.693715594332417851e+01 4.445599379878792234e+01
4.693715594332417851e+01 4.221352038329167300e+01
4.693715594332417851e+01 5.085686269963022710e+01
4.693715594332417851e+01 3.770849534782573897e+01
4.693715594332417851e+01 4.694390868584865473e+01
4.693715594332417851e+01 5.021214032233085334e+01
4.693715594332417851e+01 5.723245751693089289e+01
4.693715594332417851e+01 4.333786775277599901e+01
4.693715594332417851e+01 4.236403668354171970e+01
4.693715594332417851e+01 4.630809690947087631e+01
4.693715594332417851e+01 4.239319539584278118e+01
4.693715594332417851e+01 4.752020772196416232e+01
4.693715594332417851e+01 4.594164934386427035e+01
4.693715594332417851e+01 5.088365204564247080e+01
4.693715594332417851e+01 4.341192764076328814e+01
4.693715594332417851e+01 4.515024061261691912e+01
4.693715594332417851e+01 4.896844137370498373e+01
4.693715594332417851e+01 4.675412279868413634e+01
4.693715594332417851e+01 4.058440327741085696e+01
4.693715594332417851e+01 4.494488566065739121e+01
4.693715594332417851e+01 3.961501181327462717e+01
4.693715594332417851e+01 4.673160911394901262e+01
4.693715594332417851e+01 4.676764822999805915e+01
4.693715594332417851e+01 5.001941125707745783e+01
4.693715594332417851e+01 4.457915180445870362e+01
4.693715594332417851e+01 4.667849711386992340e+01
4.693715594332417851e+01 4.608564487495067397e+01
4.693715594332417851e+01 4.471792336943448021e+01
4.693715594332417851e+01 5.262821364396256030e+01
4.693715594332417851e+01 4.875447093274753030e+01
4.693715594332417851e+01 4.962208533249517473e+01
4.693715594332417851e+01 4.655209270323516790e+01
4.693715594332417851e+01 5.525684915022380750e+01
4.693715594332417851e+01 4.978699627882672729e+01
4.693715594332417851e+01 4.852183596070597815e+01
4.693715594332417851e+01 4.370591626297899523e+01
4.693715594332417851e+01 4.402185071552718654e+01
4.693715594332417851e+01 4.749858237287883611e+01
4.693715594332417851e+01 4.955347088463359739e+01
4.693715594332417851e+01 4.738471645754940909e+01
4.693715594332417851e+01 4.445817913683843159e+01
4.693715594332417851e+01 4.881724835324008893e+01
4.693715594332417851e+01 4.838598812538386795e+01
4.693715594332417851e+01 5.364929771259414082e+01
4.693715594332417851e+01 4.884517499166599919e+01
4.693715594332417851e+01 5.215987591965031811e+01
4.693715594332417851e+01 4.026510094638614845e+01
4.693715594332417851e+01 4.412197452689524368e+01
4.693715594332417851e+01 4.628405116601658165e+01
4.693715594332417851e+01 4.484160214613076789e+01
4.693715594332417851e+01 4.297412874986601139e+01
4.693715594332417851e+01 5.054874656495358920e+01
4.693715594332417851e+01 4.741383803459577706e+01
4.693715594332417851e+01 4.679836254448915867e+01
4.693715594332417851e+01 4.279516976810345597e+01
4.693715594332417851e+01 4.471563867947014614e+01
4.693715594332417851e+01 4.375855729409379791e+01
4.693715594332417851e+01 4.510031952223327067e+01
4.693715594332417851e+01 4.739805415246637921e+01
4.693715594332417851e+01 4.927946177316472642e+01
4.693715594332417851e+01 4.784119600725696841e+01
4.693715594332417851e+01 4.462706402468226230e+01
4.693715594332417851e+01 4.297363088309575829e+01
4.693715594332417851e+01 5.118906404820246081e+01
4.693715594332417851e+01 4.999309207868195415e+01
4.693715594332417851e+01 4.075579090328641740e+01
4.693715594332417851e+01 4.968329674482100700e+01
4.693715594332417851e+01 4.259733968360247758e+01
4.693715594332417851e+01 4.561489075362015910e+01
4.693715594332417851e+01 4.803688483985214219e+01
4.693715594332417851e+01 4.358705020886784354e+01
4.693715594332417851e+01 5.043999478841722350e+01
4.693715594332417851e+01 5.285361403444306916e+01
4.693715594332417851e+01 4.942715090331248717e+01
4.693715594332417851e+01 4.042660776540854073e+01
4.693715594332417851e+01 4.519509543055399803e+01
4.693715594332417851e+01 4.673153817043079528e+01
4.693715594332417851e+01 4.824950175263668228e+01
4.693715594332417851e+01 4.419342677095921346e+01
4.693715594332417851e+01 4.811990584034290208e+01
4.693715594332417851e+01 4.310337896828747972e+01
4.693715594332417851e+01 4.397322193544063396e+01
4.693715594332417851e+01 4.173845764764261901e+01
4.693715594332417851e+01 4.543951762589699683e+01
4.693715594332417851e+01 4.445944846450345267e+01
4.693715594332417851e+01 5.012817285201808915e+01
4.693715594332417851e+01 4.738764433946787591e+01
4.693715594332417851e+01 4.448066330811789015e+01
4.693715594332417851e+01 3.928234005222332570e+01
4.693715594332417851e+01 4.632825629598284678e+01
4.693715594332417851e+01 4.822877517565760286e+01
4.693715594332417851e+01 5.185552071332189428e+01
4.693715594332417851e+01 4.602351125436891977e+01
4.693715594332417851e+01 4.634394467856771627e+01
4.693715594332417851e+01 5.498100111545818436e+01
4.693715594332417851e+01 4.944545242592850087e+01
4.693715594332417851e+01 4.689182733388890512e+01
4.693715594332417851e+01 4.929385202261315868e+01
4.693715594332417851e+01 4.755309532043115439e+01
4.693715594332417851e+01 4.405470481506458924e+01
4.693715594332417851e+01 4.982837727893029012e+01
4.693715594332417851e+01 4.707618129766692050e+01
4.693715594332417851e+01 4.598140225867952324e+01
4.693715594332417851e+01 4.286672464885552358e+01
4.693715594332417851e+01 4.925308707766274097e+01
4.693715594332417851e+01 4.488903286677181370e+01
4.693715594332417851e+01 4.762414513905099511e+01
4.693715594332417851e+01 4.020378158852172845e+01
4.693715594332417851e+01 4.655922916672180634e+01
4.693715594332417851e+01 4.505556701988385981e+01
4.693715594332417851e+01 4.268480644024899107e+01
4.693715594332417851e+01 4.515251707976866413e+01
4.693715594332417851e+01 4.399163627804764332e+01
4.693715594332417851e+01 5.243137389224231271e+01
4.693715594332417851e+01 4.525424685386552426e+01
4.693715594332417851e+01 4.340780546414932672e+01
4.693715594332417851e+01 4.468734043387532751e+01
4.693715594332417851e+01 5.059284046421765879e+01
4.693715594332417851e+01 4.129863467548581468e+01
4.693715594332417851e+01 4.805300740441715845e+01
4.693715594332417851e+01 4.796925777201467866e+01
4.693715594332417851e+01 4.983584615307705690e+01
4.693715594332417851e+01 4.306983806143518478e+01
4.693715594332417851e+01 4.724814079469538086e+01
4.693715594332417851e+01 4.306230255003468699e+01
4.693715594332417851e+01 4.747185336416506374e+01
4.693715594332417851e+01 5.034071266497605279e+01
4.693715594332417851e+01 4.399818341428020574e+01
4.693715594332417851e+01 4.491971129696163700e+01
4.693715594332417851e+01 5.079850476180565266e+01
4.693715594332417851e+01 4.346035019944201849e+01
4.693715594332417851e+01 4.179775513107401252e+01
4.693715594332417851e+01 4.763281760789572417e+01
4.693715594332417851e+01 4.556915013726626285e+01
4.693715594332417851e+01 5.110736807353558220e+01
4.693715594332417851e+01 4.878942051451162598e+01
4.693715594332417851e+01 5.167653983885336544e+01
4.693715594332417851e+01 4.720773350096875021e+01
4.693715594332417851e+01 4.368101803416433881e+01
4.693715594332417851e+01 4.682761648094211893e+01
4.693715594332417851e+01 4.335292254524864575e+01
4.693715594332417851e+01 4.389640596187638977e+01
4.693715594332417851e+01 4.551273283219892818e+01
4.693715594332417851e+01 4.450941629428110957e+01
4.693715594332417851e+01 4.296687862430312776e+01
4.693715594332417851e+01 4.376700610719766615e+01
4.693715594332417851e+01 4.440425077761069872e+01
4.693715594332417851e+01 4.569638749955133505e+01
4.693715594332417851e+01 4.152303924004105085e+01
4.693715594332417851e+01 4.514351524593247689e+01
4.693715594332417851e+01 4.573772732362346005e+01
4.693715594332417851e+01 4.658298155117766726e+01
4.693715594332417851e+01 4.607428734868704367e+01
4.693715594332417851e+01 4.943939602015557711e+01
4.693715594332417851e+01 4.281833375128439201e+01
4.693715594332417851e+01 5.064086014649898715e+01
4.693715594332417851e+01 4.917592171083941821e+01
4.693715594332417851e+01 4.424352952346711731e+01
4.693715594332417851e+01 4.959584100024459019e+01
4.693715594332417851e+01 4.513765328090223505e+01
4.693715594332417851e+01 4.535747899333124877e+01
4.693715594332417851e+01 4.590988259249641601e+01
4.693715594332417851e+01 4.901334506595280516e+01
4.693715594332417851e+01 4.811148014685919350e+01
4.693715594332417851e+01 4.720172472858872226e+01
4.693715594332417851e+01 5.157195546101880979e+01
4.693715594332417851e+01 4.716016747315182300e+01
4.693715594332417851e+01 4.669338825031513096e+01
4.693715594332417851e+01 4.561972228889138847e+01
4.693715594332417851e+01 4.396253349024958368e+01
4.693715594332417851e+01 4.598624079473830761e+01
4.693715594332417851e+01 4.063755252565313469e+01
4.693715594332417851e+01 4.667776307243495637e+01
4.693715594332417851e+01 4.521004106966744729e+01
4.693715594332417851e+01 5.322955499196473994e+01
4.693715594332417851e+01 4.646273028953250872e+01
4.693715594332417851e+01 4.943387868826837206e+01
4.693715594332417851e+01 5.036432616615792313e+01
4.693715594332417851e+01 5.281587540710212636e+01
4.693715594332417851e+01 4.461552446368060032e+01
4.693715594332417851e+01 4.170443659731740382e+01
4.693715594332417851e+01 4.650261836791142400e+01
4.693715594332417851e+01 4.886860534026365599e+01
4.693715594332417851e+01 4.009335677732223502e+01
4.693715594332417851e+01 4.584241467844067586e+01
4.693715594332417851e+01 4.955669776575074081e+01
4.693715594332417851e+01 4.154926772415080904e+01
4.693715594332417851e+01 4.797059337613803365e+01
4.693715594332417851e+01 4.312835142899392338e+01
4.693715594332417851e+01 5.064915022357308771e+01
4.693715594332417851e+01 5.035089516281877309e+01
4.693715594332417851e+01 3.951612593574934351e+01
4.693715594332417851e+01 4.809342109851868230e+01
4.693715594332417851e+01 3.907624238447185405e+01
4.693715594332417851e+01 4.529488760254989188e+01
4.693715594332417851e+01 4.346504224535935634e+01
4.693715594332417851e+01 4.649171217335052120e+01
4.693715594332417851e+01 4.980695548041625642e+01
4.693715594332417851e+01 5.014701329486113224e+01
4.693715594332417851e+01 4.697667041910688113e+01
4.693715594332417851e+01 5.069743389078659135e+01
4.693715594332417851e+01 4.532477665942152356e+01
4.693715594332417851e+01 4.759754409559642596e+01
4.693715594332417851e+01 5.285839479774673322e+01
4.693715594332417851e+01 4.617174186948629000e+01
4.693715594332417851e+01 5.261850461932945677e+01
4.693715594332417851e+01 4.646632507392849476e+01
4.693715594332417851e+01 4.662905734396463941e+01
4.693715594332417851e+01 4.069224461160084161e+01
4.693715594332417851e+01 4.788094443482046358e+01
4.693715594332417851e+01 4.536660794826467225e+01
4.693715594332417851e+01 4.763216809163485266e+01
4.693715594332417851e+01 4.387471925766786995e+01
4.693715594332417851e+01 4.550593531223827171e+01
4.693715594332417851e+01 4.494842030093207796e+01
4.693715594332417851e+01 4.318200371053679021e+01
4.693715594332417851e+01 4.535627097795531881e+01
4.693715594332417851e+01 4.427633869085282470e+01
4.693715594332417851e+01 4.025666247058629921e+01
4.693715594332417851e+01 4.670644735851283258e+01
4.693715594332417851e+01 5.130894613874610855e+01
4.693715594332417851e+01 4.753533977191104043e+01
4.693715594332417851e+01 4.514955954979961916e+01
4.693715594332417851e+01 4.623694293827764312e+01
4.693715594332417851e+01 4.635870407639828983e+01
4.693715594332417851e+01 4.413045924719418167e+01
4.693715594332417851e+01 4.951449118343335698e+01
4.693715594332417851e+01 4.315649723795460346e+01
4.693715594332417851e+01 3.903612921242386591e+01
4.693715594332417851e+01 4.904280776108934958e+01
4.693715594332417851e+01 5.316666414682912745e+01
4.693715594332417851e+01 4.815905241247667590e+01
4.693715594332417851e+01 4.463191981385509166e+01
4.693715594332417851e+01 4.669687123308657561e+01
4.693715594332417851e+01 4.457426001308691355e+01
4.693715594332417851e+01 4.695197258824577347e+01
4.693715594332417851e+01 4.593990428147930061e+01
4.693715594332417851e+01 4.087495792542544137e+01
4.693715594332417851e+01 4.658690525169807017e+01
4.693715594332417851e+01 4.373400405537720559e+01
4.693715594332417851e+01 4.752788384663091392e+01
4.693715594332417851e+01 4.414238000530392014e+01
4.693715594332417851e+01 4.573550767987624965e+01
4.693715594332417851e+01 4.906812728848990446e+01
4.693715594332417851e+01 4.519162205871715088e+01
4.693715594332417851e+01 4.857250642434464538e+01
4.693715594332417851e+01 5.165041683814252593e+01
4.693715594332417851e+01 4.471265537062630102e+01
4.693715594332417851e+01 5.228778692521212434e+01
4.693715594332417851e+01 4.646598747602416779e+01
4.693715594332417851e+01 4.435220638737452958e+01
4.693715594332417851e+01 4.020354992881429013e+01
4.693715594332417851e+01 4.267925111080506184e+01
4.693715594332417851e+01 4.866938778604803417e+01
4.693715594332417851e+01 4.692019807436474821e+01
4.693715594332417851e+01 5.110945161895616451e+01
4.693715594332417851e+01 4.944945627910125552e+01
4.693715594332417851e+01 5.190538619105885232e+01
4.693715594332417851e+01 4.219474025013202123e+01
4.693715594332417851e+01 4.400446967894317396e+01
4.693715594332417851e+01 4.640350450497457757e+01
4.693715594332417851e+01 4.151716324589362728e+01
4.693715594332417851e+01 5.128614157812857854e+01
4.693715594332417851e+01 4.129788096053606949e+01
4.693715594332417851e+01 4.333151049294945523e+01
4.693715594332417851e+01 4.566366377225136830e+01
4.693715594332417851e+01 4.480246817611210020e+01
4.693715594332417851e+01 4.349869579970744127e+01
4.693715594332417851e+01 4.889559641409119450e+01
4.693715594332417851e+01 5.133886713505961552e+01
4.693715594332417851e+01 5.007050396307742801e+01
4.693715594332417851e+01 4.805894051584201776e+01
4.693715594332417851e+01 4.797247334977873123e+01
4.693715594332417851e+01 4.701825771556922007e+01
4.693715594332417851e+01 4.326852612137708576e+01
4.693715594332417851e+01 4.658608995090388305e+01
4.693715594332417851e+01 4.103799518280845149e+01
4.693715594332417851e+01 4.658303433521987813e+01
4.693715594332417851e+01 4.744906092417512866e+01
4.693715594332417851e+01 5.145563086321245549e+01
4.693715594332417851e+01 4.728375442548559704e+01
4.693715594332417851e+01 4.637702561183458272e+01
4.693715594332417851e+01 4.551768261944801708e+01
4.693715594332417851e+01 5.066766389811882476e+01
4.693715594332417851e+01 5.449957570007705954e+01
4.693715594332417851e+01 4.992704730599340479e+01
4.693715594332417851e+01 4.602684957258462362e+01
4.693715594332417851e+01 4.534441355783188499e+01
4.693715594332417851e+01 5.112104955040599208e+01
4.693715594332417851e+01 5.040020601489228369e+01
4.693715594332417851e+01 4.934680193123013225e+01
4.693715594332417851e+01 4.208094789009618353e+01
4.693715594332417851e+01 5.164250696331811952e+01
4.693715594332417851e+01 4.591037383978214592e+01
4.693715594332417851e+01 4.852088172057923998e+01
4.693715594332417851e+01 4.089544556639135209e+01
4.693715594332417851e+01 4.713875851111641424e+01
4.693715594332417851e+01 4.168411539164004864e+01
4.693715594332417851e+01 5.074748122985079135e+01
4.693715594332417851e+01 4.743081608493440626e+01
4.693715594332417851e+01 4.685183035981368960e+01
4.693715594332417851e+01 4.540375087896192952e+01
4.693715594332417851e+01 4.364032651407183749e+01
4.693715594332417851e+01 4.570946455454738100e+01
4.693715594332417851e+01 4.643767920237835511e+01
4.693715594332417851e+01 5.035140144703141374e+01
4.693715594332417851e+01 4.720017278165481400e+01
4.693715594332417851e+01 4.539708420059582750e+01
4.693715594332417851e+01 4.845692038495536025e+01
4.693715594332417851e+01 4.921377221076469510e+01
4.693715594332417851e+01 4.256432621818201056e+01
4.693715594332417851e+01 4.148616472397606714e+01
4.693715594332417851e+01 4.698876157441235790e+01
4.693715594332417851e+01 4.670376507595660343e+01
4.693715594332417851e+01 4.699044899497568650e+01
4.693715594332417851e+01 4.924557351373803726e+01
4.693715594332417851e+01 4.699919426424314395e+01
4.693715594332417851e+01 4.465596764876052305e+01
4.693715594332417851e+01 5.049056443022809759e+01
4.693715594332417851e+01 4.482912220797898328e+01
4.693715594332417851e+01 5.137510470772352988e+01
4.693715594332417851e+01 4.696348057328376768e+01
4.693715594332417851e+01 5.279024649056901808e+01
4.693715594332417851e+01 4.793585747503601624e+01
4.693715594332417851e+01 4.597322331997081335e+01
4.693715594332417851e+01 4.873611553189603995e+01
4.693715594332417851e+01 5.218981988852605269e+01
4.693715594332417851e+01 5.035523700481802223e+01
4.693715594332417851e+01 4.007408463282895639e+01
4.693715594332417851e+01 4.222045400256937597e+01
4.693715594332417851e+01 4.398104875905850975e+01
4.693715594332417851e+01 4.848342261347229964e+01
4.693715594332417851e+01 4.668431299882602303e+01
4.693715594332417851e+01 4.838613073271043419e+01
4.693715594332417851e+01 4.417619772715319471e+01
4.693715594332417851e+01 5.322578016860972383e+01
4.693715594332417851e+01 4.814007170618823039e+01
4.693715594332417851e+01 4.446029080086603358e+01
4.693715594332417851e+01 4.107708876765718742e+01
4.693715594332417851e+01 4.612325828951893669e+01
4.693715594332417851e+01 4.743452518255224959e+01
4.693715594332417851e+01 4.411186700047471732e+01
4.693715594332417851e+01 4.535655573711442656e+01
4.693715594332417851e+01 4.612244752745596799e+01
4.693715594332417851e+01 4.236556922877628750e+01
4.693715594332417851e+01 4.275729969376263995e+01
4.693715594332417851e+01 5.043175784960425290e+01
4.693715594332417851e+01 4.492757986930943304e+01
4.693715594332417851e+01 4.569754853498527325e+01
4.693715594332417851e+01 4.343011355436409815e+01
4.693715594332417851e+01 5.200436295597810243e+01
4.693715594332417851e+01 4.111667435612190502e+01
4.693715594332417851e+01 4.529850182657119717e+01
4.693715594332417851e+01 4.468729636471807964e+01
4.693715594332417851e+01 4.434464148550326712e+01
4.693715594332417851e+01 4.339327344191435287e+01
4.693715594332417851e+01 4.321974245794530134e+01
4.693715594332417851e+01 5.193962668582285858e+01
4.693715594332417851e+01 4.530185505100291721e+01
4.693715594332417851e+01 5.101461733798616649e+01
4.693715594332417851e+01 4.480612838341226478e+01
4.693715594332417851e+01 4.602283932538170319e+01
4.693715594332417851e+01 4.751423811962525434e+01
4.693715594332417851e+01 4.773304546808532223e+01
4.693715594332417851e+01 4.358449060667649633e+01
4.693715594332417851e+01 4.602287727802526973e+01
4.693715594332417851e+01 4.147528574524620382e+01
4.693715594332417851e+01 4.955672851010391611e+01
4.693715594332417851e+01 4.652956090328750349e+01
4.693715594332417851e+01 4.504463577030148258e+01
4.693715594332417851e+01 4.604149346167492496e+01
4.693715594332417851e+01 3.967043599742925153e+01
4.693715594332417851e+01 4.467895141347100463e+01
4.693715594332417851e+01 4.419839701295477141e+01
4.693715594332417851e+01 4.089185500659313277e+01
4.693715594332417851e+01 4.564262353608111056e+01
4.693715594332417851e+01 4.790521346995097929e+01
4.693715594332417851e+01 4.758136402721219582e+01
4.693715594332417851e+01 4.759376611138559099e+01
4.693715594332417851e+01 4.864930395126453533e+01
4.693715594332417851e+01 3.835547763374572838e+01
