4.693715594332417851e+01 4.874324352689190221e+01
4.693715594332417851e+01 4.459094400467795793e+01
4.693715594332417851e+01 4.647504055981962523e+01
4.693715594332417851e+01 4.306068135202703928e+01
4.693715594332417851e+01 5.016824086947976724e+01
4.693715594332417851e+01 5.091010493200446518e+01
4.693715594332417851e+01 4.991424270051339818e+01
4.693715594332417851e+01 4.881566854773535624e+01
4.693715594332417851e+01 4.606182490283421060e+01
4.693715594332417851e+01 4.708738240069007475e+01
4.693715594332417851e+01 4.233516501443330071e+01
4.693715594332417851e+01 4.124601609699266902e+01
4.693715594332417851e+01 4.439068944777181969e+01
4.693715594332417851e+01 4.843682465557911598e+01
4.693715594332417851e+01 5.057680817635988291e+01
4.693715594332417851e+01 4.620765726249083372e+01
4.693715594332417851e+01 5.020288386236874345e+01
4.693715594332417851e+01 4.365835280267057072e+01
4.693715594332417851e+01 4.368824749669923335e+01
4.693715594332417851e+01 4.365475860917041473e+01
4.693715594332417851e+01 4.338040835151032582e+01
4.693715594332417851e+01 4.389188119458435722e+01
4.693715594332417851e+01 4.590464487520038972e+01
4.693715594332417851e+01 4.751020743061278750e+01
4.693715594332417851e+01 5.038936923380337873e+01
4.693715594332417851e+01 4.178064559597346772e+01
4.693715594332417851e+01 4.633008606279058483e+01
4.693715594332417851e+01 4.412183710608710641e+01
4.693715594332417851e+01 4.754287655873935137e+01
4.693715594332417851e+01 4.129473931460174185e+01
4.693715594332417851e+01 5.097344693227853440e+01
4.693715594332417851e+01 5.351541933645530946e+01
4.693715594332417851e+01 4.562433365655292050e+01
4.693715594332417851e+01 5.175339050487138337e+01
4.693715594332417851e+01 4.612601071349020998e+01
4.693715594332417851e+01 5.028721746355100208e+01
4.693715594332417851e+01 4.468009311732740230e+01
4.693715594332417851e+01 4.943369040702997097e+01
4.693715594332417851e+01 3.928403462155723247e+01
4.693715594332417851e+01 4.418038699961874727e+01
4.693715594332417851e+01 4.674573668242837954e+01
4.693715594332417851e+01 4.611074482499526539e+01
4.693715594332417851e+01 4.921245602124803042e+01
4.693715594332417851e+01 4.860597864505187715e+01
4.693715594332417851e+01 4.254113273983519861e+01
4.693715594332417851e+01 4.568216938419319462e+01
4.693715594332417851e+01 4.719536963440258859e+01
4.693715594332417851e+01 4.438130270744610328e+01
4.693715594332417851e+01 4.260855908115424029e+01
4.693715594332417851e+01 4.547904048955427925e+01
4.693715594332417851e+01 4.352164720901750883e+01
4.693715594332417851e+01 4.755880975991492221e+01
4.693715594332417851e+01 4.287901477609506173e+01
4.693715594332417851e+01 4.608761041070317788e+01
4.693715594332417851e+01 4.736239108721155588e+01
4.693715594332417851e+01 4.279298458402858074e+01
4.693715594332417851e+01 4.609029241052471804e+01
4.693715594332417851e+01 4.444240464578200545e+01
4.693715594332417851e+01 4.871120901895051958e+01
4.693715594332417851e+01 5.266431718800158279e+01
4.693715594332417851e+01 3.965570649346620513e+01
4.693715594332417851e+01 4.538795575066416177e+01
4.693715594332417851e+01 4.188200192926985466e+01
4.693715594332417851e+01 4.422810442958561339e+01
4.693715594332417851e+01 4.865731874421296510e+01
4.693715594332417851e+01 4.598986284223094856e+01
4.693715594332417851e+01 4.181980637599287576e+01
4.693715594332417851e+01 4.202892095401841743e+01
4.693715594332417851e+01 4.733438471051274377e+01
4.693715594332417851e+01 4.918798166996878507e+01
4.693715594332417851e+01 5.121019678747684623e+01
4.693715594332417851e+01 5.141671577018270511e+01
4.693715594332417851e+01 5.244925763840524269e+01
4.693715594332417851e+01 4.758617434621742603e+01
4.693715594332417851e+01 5.051177805718738512e+01
4.693715594332417851e+01 4.404659081740908988e+01
4.693715594332417851e+01 4.421955400102775258e+01
4.693715594332417851e+01 4.904461555647264248e+01
4.693715594332417851e+01 4.696755629166678858e+01
4.693715594332417851e+01 4.586776642966631812e+01
4.693715594332417851e+01 4.827036766358828146e+01
4.693715594332417851e+01 4.079580930847175324e+01
4.693715594332417851e+01 4.285470419715989010e+01
4.693715594332417851e+01 4.325239757043072331e+01
4.693715594332417851e+01 4.804476343101901392e+01
4.693715594332417851e+01 4.625061989201317658e+01
4.693715594332417851e+01 4.327263264634384399e+01
4.693715594332417851e+01 4.037365595196703083e+01
4.693715594332417851e+01 4.354043982254301426e+01
4.693715594332417851e+01 4.209790547938766991e+01
4.693715594332417851e+01 4.468975216207833512e+01
4.693715594332417851e+01 4.751199701475648141e+01
4.693715594332417851e+01 4.668883329363626444e+01
4.693715594332417851e+01 5.265406685074923132e+01
4.693715594332417851e+01 4.531737176152928015e+01
4.693715594332417851e+01 4.987527865731624388e+01
4.693715594332417851e+01 4.660832713250535875e+01
4.693715594332417851e+01 4.639815207091820071e+01
4.693715594332417851e+01 5.009659773528193938e+01
4.693715594332417851e+01 4.274972128384781200e+01
4.693715594332417851e+01 5.014231586914686289e+01
4.693715594332417851e+01 4.612835554260641402e+01
4.693715594332417851e+01 4.731989414771713598e+01
4.693715594332417851e+01 4.471124256485677506e+01
4.693715594332417851e+01 4.593184649894001126e+01
4.693715594332417851e+01 4.606736199431728096e+01
4.693715594332417851e+01 4.933466828758383116e+01
4.693715594332417851e+01 5.159480992217540773e+01
4.693715594332417851e+01 4.419179303318679786e+01
4.693715594332417851e+01 4.731015652732020271e+01
4.693715594332417851e+01 4.816869866577935255e+01
4.693715594332417851e+01 4.544166149733761983e+01
4.693715594332417851e+01 4.045896193557729248e+01
4.693715594332417851e+01 4.550302939663552593e+01
4.693715594332417851e+01 4.234017095372698236e+01
4.693715594332417851e+01 4.472072534672194877e+01
4.693715594332417851e+01 4.258946309640264616e+01
4.693715594332417851e+01 4.495358291020910713e+01
4.693715594332417851e+01 4.584601145759919660e+01
4.693715594332417851e+01 4.115932647308628844e+01
4.693715594332417851e+01 4.279470442757866522e+01
4.693715594332417851e+01 3.870397497566608536e+01
4.693715594332417851e+01 4.536591532913562475e+01
4.693715594332417851e+01 4.450926543503536692e+01
4.693715594332417851e+01 4.814043608046830514e+01
4.693715594332417851e+01 4.976788919512154052e+01
4.693715594332417851e+01 4.691166693245009611e+01
4.693715594332417851e+01 4.307571857013711991e+01
4.693715594332417851e+01 4.356246630524010754e+01
4.693715594332417851e+01 4.252901370797754055e+01
4.693715594332417851e+01 4.698639541880255877e+01
4.693715594332417851e+01 5.255633530567303069e+01
4.693715594332417851e+01 4.598014210722120509e+01
4.693715594332417851e+01 4.915826875318725087e+01
4.693715594332417851e+01 4.453050373754876290e+01
4.693715594332417851e+01 5.390954058527402992e+01
4.693715594332417851e+01 4.098626784357006869e+01
4.693715594332417851e+01 5.193694767699091130e+01
4.693715594332417851e+01 4.653875466604435474e+01
4.693715594332417851e+01 4.004966004188442952e+01
4.693715594332417851e+01 4.753265323682345667e+01
4.693715594332417851e+01 4.520978965949848316e+01
4.693715594332417851e+01 4.256358245930340445e+01
4.693715594332417851e+01 4.500090196933632569e+01
4.693715594332417851e+01 4.265518406529735529e+01
4.693715594332417851e+01 4.642237072724783786e+01
4.693715594332417851e+01 4.179961405469901337e+01
4.693715594332417851e+01 4.250648056786928208e+01
4.693715594332417851e+01 5.574178981455411019e+01
4.693715594332417851e+01 4.218331701699929681e+01
4.693715594332417851e+01 4.181327479984186368e+01
4.693715594332417851e+01 4.811954939652761709e+01
4.693715594332417851e+01 4.771490408646314307e+01
4.693715594332417851e+01 4.671863092332770862e+01
4.693715594332417851e+01 4.687606449653280549e+01
4.693715594332417851e+01 5.278288899067166540e+01
4.693715594332417851e+01 4.697876427651434739e+01
4.693715594332417851e+01 4.434926079454139369e+01
4.693715594332417851e+01 4.365612991105597018e+01
4.693715594332417851e+01 4.527717715362658879e+01
4.693715594332417851e+01 4.873304605455875560e+01
4.693715594332417851e+01 4.778120335615633252e+01
4.693715594332417851e+01 4.392280544798077102e+01
4.693715594332417851e+01 4.484479868590823060e+01
4.693715594332417851e+01 4.727334856842214350e+01
4.693715594332417851e+01 5.085634141377812512e+01
4.693715594332417851e+01 4.696404890064878401e+01
4.693715594332417851e+01 4.338398751553936705e+01
4.693715594332417851e+01 4.250047048147079920e+01
4.693715594332417851e+01 4.636620614534562179e+01
4.693715594332417851e+01 4.169846423276974434e+01
4.693715594332417851e+01 4.126959038574051419e+01
4.693715594332417851e+01 4.365953198069338015e+01
4.693715594332417851e+01 4.743262529772380276e+01
4.693715594332417851e+01 4.959411929949532549e+01
4.693715594332417851e+01 4.463367582743404682e+01
4.693715594332417851e+01 4.898563136137745033e+01
4.693715594332417851e+01 4.631278014557716460e+01
4.693715594332417851e+01 4.587482261733718758e+01
4.693715594332417851e+01 4.465718213985097407e+01
4.693715594332417851e+01 4.460901592606438726e+01
4.693715594332417851e+01 4.804640259657380597e+01
4.693715594332417851e+01 4.825729642808016706e+01
4.693715594332417851e+01 5.527056042691440751e+01
4.693715594332417851e+01 4.990573000210304144e+01
4.693715594332417851e+01 4.347718796550523024e+01
4.693715594332417851e+01 4.464608037547735364e+01
4.693715594332417851e+01 4.544610878026220036e+01
4.693715594332417851e+01 4.857856005319882087e+01
4.693715594332417851e+01 4.324773731598407522e+01
4.693715594332417851e+01 4.498059110539809780e+01
4.693715594332417851e+01 4.457383743237762985e+01
4.693715594332417851e+01 5.011357536848122152e+01
4.693715594332417851e+01 4.775145808121737900e+01
4.693715594332417851e+01 4.729828848286614829e+01
4.693715594332417851e+01 4.237365647277157166e+01
4.693715594332417851e+01 5.070321351407996957e+01
4.693715594332417851e+01 4.913158597406102501e+01
4.693715594332417851e+01 4.867041705914056138e+01
4.693715594332417851e+01 4.473553805038751108e+01
4.693715594332417851e+01 4.435872924742355394e+01
4.693715594332417851e+01 4.224393650296258329e+01
4.693715594332417851e+01 4.503771106710891559e+01
4.693715594332417851e+01 4.547823839945372981e+01
4.693715594332417851e+01 4.633093924309316947e+01
4.693715594332417851e+01 4.419687440573371617e+01
4.693715594332417851e+01 4.756275001335058050e+01
4.693715594332417851e+01 4.312397518574511679e+01
4.693715594332417851e+01 4.794253970305454970e+01
4.693715594332417851e+01 3.865313824555145317e+01
4.693715594332417851e+01 4.563515644793406523e+01
4.693715594332417851e+01 4.361117490835413690e+01
4.693715594332417851e+01 4.454829375674954406e+01
4.693715594332417851e+01 4.781118611170526833e+01
4.693715594332417851e+01 4.222613912013883919e+01
4.693715594332417851e+01 4.744853015378395611e+01
4.693715594332417851e+01 4.360306822299468621e+01
4.693715594332417851e+01 4.440379918400728343e+01
4.693715594332417851e+01 4.498013920793763276e+01
4.693715594332417851e+01 4.922339188909326424e+01
4.693715594332417851e+01 4.104995371356954337e+01
4.693715594332417851e+01 4.568613891612045563e+01
4.693715594332417851e+01 4.919701152906913677e+01
4.693715594332417851e+01 4.750610886755540463e+01
4.693715594332417851e+01 4.850934456323020072e+01
4.693715594332417851e+01 4.850791868731747059e+01
4.693715594332417851e+01 5.000618055889854929e+01
4.693715594332417851e+01 4.578750687679283971e+01
4.693715594332417851e+01 4.608194116320858313e+01
4.693715594332417851e+01 5.455377664941556048e+01
4.693715594332417851e+01 4.833939593768695886e+01
4.693715594332417851e+01 4.887780047372375236e+01
4.693715594332417851e+01 4.822043611562340715e+01
4.693715594332417851e+01 4.790948924385555330e+01
4.693715594332417851e+01 5.029634032712760217e+01
4.693715594332417851e+01 4.840353193962428691e+01
4.693715594332417851e+01 5.097159487199693473e+01
4.693715594332417851e+01 4.071200263843082467e+01
4.693715594332417851e+01 5.113992152603069030e+01
4.693715594332417851e+01 4.901277727829882025e+01
4.693715594332417851e+01 4.841054334277140470e+01
4.693715594332417851e+01 4.397199344451468050e+01
4.693715594332417851e+01 4.731492987269626127e+01
4.693715594332417851e+01 5.116917387505023385e+01
4.693715594332417851e+01 4.962875707693812188e+01
4.693715594332417851e+01 4.227954103564723454e+01
4.693715594332417851e+01 4.458114359672944715e+01
4.693715594332417851e+01 4.954393863697736577e+01
4.693715594332417851e+01 4.421194560100504845e+01
4.693715594332417851e+01 5.083460787092027289e+01
4.693715594332417851e+01 4.306823023706833453e+01
4.693715594332417851e+01 4.430966058288585430e+01
4.693715594332417851e+01 4.539265884757390523e+01
4.693715594332417851e+01 4.731252513983610442e+01
4.693715594332417851e+01 4.788097440918072323e+01
4.693715594332417851e+01 4.389857179915684071e+01
4.693715594332417851e+01 4.446816227145766476e+01
4.693715594332417851e+01 4.547419150064099824e+01
4.693715594332417851e+01 4.441396254624797990e+01
4.693715594332417851e+01 4.531506754332164633e+01
4.693715594332417851e+01 4.251024408309029212e+01
4.693715594332417851e+01 4.437900201676698941e+01
4.693715594332417851e+01 4.014032813831460800e+01
4.693715594332417851e+01 4.722743898535007645e+01
4.693715594332417851e+01 4.863422991028976838e+01
4.693715594332417851e+01 4.583639063613198772e+01
4.693715594332417851e+01 3.986465687451067197e+01
4.693715594332417851e+01 4.292553153059328963e+01
4.693715594332417851e+01 4.672775949559634512e+01
4.693715594332417851e+01 4.135362637158186061e+01
4.693715594332417851e+01 4.360824290958608174e+01
4.693715594332417851e+01 3.932875956251653804e+01
4.693715594332417851e+01 4.781282764102490290e+01
4.693715594332417851e+01 4.707254996321090346e+01
4.693715594332417851e+01 4.748522563151780673e+01
4.693715594332417851e+01 4.648893024484024039e+01
4.693715594332417851e+01 4.831696902312933872e+01
4.693715594332417851e+01 4.147459468592033716e+01
4.693715594332417851e+01 4.207406600302520872e+01
4.693715594332417851e+01 4.638185903382882458e+01
4.693715594332417851e+01 4.463296170180800004e+01
4.693715594332417851e+01 4.119991318112570866e+01
4.693715594332417851e+01 4.529353423302702453e+01
4.693715594332417851e+01 4.866974172711989866e+01
4.693715594332417851e+01 4.915127434771409298e+01
4.693715594332417851e+01 4.909820676289727004e+01
4.693715594332417851e+01 4.395780077014385512e+01
4.693715594332417851e+01 4.442446509534988763e+01
4.693715594332417851e+01 4.993964370674022035e+01
4.693715594332417851e+01 4.588594177132848273e+01
4.693715594332417851e+01 4.195381646946612619e+01
4.693715594332417851e+01 4.872774541740123766e+01
4.693715594332417851e+01 4.230494461131898021e+01
4.693715594332417851e+01 4.754082486043683531e+01
4.693715594332417851e+01 5.018502840625404815e+01
4.693715594332417851e+01 5.241739120627313042e+01
4.693715594332417851e+01 4.735387317532258322e+01
4.693715594332417851e+01 4.791134231216811656e+01
4.693715594332417851e+01 4.876856650069311172e+01
4.693715594332417851e+01 4.314022646991601562e+01
4.693715594332417851e+01 4.757009266185720975e+01
4.693715594332417851e+01 4.737708846493853088e+01
4.693715594332417851e+01 4.492271401546442888e+01
4.693715594332417851e+01 4.762061663190495153e+01
4.693715594332417851e+01 4.691863809097443294e+01
4.693715594332417851e+01 4.353573401724811021e+01
4.693715594332417851e+01 4.582189796541248228e+01
4.693715594332417851e+01 5.244125168306388929e+01
4.693715594332417851e+01 4.331047930643937605e+01
4.693715594332417851e+01 4.544536094799469339e+01
4.693715594332417851e+01 4.607728793376929133e+01
4.693715594332417851e+01 4.438667406691748596e+01
4.693715594332417851e+01 4.840710340338970497e+01
4.693715594332417851e+01 4.912815298981833223e+01
4.693715594332417851e+01 5.073549053548745746e+01
4.693715594332417851e+01 4.741584771039595836e+01
4.693715594332417851e+01 4.758145072631983652e+01
4.693715594332417851e+01 5.394212794737156003e+01
4.693715594332417851e+01 5.385809466346197638e+01
4.693715594332417851e+01 4.669298465315723234e+01
4.693715594332417851e+01 4.940580982203808702e+01
4.693715594332417851e+01 4.638266109105673962e+01
4.693715594332417851e+01 4.600054870504702365e+01
4.693715594332417851e+01 4.911027393204903291e+01
4.693715594332417851e+01 4.548683235295351324e+01
4.693715594332417851e+01 4.706407430801356639e+01
4.693715594332417851e+01 4.696055033595310135e+01
4.693715594332417851e+01 5.261220002404724738e+01
4.693715594332417851e+01 4.631887680143933039e+01
4.693715594332417851e+01 4.702371464749266039e+01
4.693715594332417851e+01 4.396353205704551925e+01
4.693715594332417851e+01 4.503895021055429027e+01
4.693715594332417851e+01 4.998741575987272512e+01
4.693715594332417851e+01 4.104180345055898016e+01
4.693715594332417851e+01 5.155254734595869337e+01
4.693715594332417851e+01 4.220836486216806094e+01
4.693715594332417851e+01 4.543205005275511610e+01
4.693715594332417851e+01 4.065552100741550134e+01
4.693715594332417851e+01 4.695133797149588162e+01
4.693715594332417851e+01 4.539112500600817413e+01
4.693715594332417851e+01 4.646494330585131394e+01
4.693715594332417851e+01 4.837244181196319204e+01
4.693715594332417851e+01 4.505380035354825452e+01
4.693715594332417851e+01 4.551449613770930824e+01
4.693715594332417851e+01 4.847026164140351767e+01
4.693715594332417851e+01 4.191273614273770676e+01
4.693715594332417851e+01 4.548497564487107780e+01
4.693715594332417851e+01 5.432286995808824770e+01
4.693715594332417851e+01 3.888042052406651550e+01
4.693715594332417851e+01 5.191466585548202062e+01
4.693715594332417851e+01 4.266066832481133275e+01
4.693715594332417851e+01 4.413110048443043354e+01
4.693715594332417851e+01 4.870427933673303045e+01
4.693715594332417851e+01 4.534022512320669307e+01
4.693715594332417851e+01 5.557853562189761476e+01
4.693715594332417851e+01 4.765807887382811714e+01
4.693715594332417851e+01 4.449161679666767100e+01
4.693715594332417851e+01 4.672319800733153272e+01
4.693715594332417851e+01 4.544795641246179940e+01
4.693715594332417851e+01 4.602341096492171602e+01
4.693715594332417851e+01 4.473357967867631402e+01
4.693715594332417851e+01 4.260519142695036976e+01
4.693715594332417851e+01 4.979139835545283432e+01
4.693715594332417851e+01 4.517690178271277546e+01
4.693715594332417851e+01 4.502688090192147286e+01
4.693715594332417851e+01 4.108005016908204965e+01
4.693715594332417851e+01 4.550121798236356341e+01
4.693715594332417851e+01 4.651628499561788743e+01
4.693715594332417851e+01 4.661115821316698060e+01
4.693715594332417851e+01 4.513627014390964831e+01
4.693715594332417851e+01 4.102397539523483516e+01
4.693715594332417851e+01 4.373817907341968692e+01
4.693715594332417851e+01 4.491085254808839267e+01
4.693715594332417851e+01 4.385103211459791339e+01
4.693715594332417851e+01 4.770214352021450566e+01
4.693715594332417851e+01 4.526758758333272681e+01
4.693715594332417851e+01 4.299562051383310290e+01
4.693715594332417851e+01 3.752174059151774799e+01
4.693715594332417851e+01 4.477847487419819572e+01
4.693715594332417851e+01 4.466424913401232288e+01
4.693715594332417851e+01 4.789525453155286527e+01
4.693715594332417851e+01 4.674697509964990871e+01
4.693715594332417851e+01 5.031698620912708009e+01
4.693715594332417851e+01 4.987793854770442437e+01
4.693715594332417851e+01 4.420801513317658049e+01
4.693715594332417851e+01 4.925775232492595990e+01
4.693715594332417851e+01 5.006616147482447587e+01
4.693715594332417851e+01 5.002897746106830112e+01
4.693715594332417851e+01 4.040249723482894950e+01
4.693715594332417851e+01 4.702546329044440654e+01
4.693715594332417851e+01 4.499862568540671504e+01
4.693715594332417851e+01 4.170286727482070432e+01
4.693715594332417851e+01 4.728726306122638334e+01
4.693715594332417851e+01 4.799260110693980153e+01
4.693715594332417851e+01 4.120866187768108091e+01
4.693715594332417851e+01 4.654124425063148607e+01
4.693715594332417851e+01 4.139166694347103004e+01
4.693715594332417851e+01 4.674002207089066019e+01
4.693715594332417851e+01 4.704798138981522015e+01
4.693715594332417851e+01 4.576821054599368210e+01
4.693715594332417851e+01 4.769404586656403922e+01
4.693715594332417851e+01 4.908048601666970967e+01
4.693715594332417851e+01 4.322377641118941938e+01
4.693715594332417851e+01 4.098310771062104152e+01
4.693715594332417851e+01 5.201328431093665472e+01
4.693715594332417851e+01 4.084643467778407455e+01
4.693715594332417851e+01 4.700688691569536104e+01
4.693715594332417851e+01 4.534036752571027051e+01
4.693715594332417851e+01 4.656139100241473727e+01
4.693715594332417851e+01 4.762166629266074125e+01
4.693715594332417851e+01 4.254158560736924954e+01
4.693715594332417851e+01 4.304966108418382476e+01
4.693715594332417851e+01 4.744209314076742601e+01
4.693715594332417851e+01 4.578809395405439631e+01
4.693715594332417851e+01 4.357994162211527822e+01
4.693715594332417851e+01 4.452104750705626657e+01
4.693715594332417851e+01 4.441545501941670437e+01
4.693715594332417851e+01 4.469593984328083280e+01
4.693715594332417851e+01 4.474531850477719530e+01
4.693715594332417851e+01 4.827583308589169775e+01
4.693715594332417851e+01 4.705806258345572246e+01
4.693715594332417851e+01 4.642783051052538923e+01
4.693715594332417851e+01 4.068245635876757405e+01
4.693715594332417851e+01 4.818643947615606749e+01
4.693715594332417851e+01 4.529443410688116955e+01
4.693715594332417851e+01 5.113799289471084819e+01
4.693715594332417851e+01 4.924996985755207390e+01
4.693715594332417851e+01 4.526760144300642708e+01
4.693715594332417851e+01 4.840076819046709034e+01
4.693715594332417851e+01 4.505562309688544076e+01
4.693715594332417851e+01 4.800113583542195528e+01
4.693715594332417851e+01 4.135234771967535039e+01
4.693715594332417851e+01 5.001033273227382381e+01
4.693715594332417851e+01 4.603225546058146023e+01
4.693715594332417851e+01 4.263261057547023114e+01
4.693715594332417851e+01 4.661697109439116105e+01
4.693715594332417851e+01 4.946646266891907828e+01
4.693715594332417851e+01 4.390765713934867875e+01
4.693715594332417851e+01 4.250552563689443275e+01
4.693715594332417851e+01 5.463637179491610141e+01
4.693715594332417851e+01 4.528620848792508724e+01
4.693715594332417851e+01 4.361167643174463393e+01
4.693715594332417851e+01 4.874300763097367195e+01
4.693715594332417851e+01 4.224558551884609869e+01
4.693715594332417851e+01 4.886745009886477931e+01
4.693715594332417851e+01 4.388341353555306057e+01
4.693715594332417851e+01 4.417746798312246881e+01
4.693715594332417851e+01 4.448812395091189131e+01
4.693715594332417851e+01 5.104565817075660306e+01
4.693715594332417851e+01 4.903085650745097723e+01
4.693715594332417851e+01 4.835263301767209043e+01
4.693715594332417851e+01 4.144969876241752615e+01
4.693715594332417851e+01 4.169435590005153358e+01
4.693715594332417851e+01 4.864570816746378057e+01
4.693715594332417851e+01 4.601900650549956140e+01
4.693715594332417851e+01 4.657523968076330334e+01
4.693715594332417851e+01 4.339883861186282132e+01
4.693715594332417851e+01 4.134162175571101727e+01
4.693715594332417851e+01 4.138670804696310057e+01
4.693715594332417851e+01 4.458785068083269465e+01
4.693715594332417851e+01 4.943808936193747172e+01
4.693715594332417851e+01 4.926615854748093426e+01
4.693715594332417851e+01 4.575047897943328223e+01
4.693715594332417851e+01 4.144014550160339638e+01
4.693715594332417851e+01 4.601562115235336137e+01
4.693715594332417851e+01 4.577057546493978180e+01
4.693715594332417851e+01 4.091185694704242337e+01
4.693715594332417851e+01 4.429168181153658423e+01
4.693715594332417851e+01 4.566797799346485931e+01
4.693715594332417851e+01 4.877354912622511307e+01
4.693715594332417851e+01 4.409516909780899141e+01
4.693715594332417851e+01 4.705191392517740212e+01
4.693715594332417851e+01 5.284593038090429218e+01
4.693715594332417851e+01 4.811653314098963818e+01
4.693715594332417851e+01 4.567027909835487520e+01
4.693715594332417851e+01 4.993231656711276401e+01
4.693715594332417851e+01 4.643430194980755488e+01
4.693715594332417851e+01 5.109892394074791611e+01
4.693715594332417851e+01 4.336679952550576900e+01
4.693715594332417851e+01 4.934349188280008747e+01
4.693715594332417851e+01 4.851962203641068783e+01
4.693715594332417851e+01 4.830976641920498338e+01
4.693715594332417851e+01 4.146783952338466150e+01
4.693715594332417851e+01 4.772763990538732770e+01
4.693715594332417851e+01 4.656307705311553491e+01
4.693715594332417851e+01 4.285011515826220574e+01
4.693715594332417851e+01 4.322595687824740907e+01
4.693715594332417851e+01 3.930811727527895272e+01
4.693715594332417851e+01 4.474249688835099192e+01
4.693715594332417851e+01 4.260592327936167578e+01
4.693715594332417851e+01 3.989679653012081673e+01
4.693715594332417851e+01 4.429259585829539247e+01
4.693715594332417851e+01 5.289652827608250618e+01
4.693715594332417851e+01 4.597267296213056653e+01
4.693715594332417851e+01 4.322346074302790697e+01
4.693715594332417851e+01 4.199976176220232560e+01
4.693715594332417851e+01 4.936381206430425550e+01
4.693715594332417851e+01 4.059406978463329096e+01
4.693715594332417851e+01 4.142058029109640671e+01
4.693715594332417851e+01 4.784646064603320781e+01
4.693715594332417851e+01 5.455949663715507114e+01
4.693715594332417851e+01 4.055063484233551208e+01
4.693715594332417851e+01 5.000899129139825305e+01
4.693715594332417851e+01 4.486903756544489141e+01
4.693715594332417851e+01 4.322297310686304428e+01
4.693715594332417851e+01 4.021910399520576362e+01
4.693715594332417851e+01 4.819078741569062885e+01
4.693715594332417851e+01 4.429796550684226730e+01
4.693715594332417851e+01 4.899713507425315839e+01
4.693715594332417851e+01 4.755083392149055044e+01
4.693715594332417851e+01 4.342677024396630969e+01
4.693715594332417851e+01 4.450772972216913104e+01
4.693715594332417851e+01 5.387633325428782882e+01
4.693715594332417851e+01 4.655376373043699800e+01
4.693715594332417851e+01 4.471971411769771976e+01
4.693715594332417851e+01 4.662023371920189874e+01
4.693715594332417851e+01 4.416972056103186617e+01
4.693715594332417851e+01 5.300092271690288470e+01
4.693715594332417851e+01 5.141328354325113281e+01
4.693715594332417851e+01 4.741049675760993409e+01
4.693715594332417851e+01 4.568363960529425327e+01
4.693715594332417851e+01 4.437470208381857617e+01
4.693715594332417851e+01 3.980973579396341222e+01
4.693715594332417851e+01 4.563141604897833048e+01
4.693715594332417851e+01 5.079859377475975890e+01
4.693715594332417851e+01 5.369164374805881579e+01
4.693715594332417851e+01 4.319158028103034042e+01
4.693715594332417851e+01 4.797855799945627098e+01
4.693715594332417851e+01 4.665598917041956639e+01
4.693715594332417851e+01 4.547732633026106441e+01
4.693715594332417851e+01 4.960494551708239896e+01
4.693715594332417851e+01 4.298908122990983571e+01
4.693715594332417851e+01 4.469095584976287228e+01
4.693715594332417851e+01 4.465689386069200140e+01
4.693715594332417851e+01 4.627697506818751805e+01
4.693715594332417851e+01 4.704756209712230941e+01
4.693715594332417851e+01 4.663690619972163631e+01
4.693715594332417851e+01 4.442227278690374703e+01
4.693715594332417851e+01 4.951638867336813377e+01
4.693715594332417851e+01 4.454674329959265577e+01
4.693715594332417851e+01 4.481354142988855216e+01
4.693715594332417851e+01 4.015574564317227413e+01
4.693715594332417851e+01 4.853717922217235525e+01
4.693715594332417851e+01 4.676474726204273935e+01
4.693715594332417851e+01 4.158460416964654627e+01
4.693715594332417851e+01 4.703592090518208124e+01
4.693715594332417851e+01 4.271964628202561443e+01
4.693715594332417851e+01 4.610737341343470774e+01
4.693715594332417851e+01 4.873514990036831307e+01
4.693715594332417851e+01 4.237334719168202213e+01
4.693715594332417851e+01 4.495289300793089637e+01
4.693715594332417851e+01 4.491359161246318621e+01
4.693715594332417851e+01 5.025464918425615934e+01
4.693715594332417851e+01 5.119393967477899565e+01
4.693715594332417851e+01 4.921777416202705524e+01
4.693715594332417851e+01 4.526434224479929469e+01
4.693715594332417851e+01 4.663860547034222748e+01
4.693715594332417851e+01 5.354695657938485454e+01
4.693715594332417851e+01 4.679924031011542951e+01
4.693715594332417851e+01 4.683949964478812689e+01
4.693715594332417851e+01 4.737264958260119130e+01
4.693715594332417851e+01 4.687122681251475598e+01
4.693715594332417851e+01 4.752140101974739395e+01
4.693715594332417851e+01 4.669621140854093255e+01
4.693715594332417851e+01 4.419133678409831845e+01
4.693715594332417851e+01 4.603797508015427553e+01
4.693715594332417851e+01 4.602830065940310078e+01
4.693715594332417851e+01 4.542268646927146136e+01
4.693715594332417851e+01 4.939374603540208142e+01
4.693715594332417851e+01 4.392503019802435915e+01
4.693715594332417851e+01 4.258988977253743968e+01
4.693715594332417851e+01 4.435429933991331097e+01
4.693715594332417851e+01 4.586516983945038106e+01
4.693715594332417851e+01 4.874956680492066141e+01
4.693715594332417851e+01 4.682045136004219898e+01
4.693715594332417851e+01 4.395713680966186132e+01
4.693715594332417851e+01 4.870681644394699816e+01
4.693715594332417851e+01 4.117979488692023438e+01
4.693715594332417851e+01 4.952576619362091037e+01
4.693715594332417851e+01 4.310453333701060075e+01
4.693715594332417851e+01 4.734338497263651391e+01
4.693715594332417851e+01 4.566398068197776183e+01
4.693715594332417851e+01 3.911484857107346613e+01
4.693715594332417851e+01 4.391625809783663925e+01
4.693715594332417851e+01 4.469169123627014528e+01
4.693715594332417851e+01 4.992088908128930314e+01
4.693715594332417851e+01 4.671788423247975430e+01
4.693715594332417851e+01 4.617019407648604101e+01
4.693715594332417851e+01 4.631388544148133946e+01
4.693715594332417851e+01 5.383706722321566218e+01
4.693715594332417851e+01 5.246365867222436208e+01
4.693715594332417851e+01 4.599525112860935394e+01
4.693715594332417851e+01 4.742213124279609815e+01
4.693715594332417851e+01 4.532028718357076258e+01
4.693715594332417851e+01 4.682648314502517195e+01
4.693715594332417851e+01 5.029290089625086324e+01
4.693715594332417851e+01 4.563480587314524684e+01
4.693715594332417851e+01 4.591649383484293168e+01
4.693715594332417851e+01 4.466058810728235784e+01
4.693715594332417851e+01 4.921481395858597097e+01
4.693715594332417851e+01 4.290056296543109227e+01
4.693715594332417851e+01 5.103941370694373347e+01
4.693715594332417851e+01 4.070891957208857548e+01
4.693715594332417851e+01 4.298321647288523906e+01
4.693715594332417851e+01 4.243926848313202527e+01
4.693715594332417851e+01 4.577714862673872176e+01
4.693715594332417851e+01 4.840610024821209123e+01
4.693715594332417851e+01 4.715790691976570059e+01
4.693715594332417851e+01 4.290645280664890038e+01
4.693715594332417851e+01 4.497210483196997899e+01
4.693715594332417851e+01 4.876564366030628861e+01
4.693715594332417851e+01 4.939829222814071841e+01
4.693715594332417851e+01 4.683415765327963243e+01
4.693715594332417851e+01 4.013062765514001029e+01
4.693715594332417851e+01 4.782371929043032566e+01
4.693715594332417851e+01 4.661594919434667617e+01
4.693715594332417851e+01 4.618577018963578240e+01
4.693715594332417851e+01 5.350172531631089612e+01
4.693715594332417851e+01 4.404316116372822876e+01
4.693715594332417851e+01 4.493721388060750854e+01
4.693715594332417851e+01 4.870918099905745180e+01
4.693715594332417851e+01 4.165684727969569678e+01
4.693715594332417851e+01 5.197165406388275244e+01
4.693715594332417851e+01 4.732772483621400994e+01
4.693715594332417851e+01 4.645023891581457320e+01
4.693715594332417851e+01 4.533988733488295964e+01
4.693715594332417851e+01 4.495823081739264637e+01
4.693715594332417851e+01 4.843222174509340050e+01
4.693715594332417851e+01 5.126537420822808144e+01
4.693715594332417851e+01 5.187355640153064940e+01
4.693715594332417851e+01 3.880681192047921968e+01
4.693715594332417851e+01 4.638428996836564266e+01
4.693715594332417851e+01 4.506251269366990897e+01
4.693715594332417851e+01 4.286887196487772655e+01
4.693715594332417851e+01 4.422385614380691976e+01
4.693715594332417851e+01 4.555431858961026848e+01
4.693715594332417851e+01 4.109712038690376090e+01
4.693715594332417851e+01 4.384781554406664128e+01
4.693715594332417851e+01 5.228642402092553709e+01
4.693715594332417851e+01 4.423674100754605831e+01
4.693715594332417851e+01 4.554953462812076026e+01
4.693715594332417851e+01 4.715627652525456170e+01
4.693715594332417851e+01 4.540787393970363439e+01
4.693715594332417851e+01 4.879201990415543833e+01
4.693715594332417851e+01 5.368939877526847937e+01
4.693715594332417851e+01 4.299523834534873856e+01
4.693715594332417851e+01 4.725053594475460983e+01
4.693715594332417851e+01 5.025156882710464146e+01
4.693715594332417851e+01 4.440756232698453942e+01
4.693715594332417851e+01 5.025563740341229391e+01
4.693715594332417851e+01 4.564260133296687627e+01
4.693715594332417851e+01 4.779838613538659331e+01
4.693715594332417851e+01 4.760766901593709122e+01
4.693715594332417851e+01 5.516740712445381689e+01
4.693715594332417851e+01 5.204704106353269566e+01
4.693715594332417851e+01 4.807224581517515816e+01
4.693715594332417851e+01 5.332318976428754098e+01
4.693715594332417851e+01 4.832020889897257376e+01
4.693715594332417851e+01 4.138438145645846333e+01
4.693715594332417851e+01 4.864831382705285279e+01
4.693715594332417851e+01 4.637636928784378654e+01
4.693715594332417851e+01 4.944767456146435336e+01
4.693715594332417851e+01 3.884669858803366793e+01
4.693715594332417851e+01 4.305355726287466211e+01
4.693715594332417851e+01 4.327725173468859055e+01
4.693715594332417851e+01 4.257189743856255149e+01
4.693715594332417851e+01 4.730870980264805326e+01
4.693715594332417851e+01 5.088989232333784685e+01
4.693715594332417851e+01 4.449723338703218189e+01
4.693715594332417851e+01 4.751731602659802434e+01
4.693715594332417851e+01 4.693604723105390519e+01
4.693715594332417851e+01 4.246828408764399398e+01
4.693715594332417851e+01 4.576531535997585820e+01
4.693715594332417851e+01 4.243492139342824032e+01
4.693715594332417851e+01 5.094434347766477345e+01
4.693715594332417851e+01 4.815825921926379038e+01
4.693715594332417851e+01 4.971398052553396241e+01
4.693715594332417851e+01 4.785664130280454032e+01
4.693715594332417851e+01 4.350979971536117574e+01
4.693715594332417851e+01 4.621969642863921024e+01
4.693715594332417851e+01 4.576440946189273973e+01
4.693715594332417851e+01 4.725636050547894484e+01
4.693715594332417851e+01 4.330368982883491213e+01
4.693715594332417851e+01 4.644326074438995988e+01
4.693715594332417851e+01 4.742168643003827100e+01
4.693715594332417851e+01 4.910547460944442832e+01
4.693715594332417851e+01 4.148618589472235385e+01
4.693715594332417851e+01 4.479808894204431624e+01
4.693715594332417851e+01 4.924511040481851154e+01
4.693715594332417851e+01 4.794085693164326045e+01
4.693715594332417851e+01 4.560485426637853124e+01
4.693715594332417851e+01 5.026502057278069913e+01
4.693715594332417851e+01 4.397105624218329467e+01
4.693715594332417851e+01 4.571987866793863731e+01
4.693715594332417851e+01 4.663440575712677827e+01
4.693715594332417851e+01 4.745525809207405388e+01
4.693715594332417851e+01 4.366687273034828110e+01
4.693715594332417851e+01 4.691430530400929655e+01
4.693715594332417851e+01 4.653698847897391033e+01
4.693715594332417851e+01 4.262824975466502053e+01
4.693715594332417851e+01 4.409002658383674600e+01
4.693715594332417851e+01 4.489019996513854949e+01
4.693715594332417851e+01 5.025980861061900384e+01
4.693715594332417851e+01 4.266037393638372066e+01
4.693715594332417851e+01 4.264896046226491677e+01
4.693715594332417851e+01 4.673385815051707937e+01
4.693715594332417851e+01 4.829479872375413407e+01
4.693715594332417851e+01 4.154784984483681143e+01
4.693715594332417851e+01 4.722350246484658243e+01
4.693715594332417851e+01 4.816413683561344072e+01
4.693715594332417851e+01 4.741983013730924057e+01
4.693715594332417851e+01 4.723482488906076071e+01
4.693715594332417851e+01 4.429880200037258930e+01
4.693715594332417851e+01 5.017701771306324332e+01
4.693715594332417851e+01 4.759220713708975126e+01
4.693715594332417851e+01 3.939731018467873014e+01
4.693715594332417851e+01 4.835583490229356585e+01
4.693715594332417851e+01 4.232774708204169656e+01
4.693715594332417851e+01 4.834148071529993018e+01
4.693715594332417851e+01 4.578089919020050758e+01
4.693715594332417851e+01 4.582602473433320256e+01
4.693715594332417851e+01 4.269195643144536234e+01
4.693715594332417851e+01 4.610331954258809617e+01
4.693715594332417851e+01 4.777298244266496141e+01
4.693715594332417851e+01 3.854781748558464471e+01
4.693715594332417851e+01 4.929758213449795079e+01
4.693715594332417851e+01 4.894553395497264603e+01
4.693715594332417851e+01 4.482319810323092923e+01
4.693715594332417851e+01 3.705888665587696096e+01
4.693715594332417851e+01 4.901301050897650669e+01
4.693715594332417851e+01 3.938779428209901567e+01
4.693715594332417851e+01 4.533976920254212217e+01
4.693715594332417851e+01 4.743814392760885568e+01
4.693715594332417851e+01 5.034777934462775306e+01
4.693715594332417851e+01 4.841796213155578954e+01
4.693715594332417851e+01 4.782247866116864543e+01
4.693715594332417851e+01 5.012428864126853512e+01
4.693715594332417851e+01 4.199115554778001069e+01
4.693715594332417851e+01 4.249473334951488823e+01
4.693715594332417851e+01 4.274311110279868586e+01
4.693715594332417851e+01 4.185204544365788593e+01
4.693715594332417851e+01 4.472969927580048477e+01
4.693715594332417851e+01 4.701795958745231019e+01
4.693715594332417851e+01 4.149493301918094801e+01
4.693715594332417851e+01 4.457158097121083529e+01
4.693715594332417851e+01 4.418437198756900131e+01
4.693715594332417851e+01 4.167605340136909575e+01
4.693715594332417851e+01 4.816937792802061580e+01
4.693715594332417851e+01 4.746286769550427920e+01
4.693715594332417851e+01 5.055328829086104747e+01
4.693715594332417851e+01 5.606115687646030210e+01
4.693715594332417851e+01 5.680216407600797623e+01
4.693715594332417851e+01 4.900178941590587556e+01
4.693715594332417851e+01 4.576627380387863298e+01
4.693715594332417851e+01 4.323765506942105930e+01
4.693715594332417851e+01 3.953335644947532046e+01
4.693715594332417851e+01 4.925927903077700876e+01
4.693715594332417851e+01 4.756661850074669928e+01
4.693715594332417851e+01 4.542955944643048838e+01
4.693715594332417851e+01 4.776206547785503176e+01
4.693715594332417851e+01 4.849926253732368764e+01
4.693715594332417851e+01 4.883188522296075718e+01
4.693715594332417851e+01 4.583354210434309550e+01
4.693715594332417851e+01 4.458572491575075958e+01
4.693715594332417851e+01 4.316410378303842776e+01
4.693715594332417851e+01 3.886266530941075104e+01
4.693715594332417851e+01 4.374066764393590034e+01
4.693715594332417851e+01 4.427240953537513235e+01
4.693715594332417851e+01 4.140569000853134440e+01
4.693715594332417851e+01 4.748125962518896870e+01
4.693715594332417851e+01 4.543271189078981109e+01
4.693715594332417851e+01 4.568195041649727983e+01
4.693715594332417851e+01 5.237130663237833517e+01
4.693715594332417851e+01 4.772193204959548751e+01
4.693715594332417851e+01 4.737893044885624505e+01
4.693715594332417851e+01 4.995612358597173852e+01
4.693715594332417851e+01 4.545222005677493371e+01
4.693715594332417851e+01 4.325287772894679250e+01
4.693715594332417851e+01 4.053311453175825818e+01
4.693715594332417851e+01 4.387331136469637727e+01
4.693715594332417851e+01 4.393502198523977142e+01
4.693715594332417851e+01 5.503848531463525262e+01
4.693715594332417851e+01 4.562379223834042818e+01
4.693715594332417851e+01 4.388416425850778069e+01
4.693715594332417851e+01 4.303545493585535553e+01
4.693715594332417851e+01 4.701926607385491508e+01
4.693715594332417851e+01 4.465608023985403463e+01
4.693715594332417851e+01 4.941978946588280053e+01
4.693715594332417851e+01 4.450872265375092240e+01
4.693715594332417851e+01 4.439247404947815312e+01
4.693715594332417851e+01 4.828517210747625654e+01
4.693715594332417851e+01 4.799042694661384445e+01
4.693715594332417851e+01 4.831270861536342665e+01
4.693715594332417851e+01 4.470375409315221304e+01
4.693715594332417851e+01 4.771492251282523256e+01
4.693715594332417851e+01 4.960832957683470568e+01
4.693715594332417851e+01 4.331841742506069437e+01
4.693715594332417851e+01 5.304768133205495673e+01
4.693715594332417851e+01 4.509502648850619266e+01
4.693715594332417851e+01 5.046770269532370889e+01
4.693715594332417851e+01 4.821731147914052684e+01
4.693715594332417851e+01 3.848538815460456419e+01
4.693715594332417851e+01 4.138482504718137278e+01
4.693715594332417851e+01 4.657539502364848261e+01
4.693715594332417851e+01 4.500736595903356374e+01
4.693715594332417851e+01 4.395325836616905235e+01
4.693715594332417851e+01 4.821951307782860141e+01
4.693715594332417851e+01 4.662242963379365079e+01
4.693715594332417851e+01 4.335880216549238497e+01
4.693715594332417851e+01 5.275819497235315936e+01
4.693715594332417851e+01 4.543129310809623433e+01
4.693715594332417851e+01 4.388707188601856757e+01
4.693715594332417851e+01 4.487070877896743326e+01
4.693715594332417851e+01 4.784984504333492339e+01
4.693715594332417851e+01 4.267060955389696630e+01
4.693715594332417851e+01 5.009782703015972061e+01
4.693715594332417851e+01 4.713182881969802906e+01
4.693715594332417851e+01 4.923618536964341530e+01
4.693715594332417851e+01 4.468792949849912333e+01
4.693715594332417851e+01 4.985803649833771800e+01
4.693715594332417851e+01 4.354808545719257751e+01
4.693715594332417851e+01 4.467535087095421886e+01
4.693715594332417851e+01 4.897279329069551324e+01
4.693715594332417851e+01 4.512183899895020289e+01
4.693715594332417851e+01 4.484928683384462289e+01
4.693715594332417851e+01 4.500785244347139269e+01
4.693715594332417851e+01 4.508062091378750580e+01
4.693715594332417851e+01 4.661585465825415042e+01
4.693715594332417851e+01 4.070053660269901030e+01
4.693715594332417851e+01 4.017637737983476143e+01
4.693715594332417851e+01 4.994496132865145199e+01
4.693715594332417851e+01 4.788583593366248436e+01
4.693715594332417851e+01 5.120520076935962095e+01
4.693715594332417851e+01 4.580948583076725100e+01
4.693715594332417851e+01 4.503419681451293854e+01
4.693715594332417851e+01 4.804982967303983088e+01
4.693715594332417851e+01 4.830685884899133953e+01
4.693715594332417851e+01 4.657984320940007450e+01
4.693715594332417851e+01 4.452879126613445493e+01
4.693715594332417851e+01 4.315969698133756793e+01
4.693715594332417851e+01 4.261153580437026278e+01
4.693715594332417851e+01 4.622417659444528937e+01
4.693715594332417851e+01 4.832618804668869927e+01
4.693715594332417851e+01 4.804441323973414768e+01
4.693715594332417851e+01 5.205575239512557317e+01
4.693715594332417851e+01 4.796098850379264178e+01
4.693715594332417851e+01 4.577900748280558929e+01
4.693715594332417851e+01 4.560404242336598202e+01
4.693715594332417851e+01 4.303384324180912301e+01
4.693715594332417851e+01 4.857972961522339972e+01
4.693715594332417851e+01 4.462662864733688650e+01
4.693715594332417851e+01 4.716802593617757822e+01
4.693715594332417851e+01 5.009491511572285560e+01
4.693715594332417851e+01 4.373982480457544852e+01
4.693715594332417851e+01 4.607072218126350549e+01
4.693715594332417851e+01 4.676125991327557330e+01
4.693715594332417851e+01 4.710992049226877754e+01
4.693715594332417851e+01 4.231576745871627310e+01
4.693715594332417851e+01 4.433925706126668587e+01
4.693715594332417851e+01 4.542240902806052816e+01
4.693715594332417851e+01 5.006467320324974679e+01
4.693715594332417851e+01 4.137242559302823253e+01
4.693715594332417851e+01 4.818189635549928340e+01
4.693715594332417851e+01 4.275258638977101100e+01
4.693715594332417851e+01 5.198544529223257626e+01
4.693715594332417851e+01 4.663643226726458124e+01
4.693715594332417851e+01 4.147389232467244113e+01
4.693715594332417851e+01 4.647476043843179383e+01
4.693715594332417851e+01 4.896495715700500284e+01
4.693715594332417851e+01 4.665568181933775804e+01
4.693715594332417851e+01 4.548166638725363953e+01
4.693715594332417851e+01 4.480846729956005703e+01
4.693715594332417851e+01 4.944235843557141408e+01
4.693715594332417851e+01 4.199778747960914416e+01
4.693715594332417851e+01 4.883370263114311882e+01
4.693715594332417851e+01 4.720824117906558115e+01
4.693715594332417851e+01 3.858634880927310462e+01
4.693715594332417851e+01 4.046053051312331661e+01
4.693715594332417851e+01 4.993678663033445275e+01
4.693715594332417851e+01 4.091850499209177627e+01
4.693715594332417851e+01 4.656857502357951262e+01
4.693715594332417851e+01 4.426375572196774755e+01
4.693715594332417851e+01 4.393142925190064574e+01
4.693715594332417851e+01 4.277245022099938865e+01
4.693715594332417851e+01 4.720123745968894013e+01
4.693715594332417851e+01 4.953919505174309279e+01
4.693715594332417851e+01 4.591516387490845119e+01
4.693715594332417851e+01 4.284087093182206729e+01
4.693715594332417851e+01 4.019895791677085128e+01
4.693715594332417851e+01 4.272212991283678463e+01
4.693715594332417851e+01 4.431810866278065930e+01
4.693715594332417851e+01 4.718965017253963623e+01
4.693715594332417851e+01 4.079618262739328571e+01
4.693715594332417851e+01 4.084388082178855939e+01
4.693715594332417851e+01 4.737751669547577649e+01
4.693715594332417851e+01 4.246657329200237285e+01
4.693715594332417851e+01 4.356394645530684784e+01
4.693715594332417851e+01 5.478432874644389727e+01
4.693715594332417851e+01 4.821628161010358582e+01
4.693715594332417851e+01 5.232703252836277130e+01
4.693715594332417851e+01 5.114039608592074160e+01
4.693715594332417851e+01 4.510423335534711242e+01
4.693715594332417851e+01 4.521528966684097384e+01
4.693715594332417851e+01 4.148561313773991799e+01
4.693715594332417851e+01 4.945908059686962588e+01
4.693715594332417851e+01 4.534081085307303027e+01
4.693715594332417851e+01 3.941915817582390247e+01
4.693715594332417851e+01 4.947664444334981226e+01
4.693715594332417851e+01 5.200981372392281799e+01
4.693715594332417851e+01 4.240279102469365569e+01
4.693715594332417851e+01 4.444726152566558142e+01
4.693715594332417851e+01 4.548167151821615306e+01
4.693715594332417851e+01 4.557493811890783064e+01
4.693715594332417851e+01 5.019161043694841595e+01
4.693715594332417851e+01 4.338758003898304594e+01
4.693715594332417851e+01 4.400513525616052135e+01
4.693715594332417851e+01 4.942011038356635311e+01
4.693715594332417851e+01 4.899658901367121899e+01
4.693715594332417851e+01 5.208456636118081207e+01
4.693715594332417851e+01 4.926872834660040468e+01
4.693715594332417851e+01 4.779589406239230698e+01
4.693715594332417851e+01 4.187809300755162667e+01
4.693715594332417851e+01 5.033020665034331387e+01
4.693715594332417851e+01 4.373181661640774109e+01
4.693715594332417851e+01 4.837959201291137390e+01
4.693715594332417851e+01 4.929637108686937097e+01
4.693715594332417851e+01 4.756530283170590678e+01
4.693715594332417851e+01 4.622078100761207509e+01
4.693715594332417851e+01 4.451745098438632198e+01
4.693715594332417851e+01 4.090352509374059764e+01
4.693715594332417851e+01 4.678347752961155948e+01
4.693715594332417851e+01 4.890876534095215789e+01
4.693715594332417851e+01 4.663584280732995779e+01
4.693715594332417851e+01 4.272295937226237328e+01
4.693715594332417851e+01 4.875316740019942330e+01
4.693715594332417851e+01 4.256273034057759475e+01
4.693715594332417851e+01 4.331889499377758312e+01
4.693715594332417851e+01 3.917151591803590804e+01
4.693715594332417851e+01 4.664005765462861319e+01
4.693715594332417851e+01 4.392832955498750636e+01
4.693715594332417851e+01 4.764326229034048055e+01
4.693715594332417851e+01 5.149586646162315162e+01
4.693715594332417851e+01 4.463467124446566459e+01
4.693715594332417851e+01 4.883307937578274505e+01
4.693715594332417851e+01 4.897914449622884803e+01
4.693715594332417851e+01 4.196305751538798035e+01
4.693715594332417851e+01 4.438233651426012472e+01
4.693715594332417851e+01 4.595564152126122792e+01
4.693715594332417851e+01 4.514701837238105497e+01
4.693715594332417851e+01 4.630005765129948969e+01
4.693715594332417851e+01 4.553776199561815474e+01
4.693715594332417851e+01 5.142194640184817445e+01
4.693715594332417851e+01 4.825002769837200134e+01
4.693715594332417851e+01 4.309993309115117910e+01
4.693715594332417851e+01 4.318290395371279544e+01
4.693715594332417851e+01 4.367909071296869428e+01
4.693715594332417851e+01 4.578495855706267292e+01
4.693715594332417851e+01 5.101812069112435211e+01
4.693715594332417851e+01 4.716281098622486923e+01
4.693715594332417851e+01 4.197870781440657595e+01
4.693715594332417851e+01 5.151434833820669468e+01
4.693715594332417851e+01 4.619408820254111703e+01
4.693715594332417851e+01 5.221383339634121512e+01
4.693715594332417851e+01 4.916800217706280307e+01
4.693715594332417851e+01 4.597658429711680128e+01
4.693715594332417851e+01 4.469862041378240747e+01
4.693715594332417851e+01 4.779090208200466350e+01
4.693715594332417851e+01 5.035303773420338302e+01
4.693715594332417851e+01 4.555204509439781901e+01
4.693715594332417851e+01 4.078180779755263785e+01
4.693715594332417851e+01 4.472801636293913674e+01
4.693715594332417851e+01 4.564560081280915682e+01
4.693715594332417851e+01 4.752011870712365038e+01
4.693715594332417851e+01 4.756511088980045088e+01
4.693715594332417851e+01 4.871108486629474044e+01
4.693715594332417851e+01 4.477202630248302739e+01
4.693715594332417851e+01 4.707698348415796374e+01
4.693715594332417851e+01 4.358461010909149991e+01
4.693715594332417851e+01 4.823625521861682586e+01
4.693715594332417851e+01 4.589703143218323333e+01
4.693715594332417851e+01 4.379269810567712540e+01
4.693715594332417851e+01 3.943558540048235983e+01
4.693715594332417851e+01 4.768818747622875520e+01
4.693715594332417851e+01 4.405662607192373770e+01
4.693715594332417851e+01 4.560366733036381959e+01
4.693715594332417851e+01 5.137405498970891671e+01
4.693715594332417851e+01 4.670950155547775751e+01
4.693715594332417851e+01 4.519005725370347193e+01
4.693715594332417851e+01 4.867072110980240751e+01
4.693715594332417851e+01 4.097566629647941028e+01
4.693715594332417851e+01 4.400801362343327838e+01
4.693715594332417851e+01 4.991927641355192691e+01
4.693715594332417851e+01 4.582292552161262478e+01
4.693715594332417851e+01 4.549082369859304009e+01
4.693715594332417851e+01 4.388015848781390815e+01
4.693715594332417851e+01 4.063567505098532706e+01
4.693715594332417851e+01 4.991628298533835562e+01
4.693715594332417851e+01 4.806718333555895128e+01
4.693715594332417851e+01 4.947203708976006453e+01
4.693715594332417851e+01 4.854747917313451211e+01
