4.693715594332417851e+01 4.549883221386140519e+01
4.693715594332417851e+01 4.615003525046712696e+01
4.693715594332417851e+01 4.492043364793659066e+01
4.693715594332417851e+01 4.627580626235236849e+01
4.693715594332417851e+01 4.722220173735347259e+01
4.693715594332417851e+01 4.640290225962890958e+01
4.693715594332417851e+01 4.461972368386169308e+01
4.693715594332417851e+01 4.844541071143424205e+01
4.693715594332417851e+01 4.568485554058189280e+01
4.693715594332417851e+01 4.256918618721437042e+01
4.693715594332417851e+01 4.696533100842847119e+01
4.693715594332417851e+01 4.569556655283395941e+01
4.693715594332417851e+01 4.021790343320745365e+01
4.693715594332417851e+01 4.883514715733043943e+01
4.693715594332417851e+01 4.549856888616918127e+01
4.693715594332417851e+01 4.619098119672094782e+01
4.693715594332417851e+01 4.533059162091466732e+01
4.693715594332417851e+01 4.669164095091986155e+01
4.693715594332417851e+01 4.829031415513856018e+01
4.693715594332417851e+01 4.007366037674239578e+01
4.693715594332417851e+01 4.631703990991311315e+01
4.693715594332417851e+01 4.933249836311028247e+01
4.693715594332417851e+01 4.255612803579487746e+01
4.693715594332417851e+01 4.955014940291946601e+01
4.693715594332417851e+01 4.565311489744501472e+01
4.693715594332417851e+01 4.903417590024309192e+01
4.693715594332417851e+01 4.740900831847108776e+01
4.693715594332417851e+01 4.227404069481642068e+01
4.693715594332417851e+01 4.745092277953018112e+01
4.693715594332417851e+01 5.062943045378941065e+01
4.693715594332417851e+01 5.319102585241090253e+01
4.693715594332417851e+01 4.271577292364649736e+01
4.693715594332417851e+01 4.973130724264788682e+01
4.693715594332417851e+01 4.683677674447931594e+01
4.693715594332417851e+01 4.484783093539399346e+01
4.693715594332417851e+01 4.415340022459500346e+01
4.693715594332417851e+01 4.721244179820784836e+01
4.693715594332417851e+01 5.098328386610278784e+01
4.693715594332417851e+01 4.594652799612217109e+01
4.693715594332417851e+01 4.896127713960631667e+01
4.693715594332417851e+01 4.696008897775209334e+01
4.693715594332417851e+01 4.594725925658057264e+01
4.693715594332417851e+01 3.972200139632236926e+01
4.693715594332417851e+01 4.506178688100123964e+01
4.693715594332417851e+01 5.042371519347221209e+01
4.693715594332417851e+01 4.863653309433252758e+01
4.693715594332417851e+01 4.121809122867461639e+01
4.693715594332417851e+01 4.544988557933523055e+01
4.693715594332417851e+01 4.626408674535399967e+01
4.693715594332417851e+01 4.684237820575082623e+01
4.693715594332417851e+01 4.555986392373190341e+01
4.693715594332417851e+01 4.395897578951718998e+01
4.693715594332417851e+01 4.907083753508157997e+01
4.693715594332417851e+01 5.397333583632066478e+01
4.693715594332417851e+01 5.077359696892125385e+01
4.693715594332417851e+01 4.270739758843893696e+01
4.693715594332417851e+01 5.117893811239809310e+01
4.693715594332417851e+01 5.297448615434093711e+01
4.693715594332417851e+01 4.065679962102075251e+01
4.693715594332417851e+01 4.580448742469501866e+01
4.693715594332417851e+01 4.617548209842751561e+01
4.693715594332417851e+01 4.503048994022537954e+01
4.693715594332417851e+01 4.289026259505932615e+01
4.693715594332417851e+01 4.727740956213150980e+01
4.693715594332417851e+01 4.293412927846043914e+01
4.693715594332417851e+01 4.297205680386656468e+01
4.693715594332417851e+01 5.045737496616622764e+01
4.693715594332417851e+01 4.746122007844050472e+01
4.693715594332417851e+01 4.011601318010518469e+01
4.693715594332417851e+01 4.254731345130544895e+01
4.693715594332417851e+01 4.488806038440702650e+01
4.693715594332417851e+01 4.611883864455278825e+01
4.693715594332417851e+01 5.361616048135695678e+01
4.693715594332417851e+01 4.938862019627698174e+01
4.693715594332417851e+01 4.357743516574927867e+01
4.693715594332417851e+01 4.645686469137086050e+01
4.693715594332417851e+01 4.472059698073047684e+01
4.693715594332417851e+01 4.739681076741040755e+01
4.693715594332417851e+01 4.398217404011883502e+01
4.693715594332417851e+01 4.909258642026112085e+01
4.693715594332417851e+01 4.693731223139752018e+01
4.693715594332417851e+01 5.171119124101226561e+01
4.693715594332417851e+01 4.654957241294513182e+01
4.693715594332417851e+01 4.113499492395379065e+01
4.693715594332417851e+01 4.782704307351786355e+01
4.693715594332417851e+01 5.086510445112349998e+01
4.693715594332417851e+01 4.399552675168151694e+01
4.693715594332417851e+01 4.967525581738696161e+01
4.693715594332417851e+01 4.340495252816037919e+01
4.693715594332417851e+01 5.258164946107620352e+01
4.693715594332417851e+01 4.724062954354326394e+01
4.693715594332417851e+01 4.411731108455359873e+01
4.693715594332417851e+01 5.293881365051935006e+01
4.693715594332417851e+01 4.446124694461664006e+01
4.693715594332417851e+01 5.395025339485611227e+01
4.693715594332417851e+01 5.402054566972395833e+01
4.693715594332417851e+01 4.771771335875853737e+01
4.693715594332417851e+01 4.905378444625706891e+01
4.693715594332417851e+01 4.709901358693802820e+01
4.693715594332417851e+01 4.359215430299455107e+01
4.693715594332417851e+01 5.713805310457792075e+01
4.693715594332417851e+01 4.706245782058527283e+01
4.693715594332417851e+01 4.558710543195739717e+01
4.693715594332417851e+01 4.487286507813388425e+01
4.693715594332417851e+01 4.216653829310250501e+01
4.693715594332417851e+01 4.226948127256179788e+01
4.693715594332417851e+01 4.952277258296948048e+01
4.693715594332417851e+01 4.527830040672575507e+01
4.693715594332417851e+01 4.286111163197767127e+01
4.693715594332417851e+01 4.524270273887158567e+01
4.693715594332417851e+01 4.811471413008764841e+01
4.693715594332417851e+01 4.814997006817517189e+01
4.693715594332417851e+01 4.993182148862565128e+01
4.693715594332417851e+01 4.940265633373125098e+01
4.693715594332417851e+01 4.331091388728699343e+01
4.693715594332417851e+01 4.853710201815951564e+01
4.693715594332417851e+01 4.722570895960338078e+01
4.693715594332417851e+01 4.489273669476236250e+01
4.693715594332417851e+01 4.415122429165726459e+01
4.693715594332417851e+01 4.080740358770233200e+01
4.693715594332417851e+01 3.998834242772747416e+01
4.693715594332417851e+01 4.205916826968054778e+01
4.693715594332417851e+01 4.190109440583785982e+01
4.693715594332417851e+01 4.468746633075218710e+01
4.693715594332417851e+01 4.469820145415020107e+01
4.693715594332417851e+01 4.178709993758793928e+01
4.693715594332417851e+01 4.607477223129129129e+01
4.693715594332417851e+01 4.309406317943878406e+01
4.693715594332417851e+01 5.141947537257030376e+01
4.693715594332417851e+01 4.747274244034912272e+01
4.693715594332417851e+01 4.594304982124560155e+01
4.693715594332417851e+01 4.577407681119436944e+01
4.693715594332417851e+01 4.346383893813573707e+01
4.693715594332417851e+01 4.694380789115646735e+01
4.693715594332417851e+01 4.943464946076559130e+01
4.693715594332417851e+01 5.044169065776389971e+01
4.693715594332417851e+01 4.779462408791292916e+01
4.693715594332417851e+01 3.926490025281400875e+01
4.693715594332417851e+01 4.766617824665699743e+01
4.693715594332417851e+01 4.372765788890256999e+01
4.693715594332417851e+01 4.496224003607263597e+01
4.693715594332417851e+01 5.116546789409741081e+01
4.693715594332417851e+01 5.313024802140559189e+01
4.693715594332417851e+01 5.503937626614045087e+01
4.693715594332417851e+01 4.015488716791720947e+01
4.693715594332417851e+01 4.865676437164850654e+01
4.693715594332417851e+01 4.910235673787278898e+01
4.693715594332417851e+01 4.335107550291598955e+01
4.693715594332417851e+01 4.234931059759775707e+01
4.693715594332417851e+01 4.506244915807639018e+01
4.693715594332417851e+01 4.745425008305193160e+01
4.693715594332417851e+01 4.775375762718783079e+01
4.693715594332417851e+01 4.288308459194422539e+01
4.693715594332417851e+01 4.242905977195317035e+01
4.693715594332417851e+01 3.503375606473571935e+01
4.693715594332417851e+01 4.225790281048262642e+01
4.693715594332417851e+01 4.402942540350616696e+01
4.693715594332417851e+01 4.591862126110471820e+01
4.693715594332417851e+01 4.726452825408078695e+01
4.693715594332417851e+01 5.164248626237903039e+01
4.693715594332417851e+01 4.480644203720171959e+01
4.693715594332417851e+01 4.875682504768111158e+01
4.693715594332417851e+01 4.679615576968436841e+01
4.693715594332417851e+01 4.248156638720961809e+01
4.693715594332417851e+01 4.134567435144464298e+01
4.693715594332417851e+01 4.343776679025283727e+01
4.693715594332417851e+01 4.290664062584924210e+01
4.693715594332417851e+01 4.131869789265788739e+01
4.693715594332417851e+01 4.163853656134043035e+01
4.693715594332417851e+01 4.301761447380622627e+01
4.693715594332417851e+01 4.891272832872419940e+01
4.693715594332417851e+01 4.814735662807426309e+01
4.693715594332417851e+01 3.858285883186601239e+01
4.693715594332417851e+01 4.667424140276960287e+01
4.693715594332417851e+01 4.595593911531096865e+01
4.693715594332417851e+01 4.537571183117701423e+01
4.693715594332417851e+01 4.758576730397091836e+01
4.693715594332417851e+01 4.501922708981751953e+01
4.693715594332417851e+01 4.706721962891263900e+01
4.693715594332417851e+01 4.814969617675816238e+01
4.693715594332417851e+01 4.585266446798587481e+01
4.693715594332417851e+01 5.086635490146849037e+01
4.693715594332417851e+01 5.103309054320585147e+01
4.693715594332417851e+01 4.762157281433312050e+01
4.693715594332417851e+01 4.656361447474139936e+01
4.693715594332417851e+01 5.303471315442253342e+01
4.693715594332417851e+01 4.734495484261827158e+01
4.693715594332417851e+01 3.933456902385717058e+01
4.693715594332417851e+01 4.354871096752972903e+01
4.693715594332417851e+01 4.894212946003916898e+01
4.693715594332417851e+01 5.008806014884505942e+01
4.693715594332417851e+01 4.307498489882640058e+01
4.693715594332417851e+01 4.574265088908507693e+01
4.693715594332417851e+01 4.873596611872935824e+01
4.693715594332417851e+01 4.598702616680324695e+01
4.693715594332417851e+01 4.337618360928842520e+01
4.693715594332417851e+01 4.541503149402451101e+01
4.693715594332417851e+01 4.227130346160729601e+01
4.693715594332417851e+01 4.744453998047538335e+01
4.693715594332417851e+01 5.447909567587525004e+01
4.693715594332417851e+01 5.010600889274904546e+01
4.693715594332417851e+01 4.887692712547513452e+01
4.693715594332417851e+01 4.689639769215573750e+01
4.693715594332417851e+01 4.427803822940843759e+01
4.693715594332417851e+01 4.844426087153166804e+01
4.693715594332417851e+01 4.367309989585660190e+01
4.693715594332417851e+01 4.584426835041570314e+01
4.693715594332417851e+01 4.962837915641074460e+01
4.693715594332417851e+01 4.605381920952425645e+01
4.693715594332417851e+01 4.929677827072012519e+01
4.693715594332417851e+01 4.343906868177342773e+01
4.693715594332417851e+01 5.363738995937948317e+01
4.693715594332417851e+01 5.225884279444129987e+01
4.693715594332417851e+01 4.360888179466780201e+01
4.693715594332417851e+01 5.166596314942172796e+01
4.693715594332417851e+01 4.596351453290853328e+01
4.693715594332417851e+01 4.317315147952086107e+01
4.693715594332417851e+01 4.774483687311145985e+01
4.693715594332417851e+01 5.158534866801919350e+01
4.693715594332417851e+01 4.777959297851409559e+01
4.693715594332417851e+01 4.550907175868744048e+01
4.693715594332417851e+01 5.221972717019093579e+01
4.693715594332417851e+01 4.687262658693967410e+01
4.693715594332417851e+01 4.903270221847188282e+01
4.693715594332417851e+01 5.046934377507164982e+01
4.693715594332417851e+01 5.623553030751260451e+01
4.693715594332417851e+01 4.032435462559182326e+01
4.693715594332417851e+01 5.253571787803453930e+01
4.693715594332417851e+01 4.304876969045134416e+01
4.693715594332417851e+01 4.989931443569762592e+01
4.693715594332417851e+01 4.628320411808729062e+01
4.693715594332417851e+01 4.832174620998247860e+01
4.693715594332417851e+01 4.495084148522612821e+01
4.693715594332417851e+01 4.247758446031556900e+01
4.693715594332417851e+01 4.816560500477034168e+01
4.693715594332417851e+01 4.729366128053951002e+01
4.693715594332417851e+01 4.605462342402403664e+01
4.693715594332417851e+01 4.355554225076236463e+01
4.693715594332417851e+01 3.923150934612787211e+01
4.693715594332417851e+01 4.468076817497256314e+01
4.693715594332417851e+01 4.699213201685960684e+01
4.693715594332417851e+01 4.732856638399980653e+01
4.693715594332417851e+01 4.236561272973096237e+01
4.693715594332417851e+01 4.688771784927848785e+01
4.693715594332417851e+01 4.448937976638475078e+01
4.693715594332417851e+01 4.045400441311576856e+01
4.693715594332417851e+01 4.764434974055598815e+01
4.693715594332417851e+01 4.610782402157349225e+01
4.693715594332417851e+01 4.410849145421713047e+01
4.693715594332417851e+01 5.032310108180536190e+01
4.693715594332417851e+01 4.579183805597557466e+01
4.693715594332417851e+01 4.018080472822681770e+01
4.693715594332417851e+01 4.852566508643434418e+01
4.693715594332417851e+01 4.287056397589261536e+01
4.693715594332417851e+01 4.743218435527457189e+01
4.693715594332417851e+01 4.370491650599507949e+01
4.693715594332417851e+01 4.503346049238965776e+01
4.693715594332417851e+01 4.594018275763539094e+01
4.693715594332417851e+01 4.357980245532240815e+01
4.693715594332417851e+01 4.459948273707936295e+01
4.693715594332417851e+01 5.000948555802484918e+01
4.693715594332417851e+01 4.529047948410054403e+01
4.693715594332417851e+01 4.810469336451222944e+01
4.693715594332417851e+01 4.823101823151722556e+01
4.693715594332417851e+01 4.568415487483617454e+01
4.693715594332417851e+01 4.494732191104120744e+01
4.693715594332417851e+01 4.180661609262631373e+01
4.693715594332417851e+01 4.759216641317055263e+01
4.693715594332417851e+01 4.929880210795166562e+01
4.693715594332417851e+01 4.433581874661579292e+01
4.693715594332417851e+01 4.551424735122443366e+01
4.693715594332417851e+01 5.487082599861646770e+01
4.693715594332417851e+01 4.410041298751949057e+01
4.693715594332417851e+01 4.550914347935288617e+01
4.693715594332417851e+01 5.174206827693626565e+01
4.693715594332417851e+01 5.158641347530070931e+01
4.693715594332417851e+01 5.103837383563616470e+01
4.693715594332417851e+01 4.700280638295736679e+01
4.693715594332417851e+01 4.272555356015405437e+01
4.693715594332417851e+01 4.370422574209881361e+01
4.693715594332417851e+01 4.465876258433059576e+01
4.693715594332417851e+01 3.761396875655628946e+01
4.693715594332417851e+01 4.413760472742297480e+01
4.693715594332417851e+01 4.709986756972602961e+01
4.693715594332417851e+01 4.707665916266705608e+01
4.693715594332417851e+01 4.799160612933455639e+01
4.693715594332417851e+01 4.785178000329208459e+01
4.693715594332417851e+01 4.818371024630929611e+01
4.693715594332417851e+01 4.373646133351934395e+01
4.693715594332417851e+01 5.086318232805768957e+01
4.693715594332417851e+01 4.682659465301640722e+01
4.693715594332417851e+01 4.977496115305914515e+01
4.693715594332417851e+01 5.229892947095337519e+01
4.693715594332417851e+01 4.868134624476117978e+01
4.693715594332417851e+01 4.457075304146645323e+01
4.693715594332417851e+01 5.432430375063012207e+01
4.693715594332417851e+01 5.066279902680495439e+01
4.693715594332417851e+01 4.347549358143393050e+01
4.693715594332417851e+01 4.585280600236575310e+01
4.693715594332417851e+01 4.543170590055058966e+01
4.693715594332417851e+01 4.519170899076691938e+01
4.693715594332417851e+01 4.415752570795065424e+01
4.693715594332417851e+01 4.751454325163000192e+01
4.693715594332417851e+01 5.168067235841719764e+01
4.693715594332417851e+01 3.880737687776156264e+01
4.693715594332417851e+01 4.424625258210873113e+01
4.693715594332417851e+01 4.507347732686919528e+01
4.693715594332417851e+01 4.677503348476719935e+01
4.693715594332417851e+01 4.442260863044219832e+01
4.693715594332417851e+01 4.389423776016678147e+01
4.693715594332417851e+01 3.894127431992033905e+01
4.693715594332417851e+01 5.069400108214888689e+01
4.693715594332417851e+01 4.766419527428099201e+01
4.693715594332417851e+01 4.764673372454656430e+01
4.693715594332417851e+01 5.356717856178089932e+01
4.693715594332417851e+01 4.526255277538065513e+01
4.693715594332417851e+01 4.856262570381117882e+01
4.693715594332417851e+01 4.759146624313081020e+01
4.693715594332417851e+01 4.622426265608648777e+01
4.693715594332417851e+01 4.441122986186691435e+01
4.693715594332417851e+01 4.228476303252045199e+01
4.693715594332417851e+01 4.633133736370078992e+01
4.693715594332417851e+01 4.255692678568517096e+01
4.693715594332417851e+01 4.568397342722123255e+01
4.693715594332417851e+01 4.906668036999554516e+01
4.693715594332417851e+01 4.557842754666175011e+01
4.693715594332417851e+01 4.589866671137650656e+01
4.693715594332417851e+01 4.773782983737795149e+01
4.693715594332417851e+01 4.714646249545130274e+01
4.693715594332417851e+01 4.287054510934848395e+01
4.693715594332417851e+01 4.558235793579293471e+01
4.693715594332417851e+01 4.723147688470226058e+01
4.693715594332417851e+01 4.820499257852433317e+01
4.693715594332417851e+01 4.716451790682735634e+01
4.693715594332417851e+01 4.319386024533341129e+01
4.693715594332417851e+01 4.474021768128749699e+01
4.693715594332417851e+01 4.814501190303543154e+01
4.693715594332417851e+01 4.043956371955552243e+01
4.693715594332417851e+01 4.552868415546003433e+01
4.693715594332417851e+01 4.629997110796581694e+01
4.693715594332417851e+01 4.255546761574753134e+01
4.693715594332417851e+01 4.535699143247916965e+01
4.693715594332417851e+01 5.248094413842400030e+01
4.693715594332417851e+01 4.585655624811281683e+01
4.693715594332417851e+01 5.322069483350480112e+01
4.693715594332417851e+01 4.230030461255400809e+01
4.693715594332417851e+01 5.006014332811393075e+01
4.693715594332417851e+01 4.843573976936504266e+01
4.693715594332417851e+01 4.741017065765387173e+01
4.693715594332417851e+01 5.106632460097356585e+01
4.693715594332417851e+01 4.826316929814163359e+01
4.693715594332417851e+01 4.653426479142640915e+01
4.693715594332417851e+01 4.577234721446063759e+01
4.693715594332417851e+01 4.937450779051508931e+01
4.693715594332417851e+01 4.673948368101496698e+01
4.693715594332417851e+01 4.369610394770181472e+01
4.693715594332417851e+01 4.408663683891399643e+01
4.693715594332417851e+01 4.251182559004960382e+01
4.693715594332417851e+01 4.932216145316564138e+01
4.693715594332417851e+01 4.518441572648492865e+01
4.693715594332417851e+01 4.788785323991434240e+01
4.693715594332417851e+01 4.472697184521179281e+01
4.693715594332417851e+01 4.339731696549983297e+01
4.693715594332417851e+01 5.013330498127611179e+01
4.693715594332417851e+01 5.071964471947467956e+01
4.693715594332417851e+01 5.065258712643031203e+01
4.693715594332417851e+01 4.413658822468838139e+01
4.693715594332417851e+01 4.745698838725542856e+01
4.693715594332417851e+01 4.716606057659758022e+01
4.693715594332417851e+01 4.937102546637890299e+01
4.693715594332417851e+01 4.682469043582604940e+01
4.693715594332417851e+01 4.529540346542540163e+01
4.693715594332417851e+01 5.178854456410593343e+01
4.693715594332417851e+01 4.653007987765364106e+01
4.693715594332417851e+01 4.550646820865537734e+01
4.693715594332417851e+01 4.158886497879753108e+01
4.693715594332417851e+01 4.659591654775775993e+01
4.693715594332417851e+01 3.950000771564192803e+01
4.693715594332417851e+01 5.193414322184658261e+01
4.693715594332417851e+01 4.613007026062498994e+01
4.693715594332417851e+01 4.739202865275444054e+01
4.693715594332417851e+01 4.088395404649302378e+01
4.693715594332417851e+01 4.519090474848309213e+01
4.693715594332417851e+01 4.838794514775048583e+01
4.693715594332417851e+01 5.048829088718724023e+01
4.693715594332417851e+01 4.559644075899326054e+01
4.693715594332417851e+01 4.611678233323715403e+01
4.693715594332417851e+01 4.784302039790523509e+01
4.693715594332417851e+01 4.738455068937656733e+01
4.693715594332417851e+01 4.994635318432813165e+01
4.693715594332417851e+01 5.143082877436999212e+01
4.693715594332417851e+01 3.840441147488415652e+01
4.693715594332417851e+01 4.725178360165109126e+01
4.693715594332417851e+01 4.612006033575825370e+01
4.693715594332417851e+01 4.602055513651272634e+01
4.693715594332417851e+01 5.204777036593495154e+01
4.693715594332417851e+01 4.410082582406680274e+01
4.693715594332417851e+01 4.886063901553858813e+01
4.693715594332417851e+01 4.949094097951427784e+01
4.693715594332417851e+01 4.585647977595241542e+01
4.693715594332417851e+01 4.869510540782566466e+01
4.693715594332417851e+01 4.762891492305566743e+01
4.693715594332417851e+01 5.362898545641815673e+01
4.693715594332417851e+01 4.787923319342507966e+01
4.693715594332417851e+01 4.265431773668550619e+01
4.693715594332417851e+01 4.113710449835203775e+01
4.693715594332417851e+01 4.790686521134087883e+01
4.693715594332417851e+01 5.259668010196094912e+01
4.693715594332417851e+01 5.787118502086389782e+01
4.693715594332417851e+01 4.650962820077010207e+01
4.693715594332417851e+01 4.773878257685913695e+01
4.693715594332417851e+01 4.885997770424536668e+01
4.693715594332417851e+01 4.532092795996096157e+01
4.693715594332417851e+01 4.771435793391651714e+01
4.693715594332417851e+01 4.120119558605144050e+01
4.693715594332417851e+01 4.620566398186947055e+01
4.693715594332417851e+01 4.621379524318174958e+01
4.693715594332417851e+01 4.304763165549349679e+01
4.693715594332417851e+01 4.569719816297531167e+01
4.693715594332417851e+01 4.976625371430180422e+01
4.693715594332417851e+01 4.708748562570423246e+01
4.693715594332417851e+01 4.615313202800199832e+01
4.693715594332417851e+01 4.169284731739639938e+01
4.693715594332417851e+01 4.882779000427247951e+01
4.693715594332417851e+01 4.622873904857662808e+01
4.693715594332417851e+01 3.991654165632264295e+01
4.693715594332417851e+01 4.536619502458294306e+01
4.693715594332417851e+01 4.492535281439257489e+01
4.693715594332417851e+01 5.080401459386665408e+01
4.693715594332417851e+01 4.964575827931459173e+01
4.693715594332417851e+01 4.457447003673650698e+01
4.693715594332417851e+01 4.796930803824085388e+01
4.693715594332417851e+01 4.599067168595542654e+01
4.693715594332417851e+01 4.300724961675640401e+01
4.693715594332417851e+01 4.911556527956643237e+01
4.693715594332417851e+01 4.905647317844692168e+01
4.693715594332417851e+01 4.242448836857124661e+01
4.693715594332417851e+01 4.493313000402209667e+01
4.693715594332417851e+01 4.343364659646069015e+01
4.693715594332417851e+01 5.448716464256565928e+01
4.693715594332417851e+01 4.798640429394615126e+01
4.693715594332417851e+01 3.852021401722400640e+01
4.693715594332417851e+01 5.132337592728154618e+01
4.693715594332417851e+01 4.732778225660484850e+01
4.693715594332417851e+01 4.486542077423577268e+01
4.693715594332417851e+01 4.446104497335456074e+01
4.693715594332417851e+01 4.316294467452877370e+01
4.693715594332417851e+01 4.639436923250428890e+01
4.693715594332417851e+01 4.290037798033050365e+01
4.693715594332417851e+01 4.975851187400855480e+01
4.693715594332417851e+01 5.115207356209023004e+01
4.693715594332417851e+01 4.731399269133127206e+01
4.693715594332417851e+01 4.789649977612407383e+01
4.693715594332417851e+01 4.864947878643145174e+01
4.693715594332417851e+01 4.535364096028873604e+01
4.693715594332417851e+01 4.131920801390901943e+01
4.693715594332417851e+01 4.301561734200540599e+01
4.693715594332417851e+01 4.917497237912801467e+01
4.693715594332417851e+01 4.446771575396670073e+01
4.693715594332417851e+01 4.439168604453924871e+01
4.693715594332417851e+01 4.800047673035453499e+01
4.693715594332417851e+01 4.679944398813096740e+01
4.693715594332417851e+01 4.740469036854657503e+01
4.693715594332417851e+01 4.489713914427706243e+01
4.693715594332417851e+01 4.394830720503534138e+01
4.693715594332417851e+01 4.325730276987327017e+01
4.693715594332417851e+01 4.790064774603357733e+01
4.693715594332417851e+01 4.858997527784140402e+01
4.693715594332417851e+01 4.610799625336656504e+01
4.693715594332417851e+01 4.573340570048674181e+01
4.693715594332417851e+01 4.326813287853133261e+01
4.693715594332417851e+01 4.622869903140738757e+01
4.693715594332417851e+01 4.184183543081166334e+01
4.693715594332417851e+01 4.424451786144239662e+01
4.693715594332417851e+01 5.383956085001300096e+01
4.693715594332417851e+01 4.531553867072763353e+01
4.693715594332417851e+01 4.265600356953433447e+01
4.693715594332417851e+01 5.150222832627039082e+01
4.693715594332417851e+01 4.940353427070927239e+01
4.693715594332417851e+01 4.412526921155070170e+01
4.693715594332417851e+01 5.424778798603135499e+01
4.693715594332417851e+01 4.477985455988555685e+01
4.693715594332417851e+01 4.746723405463362866e+01
4.693715594332417851e+01 4.979972117789747443e+01
4.693715594332417851e+01 4.826155262164145654e+01
4.693715594332417851e+01 4.932886718068078835e+01
4.693715594332417851e+01 5.388155726440156457e+01
4.693715594332417851e+01 4.385526620186291780e+01
4.693715594332417851e+01 4.378581373463300963e+01
4.693715594332417851e+01 4.980842805390076933e+01
4.693715594332417851e+01 5.079679126944533607e+01
4.693715594332417851e+01 4.538211980021255698e+01
4.693715594332417851e+01 5.098385771092844720e+01
4.693715594332417851e+01 4.639357403663043300e+01
4.693715594332417851e+01 4.394561138602724526e+01
4.693715594332417851e+01 3.922927155491299089e+01
4.693715594332417851e+01 4.593736031967198841e+01
4.693715594332417851e+01 4.414337715568071729e+01
4.693715594332417851e+01 4.658090325071414384e+01
4.693715594332417851e+01 4.663084425105312647e+01
4.693715594332417851e+01 4.419004169450353459e+01
4.693715594332417851e+01 4.370559811133131234e+01
4.693715594332417851e+01 4.726540368829364525e+01
4.693715594332417851e+01 4.390480151371215811e+01
4.693715594332417851e+01 4.301830256747629022e+01
4.693715594332417851e+01 4.451527704516445993e+01
4.693715594332417851e+01 5.115139876993155355e+01
4.693715594332417851e+01 4.459749350339828311e+01
4.693715594332417851e+01 5.040013909692891758e+01
4.693715594332417851e+01 4.532023865829987841e+01
4.693715594332417851e+01 4.125226782611922971e+01
4.693715594332417851e+01 4.162442570422997079e+01
4.693715594332417851e+01 4.617576469602435196e+01
4.693715594332417851e+01 4.255236666612194796e+01
4.693715594332417851e+01 4.828474145901708425e+01
4.693715594332417851e+01 4.653248173641267726e+01
4.693715594332417851e+01 4.520694000154409053e+01
4.693715594332417851e+01 5.342625988812692839e+01
4.693715594332417851e+01 5.251575771742189147e+01
4.693715594332417851e+01 4.547695859861574519e+01
4.693715594332417851e+01 4.557416244451902543e+01
4.693715594332417851e+01 5.379068411439821773e+01
4.693715594332417851e+01 5.365339636383430388e+01
4.693715594332417851e+01 5.053199798770755535e+01
4.693715594332417851e+01 4.589417752497423209e+01
4.693715594332417851e+01 4.745683554311992935e+01
4.693715594332417851e+01 4.568934227873691611e+01
4.693715594332417851e+01 4.464629548717335439e+01
4.693715594332417851e+01 4.031783005826225974e+01
4.693715594332417851e+01 4.671459404754914857e+01
4.693715594332417851e+01 4.664883950730309436e+01
4.693715594332417851e+01 4.801872933927841558e+01
4.693715594332417851e+01 4.333377698448273918e+01
4.693715594332417851e+01 4.021713483770863462e+01
4.693715594332417851e+01 4.449610814482154808e+01
4.693715594332417851e+01 4.075415605829790877e+01
4.693715594332417851e+01 4.722955519218341180e+01
4.693715594332417851e+01 4.582216463840660481e+01
4.693715594332417851e+01 4.615521181913049276e+01
4.693715594332417851e+01 4.833062483504015461e+01
4.693715594332417851e+01 5.239569340475639336e+01
4.693715594332417851e+01 4.223012441493096247e+01
4.693715594332417851e+01 4.916958870924278813e+01
4.693715594332417851e+01 4.285715182482464769e+01
4.693715594332417851e+01 4.252328791469706459e+01
4.693715594332417851e+01 4.322485786441708910e+01
4.693715594332417851e+01 4.795609255570545315e+01
4.693715594332417851e+01 4.440317354481886980e+01
4.693715594332417851e+01 4.666348810784762691e+01
4.693715594332417851e+01 4.905522636981411466e+01
4.693715594332417851e+01 4.316187952863685950e+01
4.693715594332417851e+01 4.377307848562341519e+01
4.693715594332417851e+01 3.862354252276828959e+01
4.693715594332417851e+01 4.611056786787807482e+01
4.693715594332417851e+01 4.314333251629325616e+01
4.693715594332417851e+01 4.781244231395767486e+01
4.693715594332417851e+01 4.451522063202659751e+01
4.693715594332417851e+01 4.757456870838814922e+01
4.693715594332417851e+01 4.625429541400195887e+01
4.693715594332417851e+01 4.443420512231447361e+01
4.693715594332417851e+01 4.593644925447648575e+01
4.693715594332417851e+01 4.412486912570793152e+01
4.693715594332417851e+01 4.284436614852311465e+01
4.693715594332417851e+01 4.444381829300237996e+01
4.693715594332417851e+01 4.449473168506762022e+01
4.693715594332417851e+01 4.223105362443476452e+01
4.693715594332417851e+01 4.160532321755216856e+01
4.693715594332417851e+01 5.165791550331165638e+01
4.693715594332417851e+01 4.380097222711943772e+01
4.693715594332417851e+01 5.042045921605961212e+01
4.693715594332417851e+01 4.651666110966509393e+01
4.693715594332417851e+01 5.318169263497710375e+01
4.693715594332417851e+01 4.892274904549314130e+01
4.693715594332417851e+01 4.431552824703425841e+01
4.693715594332417851e+01 4.022328182292508103e+01
4.693715594332417851e+01 4.721198512878344644e+01
4.693715594332417851e+01 4.102793379838630727e+01
4.693715594332417851e+01 4.282717287997773781e+01
4.693715594332417851e+01 4.496694190227607635e+01
4.693715594332417851e+01 4.755705318995348563e+01
4.693715594332417851e+01 4.705395297095385132e+01
4.693715594332417851e+01 4.957202479132762107e+01
4.693715594332417851e+01 4.675706713338947651e+01
4.693715594332417851e+01 4.523109005763143387e+01
4.693715594332417851e+01 5.229608228561335892e+01
4.693715594332417851e+01 4.252934440201477884e+01
4.693715594332417851e+01 4.774882473814655981e+01
4.693715594332417851e+01 4.546944158839970385e+01
4.693715594332417851e+01 4.762907804583517191e+01
4.693715594332417851e+01 4.794905684347121877e+01
4.693715594332417851e+01 4.442324434721658122e+01
4.693715594332417851e+01 4.696269213929936370e+01
4.693715594332417851e+01 5.337518153715569724e+01
4.693715594332417851e+01 4.275196612542942631e+01
4.693715594332417851e+01 4.852000150377531185e+01
4.693715594332417851e+01 4.840270976322330654e+01
4.693715594332417851e+01 4.208935425744141412e+01
4.693715594332417851e+01 4.723308202874467554e+01
4.693715594332417851e+01 4.691847571189708788e+01
4.693715594332417851e+01 5.481300269009353343e+01
4.693715594332417851e+01 4.746872835335491914e+01
4.693715594332417851e+01 4.863261351459475890e+01
4.693715594332417851e+01 4.917556901453792761e+01
4.693715594332417851e+01 4.247534619496758523e+01
4.693715594332417851e+01 4.468371876152431810e+01
4.693715594332417851e+01 5.190421518960289404e+01
4.693715594332417851e+01 4.838212862476306952e+01
4.693715594332417851e+01 4.546624072681927942e+01
4.693715594332417851e+01 4.242197041935846613e+01
4.693715594332417851e+01 4.701142192598769043e+01
4.693715594332417851e+01 4.531225943836012959e+01
4.693715594332417851e+01 5.289445994872684764e+01
4.693715594332417851e+01 4.622696208930077688e+01
4.693715594332417851e+01 5.136944279958417781e+01
4.693715594332417851e+01 4.518299791890975570e+01
4.693715594332417851e+01 4.352942395382184060e+01
4.693715594332417851e+01 4.333619143040667154e+01
4.693715594332417851e+01 4.719636091765426755e+01
4.693715594332417851e+01 4.418179019444411182e+01
4.693715594332417851e+01 4.296640019318448367e+01
4.693715594332417851e+01 4.206500515105845039e+01
4.693715594332417851e+01 5.139789280644927771e+01
4.693715594332417851e+01 4.574364347270722675e+01
4.693715594332417851e+01 4.830434583376278823e+01
4.693715594332417851e+01 4.552344202405360818e+01
4.693715594332417851e+01 4.512114006622302753e+01
4.693715594332417851e+01 4.637144069127223389e+01
4.693715594332417851e+01 4.486350006928904577e+01
4.693715594332417851e+01 4.790789949449675333e+01
4.693715594332417851e+01 4.444504062611034101e+01
4.693715594332417851e+01 4.434459096819391277e+01
4.693715594332417851e+01 4.683836797244551775e+01
4.693715594332417851e+01 4.177569922335156605e+01
4.693715594332417851e+01 4.662784414997795324e+01
4.693715594332417851e+01 5.179855412021385064e+01
4.693715594332417851e+01 4.305236245364363867e+01
4.693715594332417851e+01 4.218425099814976420e+01
4.693715594332417851e+01 4.303111383927391387e+01
4.693715594332417851e+01 4.158059045347336280e+01
4.693715594332417851e+01 4.679551949671094491e+01
4.693715594332417851e+01 4.323772312073656821e+01
4.693715594332417851e+01 4.434071311233664403e+01
4.693715594332417851e+01 5.038983972855731253e+01
4.693715594332417851e+01 4.729310719564211496e+01
4.693715594332417851e+01 5.497823293802152023e+01
4.693715594332417851e+01 4.327488066450092674e+01
4.693715594332417851e+01 4.255612998278034098e+01
4.693715594332417851e+01 4.197459545801705616e+01
4.693715594332417851e+01 4.823782579579295060e+01
4.693715594332417851e+01 4.557996567166762247e+01
4.693715594332417851e+01 4.260319029028974569e+01
4.693715594332417851e+01 4.847576385664507370e+01
4.693715594332417851e+01 5.023589104158371299e+01
4.693715594332417851e+01 4.005382081609381828e+01
4.693715594332417851e+01 4.205059387926529979e+01
4.693715594332417851e+01 4.334735822582860010e+01
4.693715594332417851e+01 4.612351646918822468e+01
4.693715594332417851e+01 4.359055128830497949e+01
4.693715594332417851e+01 5.188442202275372495e+01
4.693715594332417851e+01 4.594279116295209775e+01
4.693715594332417851e+01 4.449175109478022705e+01
4.693715594332417851e+01 4.717753635506723953e+01
4.693715594332417851e+01 4.857055276318934744e+01
4.693715594332417851e+01 4.088272064096617697e+01
4.693715594332417851e+01 4.516785656112534753e+01
4.693715594332417851e+01 4.761704040990282749e+01
4.693715594332417851e+01 5.610455482659001092e+01
4.693715594332417851e+01 5.479290035980389462e+01
4.693715594332417851e+01 4.582351131988701098e+01
4.693715594332417851e+01 4.712716960274588729e+01
4.693715594332417851e+01 4.450883292892352472e+01
4.693715594332417851e+01 4.627605318966344328e+01
4.693715594332417851e+01 4.952067103023367167e+01
4.693715594332417851e+01 4.779974721990637931e+01
4.693715594332417851e+01 4.782330884902586376e+01
4.693715594332417851e+01 4.255065568169197832e+01
4.693715594332417851e+01 4.482517803444433468e+01
4.693715594332417851e+01 5.006873156640475742e+01
4.693715594332417851e+01 4.826176999499756448e+01
4.693715594332417851e+01 4.794800083480793518e+01
4.693715594332417851e+01 4.248449178633774892e+01
4.693715594332417851e+01 4.045836881298121313e+01
4.693715594332417851e+01 5.099164384832153019e+01
4.693715594332417851e+01 4.692468759117070931e+01
4.693715594332417851e+01 4.318884624560767804e+01
4.693715594332417851e+01 4.149828928064291489e+01
4.693715594332417851e+01 4.106410800018501561e+01
4.693715594332417851e+01 4.986853306356303506e+01
4.693715594332417851e+01 4.217946560327327887e+01
4.693715594332417851e+01 4.695558977471827689e+01
4.693715594332417851e+01 4.286141824377827447e+01
4.693715594332417851e+01 4.603359840073365206e+01
4.693715594332417851e+01 4.703577883133392135e+01
4.693715594332417851e+01 5.148493504001594800e+01
4.693715594332417851e+01 4.822189205882590102e+01
4.693715594332417851e+01 4.361632733753916114e+01
4.693715594332417851e+01 4.757683910469690858e+01
4.693715594332417851e+01 4.610267734196536082e+01
4.693715594332417851e+01 4.343289188874700102e+01
4.693715594332417851e+01 4.380200261670146489e+01
4.693715594332417851e+01 4.887204531055611767e+01
4.693715594332417851e+01 4.789973459145503654e+01
4.693715594332417851e+01 4.812469110932188698e+01
4.693715594332417851e+01 4.565332964824645501e+01
4.693715594332417851e+01 4.793846827366882479e+01
4.693715594332417851e+01 4.750876900118578305e+01
4.693715594332417851e+01 4.490034700793229661e+01
4.693715594332417851e+01 4.558707249299510522e+01
4.693715594332417851e+01 4.989715072809883623e+01
4.693715594332417851e+01 3.820676097717502273e+01
4.693715594332417851e+01 4.717061309775566968e+01
4.693715594332417851e+01 5.033381061162327086e+01
4.693715594332417851e+01 3.953219133065730517e+01
4.693715594332417851e+01 4.435870361867729628e+01
4.693715594332417851e+01 4.852519709992717623e+01
4.693715594332417851e+01 4.956507000691728138e+01
4.693715594332417851e+01 4.850250921217072886e+01
4.693715594332417851e+01 4.211525398529128239e+01
4.693715594332417851e+01 4.787410069150619307e+01
4.693715594332417851e+01 4.632435951196868018e+01
4.693715594332417851e+01 5.601400464022534464e+01
4.693715594332417851e+01 4.681163886874927016e+01
4.693715594332417851e+01 4.893749237503809724e+01
4.693715594332417851e+01 4.974979704039606787e+01
4.693715594332417851e+01 5.368113552668725674e+01
4.693715594332417851e+01 4.282310048053530949e+01
4.693715594332417851e+01 4.406871178801306854e+01
4.693715594332417851e+01 5.049566064001629684e+01
4.693715594332417851e+01 4.144109341285304993e+01
4.693715594332417851e+01 4.554468189109811505e+01
4.693715594332417851e+01 4.859040373308005911e+01
4.693715594332417851e+01 4.759923167514585174e+01
4.693715594332417851e+01 4.585142354246765706e+01
4.693715594332417851e+01 4.770758966353283625e+01
4.693715594332417851e+01 4.477218166049315329e+01
4.693715594332417851e+01 4.737381934881358347e+01
4.693715594332417851e+01 4.591484091291713554e+01
4.693715594332417851e+01 4.437283731393547015e+01
4.693715594332417851e+01 3.988073948786264111e+01
4.693715594332417851e+01 4.563270009688991280e+01
4.693715594332417851e+01 4.307475828518164462e+01
4.693715594332417851e+01 4.693360096260833814e+01
4.693715594332417851e+01 5.109815398518453122e+01
4.693715594332417851e+01 4.976117096469847212e+01
4.693715594332417851e+01 4.879445175627730436e+01
4.693715594332417851e+01 5.324780666301686693e+01
4.693715594332417851e+01 4.101585843898860162e+01
4.693715594332417851e+01 4.263087443294597279e+01
4.693715594332417851e+01 4.728479633256885961e+01
4.693715594332417851e+01 4.166896630484271213e+01
4.693715594332417851e+01 4.800976720039051315e+01
4.693715594332417851e+01 4.549030187330808417e+01
4.693715594332417851e+01 4.399122452773233505e+01
4.693715594332417851e+01 4.280883621200194256e+01
4.693715594332417851e+01 5.019951326940885394e+01
4.693715594332417851e+01 4.372635959484709645e+01
4.693715594332417851e+01 4.443320344482368967e+01
4.693715594332417851e+01 4.575791956575825026e+01
4.693715594332417851e+01 4.997476388091511978e+01
4.693715594332417851e+01 4.529215208970509821e+01
4.693715594332417851e+01 5.254184099417842191e+01
4.693715594332417851e+01 4.208723627121275257e+01
4.693715594332417851e+01 4.289166869791721126e+01
4.693715594332417851e+01 4.524206903644385136e+01
4.693715594332417851e+01 4.352830184204022146e+01
4.693715594332417851e+01 4.278696866409836730e+01
4.693715594332417851e+01 4.755661099003983594e+01
4.693715594332417851e+01 5.056816879789491992e+01
4.693715594332417851e+01 5.286172862217652124e+01
4.693715594332417851e+01 4.312464902425137581e+01
4.693715594332417851e+01 4.770506356670987458e+01
4.693715594332417851e+01 4.823297715774047845e+01
4.693715594332417851e+01 4.507167369053928496e+01
4.693715594332417851e+01 4.321561016264710986e+01
4.693715594332417851e+01 4.263562298393866001e+01
4.693715594332417851e+01 4.244919887992779195e+01
4.693715594332417851e+01 4.801347550783834350e+01
4.693715594332417851e+01 4.896813488638537848e+01
4.693715594332417851e+01 4.558929243444875112e+01
4.693715594332417851e+01 4.764659652881535123e+01
4.693715594332417851e+01 4.455629849304625623e+01
4.693715594332417851e+01 5.060545234648655821e+01
4.693715594332417851e+01 4.662300292512725974e+01
4.693715594332417851e+01 4.629797340375586856e+01
4.693715594332417851e+01 4.548458157274191649e+01
4.693715594332417851e+01 4.732561224449679571e+01
4.693715594332417851e+01 4.444097697460713903e+01
4.693715594332417851e+01 5.217930465267183138e+01
4.693715594332417851e+01 4.625584431268804053e+01
4.693715594332417851e+01 5.058106872369010176e+01
4.693715594332417851e+01 4.772343715839949851e+01
4.693715594332417851e+01 4.948942885053737939e+01
4.693715594332417851e+01 4.247815327309878342e+01
4.693715594332417851e+01 4.642579186765939170e+01
4.693715594332417851e+01 4.385366113019026812e+01
4.693715594332417851e+01 5.250783902200265629e+01
4.693715594332417851e+01 4.777780159822864192e+01
4.693715594332417851e+01 4.586642492060035892e+01
4.693715594332417851e+01 4.547583709751858549e+01
4.693715594332417851e+01 4.753674634902124296e+01
4.693715594332417851e+01 4.432720099736507535e+01
4.693715594332417851e+01 4.537758759491330096e+01
4.693715594332417851e+01 4.413626455541130156e+01
4.693715594332417851e+01 5.193013531930628801e+01
4.693715594332417851e+01 5.149674568332605418e+01
4.693715594332417851e+01 4.843536060680230548e+01
4.693715594332417851e+01 4.488253330888768744e+01
4.693715594332417851e+01 4.978558683495926829e+01
4.693715594332417851e+01 4.778539444726727226e+01
4.693715594332417851e+01 4.267256819052435901e+01
4.693715594332417851e+01 4.124016866522438818e+01
4.693715594332417851e+01 4.249863302303081269e+01
4.693715594332417851e+01 4.581202427334743987e+01
4.693715594332417851e+01 4.413001915632445815e+01
4.693715594332417851e+01 4.327420302494013526e+01
4.693715594332417851e+01 4.455158647714576858e+01
4.693715594332417851e+01 5.022440673737595773e+01
4.693715594332417851e+01 4.947841122724304341e+01
4.693715594332417851e+01 4.876151924360534906e+01
4.693715594332417851e+01 4.317502081753213616e+01
4.693715594332417851e+01 4.742454761347588033e+01
4.693715594332417851e+01 4.482881774043785583e+01
4.693715594332417851e+01 4.232259274825719331e+01
4.693715594332417851e+01 4.581494759303677000e+01
4.693715594332417851e+01 4.329940850833783372e+01
4.693715594332417851e+01 4.320946523993804078e+01
4.693715594332417851e+01 4.544525200986937818e+01
4.693715594332417851e+01 4.181816113277220381e+01
4.693715594332417851e+01 4.640402176784219535e+01
4.693715594332417851e+01 4.294324141360392133e+01
4.693715594332417851e+01 3.938280446409245883e+01
4.693715594332417851e+01 4.287321991156333212e+01
4.693715594332417851e+01 5.156506969077214109e+01
4.693715594332417851e+01 4.545313877528762703e+01
4.693715594332417851e+01 3.977849900216697421e+01
4.693715594332417851e+01 4.663123529381070398e+01
4.693715594332417851e+01 4.332962655184832101e+01
4.693715594332417851e+01 4.227570760165252750e+01
4.693715594332417851e+01 4.679068655460084614e+01
4.693715594332417851e+01 5.078644907482350845e+01
4.693715594332417851e+01 4.735081434196561645e+01
4.693715594332417851e+01 5.382807075771313521e+01
4.693715594332417851e+01 4.659212208380759535e+01
4.693715594332417851e+01 5.224856061624066683e+01
4.693715594332417851e+01 4.977884658398379258e+01
4.693715594332417851e+01 4.957510068975570050e+01
4.693715594332417851e+01 4.353784765291167957e+01
4.693715594332417851e+01 5.261650302448495609e+01
4.693715594332417851e+01 4.570064532052249717e+01
4.693715594332417851e+01 4.494561503542222169e+01
4.693715594332417851e+01 4.657109214042151990e+01
4.693715594332417851e+01 4.381406644852524579e+01
4.693715594332417851e+01 4.600209432004915300e+01
4.693715594332417851e+01 4.688849113062980223e+01
4.693715594332417851e+01 4.655351033714689635e+01
4.693715594332417851e+01 4.106365865040282870e+01
4.693715594332417851e+01 4.870988681943608611e+01
4.693715594332417851e+01 4.730106938505689840e+01
4.693715594332417851e+01 4.688698531766880251e+01
4.693715594332417851e+01 5.277780176453124028e+01
4.693715594332417851e+01 4.146603277831916756e+01
4.693715594332417851e+01 5.168089104830168878e+01
4.693715594332417851e+01 5.313836633681632549e+01
4.693715594332417851e+01 4.645795701069721417e+01
4.693715594332417851e+01 4.732226143800815521e+01
4.693715594332417851e+01 5.019514172029295196e+01
4.693715594332417851e+01 4.160195474001460525e+01
4.693715594332417851e+01 4.908603141412257997e+01
4.693715594332417851e+01 4.634034851651092168e+01
4.693715594332417851e+01 4.477233508860619082e+01
4.693715594332417851e+01 4.885444396420985669e+01
4.693715594332417851e+01 4.772493681881930172e+01
4.693715594332417851e+01 4.862577178494322538e+01
4.693715594332417851e+01 4.511131205691343382e+01
4.693715594332417851e+01 4.792994085416403749e+01
4.693715594332417851e+01 5.250386730328033735e+01
4.693715594332417851e+01 5.357418252937511483e+01
4.693715594332417851e+01 4.384734932877915270e+01
4.693715594332417851e+01 4.431888393880600319e+01
4.693715594332417851e+01 4.244880852193415421e+01
4.693715594332417851e+01 4.502453738490098090e+01
4.693715594332417851e+01 5.204933052949468930e+01
4.693715594332417851e+01 4.173503030652245371e+01
4.693715594332417851e+01 4.508405325416148202e+01
4.693715594332417851e+01 4.697997543885411886e+01
4.693715594332417851e+01 4.695407015257688954e+01
4.693715594332417851e+01 4.750483519372784258e+01
4.693715594332417851e+01 4.659276930582790754e+01
4.693715594332417851e+01 4.721194250905773515e+01
4.693715594332417851e+01 4.498007027200596752e+01
4.693715594332417851e+01 4.523280396740531728e+01
4.693715594332417851e+01 4.565852447812644499e+01
4.693715594332417851e+01 4.874524070033341872e+01
4.693715594332417851e+01 4.680447375806023302e+01
4.693715594332417851e+01 4.807675576370844794e+01
4.693715594332417851e+01 4.786414383206410150e+01
4.693715594332417851e+01 4.688083108686198130e+01
4.693715594332417851e+01 3.935512980246502224e+01
4.693715594332417851e+01 4.714396134172531561e+01
4.693715594332417851e+01 4.438189908882178969e+01
4.693715594332417851e+01 4.964811450876366905e+01
4.693715594332417851e+01 4.499420740335474989e+01
4.693715594332417851e+01 4.114195161199643280e+01
4.693715594332417851e+01 4.794591716052389074e+01
4.693715594332417851e+01 4.849155586520347327e+01
4.693715594332417851e+01 4.519115179961126216e+01
4.693715594332417851e+01 4.467310681490647539e+01
4.693715594332417851e+01 4.375279370314059690e+01
4.693715594332417851e+01 4.458492821268688999e+01
4.693715594332417851e+01 5.189402630475741063e+01
4.693715594332417851e+01 5.015080328414985189e+01
4.693715594332417851e+01 4.734324820407457679e+01
4.693715594332417851e+01 4.576573540237376392e+01
4.693715594332417851e+01 5.033260418435457950e+01
4.693715594332417851e+01 4.222133730026926202e+01
4.693715594332417851e+01 4.450484324385457313e+01
4.693715594332417851e+01 4.896002828783417726e+01
4.693715594332417851e+01 5.310036928281345325e+01
4.693715594332417851e+01 5.163183070768690186e+01
4.693715594332417851e+01 5.222560777693132650e+01
4.693715594332417851e+01 4.510175555433868055e+01
4.693715594332417851e+01 4.739950436781006005e+01
4.693715594332417851e+01 4.405315677519180895e+01
4.693715594332417851e+01 4.314929908951130244e+01
4.693715594332417851e+01 4.754960432841059514e+01
4.693715594332417851e+01 4.614992579236461978e+01
4.693715594332417851e+01 4.148884485511940312e+01
4.693715594332417851e+01 4.610882764184500360e+01
4.693715594332417851e+01 4.696876253068965923e+01
4.693715594332417851e+01 4.161091869529629861e+01
4.693715594332417851e+01 4.695411568586301598e+01
4.693715594332417851e+01 4.287462863046895478e+01
4.693715594332417851e+01 5.423719880872760513e+01
4.693715594332417851e+01 4.369526772632394085e+01
4.693715594332417851e+01 3.915179153463415673e+01
4.693715594332417851e+01 4.514460976719177410e+01
4.693715594332417851e+01 4.650178608313641604e+01
4.693715594332417851e+01 4.802971335311974599e+01
4.693715594332417851e+01 4.776845439712012364e+01
4.693715594332417851e+01 5.206409676231876205e+01
4.693715594332417851e+01 4.413792310508819838e+01
4.693715594332417851e+01 4.968000364516336731e+01
4.693715594332417851e+01 4.458851638293068476e+01
4.693715594332417851e+01 4.854674290785322910e+01
4.693715594332417851e+01 4.749025854071674502e+01
4.693715594332417851e+01 4.230201977891621823e+01
4.693715594332417851e+01 4.901155300231736334e+01
4.693715594332417851e+01 4.418866905116690447e+01
4.693715594332417851e+01 4.940433765378801922e+01
4.693715594332417851e+01 4.660344379723775177e+01
4.693715594332417851e+01 4.546813317133766930e+01
4.693715594332417851e+01 5.016945131571687000e+01
4.693715594332417851e+01 5.248767521720603213e+01
4.693715594332417851e+01 4.429096382381672470e+01
4.693715594332417851e+01 4.819764938586919811e+01
4.693715594332417851e+01 4.474331848259269151e+01
4.693715594332417851e+01 5.287344331555936350e+01
4.693715594332417851e+01 4.881109703532880673e+01
4.693715594332417851e+01 5.034425573452681846e+01
4.693715594332417851e+01 4.751252199206646765e+01
4.693715594332417851e+01 4.319385458388290999e+01
4.693715594332417851e+01 4.823055292229138757e+01
4.693715594332417851e+01 4.761308082247087015e+01
4.693715594332417851e+01 4.178452446608942950e+01
4.693715594332417851e+01 3.803481865446092058e+01
4.693715594332417851e+01 4.851766634216200913e+01
4.693715594332417851e+01 4.513552159545918840e+01
4.693715594332417851e+01 4.533243172709184421e+01
4.693715594332417851e+01 4.642624588417903198e+01
4.693715594332417851e+01 4.381279329144638979e+01
4.693715594332417851e+01 4.040396123903216363e+01
4.693715594332417851e+01 4.625762096250632993e+01
4.693715594332417851e+01 4.774716888361651712e+01
4.693715594332417851e+01 4.592115548602713204e+01
4.693715594332417851e+01 4.830941848873875699e+01
4.693715594332417851e+01 4.685640853989838917e+01
4.693715594332417851e+01 4.852251243355161137e+01
4.693715594332417851e+01 5.024852829139125276e+01
4.693715594332417851e+01 4.400389654358224334e+01
4.693715594332417851e+01 4.618648226184991756e+01
4.693715594332417851e+01 4.531008690642985925e+01
4.693715594332417851e+01 4.381102149309054994e+01
4.693715594332417851e+01 4.736318767156257081e+01
4.693715594332417851e+01 4.921854433234748427e+01
4.693715594332417851e+01 5.221569498389045094e+01
4.693715594332417851e+01 4.868042423515641559e+01
4.693715594332417851e+01 4.895362720030447434e+01
4.693715594332417851e+01 4.139020585457921442e+01
4.693715594332417851e+01 4.693008665052633432e+01
4.693715594332417851e+01 4.802240655097843813e+01
4.693715594332417851e+01 5.094152591538339436e+01
4.693715594332417851e+01 5.252422311813050726e+01
4.693715594332417851e+01 5.213209483330688698e+01
4.693715594332417851e+01 4.712534634298628333e+01
4.693715594332417851e+01 4.192423065194925158e+01
4.693715594332417851e+01 4.748802204726823106e+01
4.693715594332417851e+01 4.820306044059184103e+01
4.693715594332417851e+01 4.429573113391199968e+01
4.693715594332417851e+01 4.889879522198349804e+01
4.693715594332417851e+01 4.605238286625561273e+01
