4.693715594332417851e+01 4.215211192785783112e+01
4.693715594332417851e+01 4.579535873766265297e+01
4.693715594332417851e+01 4.562556545150938092e+01
4.693715594332417851e+01 5.040160411511495653e+01
4.693715594332417851e+01 4.713064177709233604e+01
4.693715594332417851e+01 4.597343152455031401e+01
4.693715594332417851e+01 4.797870593713451370e+01
4.693715594332417851e+01 4.439728859134117300e+01
4.693715594332417851e+01 4.854506063943934890e+01
4.693715594332417851e+01 4.168455644255760717e+01
4.693715594332417851e+01 4.564987895228641435e+01
4.693715594332417851e+01 4.859620958566021898e+01
4.693715594332417851e+01 4.995639434898165376e+01
4.693715594332417851e+01 4.794908443425713784e+01
4.693715594332417851e+01 3.805864702363815866e+01
4.693715594332417851e+01 4.284790396242968313e+01
4.693715594332417851e+01 4.993383354961528653e+01
4.693715594332417851e+01 4.410627760651297535e+01
4.693715594332417851e+01 4.376582809310244215e+01
4.693715594332417851e+01 4.535861150407706077e+01
4.693715594332417851e+01 4.644591404729781914e+01
4.693715594332417851e+01 4.540392339988262194e+01
4.693715594332417851e+01 4.677696812104938573e+01
4.693715594332417851e+01 5.043784419523601059e+01
4.693715594332417851e+01 4.415282415410707983e+01
4.693715594332417851e+01 4.936412317603188882e+01
4.693715594332417851e+01 4.167992114000618642e+01
4.693715594332417851e+01 4.649498685960406874e+01
4.693715594332417851e+01 4.246972972155982973e+01
4.693715594332417851e+01 4.099135348010094049e+01
4.693715594332417851e+01 4.188804532183528551e+01
4.693715594332417851e+01 4.840882991372287592e+01
4.693715594332417851e+01 4.412805934396681806e+01
4.693715594332417851e+01 4.868492445485897946e+01
4.693715594332417851e+01 4.931596739187797596e+01
4.693715594332417851e+01 4.661192239089540124e+01
4.693715594332417851e+01 3.940748839664866665e+01
4.693715594332417851e+01 5.030467001563307861e+01
4.693715594332417851e+01 4.800755745369544059e+01
4.693715594332417851e+01 4.733094222307070709e+01
4.693715594332417851e+01 4.731175947040910046e+01
4.693715594332417851e+01 4.736602889187746257e+01
4.693715594332417851e+01 4.460976732083158680e+01
4.693715594332417851e+01 4.251502884942505744e+01
4.693715594332417851e+01 4.210292379062448731e+01
4.693715594332417851e+01 4.849131649625616092e+01
4.693715594332417851e+01 4.990038254814295016e+01
4.693715594332417851e+01 5.006630913810646177e+01
4.693715594332417851e+01 4.891366759342276538e+01
4.693715594332417851e+01 4.589734709152357794e+01
4.693715594332417851e+01 5.074459647015635255e+01
4.693715594332417851e+01 4.528089923243252457e+01
4.693715594332417851e+01 4.879592156090605215e+01
4.693715594332417851e+01 5.147180241246254440e+01
4.693715594332417851e+01 4.300303268225922437e+01
4.693715594332417851e+01 4.160888359370607503e+01
4.693715594332417851e+01 4.551512360884295560e+01
4.693715594332417851e+01 4.871612639851701942e+01
4.693715594332417851e+01 4.230930248182481535e+01
4.693715594332417851e+01 4.492591840546208459e+01
4.693715594332417851e+01 4.724791751500598025e+01
4.693715594332417851e+01 4.688621471115557426e+01
4.693715594332417851e+01 4.702827156074982895e+01
4.693715594332417851e+01 4.867310354879681711e+01
4.693715594332417851e+01 5.215347380741287253e+01
4.693715594332417851e+01 4.743691648306042197e+01
4.693715594332417851e+01 4.079961793842079487e+01
4.693715594332417851e+01 4.933293224176315306e+01
4.693715594332417851e+01 4.513922729530089129e+01
4.693715594332417851e+01 4.215089775315491494e+01
4.693715594332417851e+01 5.015779033568387035e+01
4.693715594332417851e+01 4.220993184011412325e+01
4.693715594332417851e+01 4.451702446996675633e+01
4.693715594332417851e+01 4.898794720332085717e+01
4.693715594332417851e+01 4.769054692492963454e+01
4.693715594332417851e+01 4.994776342644735223e+01
4.693715594332417851e+01 5.218898897021477978e+01
4.693715594332417851e+01 4.999242628712795522e+01
4.693715594332417851e+01 4.646019658868129198e+01
4.693715594332417851e+01 4.880147013406290313e+01
4.693715594332417851e+01 5.333879463687442524e+01
4.693715594332417851e+01 4.422057430002286083e+01
4.693715594332417851e+01 4.594836993349541387e+01
4.693715594332417851e+01 4.653978393168387129e+01
4.693715594332417851e+01 4.771726304744816360e+01
4.693715594332417851e+01 5.127315266670876071e+01
4.693715594332417851e+01 4.199924701967827190e+01
4.693715594332417851e+01 4.403929278462605623e+01
4.693715594332417851e+01 4.251558459559793590e+01
4.693715594332417851e+01 5.204369915935373569e+01
4.693715594332417851e+01 4.374148657930471984e+01
4.693715594332417851e+01 5.375912477044321491e+01
4.693715594332417851e+01 4.351175751886059118e+01
4.693715594332417851e+01 4.276158651839153890e+01
4.693715594332417851e+01 4.961032558401605996e+01
4.693715594332417851e+01 3.926056697916356342e+01
4.693715594332417851e+01 4.415735257120817892e+01
4.693715594332417851e+01 4.432485757424393569e+01
4.693715594332417851e+01 4.149105400807745525e+01
4.693715594332417851e+01 4.395510772963532986e+01
4.693715594332417851e+01 4.694975201412038501e+01
4.693715594332417851e+01 4.729169534044545742e+01
4.693715594332417851e+01 4.754612672920182348e+01
4.693715594332417851e+01 4.341002252361350600e+01
4.693715594332417851e+01 5.086785469152371775e+01
4.693715594332417851e+01 4.691961000874700005e+01
4.693715594332417851e+01 4.575581130796837215e+01
4.693715594332417851e+01 4.741645785793004109e+01
4.693715594332417851e+01 4.668999760441365510e+01
4.693715594332417851e+01 4.303697735384099587e+01
4.693715594332417851e+01 4.797305857686501440e+01
4.693715594332417851e+01 4.716264347661893908e+01
4.693715594332417851e+01 4.951422905302413113e+01
4.693715594332417851e+01 4.521320691357205135e+01
4.693715594332417851e+01 4.306634150176718379e+01
4.693715594332417851e+01 3.964696719907540512e+01
4.693715594332417851e+01 4.952470697814558775e+01
4.693715594332417851e+01 5.032104998714004296e+01
4.693715594332417851e+01 4.579469669675562216e+01
4.693715594332417851e+01 4.694907709430668064e+01
4.693715594332417851e+01 4.298181788263738667e+01
4.693715594332417851e+01 5.083028146701730776e+01
4.693715594332417851e+01 4.711437031704470968e+01
4.693715594332417851e+01 4.487589285015648244e+01
4.693715594332417851e+01 5.172472931450475642e+01
4.693715594332417851e+01 4.366072381665166091e+01
4.693715594332417851e+01 4.702250700413743090e+01
4.693715594332417851e+01 4.270053124399485256e+01
4.693715594332417851e+01 4.591466880571224607e+01
4.693715594332417851e+01 5.123334429127777412e+01
4.693715594332417851e+01 4.595940523847064441e+01
4.693715594332417851e+01 5.050208220084147115e+01
4.693715594332417851e+01 4.963318787786725039e+01
4.693715594332417851e+01 4.217050471855505833e+01
4.693715594332417851e+01 4.738039157297879456e+01
4.693715594332417851e+01 4.382014739067592046e+01
4.693715594332417851e+01 5.154435770737572398e+01
4.693715594332417851e+01 5.218191043024499010e+01
4.693715594332417851e+01 4.341998690801894867e+01
4.693715594332417851e+01 4.203524652148511365e+01
4.693715594332417851e+01 4.580631609628139245e+01
4.693715594332417851e+01 3.788964877169649270e+01
4.693715594332417851e+01 4.532440790108353212e+01
4.693715594332417851e+01 4.885053302031722922e+01
4.693715594332417851e+01 4.298409548366316812e+01
4.693715594332417851e+01 4.865608744308937617e+01
4.693715594332417851e+01 5.010178745084706975e+01
4.693715594332417851e+01 4.823274821801844325e+01
4.693715594332417851e+01 4.368660010022689022e+01
4.693715594332417851e+01 4.925785235345644253e+01
4.693715594332417851e+01 4.644543218553677377e+01
4.693715594332417851e+01 4.367430705598638951e+01
4.693715594332417851e+01 4.428424665114397385e+01
4.693715594332417851e+01 4.637139963692880684e+01
4.693715594332417851e+01 4.916210238838485935e+01
4.693715594332417851e+01 4.290569606057383822e+01
4.693715594332417851e+01 4.759463395944673181e+01
4.693715594332417851e+01 4.480399245721184087e+01
4.693715594332417851e+01 4.374752429275770282e+01
4.693715594332417851e+01 4.146867268216242763e+01
4.693715594332417851e+01 5.047415863464289032e+01
4.693715594332417851e+01 4.576037064322740378e+01
4.693715594332417851e+01 4.651905614976550396e+01
4.693715594332417851e+01 5.373687875899430821e+01
4.693715594332417851e+01 5.008524330820306147e+01
4.693715594332417851e+01 4.301681747120757393e+01
4.693715594332417851e+01 4.767540588177531191e+01
4.693715594332417851e+01 4.468511857389439257e+01
4.693715594332417851e+01 4.759003438294713817e+01
4.693715594332417851e+01 3.765364432660124550e+01
4.693715594332417851e+01 4.222654941867446610e+01
4.693715594332417851e+01 4.209430079702080718e+01
4.693715594332417851e+01 4.644400941123439708e+01
4.693715594332417851e+01 4.930756954346949072e+01
4.693715594332417851e+01 5.034244971769930999e+01
4.693715594332417851e+01 4.692197554043524121e+01
4.693715594332417851e+01 4.695957334519682291e+01
4.693715594332417851e+01 5.154443372528036349e+01
4.693715594332417851e+01 4.551656547678584985e+01
4.693715594332417851e+01 4.803079452653282999e+01
4.693715594332417851e+01 4.652969134839325704e+01
4.693715594332417851e+01 4.762130601014432330e+01
4.693715594332417851e+01 4.852800162921530358e+01
4.693715594332417851e+01 4.264830234648791674e+01
4.693715594332417851e+01 5.091783251812550048e+01
4.693715594332417851e+01 4.928659521354859407e+01
4.693715594332417851e+01 3.968623539265062306e+01
4.693715594332417851e+01 4.758505855918584615e+01
4.693715594332417851e+01 4.674933044030922247e+01
4.693715594332417851e+01 4.435695422498854157e+01
4.693715594332417851e+01 4.917194037956568309e+01
4.693715594332417851e+01 4.425547181590216894e+01
4.693715594332417851e+01 4.973842123112348190e+01
4.693715594332417851e+01 4.726688172772443153e+01
4.693715594332417851e+01 4.957486955623455316e+01
4.693715594332417851e+01 4.204668621828168540e+01
4.693715594332417851e+01 4.349695929249927673e+01
4.693715594332417851e+01 5.273834821332716416e+01
4.693715594332417851e+01 5.031991465646052575e+01
4.693715594332417851e+01 4.672149800799998332e+01
4.693715594332417851e+01 4.860652038071586389e+01
4.693715594332417851e+01 4.875513036019194146e+01
4.693715594332417851e+01 4.521146072678517669e+01
4.693715594332417851e+01 4.382297486638346129e+01
4.693715594332417851e+01 4.515626581441845389e+01
4.693715594332417851e+01 4.565814661173899225e+01
4.693715594332417851e+01 4.880466962816046106e+01
4.693715594332417851e+01 3.978111097175337108e+01
4.693715594332417851e+01 4.848852580705616333e+01
4.693715594332417851e+01 4.192624716048425171e+01
4.693715594332417851e+01 4.891920526588187101e+01
4.693715594332417851e+01 4.087233302600719753e+01
4.693715594332417851e+01 4.428352320251638474e+01
4.693715594332417851e+01 4.007728598226559313e+01
4.693715594332417851e+01 4.544621137088434182e+01
4.693715594332417851e+01 4.362320099376238147e+01
4.693715594332417851e+01 5.029708407694185013e+01
4.693715594332417851e+01 4.435668136904084236e+01
4.693715594332417851e+01 4.618059492070606353e+01
4.693715594332417851e+01 4.548450040358762436e+01
4.693715594332417851e+01 4.609350769467207698e+01
4.693715594332417851e+01 4.774633920869226955e+01
4.693715594332417851e+01 4.630308169242452010e+01
4.693715594332417851e+01 3.763184557875366920e+01
4.693715594332417851e+01 4.639387586618757808e+01
4.693715594332417851e+01 5.067210317331822722e+01
4.693715594332417851e+01 4.697558232501188513e+01
4.693715594332417851e+01 5.178104550629001324e+01
4.693715594332417851e+01 4.720481096506225072e+01
4.693715594332417851e+01 5.066767602810416093e+01
4.693715594332417851e+01 4.568196863506290839e+01
4.693715594332417851e+01 4.547833465542472453e+01
4.693715594332417851e+01 5.132263379156860594e+01
4.693715594332417851e+01 4.642552926843544014e+01
4.693715594332417851e+01 5.065883061519043196e+01
4.693715594332417851e+01 4.855656629647499045e+01
4.693715594332417851e+01 4.403625061204646585e+01
4.693715594332417851e+01 4.455759136936267595e+01
4.693715594332417851e+01 4.622366122415677125e+01
4.693715594332417851e+01 4.816081836987849840e+01
4.693715594332417851e+01 4.067371595996290523e+01
4.693715594332417851e+01 4.647813861833660809e+01
4.693715594332417851e+01 4.475041858342277123e+01
4.693715594332417851e+01 4.551617662407315379e+01
4.693715594332417851e+01 4.928584281014300927e+01
4.693715594332417851e+01 4.728122871820720263e+01
4.693715594332417851e+01 4.819843337470918954e+01
4.693715594332417851e+01 4.360896840718345402e+01
4.693715594332417851e+01 4.548864840079511396e+01
4.693715594332417851e+01 5.009119627761211291e+01
4.693715594332417851e+01 5.151930349254403296e+01
4.693715594332417851e+01 4.796316533219305001e+01
4.693715594332417851e+01 4.955625869636417491e+01
4.693715594332417851e+01 4.205564503638495921e+01
4.693715594332417851e+01 5.026825203451738844e+01
4.693715594332417851e+01 4.229047768063588819e+01
4.693715594332417851e+01 4.531924720641544724e+01
4.693715594332417851e+01 5.228418968762046859e+01
4.693715594332417851e+01 4.618067917523330124e+01
4.693715594332417851e+01 4.720302601274167387e+01
4.693715594332417851e+01 4.913256729884833618e+01
4.693715594332417851e+01 5.122280662277272967e+01
4.693715594332417851e+01 4.460862197262024864e+01
4.693715594332417851e+01 4.070201324309195456e+01
4.693715594332417851e+01 4.412840566513078500e+01
4.693715594332417851e+01 5.473486757455991381e+01
4.693715594332417851e+01 4.782131581357570838e+01
4.693715594332417851e+01 4.731831795662881746e+01
4.693715594332417851e+01 4.529701037146326570e+01
4.693715594332417851e+01 4.532108745624186241e+01
4.693715594332417851e+01 4.930238105544560767e+01
4.693715594332417851e+01 4.735493174862860855e+01
4.693715594332417851e+01 4.786461521250560480e+01
4.693715594332417851e+01 4.825619765876049883e+01
4.693715594332417851e+01 4.287956935775666523e+01
4.693715594332417851e+01 4.766089677520420764e+01
4.693715594332417851e+01 4.285949746559278850e+01
4.693715594332417851e+01 4.789400350210024015e+01
4.693715594332417851e+01 4.465808559645549991e+01
4.693715594332417851e+01 4.254977405645500710e+01
4.693715594332417851e+01 5.151670932250863189e+01
4.693715594332417851e+01 5.019444019244218680e+01
4.693715594332417851e+01 4.650718906445949585e+01
4.693715594332417851e+01 4.440462890352620207e+01
4.693715594332417851e+01 4.765063481379934984e+01
4.693715594332417851e+01 4.977620995434079987e+01
4.693715594332417851e+01 4.974675385176134768e+01
4.693715594332417851e+01 4.116056595678957564e+01
4.693715594332417851e+01 4.663693744711609668e+01
4.693715594332417851e+01 4.578447039324790779e+01
4.693715594332417851e+01 4.375108143328625232e+01
4.693715594332417851e+01 4.898712846685149458e+01
4.693715594332417851e+01 5.449638936936491973e+01
4.693715594332417851e+01 5.203109159890935587e+01
4.693715594332417851e+01 4.623797939914705779e+01
4.693715594332417851e+01 4.751696983028498522e+01
4.693715594332417851e+01 4.507041439063681310e+01
4.693715594332417851e+01 4.403114066973779472e+01
4.693715594332417851e+01 4.699310357893403989e+01
4.693715594332417851e+01 4.734175563518176943e+01
4.693715594332417851e+01 4.383541696407441179e+01
4.693715594332417851e+01 4.815934330086864890e+01
4.693715594332417851e+01 4.765440197286861945e+01
4.693715594332417851e+01 4.216132108658589317e+01
4.693715594332417851e+01 5.080403647112601107e+01
4.693715594332417851e+01 4.766790827929972352e+01
4.693715594332417851e+01 4.510760013364404131e+01
4.693715594332417851e+01 4.508031234552409217e+01
4.693715594332417851e+01 4.230704013345327041e+01
4.693715594332417851e+01 4.165395036194240674e+01
4.693715594332417851e+01 4.208141590708920887e+01
4.693715594332417851e+01 4.777736456782209018e+01
4.693715594332417851e+01 5.514671424423213608e+01
4.693715594332417851e+01 4.602061893876481946e+01
4.693715594332417851e+01 4.464794018391763331e+01
4.693715594332417851e+01 4.452099130146703487e+01
4.693715594332417851e+01 4.402211912699425511e+01
4.693715594332417851e+01 4.425751239723595631e+01
4.693715594332417851e+01 4.882716449849697682e+01
4.693715594332417851e+01 4.332951603422481668e+01
4.693715594332417851e+01 4.535471976477131051e+01
4.693715594332417851e+01 4.701839424401806866e+01
4.693715594332417851e+01 4.882996684422447231e+01
4.693715594332417851e+01 4.777710972260106814e+01
4.693715594332417851e+01 4.708194861956190636e+01
4.693715594332417851e+01 4.329994923162024634e+01
4.693715594332417851e+01 4.962473373050403325e+01
4.693715594332417851e+01 5.056935171864908085e+01
4.693715594332417851e+01 4.747636877372865882e+01
4.693715594332417851e+01 5.135012286216890232e+01
4.693715594332417851e+01 4.690030384430205146e+01
4.693715594332417851e+01 4.446969847442217372e+01
4.693715594332417851e+01 4.714909446263226300e+01
4.693715594332417851e+01 4.763915054029548202e+01
4.693715594332417851e+01 4.733980562405098169e+01
4.693715594332417851e+01 4.043861310515927698e+01
4.693715594332417851e+01 4.491785646460818526e+01
4.693715594332417851e+01 4.790613200497670476e+01
4.693715594332417851e+01 4.801910335054976997e+01
4.693715594332417851e+01 4.919102132554457540e+01
4.693715594332417851e+01 4.796440146222843737e+01
4.693715594332417851e+01 5.101461496686145125e+01
4.693715594332417851e+01 4.698240268961513522e+01
4.693715594332417851e+01 4.579690813888146295e+01
4.693715594332417851e+01 4.661020996836651875e+01
4.693715594332417851e+01 4.371607265743752890e+01
4.693715594332417851e+01 4.363770194968057581e+01
4.693715594332417851e+01 5.307695635789897892e+01
4.693715594332417851e+01 4.585260325335816134e+01
4.693715594332417851e+01 5.011506858611567594e+01
4.693715594332417851e+01 3.635368786640330541e+01
4.693715594332417851e+01 4.540687258683389871e+01
4.693715594332417851e+01 5.477327540881516654e+01
4.693715594332417851e+01 4.738193042551082357e+01
4.693715594332417851e+01 4.132813433190025876e+01
4.693715594332417851e+01 4.593661173011534515e+01
4.693715594332417851e+01 4.666248115636250304e+01
4.693715594332417851e+01 4.749641483851088708e+01
4.693715594332417851e+01 4.884771556459937614e+01
4.693715594332417851e+01 4.559563740530970222e+01
4.693715594332417851e+01 4.306793534834707771e+01
4.693715594332417851e+01 4.733853009793100597e+01
4.693715594332417851e+01 5.042324630059691515e+01
4.693715594332417851e+01 4.518831564467218698e+01
4.693715594332417851e+01 4.689238798657068941e+01
4.693715594332417851e+01 5.537364126555954158e+01
4.693715594332417851e+01 4.356127799307404302e+01
4.693715594332417851e+01 4.394959539103779633e+01
4.693715594332417851e+01 4.956773471095768002e+01
4.693715594332417851e+01 4.835875212439434989e+01
4.693715594332417851e+01 4.600317111762874589e+01
4.693715594332417851e+01 4.977516935441263968e+01
4.693715594332417851e+01 4.848222566525810606e+01
4.693715594332417851e+01 4.623640510827156902e+01
4.693715594332417851e+01 3.760763259511007561e+01
4.693715594332417851e+01 4.587582893261448191e+01
4.693715594332417851e+01 4.514648459683939308e+01
4.693715594332417851e+01 4.325096961016072328e+01
4.693715594332417851e+01 4.560255635166942056e+01
4.693715594332417851e+01 3.919019699475205698e+01
4.693715594332417851e+01 4.396570111275074311e+01
4.693715594332417851e+01 4.922727874633785206e+01
4.693715594332417851e+01 4.724941625775026921e+01
4.693715594332417851e+01 4.824878839200642489e+01
4.693715594332417851e+01 4.807688119181369757e+01
4.693715594332417851e+01 4.474366048477251212e+01
4.693715594332417851e+01 4.548981345214622252e+01
4.693715594332417851e+01 5.704412198762514663e+01
4.693715594332417851e+01 4.686455449147208441e+01
4.693715594332417851e+01 4.399859084739008352e+01
4.693715594332417851e+01 5.207930749369203483e+01
4.693715594332417851e+01 4.915020177999500817e+01
4.693715594332417851e+01 4.253830151664902104e+01
4.693715594332417851e+01 4.641560734259278576e+01
4.693715594332417851e+01 4.124694835525072278e+01
4.693715594332417851e+01 4.883901947543609623e+01
4.693715594332417851e+01 4.225435525759550615e+01
4.693715594332417851e+01 4.481889633212460211e+01
4.693715594332417851e+01 4.054560091303468994e+01
4.693715594332417851e+01 4.100853667928276280e+01
4.693715594332417851e+01 4.563266373640613693e+01
4.693715594332417851e+01 4.002053032754569273e+01
4.693715594332417851e+01 4.558065132010994347e+01
4.693715594332417851e+01 3.896340535956024098e+01
4.693715594332417851e+01 5.045159418014046793e+01
4.693715594332417851e+01 4.918753521321628597e+01
4.693715594332417851e+01 4.995525229407191148e+01
4.693715594332417851e+01 4.681084170856806281e+01
4.693715594332417851e+01 4.115786831183783789e+01
4.693715594332417851e+01 5.114936927778548181e+01
4.693715594332417851e+01 4.774840160363036290e+01
4.693715594332417851e+01 5.253906044560635280e+01
4.693715594332417851e+01 5.336075928807174051e+01
4.693715594332417851e+01 4.738896965050113153e+01
4.693715594332417851e+01 4.672906962064470093e+01
4.693715594332417851e+01 5.742986320520973464e+01
4.693715594332417851e+01 4.541139447867238488e+01
4.693715594332417851e+01 4.475633442002477835e+01
4.693715594332417851e+01 4.731123688219745560e+01
4.693715594332417851e+01 4.482453791337687221e+01
4.693715594332417851e+01 4.422444546661665754e+01
4.693715594332417851e+01 4.941135235183973151e+01
4.693715594332417851e+01 4.469350665018272650e+01
4.693715594332417851e+01 4.939977981443418287e+01
4.693715594332417851e+01 4.650768459092379459e+01
4.693715594332417851e+01 5.000886413977502798e+01
4.693715594332417851e+01 5.376447145027660213e+01
4.693715594332417851e+01 4.741091879495556327e+01
4.693715594332417851e+01 4.447658078095429346e+01
4.693715594332417851e+01 5.382228522129329207e+01
4.693715594332417851e+01 4.962744718350157314e+01
4.693715594332417851e+01 4.601995815284458047e+01
4.693715594332417851e+01 4.500078479421538447e+01
4.693715594332417851e+01 5.031476807710643584e+01
4.693715594332417851e+01 4.702779144958171997e+01
4.693715594332417851e+01 4.593026574821831076e+01
4.693715594332417851e+01 4.499273729192317717e+01
4.693715594332417851e+01 4.393009624328158225e+01
4.693715594332417851e+01 5.293835058199570653e+01
4.693715594332417851e+01 5.074006881111329648e+01
4.693715594332417851e+01 4.745961618948462046e+01
4.693715594332417851e+01 4.592517113907924653e+01
4.693715594332417851e+01 4.405314706392950086e+01
4.693715594332417851e+01 4.817014570659043216e+01
4.693715594332417851e+01 4.547883937007129163e+01
4.693715594332417851e+01 4.364108874224447732e+01
4.693715594332417851e+01 4.580433346497397906e+01
4.693715594332417851e+01 4.602023769012058096e+01
4.693715594332417851e+01 4.520194041288588949e+01
4.693715594332417851e+01 4.582408029440748720e+01
4.693715594332417851e+01 4.545846413696813215e+01
4.693715594332417851e+01 4.661136784096936481e+01
4.693715594332417851e+01 4.574606341735995585e+01
4.693715594332417851e+01 4.386639802239815111e+01
4.693715594332417851e+01 4.479513321922495805e+01
4.693715594332417851e+01 4.498155517778686630e+01
4.693715594332417851e+01 4.932861012196855199e+01
4.693715594332417851e+01 4.488885460255992399e+01
4.693715594332417851e+01 4.506091358079891052e+01
4.693715594332417851e+01 4.429686950531684886e+01
4.693715594332417851e+01 4.602526918175862392e+01
4.693715594332417851e+01 4.296998143057435016e+01
4.693715594332417851e+01 4.668904538856844511e+01
4.693715594332417851e+01 4.938790609001765120e+01
4.693715594332417851e+01 4.569246829409508592e+01
4.693715594332417851e+01 5.149719556841486678e+01
4.693715594332417851e+01 4.692831575478835049e+01
4.693715594332417851e+01 4.734880784015171429e+01
4.693715594332417851e+01 4.254459433606036356e+01
4.693715594332417851e+01 4.819204262483047785e+01
4.693715594332417851e+01 4.429824749026645492e+01
4.693715594332417851e+01 4.685798746180324770e+01
4.693715594332417851e+01 4.859919071518470446e+01
4.693715594332417851e+01 4.348294926684276618e+01
4.693715594332417851e+01 4.413210768509564730e+01
4.693715594332417851e+01 4.589194125353787257e+01
4.693715594332417851e+01 4.172916269492542796e+01
4.693715594332417851e+01 5.221556983833252730e+01
4.693715594332417851e+01 4.259345251189214565e+01
4.693715594332417851e+01 4.834982321718300113e+01
4.693715594332417851e+01 4.416958442720260081e+01
4.693715594332417851e+01 4.679067091890665608e+01
4.693715594332417851e+01 4.491433469084073948e+01
4.693715594332417851e+01 4.961744248926166279e+01
4.693715594332417851e+01 4.430056957492280389e+01
4.693715594332417851e+01 4.861780911470987832e+01
4.693715594332417851e+01 4.641704140964569802e+01
4.693715594332417851e+01 4.479847506336402319e+01
4.693715594332417851e+01 4.619018931483592638e+01
4.693715594332417851e+01 4.771776420905528937e+01
4.693715594332417851e+01 4.711477218660316879e+01
4.693715594332417851e+01 4.830951878833106861e+01
4.693715594332417851e+01 4.682425592546086790e+01
4.693715594332417851e+01 4.654460710564863746e+01
4.693715594332417851e+01 4.413624596946788614e+01
4.693715594332417851e+01 4.395524276078776893e+01
4.693715594332417851e+01 4.657426230373734910e+01
4.693715594332417851e+01 4.570311237032149876e+01
4.693715594332417851e+01 4.600027399666600303e+01
4.693715594332417851e+01 4.072016204503007941e+01
4.693715594332417851e+01 4.280117434153137168e+01
4.693715594332417851e+01 4.503023541282428965e+01
4.693715594332417851e+01 5.452187519397781301e+01
4.693715594332417851e+01 4.501605413274024414e+01
4.693715594332417851e+01 4.779986582248007210e+01
4.693715594332417851e+01 4.560998278530688310e+01
4.693715594332417851e+01 4.812697871285049445e+01
4.693715594332417851e+01 4.565698402100357356e+01
4.693715594332417851e+01 4.859419538588534948e+01
4.693715594332417851e+01 4.360507628448085171e+01
4.693715594332417851e+01 4.989797850791057954e+01
4.693715594332417851e+01 4.306651217316488101e+01
4.693715594332417851e+01 4.152484374246611054e+01
4.693715594332417851e+01 4.480979862503812683e+01
4.693715594332417851e+01 4.343478241218900848e+01
4.693715594332417851e+01 4.662149501579268929e+01
4.693715594332417851e+01 4.237534875882509056e+01
4.693715594332417851e+01 4.801054037540601627e+01
4.693715594332417851e+01 5.006747122390233073e+01
4.693715594332417851e+01 4.162047661577713598e+01
4.693715594332417851e+01 4.941476928509239741e+01
4.693715594332417851e+01 4.585349639585775350e+01
4.693715594332417851e+01 4.726092490623945963e+01
4.693715594332417851e+01 4.851271695026765940e+01
4.693715594332417851e+01 4.698188909499744881e+01
4.693715594332417851e+01 4.727133040748694270e+01
4.693715594332417851e+01 4.765646235411870890e+01
4.693715594332417851e+01 5.014402320273667613e+01
4.693715594332417851e+01 4.700494847581953195e+01
4.693715594332417851e+01 4.475436905774090235e+01
4.693715594332417851e+01 4.448047894863269391e+01
4.693715594332417851e+01 4.782551309528997763e+01
4.693715594332417851e+01 4.582000714226430205e+01
4.693715594332417851e+01 4.388518716358353089e+01
4.693715594332417851e+01 4.813636524037027442e+01
4.693715594332417851e+01 4.184174517728600762e+01
4.693715594332417851e+01 5.254175400031540022e+01
4.693715594332417851e+01 5.180056829358716897e+01
4.693715594332417851e+01 4.836591664517111866e+01
4.693715594332417851e+01 5.039086945775551385e+01
4.693715594332417851e+01 4.492592636932703698e+01
4.693715594332417851e+01 4.803889587224730917e+01
4.693715594332417851e+01 4.499601012983447390e+01
4.693715594332417851e+01 4.633737651056653561e+01
4.693715594332417851e+01 4.659727165224266088e+01
4.693715594332417851e+01 4.293522491231668425e+01
4.693715594332417851e+01 4.717582430557639128e+01
4.693715594332417851e+01 4.914687218311540562e+01
4.693715594332417851e+01 4.774908482138579302e+01
4.693715594332417851e+01 4.618271603850697460e+01
4.693715594332417851e+01 4.177057117919149931e+01
4.693715594332417851e+01 4.750742399661007909e+01
4.693715594332417851e+01 4.684492921191207415e+01
4.693715594332417851e+01 4.430169831914540168e+01
4.693715594332417851e+01 4.044839960145363733e+01
4.693715594332417851e+01 4.675958634880282005e+01
4.693715594332417851e+01 4.678093663398093582e+01
4.693715594332417851e+01 4.888945023768797427e+01
4.693715594332417851e+01 4.353877751351313208e+01
4.693715594332417851e+01 4.304035023869525389e+01
4.693715594332417851e+01 4.945731952719393121e+01
4.693715594332417851e+01 4.579593036037631748e+01
4.693715594332417851e+01 4.760416768102363960e+01
4.693715594332417851e+01 5.109440131171336219e+01
4.693715594332417851e+01 4.380250984430122685e+01
4.693715594332417851e+01 4.391603473426264515e+01
4.693715594332417851e+01 4.656036622104280553e+01
4.693715594332417851e+01 4.420008631822079792e+01
4.693715594332417851e+01 5.166976478285076269e+01
4.693715594332417851e+01 4.909106393126219814e+01
4.693715594332417851e+01 4.628300795910274701e+01
4.693715594332417851e+01 4.673454102363643159e+01
4.693715594332417851e+01 3.961884530805900795e+01
4.693715594332417851e+01 4.769335687962395554e+01
4.693715594332417851e+01 5.057742209939281253e+01
4.693715594332417851e+01 4.041711900080824194e+01
4.693715594332417851e+01 4.194302649061204846e+01
4.693715594332417851e+01 5.217163908050122956e+01
4.693715594332417851e+01 4.959576998957408023e+01
4.693715594332417851e+01 4.646170874244359084e+01
4.693715594332417851e+01 4.576967374236642172e+01
4.693715594332417851e+01 3.702609723830926924e+01
4.693715594332417851e+01 4.796663747734152849e+01
4.693715594332417851e+01 4.330774669910316277e+01
4.693715594332417851e+01 4.945919370281463756e+01
4.693715594332417851e+01 4.363248139933769920e+01
4.693715594332417851e+01 5.337380359505121419e+01
4.693715594332417851e+01 4.694336089629255326e+01
4.693715594332417851e+01 5.059520513765686189e+01
4.693715594332417851e+01 5.007604281537631152e+01
4.693715594332417851e+01 4.314180016140467444e+01
4.693715594332417851e+01 4.674226319505803673e+01
4.693715594332417851e+01 4.673058958791612838e+01
4.693715594332417851e+01 4.527942460809639869e+01
4.693715594332417851e+01 4.571075878429445538e+01
4.693715594332417851e+01 4.941384133067401763e+01
4.693715594332417851e+01 3.734808422704204389e+01
4.693715594332417851e+01 4.765374055413938237e+01
4.693715594332417851e+01 5.153407660560054637e+01
4.693715594332417851e+01 4.627980436120441254e+01
4.693715594332417851e+01 5.041090703466657885e+01
4.693715594332417851e+01 4.129683635221883264e+01
4.693715594332417851e+01 4.020294792910677018e+01
4.693715594332417851e+01 5.067186492397269149e+01
4.693715594332417851e+01 4.586312047898481836e+01
4.693715594332417851e+01 4.582647307849809692e+01
4.693715594332417851e+01 5.027846271314633242e+01
4.693715594332417851e+01 4.748239642387733284e+01
4.693715594332417851e+01 5.143137924406897810e+01
4.693715594332417851e+01 4.985990024682952537e+01
4.693715594332417851e+01 5.517417997876676594e+01
4.693715594332417851e+01 4.333909674490616482e+01
4.693715594332417851e+01 4.208055483382035078e+01
4.693715594332417851e+01 5.167962768671568341e+01
4.693715594332417851e+01 4.909682193916538040e+01
4.693715594332417851e+01 4.701741573012436959e+01
4.693715594332417851e+01 5.377442042583218296e+01
4.693715594332417851e+01 4.642473519322631859e+01
4.693715594332417851e+01 5.125195346020144882e+01
4.693715594332417851e+01 4.393848988726796989e+01
4.693715594332417851e+01 4.923481802599615520e+01
4.693715594332417851e+01 4.792800260869872631e+01
4.693715594332417851e+01 4.660841782717481863e+01
4.693715594332417851e+01 4.515528416976697912e+01
4.693715594332417851e+01 4.198682347137736315e+01
4.693715594332417851e+01 4.447150452461147552e+01
4.693715594332417851e+01 5.038581506927179987e+01
4.693715594332417851e+01 4.052962072894874268e+01
4.693715594332417851e+01 4.286324537061909723e+01
4.693715594332417851e+01 4.478818821507777415e+01
4.693715594332417851e+01 4.651507682726701631e+01
4.693715594332417851e+01 4.725304503299318526e+01
4.693715594332417851e+01 4.594089173769224743e+01
4.693715594332417851e+01 4.672091356282442121e+01
4.693715594332417851e+01 4.821377831725802565e+01
4.693715594332417851e+01 4.545577307406399825e+01
4.693715594332417851e+01 4.819119216840122277e+01
4.693715594332417851e+01 4.187092662362632467e+01
4.693715594332417851e+01 4.385143768210770077e+01
4.693715594332417851e+01 4.964423386149357498e+01
4.693715594332417851e+01 4.921436578021778274e+01
4.693715594332417851e+01 4.312795489439164243e+01
4.693715594332417851e+01 4.812864464451155300e+01
4.693715594332417851e+01 4.076747701465590268e+01
4.693715594332417851e+01 4.070767498318534194e+01
4.693715594332417851e+01 4.342437187810035937e+01
4.693715594332417851e+01 4.620493829227960703e+01
4.693715594332417851e+01 5.020371616976434836e+01
4.693715594332417851e+01 4.227383763231090086e+01
4.693715594332417851e+01 4.072769317019621127e+01
4.693715594332417851e+01 4.963733473310854549e+01
4.693715594332417851e+01 4.892618165958235465e+01
4.693715594332417851e+01 4.771826005822460104e+01
4.693715594332417851e+01 4.750453638131407530e+01
4.693715594332417851e+01 4.255840846087324536e+01
4.693715594332417851e+01 4.753988447378531390e+01
4.693715594332417851e+01 4.290694065665373103e+01
4.693715594332417851e+01 4.537948173238380178e+01
4.693715594332417851e+01 4.652981874805297480e+01
4.693715594332417851e+01 4.209435103681006041e+01
4.693715594332417851e+01 4.390464294315348326e+01
4.693715594332417851e+01 4.296835183191155494e+01
4.693715594332417851e+01 4.501252061220424849e+01
4.693715594332417851e+01 4.163680572681752068e+01
4.693715594332417851e+01 4.729080812428956193e+01
4.693715594332417851e+01 5.089773494779198870e+01
4.693715594332417851e+01 4.829978721326728675e+01
4.693715594332417851e+01 4.898455352991373246e+01
4.693715594332417851e+01 4.837331443939508091e+01
4.693715594332417851e+01 4.319208436744753499e+01
4.693715594332417851e+01 4.586287611382712726e+01
4.693715594332417851e+01 4.553762544327101836e+01
4.693715594332417851e+01 4.485657244990071035e+01
4.693715594332417851e+01 4.208028684927913332e+01
4.693715594332417851e+01 4.645636309948557852e+01
4.693715594332417851e+01 4.793802656595389777e+01
4.693715594332417851e+01 4.108561033414289909e+01
4.693715594332417851e+01 4.313999122314800161e+01
4.693715594332417851e+01 5.215134901347745711e+01
4.693715594332417851e+01 4.985199745563653551e+01
4.693715594332417851e+01 4.406125383418705610e+01
4.693715594332417851e+01 4.336580945618913319e+01
4.693715594332417851e+01 5.391612445683625765e+01
4.693715594332417851e+01 4.124696620973389827e+01
4.693715594332417851e+01 4.633594866312024152e+01
4.693715594332417851e+01 4.809449895324569013e+01
4.693715594332417851e+01 4.736403831058647995e+01
4.693715594332417851e+01 5.076392582011758492e+01
4.693715594332417851e+01 4.674470178374624396e+01
4.693715594332417851e+01 4.288749825546789651e+01
4.693715594332417851e+01 4.933780579622314377e+01
4.693715594332417851e+01 5.190634181668196589e+01
4.693715594332417851e+01 5.144910737749042795e+01
4.693715594332417851e+01 4.279657589509207583e+01
4.693715594332417851e+01 4.904611046843928079e+01
4.693715594332417851e+01 4.331824402877610680e+01
4.693715594332417851e+01 4.581452714798222559e+01
4.693715594332417851e+01 4.696268614580225176e+01
4.693715594332417851e+01 4.819185861842636598e+01
4.693715594332417851e+01 5.104150564656863054e+01
4.693715594332417851e+01 4.950471835818264310e+01
4.693715594332417851e+01 4.721409171149588957e+01
4.693715594332417851e+01 4.315126108631455537e+01
4.693715594332417851e+01 5.061906088492604283e+01
4.693715594332417851e+01 4.655663970117732475e+01
4.693715594332417851e+01 4.458414424424259437e+01
4.693715594332417851e+01 5.170320483930947120e+01
4.693715594332417851e+01 4.853560688954505764e+01
4.693715594332417851e+01 4.755210899319803985e+01
4.693715594332417851e+01 4.684963943750031490e+01
4.693715594332417851e+01 4.125335912571078723e+01
4.693715594332417851e+01 4.396151630499372231e+01
4.693715594332417851e+01 3.972478494006934824e+01
4.693715594332417851e+01 5.248507760020321911e+01
4.693715594332417851e+01 4.578852363681164661e+01
4.693715594332417851e+01 4.294075978260615045e+01
4.693715594332417851e+01 4.776743346693395154e+01
4.693715594332417851e+01 5.017043901793432070e+01
4.693715594332417851e+01 4.599064534456410769e+01
4.693715594332417851e+01 5.522945248931677042e+01
4.693715594332417851e+01 4.914026407349908965e+01
4.693715594332417851e+01 4.657402798681576428e+01
4.693715594332417851e+01 4.650749403463861142e+01
4.693715594332417851e+01 4.341260671091502132e+01
4.693715594332417851e+01 4.363000128370357800e+01
4.693715594332417851e+01 4.385719119127060850e+01
4.693715594332417851e+01 4.495996173356604686e+01
4.693715594332417851e+01 4.751563118189881152e+01
4.693715594332417851e+01 4.447382995479833312e+01
4.693715594332417851e+01 4.620074734785108461e+01
4.693715594332417851e+01 4.830507141869823329e+01
4.693715594332417851e+01 4.316869069966540451e+01
4.693715594332417851e+01 4.619061561050777698e+01
4.693715594332417851e+01 5.092376097663778722e+01
4.693715594332417851e+01 5.399774502613472293e+01
4.693715594332417851e+01 5.249738172791906976e+01
4.693715594332417851e+01 4.766091103598424894e+01
4.693715594332417851e+01 4.659601926801822458e+01
4.693715594332417851e+01 4.776987153757238502e+01
4.693715594332417851e+01 5.420047118583407553e+01
4.693715594332417851e+01 4.400606062121570261e+01
4.693715594332417851e+01 4.669682644069708033e+01
4.693715594332417851e+01 4.499236626274361583e+01
4.693715594332417851e+01 4.333776228859896662e+01
4.693715594332417851e+01 4.644928947817463438e+01
4.693715594332417851e+01 4.421780956130876206e+01
4.693715594332417851e+01 4.592127941782920431e+01
4.693715594332417851e+01 4.801343322535279157e+01
4.693715594332417851e+01 4.281490268878327754e+01
4.693715594332417851e+01 4.438604895860138555e+01
4.693715594332417851e+01 4.696800425551330704e+01
4.693715594332417851e+01 4.474805235659958669e+01
4.693715594332417851e+01 4.290523769370564366e+01
4.693715594332417851e+01 4.535076153039628366e+01
4.693715594332417851e+01 4.301586929587951147e+01
4.693715594332417851e+01 4.539276672641110366e+01
4.693715594332417851e+01 4.205677533278344526e+01
4.693715594332417851e+01 4.366536984877166816e+01
4.693715594332417851e+01 4.458693386658138280e+01
4.693715594332417851e+01 4.238014280197572248e+01
4.693715594332417851e+01 4.418708771316299533e+01
4.693715594332417851e+01 4.743316361149219063e+01
4.693715594332417851e+01 4.549922669910682060e+01
4.693715594332417851e+01 4.420612101950114692e+01
4.693715594332417851e+01 4.945447130916153355e+01
4.693715594332417851e+01 4.764348825061002657e+01
4.693715594332417851e+01 5.039971225019804280e+01
4.693715594332417851e+01 4.451804642178175442e+01
4.693715594332417851e+01 4.730252660503294493e+01
4.693715594332417851e+01 4.974175715091026717e+01
4.693715594332417851e+01 4.385930927065010110e+01
4.693715594332417851e+01 4.841071407541495830e+01
4.693715594332417851e+01 4.426940844086306015e+01
4.693715594332417851e+01 4.570709868341225501e+01
4.693715594332417851e+01 4.625480908087018861e+01
4.693715594332417851e+01 4.457782988121469003e+01
4.693715594332417851e+01 5.110416241833535622e+01
4.693715594332417851e+01 4.957801373329004946e+01
4.693715594332417851e+01 4.712477835851190378e+01
4.693715594332417851e+01 4.936394441694668700e+01
4.693715594332417851e+01 4.565837716157495407e+01
4.693715594332417851e+01 4.421980591714520159e+01
4.693715594332417851e+01 4.448442152695400864e+01
4.693715594332417851e+01 4.757136523026333919e+01
4.693715594332417851e+01 4.731305075683986416e+01
4.693715594332417851e+01 4.806088426622665111e+01
4.693715594332417851e+01 4.779097457325969600e+01
4.693715594332417851e+01 4.875253880464394740e+01
4.693715594332417851e+01 4.129044319142183639e+01
4.693715594332417851e+01 4.933850316985005691e+01
4.693715594332417851e+01 4.607137097993671659e+01
4.693715594332417851e+01 5.193088331605041219e+01
4.693715594332417851e+01 4.526868197383258519e+01
4.693715594332417851e+01 4.624483562164039085e+01
4.693715594332417851e+01 4.411046073644100574e+01
4.693715594332417851e+01 4.819718148986868300e+01
4.693715594332417851e+01 4.465580581312406139e+01
4.693715594332417851e+01 4.796457898435287603e+01
4.693715594332417851e+01 4.505019768591981943e+01
4.693715594332417851e+01 4.844895518359749786e+01
4.693715594332417851e+01 5.094465660130367723e+01
4.693715594332417851e+01 5.191060941580473553e+01
4.693715594332417851e+01 4.428834378557722573e+01
4.693715594332417851e+01 4.751581018677876500e+01
4.693715594332417851e+01 4.342603315368339878e+01
4.693715594332417851e+01 4.325291064944551778e+01
4.693715594332417851e+01 4.488862989182702279e+01
4.693715594332417851e+01 4.572623725127674277e+01
4.693715594332417851e+01 4.444017549465402794e+01
4.693715594332417851e+01 4.842897114091838517e+01
4.693715594332417851e+01 4.650591712431974400e+01
4.693715594332417851e+01 4.656242372932372575e+01
4.693715594332417851e+01 5.245361259386791630e+01
4.693715594332417851e+01 4.969020081832530877e+01
4.693715594332417851e+01 4.378750779464208165e+01
4.693715594332417851e+01 4.485651155334061713e+01
4.693715594332417851e+01 4.672413635478486071e+01
4.693715594332417851e+01 4.328471218166964718e+01
4.693715594332417851e+01 4.695056628467207815e+01
4.693715594332417851e+01 4.565150040919947116e+01
4.693715594332417851e+01 4.722617485945210092e+01
4.693715594332417851e+01 4.786877387654647009e+01
4.693715594332417851e+01 4.916275091679133880e+01
4.693715594332417851e+01 4.660847042858316769e+01
4.693715594332417851e+01 4.861192167064720593e+01
4.693715594332417851e+01 4.574268594601417703e+01
4.693715594332417851e+01 4.545969189291163559e+01
4.693715594332417851e+01 4.535849108285107434e+01
4.693715594332417851e+01 4.861799272910750602e+01
4.693715594332417851e+01 5.148731740227662357e+01
4.693715594332417851e+01 4.935101319623297655e+01
4.693715594332417851e+01 4.744679210195435815e+01
4.693715594332417851e+01 5.345491708095897110e+01
4.693715594332417851e+01 4.520724552548695385e+01
4.693715594332417851e+01 4.729959094932752350e+01
4.693715594332417851e+01 4.957204384187615176e+01
4.693715594332417851e+01 4.759057053843751817e+01
4.693715594332417851e+01 4.223983099121466722e+01
4.693715594332417851e+01 4.255203819796857800e+01
4.693715594332417851e+01 4.872873745860096051e+01
4.693715594332417851e+01 4.096680824992969860e+01
4.693715594332417851e+01 4.921567487381388162e+01
4.693715594332417851e+01 5.045497924683800761e+01
4.693715594332417851e+01 4.728877489583597082e+01
4.693715594332417851e+01 5.063975830559409275e+01
4.693715594332417851e+01 4.918909185050892319e+01
4.693715594332417851e+01 4.775198749576802726e+01
4.693715594332417851e+01 4.511249267107707794e+01
4.693715594332417851e+01 5.306126781115340663e+01
4.693715594332417851e+01 4.010906228101227811e+01
4.693715594332417851e+01 4.477843048474290555e+01
4.693715594332417851e+01 4.566187228663000752e+01
4.693715594332417851e+01 4.696698725783442541e+01
4.693715594332417851e+01 4.024888191547290717e+01
4.693715594332417851e+01 5.204076784287526891e+01
4.693715594332417851e+01 5.039546484797249803e+01
4.693715594332417851e+01 4.861700442812541212e+01
4.693715594332417851e+01 4.728711125676113625e+01
4.693715594332417851e+01 4.590750674713687829e+01
4.693715594332417851e+01 4.482316265684007561e+01
4.693715594332417851e+01 4.738197730140849728e+01
4.693715594332417851e+01 4.903108062020984903e+01
4.693715594332417851e+01 4.732429102015552758e+01
4.693715594332417851e+01 4.188012040737191910e+01
4.693715594332417851e+01 4.236876587017023610e+01
4.693715594332417851e+01 4.675475595512494920e+01
4.693715594332417851e+01 5.018350292819274472e+01
4.693715594332417851e+01 4.537450818978877720e+01
4.693715594332417851e+01 4.852804941983391984e+01
4.693715594332417851e+01 4.195330660057465622e+01
4.693715594332417851e+01 5.162161359247270553e+01
4.693715594332417851e+01 4.322416453621559640e+01
4.693715594332417851e+01 4.948285523920569773e+01
4.693715594332417851e+01 4.351800754774814095e+01
4.693715594332417851e+01 4.163166968402808976e+01
4.693715594332417851e+01 4.256216257458168428e+01
4.693715594332417851e+01 4.502189018319462832e+01
4.693715594332417851e+01 4.829165542476929573e+01
4.693715594332417851e+01 4.568558860113744657e+01
4.693715594332417851e+01 4.323141924107841305e+01
4.693715594332417851e+01 4.798616965456266570e+01
4.693715594332417851e+01 4.064108090381270699e+01
4.693715594332417851e+01 4.815962067219248866e+01
4.693715594332417851e+01 3.989091043988947405e+01
4.693715594332417851e+01 4.192806038390988022e+01
4.693715594332417851e+01 4.843801807330319065e+01
4.693715594332417851e+01 4.416432252575405926e+01
4.693715594332417851e+01 4.999676521388967387e+01
4.693715594332417851e+01 4.224241463290049836e+01
4.693715594332417851e+01 4.894286839141255996e+01
4.693715594332417851e+01 4.725347228297880520e+01
4.693715594332417851e+01 4.816281420711403882e+01
4.693715594332417851e+01 4.394611240621161130e+01
4.693715594332417851e+01 4.570660471905438271e+01
4.693715594332417851e+01 5.124426528690940330e+01
4.693715594332417851e+01 4.911788718889023642e+01
4.693715594332417851e+01 4.969546413597457502e+01
4.693715594332417851e+01 5.248833580861835202e+01
4.693715594332417851e+01 5.055024387834911437e+01
4.693715594332417851e+01 4.822872413859217744e+01
4.693715594332417851e+01 4.438660055611567401e+01
4.693715594332417851e+01 4.442848297726644091e+01
4.693715594332417851e+01 5.071137759511562848e+01
4.693715594332417851e+01 4.076489468641371161e+01
4.693715594332417851e+01 4.709950606036901632e+01
4.693715594332417851e+01 4.755721164374220677e+01
4.693715594332417851e+01 4.861654608304096570e+01
4.693715594332417851e+01 4.482255710425269513e+01
4.693715594332417851e+01 4.756072657943745696e+01
4.693715594332417851e+01 4.463741080314055409e+01
4.693715594332417851e+01 4.563721519429385154e+01
4.693715594332417851e+01 4.824824226887862011e+01
4.693715594332417851e+01 4.747530926778269134e+01
4.693715594332417851e+01 4.727764260669712115e+01
4.693715594332417851e+01 4.696109261605899121e+01
4.693715594332417851e+01 4.495456479661109483e+01
4.693715594332417851e+01 4.431169032136156716e+01
4.693715594332417851e+01 4.689592695657199783e+01
4.693715594332417851e+01 4.781582005152981196e+01
4.693715594332417851e+01 4.862884966767686734e+01
4.693715594332417851e+01 4.733019180178111895e+01
4.693715594332417851e+01 4.239944698947117985e+01
4.693715594332417851e+01 4.222094885351283722e+01
4.693715594332417851e+01 4.426468230318452157e+01
4.693715594332417851e+01 4.636082808053982518e+01
4.693715594332417851e+01 4.522913612877477618e+01
4.693715594332417851e+01 5.332919248119701194e+01
4.693715594332417851e+01 4.365717096484127779e+01
4.693715594332417851e+01 4.592412738003620376e+01
4.693715594332417851e+01 4.624043854757942285e+01
4.693715594332417851e+01 5.040059773000353971e+01
4.693715594332417851e+01 5.536390728874434330e+01
4.693715594332417851e+01 4.231760920004489890e+01
4.693715594332417851e+01 4.854174457930053421e+01
4.693715594332417851e+01 4.231962416540812910e+01
4.693715594332417851e+01 4.941858217941335596e+01
4.693715594332417851e+01 4.623749628652718258e+01
4.693715594332417851e+01 4.824533269042114370e+01
4.693715594332417851e+01 4.766231908209981327e+01
4.693715594332417851e+01 4.869064733893357300e+01
4.693715594332417851e+01 4.848015919874382007e+01
4.693715594332417851e+01 4.632330181980116635e+01
4.693715594332417851e+01 4.483069087195344338e+01
4.693715594332417851e+01 4.736100763243528888e+01
4.693715594332417851e+01 5.130243858005661650e+01
4.693715594332417851e+01 4.523186712636987039e+01
4.693715594332417851e+01 4.096388495587774514e+01
4.693715594332417851e+01 4.608240113385755876e+01
4.693715594332417851e+01 4.631784510610051342e+01
4.693715594332417851e+01 4.842688971203289583e+01
4.693715594332417851e+01 4.032298617468016744e+01
4.693715594332417851e+01 4.703488348598401814e+01
4.693715594332417851e+01 4.664212642453189517e+01
4.693715594332417851e+01 5.002661254640194244e+01
4.693715594332417851e+01 4.445690267921650474e+01
4.693715594332417851e+01 4.441962020356408658e+01
4.693715594332417851e+01 4.857312791548675079e+01
4.693715594332417851e+01 4.722846472706125809e+01
4.693715594332417851e+01 4.085889390321403880e+01
4.693715594332417851e+01 5.527242648384358148e+01
4.693715594332417851e+01 4.759593404212176893e+01
4.693715594332417851e+01 4.772792077196612581e+01
4.693715594332417851e+01 4.672869026272745430e+01
4.693715594332417851e+01 4.470592684898755920e+01
4.693715594332417851e+01 4.783197206553269609e+01
4.693715594332417851e+01 4.172108196303447869e+01
4.693715594332417851e+01 4.537687933497344517e+01
4.693715594332417851e+01 4.424382004782091116e+01
4.693715594332417851e+01 4.918366106631831514e+01
4.693715594332417851e+01 4.574023581325311483e+01
4.693715594332417851e+01 4.311250694922544113e+01
4.693715594332417851e+01 4.417222515976798292e+01
4.693715594332417851e+01 4.412812284769425020e+01
4.693715594332417851e+01 4.683973476930821533e+01
4.693715594332417851e+01 5.314836881354282383e+01
4.693715594332417851e+01 4.497980274089230335e+01
4.693715594332417851e+01 4.784288287397963302e+01
4.693715594332417851e+01 4.777044713087939698e+01
4.693715594332417851e+01 4.464062142333521166e+01
4.693715594332417851e+01 4.668496828793681175e+01
4.693715594332417851e+01 4.374877599010125095e+01
4.693715594332417851e+01 4.346799557998819807e+01
4.693715594332417851e+01 4.571763949668314808e+01
4.693715594332417851e+01 4.432268892371071445e+01
4.693715594332417851e+01 4.569418372110484938e+01
4.693715594332417851e+01 4.525129595500865065e+01
4.693715594332417851e+01 3.865246290294073361e+01
4.693715594332417851e+01 4.136254749567802946e+01
4.693715594332417851e+01 4.801383906427447101e+01
4.693715594332417851e+01 4.797017250778142028e+01
4.693715594332417851e+01 5.520520397147838310e+01
4.693715594332417851e+01 4.902896124814225942e+01
4.693715594332417851e+01 4.375238289425209359e+01
4.693715594332417851e+01 4.540205639109350244e+01
4.693715594332417851e+01 4.543530851573778051e+01
4.693715594332417851e+01 4.381513981394694923e+01
4.693715594332417851e+01 4.614478188082065202e+01
4.693715594332417851e+01 4.351637181432982970e+01
4.693715594332417851e+01 4.146285589158063800e+01
4.693715594332417851e+01 4.128805973261169981e+01
