4.693715594332417851e+01 4.852756033366695476e+01
4.693715594332417851e+01 5.286524672827117399e+01
4.693715594332417851e+01 3.840115977012673909e+01
4.693715594332417851e+01 4.292402247323471443e+01
4.693715594332417851e+01 4.559839746472036381e+01
4.693715594332417851e+01 5.253712685171277741e+01
4.693715594332417851e+01 4.801107836447594934e+01
4.693715594332417851e+01 4.351117938216756187e+01
4.693715594332417851e+01 4.374968588837874961e+01
4.693715594332417851e+01 4.781729287761042713e+01
4.693715594332417851e+01 4.818226853616968697e+01
4.693715594332417851e+01 4.399607844262544631e+01
4.693715594332417851e+01 5.036190594530411602e+01
4.693715594332417851e+01 4.506607610681913911e+01
4.693715594332417851e+01 3.924561358414043610e+01
4.693715594332417851e+01 5.090895931730155155e+01
4.693715594332417851e+01 4.408203930440701868e+01
4.693715594332417851e+01 4.510865713660851384e+01
4.693715594332417851e+01 5.016165184387921983e+01
4.693715594332417851e+01 4.516623243677112498e+01
4.693715594332417851e+01 4.485301678448035290e+01
4.693715594332417851e+01 4.279613066035861380e+01
4.693715594332417851e+01 5.084763674199835748e+01
4.693715594332417851e+01 4.735935982300460978e+01
4.693715594332417851e+01 5.319400793998352839e+01
4.693715594332417851e+01 4.554910048434391001e+01
4.693715594332417851e+01 4.487801038554897559e+01
4.693715594332417851e+01 4.924079801155441771e+01
4.693715594332417851e+01 5.001934492783415465e+01
4.693715594332417851e+01 4.405160378748423966e+01
4.693715594332417851e+01 4.676457265460985724e+01
4.693715594332417851e+01 5.168665276172392709e+01
4.693715594332417851e+01 5.060086536839619953e+01
4.693715594332417851e+01 4.587106633935806599e+01
4.693715594332417851e+01 4.179747054870944112e+01
4.693715594332417851e+01 4.586278255536115722e+01
4.693715594332417851e+01 4.575745255231043984e+01
4.693715594332417851e+01 4.717367469760315402e+01
4.693715594332417851e+01 4.533972234260949818e+01
4.693715594332417851e+01 4.817784160038205243e+01
4.693715594332417851e+01 4.343549145334806383e+01
4.693715594332417851e+01 4.465963410080774310e+01
4.693715594332417851e+01 4.369323475744524643e+01
4.693715594332417851e+01 4.717602646962535573e+01
4.693715594332417851e+01 5.026942689931775732e+01
4.693715594332417851e+01 4.323170460092168810e+01
4.693715594332417851e+01 4.136054887626882959e+01
4.693715594332417851e+01 4.460060058430060792e+01
4.693715594332417851e+01 4.709353928005503320e+01
4.693715594332417851e+01 5.048259969076480758e+01
4.693715594332417851e+01 4.709469786116762435e+01
4.693715594332417851e+01 4.500842042060344284e+01
4.693715594332417851e+01 4.713298184386972878e+01
4.693715594332417851e+01 4.469369091588203702e+01
4.693715594332417851e+01 4.475973652366650413e+01
4.693715594332417851e+01 4.823315306883569065e+01
4.693715594332417851e+01 4.612505531534822723e+01
4.693715594332417851e+01 4.301142272912198905e+01
4.693715594332417851e+01 4.866946628769870387e+01
4.693715594332417851e+01 4.165520620048288691e+01
4.693715594332417851e+01 4.540851573470487779e+01
4.693715594332417851e+01 4.753727476654254502e+01
4.693715594332417851e+01 4.947310645600715162e+01
4.693715594332417851e+01 4.544981519889887522e+01
4.693715594332417851e+01 5.180605726506836106e+01
4.693715594332417851e+01 4.500092360905953370e+01
4.693715594332417851e+01 4.361905100789260104e+01
4.693715594332417851e+01 4.292932139438052985e+01
4.693715594332417851e+01 4.684513796567360089e+01
4.693715594332417851e+01 4.395997553930639867e+01
4.693715594332417851e+01 4.564761523937879417e+01
4.693715594332417851e+01 4.991039953953935537e+01
4.693715594332417851e+01 4.651948850280385273e+01
4.693715594332417851e+01 3.998945622380088594e+01
4.693715594332417851e+01 4.869135888674329493e+01
4.693715594332417851e+01 5.248066331242397808e+01
4.693715594332417851e+01 4.587203686272439285e+01
4.693715594332417851e+01 4.832272295573940113e+01
4.693715594332417851e+01 4.224865321936459850e+01
4.693715594332417851e+01 4.746643603125515654e+01
4.693715594332417851e+01 5.349633324787116351e+01
4.693715594332417851e+01 4.430947566432379858e+01
4.693715594332417851e+01 4.853887522235741159e+01
4.693715594332417851e+01 3.758192859553011544e+01
4.693715594332417851e+01 4.780401131940017478e+01
4.693715594332417851e+01 4.589660391362479430e+01
4.693715594332417851e+01 4.901198061701046527e+01
4.693715594332417851e+01 4.821607450878357071e+01
4.693715594332417851e+01 4.593190928353573099e+01
4.693715594332417851e+01 4.227222904498352563e+01
4.693715594332417851e+01 3.786691655769252662e+01
4.693715594332417851e+01 4.771346093644599051e+01
4.693715594332417851e+01 4.561819149845766219e+01
4.693715594332417851e+01 4.840206551073214314e+01
4.693715594332417851e+01 4.639050635798066224e+01
4.693715594332417851e+01 4.565762658147297515e+01
4.693715594332417851e+01 4.294498007235419834e+01
4.693715594332417851e+01 5.178233208051323544e+01
4.693715594332417851e+01 5.052231352380412943e+01
4.693715594332417851e+01 4.665239262779721940e+01
4.693715594332417851e+01 4.421792300173535750e+01
4.693715594332417851e+01 4.445601751859240380e+01
4.693715594332417851e+01 3.885287001309681187e+01
4.693715594332417851e+01 4.743598187565561375e+01
4.693715594332417851e+01 3.890266084557657678e+01
4.693715594332417851e+01 4.219532612173671282e+01
4.693715594332417851e+01 4.938175922832546405e+01
4.693715594332417851e+01 4.876411863073054320e+01
4.693715594332417851e+01 5.058884801210241733e+01
4.693715594332417851e+01 4.419600221779133875e+01
4.693715594332417851e+01 5.064553392612664595e+01
4.693715594332417851e+01 4.965510911895017898e+01
4.693715594332417851e+01 4.184270271564546562e+01
4.693715594332417851e+01 4.779507028437738114e+01
4.693715594332417851e+01 4.665214375470549868e+01
4.693715594332417851e+01 5.360810063316885277e+01
4.693715594332417851e+01 4.544540910883357299e+01
4.693715594332417851e+01 4.325547436651616096e+01
4.693715594332417851e+01 4.393201105963886732e+01
4.693715594332417851e+01 4.297546348707016506e+01
4.693715594332417851e+01 5.065436770606464023e+01
4.693715594332417851e+01 4.652614249612821595e+01
4.693715594332417851e+01 4.807877827121757974e+01
4.693715594332417851e+01 4.796573024427132736e+01
4.693715594332417851e+01 4.522454328193632733e+01
4.693715594332417851e+01 4.871468402676438814e+01
4.693715594332417851e+01 3.910278955380652377e+01
4.693715594332417851e+01 4.266242461337353831e+01
4.693715594332417851e+01 4.250664477854421364e+01
4.693715594332417851e+01 4.518311171090417133e+01
4.693715594332417851e+01 3.983906962761539461e+01
4.693715594332417851e+01 4.826296721127226874e+01
4.693715594332417851e+01 4.719851258998189536e+01
4.693715594332417851e+01 4.923292897089825715e+01
4.693715594332417851e+01 4.681260792746618193e+01
4.693715594332417851e+01 4.653119933752324755e+01
4.693715594332417851e+01 4.004309174325265985e+01
4.693715594332417851e+01 4.848385733052176505e+01
4.693715594332417851e+01 4.343032995847330824e+01
4.693715594332417851e+01 4.953103266449517861e+01
4.693715594332417851e+01 4.560796810248679378e+01
4.693715594332417851e+01 4.852446632980565511e+01
4.693715594332417851e+01 4.151286970926628328e+01
4.693715594332417851e+01 4.785499061414203936e+01
4.693715594332417851e+01 4.615258089684532194e+01
4.693715594332417851e+01 4.173505674694056466e+01
4.693715594332417851e+01 4.299799437472617569e+01
4.693715594332417851e+01 4.212483774423512273e+01
4.693715594332417851e+01 4.812090673907878369e+01
4.693715594332417851e+01 4.830515597004431072e+01
4.693715594332417851e+01 5.435180583490597428e+01
4.693715594332417851e+01 4.328789730493028287e+01
4.693715594332417851e+01 4.622155129280658770e+01
4.693715594332417851e+01 4.326104893124672657e+01
4.693715594332417851e+01 4.663444707760152852e+01
4.693715594332417851e+01 4.247073801467415421e+01
4.693715594332417851e+01 4.430605693549982504e+01
4.693715594332417851e+01 4.558971098919113274e+01
4.693715594332417851e+01 4.776537707811425548e+01
4.693715594332417851e+01 4.166580393160536744e+01
4.693715594332417851e+01 4.657349535492577530e+01
4.693715594332417851e+01 4.407100974852967568e+01
4.693715594332417851e+01 4.204907933904532058e+01
4.693715594332417851e+01 4.246700297379486955e+01
4.693715594332417851e+01 4.649687985880328256e+01
4.693715594332417851e+01 4.234451688001166758e+01
4.693715594332417851e+01 5.103440029783752152e+01
4.693715594332417851e+01 5.225155242712745007e+01
4.693715594332417851e+01 5.042730665812904078e+01
4.693715594332417851e+01 4.703226352249460263e+01
4.693715594332417851e+01 5.170771269815246285e+01
4.693715594332417851e+01 4.515611251178769692e+01
4.693715594332417851e+01 4.660393291400585269e+01
4.693715594332417851e+01 4.448440093046261978e+01
4.693715594332417851e+01 4.470497933177049532e+01
4.693715594332417851e+01 5.545437968874708901e+01
4.693715594332417851e+01 4.344433341155669126e+01
4.693715594332417851e+01 4.844209410455050602e+01
4.693715594332417851e+01 4.603663142945593734e+01
4.693715594332417851e+01 4.111606899470788079e+01
4.693715594332417851e+01 4.701853738065437227e+01
4.693715594332417851e+01 4.881578133769392025e+01
4.693715594332417851e+01 5.230774202007879836e+01
4.693715594332417851e+01 4.197360540718646149e+01
4.693715594332417851e+01 4.897431528709000759e+01
4.693715594332417851e+01 3.976843647801847936e+01
4.693715594332417851e+01 4.694196335236674855e+01
4.693715594332417851e+01 5.352908669196068558e+01
4.693715594332417851e+01 4.776664698177479096e+01
4.693715594332417851e+01 4.908498964817529497e+01
4.693715594332417851e+01 4.651910430915696537e+01
4.693715594332417851e+01 4.319981618998787098e+01
4.693715594332417851e+01 4.937542558998558917e+01
4.693715594332417851e+01 4.359185600574920727e+01
4.693715594332417851e+01 4.462666627527371332e+01
4.693715594332417851e+01 4.636308054744478113e+01
4.693715594332417851e+01 4.626701860066396677e+01
4.693715594332417851e+01 4.563359913844323046e+01
4.693715594332417851e+01 4.240053709451719044e+01
4.693715594332417851e+01 4.628874327117433296e+01
4.693715594332417851e+01 4.984057427113168615e+01
4.693715594332417851e+01 4.527269128880567450e+01
4.693715594332417851e+01 4.380357184977394525e+01
4.693715594332417851e+01 4.709198191861431582e+01
4.693715594332417851e+01 4.457782269051935486e+01
4.693715594332417851e+01 4.478691638876775727e+01
4.693715594332417851e+01 4.458379482387547199e+01
4.693715594332417851e+01 3.998543526642701096e+01
4.693715594332417851e+01 4.756115331654185496e+01
4.693715594332417851e+01 4.516597356342453651e+01
4.693715594332417851e+01 4.699798475184459079e+01
4.693715594332417851e+01 4.326560220410119229e+01
4.693715594332417851e+01 4.350068763222577672e+01
4.693715594332417851e+01 4.638705228209948217e+01
4.693715594332417851e+01 4.626341948330731668e+01
4.693715594332417851e+01 4.458160554007308463e+01
4.693715594332417851e+01 4.805257724882130077e+01
4.693715594332417851e+01 4.748653619706630025e+01
4.693715594332417851e+01 4.658263025835794480e+01
4.693715594332417851e+01 4.927032288861447284e+01
4.693715594332417851e+01 4.480324779315704831e+01
4.693715594332417851e+01 4.364102455093897959e+01
4.693715594332417851e+01 4.614007152010380963e+01
4.693715594332417851e+01 4.589839972650148781e+01
4.693715594332417851e+01 4.392753586377848762e+01
4.693715594332417851e+01 4.723494707558378991e+01
4.693715594332417851e+01 4.487628325317260192e+01
4.693715594332417851e+01 4.644113668883272084e+01
4.693715594332417851e+01 4.212298311094598091e+01
4.693715594332417851e+01 5.001436621614931255e+01
4.693715594332417851e+01 4.255886354729077681e+01
4.693715594332417851e+01 4.477707918558149913e+01
4.693715594332417851e+01 3.997085202106442381e+01
4.693715594332417851e+01 4.608089505147550824e+01
4.693715594332417851e+01 4.773460116188240221e+01
4.693715594332417851e+01 4.863221478450935109e+01
4.693715594332417851e+01 4.392366056355049864e+01
4.693715594332417851e+01 4.472579652272675332e+01
4.693715594332417851e+01 4.735669132646197710e+01
4.693715594332417851e+01 4.265946141959908289e+01
4.693715594332417851e+01 4.302595955517988813e+01
4.693715594332417851e+01 4.381842361353281490e+01
4.693715594332417851e+01 5.069891255932606811e+01
4.693715594332417851e+01 4.341935077897447570e+01
4.693715594332417851e+01 4.037077697879545468e+01
4.693715594332417851e+01 4.581653675057349773e+01
4.693715594332417851e+01 4.141264986288629046e+01
4.693715594332417851e+01 4.746185875774324359e+01
4.693715594332417851e+01 4.591936642614591335e+01
4.693715594332417851e+01 4.708158789158397894e+01
4.693715594332417851e+01 4.329559469045267406e+01
4.693715594332417851e+01 4.639364590143683387e+01
4.693715594332417851e+01 4.534960265149674541e+01
4.693715594332417851e+01 4.845421368170335796e+01
4.693715594332417851e+01 5.156735922831305885e+01
4.693715594332417851e+01 3.982820069168338506e+01
4.693715594332417851e+01 4.976836760198163034e+01
4.693715594332417851e+01 4.559461293413282590e+01
4.693715594332417851e+01 4.571904270720735752e+01
4.693715594332417851e+01 4.730039289972247474e+01
4.693715594332417851e+01 4.559783683617991557e+01
4.693715594332417851e+01 5.089028553630272711e+01
4.693715594332417851e+01 4.214324306379199925e+01
4.693715594332417851e+01 4.481698177781862569e+01
4.693715594332417851e+01 4.282960205032340895e+01
4.693715594332417851e+01 4.868121823143770399e+01
4.693715594332417851e+01 4.318253642865425945e+01
4.693715594332417851e+01 4.823582574331724970e+01
4.693715594332417851e+01 4.155561636236403444e+01
4.693715594332417851e+01 4.546187401796236571e+01
4.693715594332417851e+01 4.589605746310534329e+01
4.693715594332417851e+01 4.342520079585436577e+01
4.693715594332417851e+01 4.825337251902529090e+01
4.693715594332417851e+01 4.528643034359482300e+01
4.693715594332417851e+01 4.130676904397241600e+01
4.693715594332417851e+01 4.663974910345963565e+01
4.693715594332417851e+01 4.517033078430869608e+01
4.693715594332417851e+01 5.181471122050139400e+01
4.693715594332417851e+01 4.727289379231201849e+01
4.693715594332417851e+01 4.392480216671491178e+01
4.693715594332417851e+01 4.266535540881237409e+01
4.693715594332417851e+01 4.318368576689910299e+01
4.693715594332417851e+01 4.603545516987527719e+01
4.693715594332417851e+01 4.587923172140104811e+01
4.693715594332417851e+01 4.620031375987882427e+01
4.693715594332417851e+01 4.767208133217219057e+01
4.693715594332417851e+01 4.054712449011444875e+01
4.693715594332417851e+01 4.496812950497318440e+01
4.693715594332417851e+01 4.808978638126141902e+01
4.693715594332417851e+01 4.262598331127171036e+01
4.693715594332417851e+01 4.649037971311329187e+01
4.693715594332417851e+01 4.748099467489615222e+01
4.693715594332417851e+01 4.637596832685250803e+01
4.693715594332417851e+01 4.502882872841214379e+01
4.693715594332417851e+01 4.769616793337314675e+01
4.693715594332417851e+01 4.674985512300059298e+01
4.693715594332417851e+01 4.984047009189460908e+01
4.693715594332417851e+01 4.389114869662688534e+01
4.693715594332417851e+01 4.872557361613176141e+01
4.693715594332417851e+01 4.509251356026685187e+01
4.693715594332417851e+01 5.024941379157591825e+01
4.693715594332417851e+01 4.218397976449868025e+01
4.693715594332417851e+01 4.794218069057176734e+01
4.693715594332417851e+01 5.129514899963474051e+01
4.693715594332417851e+01 4.681409532340078528e+01
4.693715594332417851e+01 4.390932350375694426e+01
4.693715594332417851e+01 4.682899340819950851e+01
4.693715594332417851e+01 5.155385876423310521e+01
4.693715594332417851e+01 4.514274376649207454e+01
4.693715594332417851e+01 4.985599557212992750e+01
4.693715594332417851e+01 4.469149256321059482e+01
4.693715594332417851e+01 4.532720717354686002e+01
4.693715594332417851e+01 4.766049704420281330e+01
4.693715594332417851e+01 4.134099947359126759e+01
4.693715594332417851e+01 5.401532593144333561e+01
4.693715594332417851e+01 4.737190670720852381e+01
4.693715594332417851e+01 4.809552034910093710e+01
4.693715594332417851e+01 4.754470264726418094e+01
4.693715594332417851e+01 4.721821678708633385e+01
4.693715594332417851e+01 3.939060881480332910e+01
4.693715594332417851e+01 5.262564466698009369e+01
4.693715594332417851e+01 4.861477913089320424e+01
4.693715594332417851e+01 5.014121165940592562e+01
4.693715594332417851e+01 4.245063293566171581e+01
4.693715594332417851e+01 4.507182375113783479e+01
4.693715594332417851e+01 4.510806399217037210e+01
4.693715594332417851e+01 4.550035882116267771e+01
4.693715594332417851e+01 4.846836147521906923e+01
4.693715594332417851e+01 4.885486090148269511e+01
4.693715594332417851e+01 4.413513389839619094e+01
4.693715594332417851e+01 4.373752455968457298e+01
4.693715594332417851e+01 4.370855786822967559e+01
4.693715594332417851e+01 4.335307026394857388e+01
4.693715594332417851e+01 4.642558989622774845e+01
4.693715594332417851e+01 4.462837520106342026e+01
4.693715594332417851e+01 4.918714836373357713e+01
4.693715594332417851e+01 4.660227598006748195e+01
4.693715594332417851e+01 4.890410721521543280e+01
4.693715594332417851e+01 4.656292937821207545e+01
4.693715594332417851e+01 3.904325531995369403e+01
4.693715594332417851e+01 4.338957957473573401e+01
4.693715594332417851e+01 4.842015900221667124e+01
4.693715594332417851e+01 4.310437886604049140e+01
4.693715594332417851e+01 4.899416519326237562e+01
4.693715594332417851e+01 4.872849412505313182e+01
4.693715594332417851e+01 3.986100913507566901e+01
4.693715594332417851e+01 4.210971360125382290e+01
4.693715594332417851e+01 4.461482230429841422e+01
4.693715594332417851e+01 4.866043162811991607e+01
4.693715594332417851e+01 4.506817481484682730e+01
4.693715594332417851e+01 5.244648260399380746e+01
4.693715594332417851e+01 5.365826328313343652e+01
4.693715594332417851e+01 4.709685348366842561e+01
4.693715594332417851e+01 4.400488185121900386e+01
4.693715594332417851e+01 4.477688442170871497e+01
4.693715594332417851e+01 4.769725032157258227e+01
4.693715594332417851e+01 4.561862600841725168e+01
4.693715594332417851e+01 4.067887751187944900e+01
4.693715594332417851e+01 4.745924222647654034e+01
4.693715594332417851e+01 4.745804223549464496e+01
4.693715594332417851e+01 4.705096088179197977e+01
4.693715594332417851e+01 4.332584432581016642e+01
4.693715594332417851e+01 4.745106935309280516e+01
4.693715594332417851e+01 5.240025781649080727e+01
4.693715594332417851e+01 4.461078028946398177e+01
4.693715594332417851e+01 4.197930945400038638e+01
4.693715594332417851e+01 4.772879129818768007e+01
4.693715594332417851e+01 4.943616371179106039e+01
4.693715594332417851e+01 4.557526107464189380e+01
4.693715594332417851e+01 4.611396981499216707e+01
4.693715594332417851e+01 4.924644162833713068e+01
4.693715594332417851e+01 4.401301023235906484e+01
4.693715594332417851e+01 4.534316633530423957e+01
4.693715594332417851e+01 4.676939588072930576e+01
4.693715594332417851e+01 6.052285053392071745e+01
4.693715594332417851e+01 4.748691359094488007e+01
4.693715594332417851e+01 4.798206374297596000e+01
4.693715594332417851e+01 4.072483564109556653e+01
4.693715594332417851e+01 4.916084342174333699e+01
4.693715594332417851e+01 4.775794128731636334e+01
4.693715594332417851e+01 4.502781529953495010e+01
4.693715594332417851e+01 4.290338015897737023e+01
4.693715594332417851e+01 4.324072704888789787e+01
4.693715594332417851e+01 4.553160975312515291e+01
4.693715594332417851e+01 5.270734893865301274e+01
4.693715594332417851e+01 4.645210154223677534e+01
4.693715594332417851e+01 4.719119957264398124e+01
4.693715594332417851e+01 4.627501765834541914e+01
4.693715594332417851e+01 4.712672278264181358e+01
4.693715594332417851e+01 4.355776649227690456e+01
4.693715594332417851e+01 4.356382743400906321e+01
4.693715594332417851e+01 4.738805862186914197e+01
4.693715594332417851e+01 5.106103432551071108e+01
4.693715594332417851e+01 4.708105561525741223e+01
4.693715594332417851e+01 4.826023014720453119e+01
4.693715594332417851e+01 4.692081315851068268e+01
4.693715594332417851e+01 4.398427663927099474e+01
4.693715594332417851e+01 4.195374596573805093e+01
4.693715594332417851e+01 4.933204968183974870e+01
4.693715594332417851e+01 4.934738666771998084e+01
4.693715594332417851e+01 4.391138974519157756e+01
4.693715594332417851e+01 4.911115319518834355e+01
4.693715594332417851e+01 4.700446081307453738e+01
4.693715594332417851e+01 4.697137906393407292e+01
4.693715594332417851e+01 4.822803966765263084e+01
4.693715594332417851e+01 4.830043032727548535e+01
4.693715594332417851e+01 4.171442092217205300e+01
4.693715594332417851e+01 4.492012782910067159e+01
4.693715594332417851e+01 4.884575067205235399e+01
4.693715594332417851e+01 4.693144053907839464e+01
4.693715594332417851e+01 4.408270464921212550e+01
4.693715594332417851e+01 5.245773742012222840e+01
4.693715594332417851e+01 4.606925643178547602e+01
4.693715594332417851e+01 4.483230396655558536e+01
4.693715594332417851e+01 4.221672067112751847e+01
4.693715594332417851e+01 4.264141079351632158e+01
4.693715594332417851e+01 5.020732785674732668e+01
4.693715594332417851e+01 4.611081155543457299e+01
4.693715594332417851e+01 5.018976800035000707e+01
4.693715594332417851e+01 4.725166050735631273e+01
4.693715594332417851e+01 4.357810693418586112e+01
4.693715594332417851e+01 4.806667131818579719e+01
4.693715594332417851e+01 4.913447719757993326e+01
4.693715594332417851e+01 4.514591021048923380e+01
4.693715594332417851e+01 4.706311812020516072e+01
4.693715594332417851e+01 4.636736837458437321e+01
4.693715594332417851e+01 4.412349194844800593e+01
4.693715594332417851e+01 4.740676218537097242e+01
4.693715594332417851e+01 4.464587006896906018e+01
4.693715594332417851e+01 4.277024654408735671e+01
4.693715594332417851e+01 4.449214130227998254e+01
4.693715594332417851e+01 4.988658160985200851e+01
4.693715594332417851e+01 5.058465717312070353e+01
4.693715594332417851e+01 4.684639521821410568e+01
4.693715594332417851e+01 5.061181430042926621e+01
4.693715594332417851e+01 4.768020165071867211e+01
4.693715594332417851e+01 4.893423362445099656e+01
4.693715594332417851e+01 5.179193924517002046e+01
4.693715594332417851e+01 4.617398076211460989e+01
4.693715594332417851e+01 4.623461370348724131e+01
4.693715594332417851e+01 4.355450292420874803e+01
4.693715594332417851e+01 5.085701168110011139e+01
4.693715594332417851e+01 4.360747443250205890e+01
4.693715594332417851e+01 4.459258564814209791e+01
4.693715594332417851e+01 4.794126895819898238e+01
4.693715594332417851e+01 5.211797023499938319e+01
4.693715594332417851e+01 4.438731749837776164e+01
4.693715594332417851e+01 5.190341996376467648e+01
4.693715594332417851e+01 4.504767478672257397e+01
4.693715594332417851e+01 4.287526556801673649e+01
4.693715594332417851e+01 4.894758155171597025e+01
4.693715594332417851e+01 4.401385641500365864e+01
4.693715594332417851e+01 4.580709512216948553e+01
4.693715594332417851e+01 4.507654277474892979e+01
4.693715594332417851e+01 4.757314533066666229e+01
4.693715594332417851e+01 4.645583050939941216e+01
4.693715594332417851e+01 4.588847862772220765e+01
4.693715594332417851e+01 4.348435308539060173e+01
4.693715594332417851e+01 4.256974950394054957e+01
4.693715594332417851e+01 4.338995442264767632e+01
4.693715594332417851e+01 5.039950919565294640e+01
4.693715594332417851e+01 4.606224764729436316e+01
4.693715594332417851e+01 4.132998235363828599e+01
4.693715594332417851e+01 4.843405022700176943e+01
4.693715594332417851e+01 4.281707308652998734e+01
4.693715594332417851e+01 4.911171539480938009e+01
4.693715594332417851e+01 4.292062404888110905e+01
4.693715594332417851e+01 4.470429311977097342e+01
4.693715594332417851e+01 4.828383762881577468e+01
4.693715594332417851e+01 4.184553433866647509e+01
4.693715594332417851e+01 4.981849984832729206e+01
4.693715594332417851e+01 4.847893547446640383e+01
4.693715594332417851e+01 4.782866739652530441e+01
4.693715594332417851e+01 4.713617833784256561e+01
4.693715594332417851e+01 4.519626025364025423e+01
4.693715594332417851e+01 4.346667085520071083e+01
4.693715594332417851e+01 4.391648202531498413e+01
4.693715594332417851e+01 4.429365440707429968e+01
4.693715594332417851e+01 4.472207542430049898e+01
4.693715594332417851e+01 4.231753130973788046e+01
4.693715594332417851e+01 4.816121853147500076e+01
4.693715594332417851e+01 4.426853280836240856e+01
4.693715594332417851e+01 4.403585033460399956e+01
4.693715594332417851e+01 4.930534769069426915e+01
4.693715594332417851e+01 4.098810093124021847e+01
4.693715594332417851e+01 4.493980927777428747e+01
4.693715594332417851e+01 4.840890066636114852e+01
4.693715594332417851e+01 4.683018508098604826e+01
4.693715594332417851e+01 4.247506666730057390e+01
4.693715594332417851e+01 5.029914133899882955e+01
4.693715594332417851e+01 4.924095972402108146e+01
4.693715594332417851e+01 4.344993111984890533e+01
4.693715594332417851e+01 4.588883267664265020e+01
4.693715594332417851e+01 4.673100486598377756e+01
4.693715594332417851e+01 4.427984794373752209e+01
4.693715594332417851e+01 4.270233425579807118e+01
4.693715594332417851e+01 4.693225551560828279e+01
4.693715594332417851e+01 5.134965993083114455e+01
4.693715594332417851e+01 4.225218473813624342e+01
4.693715594332417851e+01 4.676694532425839412e+01
4.693715594332417851e+01 4.474655288173846657e+01
4.693715594332417851e+01 4.824475003520608141e+01
4.693715594332417851e+01 4.443138553031626969e+01
4.693715594332417851e+01 4.142626678770615456e+01
4.693715594332417851e+01 5.297039300852785715e+01
4.693715594332417851e+01 4.012095178481909130e+01
4.693715594332417851e+01 4.711432963224157788e+01
4.693715594332417851e+01 5.305948340239501704e+01
4.693715594332417851e+01 5.072977995426194298e+01
4.693715594332417851e+01 4.524451263596548500e+01
4.693715594332417851e+01 4.862896639836669976e+01
4.693715594332417851e+01 4.801373791621833931e+01
4.693715594332417851e+01 4.491632385629100810e+01
4.693715594332417851e+01 4.426854422920516896e+01
4.693715594332417851e+01 5.054550737343960520e+01
4.693715594332417851e+01 4.657249260353229658e+01
4.693715594332417851e+01 4.557807697659501400e+01
4.693715594332417851e+01 4.573640864068214285e+01
4.693715594332417851e+01 4.978109322927938507e+01
4.693715594332417851e+01 4.222740265213472100e+01
4.693715594332417851e+01 4.177095199197196962e+01
4.693715594332417851e+01 4.478754042903817378e+01
4.693715594332417851e+01 4.677357831727498194e+01
4.693715594332417851e+01 4.221917935267891409e+01
4.693715594332417851e+01 4.894029302426453398e+01
4.693715594332417851e+01 4.496430068356001186e+01
4.693715594332417851e+01 4.568342907555800991e+01
4.693715594332417851e+01 4.513684540700102588e+01
4.693715594332417851e+01 4.178402007269716023e+01
4.693715594332417851e+01 4.311187199757072364e+01
4.693715594332417851e+01 4.282285954298091468e+01
4.693715594332417851e+01 3.866244233225366145e+01
4.693715594332417851e+01 4.975730912990931643e+01
4.693715594332417851e+01 4.502583829784867220e+01
4.693715594332417851e+01 4.863882105582785442e+01
4.693715594332417851e+01 4.767830010557042186e+01
4.693715594332417851e+01 5.242814711814593664e+01
4.693715594332417851e+01 4.573549227644024739e+01
4.693715594332417851e+01 4.729150443105252322e+01
4.693715594332417851e+01 4.671419713841952159e+01
4.693715594332417851e+01 4.718864489292097630e+01
4.693715594332417851e+01 4.841048447004457245e+01
4.693715594332417851e+01 4.460801602274693778e+01
4.693715594332417851e+01 4.378594308900456866e+01
4.693715594332417851e+01 4.806840697115996619e+01
4.693715594332417851e+01 4.570864027510904748e+01
4.693715594332417851e+01 4.423999362180700246e+01
4.693715594332417851e+01 4.524381023704747662e+01
4.693715594332417851e+01 4.336193562479851238e+01
4.693715594332417851e+01 4.189519854227015827e+01
4.693715594332417851e+01 5.015587818002776288e+01
4.693715594332417851e+01 4.297579272258896310e+01
4.693715594332417851e+01 4.434216632117570356e+01
4.693715594332417851e+01 5.135646248750609999e+01
4.693715594332417851e+01 4.349406077767212508e+01
4.693715594332417851e+01 4.342304458268932876e+01
4.693715594332417851e+01 4.698656805899719302e+01
4.693715594332417851e+01 4.721423730093849969e+01
4.693715594332417851e+01 4.834671672993179925e+01
4.693715594332417851e+01 4.350328070229561206e+01
4.693715594332417851e+01 5.048575543814786215e+01
4.693715594332417851e+01 4.701572621241410843e+01
4.693715594332417851e+01 4.467431961845149857e+01
4.693715594332417851e+01 4.861828159644311853e+01
4.693715594332417851e+01 4.972636756908347166e+01
4.693715594332417851e+01 4.413375909736121372e+01
4.693715594332417851e+01 4.352886353802536235e+01
4.693715594332417851e+01 4.013489694381859607e+01
4.693715594332417851e+01 4.511807347653468270e+01
4.693715594332417851e+01 4.378012078858406397e+01
4.693715594332417851e+01 4.843061171775060103e+01
4.693715594332417851e+01 4.319862768294067479e+01
4.693715594332417851e+01 5.256854011106906910e+01
4.693715594332417851e+01 4.197763886944402856e+01
4.693715594332417851e+01 4.789452464104186902e+01
4.693715594332417851e+01 5.312329827731941378e+01
4.693715594332417851e+01 4.236373134976123822e+01
4.693715594332417851e+01 4.531801616579659253e+01
4.693715594332417851e+01 4.770697866462150927e+01
4.693715594332417851e+01 4.445619549616088051e+01
4.693715594332417851e+01 4.772797575540718640e+01
4.693715594332417851e+01 4.381446156765733235e+01
4.693715594332417851e+01 4.707685291382181703e+01
4.693715594332417851e+01 5.289342817504685712e+01
4.693715594332417851e+01 4.455738637141610781e+01
4.693715594332417851e+01 4.108049160856108983e+01
4.693715594332417851e+01 4.807912654925345919e+01
4.693715594332417851e+01 4.344339569935984002e+01
4.693715594332417851e+01 4.820069940030216316e+01
4.693715594332417851e+01 4.604802317580674753e+01
4.693715594332417851e+01 5.015910758469925668e+01
4.693715594332417851e+01 4.880641881574874219e+01
4.693715594332417851e+01 4.631083189956143542e+01
4.693715594332417851e+01 4.463330705402158571e+01
4.693715594332417851e+01 4.526437377064919332e+01
4.693715594332417851e+01 4.101340356744698568e+01
4.693715594332417851e+01 4.375942244826516969e+01
4.693715594332417851e+01 4.514325716588348314e+01
4.693715594332417851e+01 4.221409773104156216e+01
4.693715594332417851e+01 4.786655485965906109e+01
4.693715594332417851e+01 4.871725575185863022e+01
4.693715594332417851e+01 4.276045066218613044e+01
4.693715594332417851e+01 4.753209094312193628e+01
4.693715594332417851e+01 4.748313888361351331e+01
4.693715594332417851e+01 4.204398983526666456e+01
4.693715594332417851e+01 5.109717635457153051e+01
4.693715594332417851e+01 4.406132113874105727e+01
4.693715594332417851e+01 4.483340141530359091e+01
4.693715594332417851e+01 4.393494931391177971e+01
4.693715594332417851e+01 5.127279852566756801e+01
4.693715594332417851e+01 4.498314359680556151e+01
4.693715594332417851e+01 4.280292991572077455e+01
4.693715594332417851e+01 4.671532588481730386e+01
4.693715594332417851e+01 4.483688685345244096e+01
4.693715594332417851e+01 4.528874831445487104e+01
4.693715594332417851e+01 4.274790317292887920e+01
4.693715594332417851e+01 4.367433235957601312e+01
4.693715594332417851e+01 4.312300980799385286e+01
4.693715594332417851e+01 4.732125457364711707e+01
4.693715594332417851e+01 4.612538949625770357e+01
4.693715594332417851e+01 4.383116170421516244e+01
4.693715594332417851e+01 4.919097687361823290e+01
4.693715594332417851e+01 4.403650726717793162e+01
4.693715594332417851e+01 4.996813148370984692e+01
4.693715594332417851e+01 4.533322893152367783e+01
4.693715594332417851e+01 4.473794580278266153e+01
4.693715594332417851e+01 5.008741082845390480e+01
4.693715594332417851e+01 4.550566862408349067e+01
4.693715594332417851e+01 4.673884304096564790e+01
4.693715594332417851e+01 4.375007998415939170e+01
4.693715594332417851e+01 4.213310702510054995e+01
4.693715594332417851e+01 5.123646511044108820e+01
4.693715594332417851e+01 4.646315489161329282e+01
4.693715594332417851e+01 4.778803613364064518e+01
4.693715594332417851e+01 4.259261341645952825e+01
4.693715594332417851e+01 4.501892315938479072e+01
4.693715594332417851e+01 5.147596294309848020e+01
4.693715594332417851e+01 4.597053728564769415e+01
4.693715594332417851e+01 5.226731978448598426e+01
4.693715594332417851e+01 4.625144642427817132e+01
4.693715594332417851e+01 5.073599079978766468e+01
4.693715594332417851e+01 4.678705807727687471e+01
4.693715594332417851e+01 4.601069695108218838e+01
4.693715594332417851e+01 4.495701805932907291e+01
4.693715594332417851e+01 4.609926645388528499e+01
4.693715594332417851e+01 4.867696317633347292e+01
4.693715594332417851e+01 5.629921740620795134e+01
4.693715594332417851e+01 4.929120223501710996e+01
4.693715594332417851e+01 4.988876951567010565e+01
4.693715594332417851e+01 4.975315249614935453e+01
4.693715594332417851e+01 4.242914585378279924e+01
4.693715594332417851e+01 4.101154610230850039e+01
4.693715594332417851e+01 4.661771841124976845e+01
4.693715594332417851e+01 4.857522905663537216e+01
4.693715594332417851e+01 4.997384078697614029e+01
4.693715594332417851e+01 4.604017967429066971e+01
4.693715594332417851e+01 4.332930336450790065e+01
4.693715594332417851e+01 5.028082163695598439e+01
4.693715594332417851e+01 4.167103619339102494e+01
4.693715594332417851e+01 4.182198703242114846e+01
4.693715594332417851e+01 4.727306216075938750e+01
4.693715594332417851e+01 4.777335795274123598e+01
4.693715594332417851e+01 3.694520521281261694e+01
4.693715594332417851e+01 4.301553174012070002e+01
4.693715594332417851e+01 4.722056145654025272e+01
4.693715594332417851e+01 4.723239758220292117e+01
4.693715594332417851e+01 4.290945538882326105e+01
4.693715594332417851e+01 4.567349360613732046e+01
4.693715594332417851e+01 4.547194707285247972e+01
4.693715594332417851e+01 4.434699722294731572e+01
4.693715594332417851e+01 4.380377240543882067e+01
4.693715594332417851e+01 4.795706234041542615e+01
4.693715594332417851e+01 4.779757561003110311e+01
4.693715594332417851e+01 5.117411589551112883e+01
4.693715594332417851e+01 4.938384284954121739e+01
4.693715594332417851e+01 4.511050621841584274e+01
4.693715594332417851e+01 4.683350477271439161e+01
4.693715594332417851e+01 5.002420476800030258e+01
4.693715594332417851e+01 4.521999923466810856e+01
4.693715594332417851e+01 4.585846247893752547e+01
4.693715594332417851e+01 5.620545906380348100e+01
4.693715594332417851e+01 4.414666090302247170e+01
4.693715594332417851e+01 4.385803290634429885e+01
4.693715594332417851e+01 4.081567672706183458e+01
4.693715594332417851e+01 4.538795709120846311e+01
4.693715594332417851e+01 4.980652085368831905e+01
4.693715594332417851e+01 4.781170566513185349e+01
4.693715594332417851e+01 4.689453624048140057e+01
4.693715594332417851e+01 4.999300047099093547e+01
4.693715594332417851e+01 4.740025400294162949e+01
4.693715594332417851e+01 4.460829676075847061e+01
4.693715594332417851e+01 4.946341606875393637e+01
4.693715594332417851e+01 4.411239771838688739e+01
4.693715594332417851e+01 4.511136193643259418e+01
4.693715594332417851e+01 4.761514936444330459e+01
4.693715594332417851e+01 4.532703299238621497e+01
4.693715594332417851e+01 4.954052772992343989e+01
4.693715594332417851e+01 5.006370497163425881e+01
4.693715594332417851e+01 4.457617466998283362e+01
4.693715594332417851e+01 4.579746914182552331e+01
4.693715594332417851e+01 3.978428564343028739e+01
4.693715594332417851e+01 4.954719298299253438e+01
4.693715594332417851e+01 4.999406044747939148e+01
4.693715594332417851e+01 4.288062587301399020e+01
4.693715594332417851e+01 4.740071007818008297e+01
4.693715594332417851e+01 4.325116686667311683e+01
4.693715594332417851e+01 4.445362178336527847e+01
4.693715594332417851e+01 4.562309722891460950e+01
4.693715594332417851e+01 4.130350013375029050e+01
4.693715594332417851e+01 4.305983429086684566e+01
4.693715594332417851e+01 5.088435558087476807e+01
4.693715594332417851e+01 4.521006968513875535e+01
4.693715594332417851e+01 5.037889270263575270e+01
4.693715594332417851e+01 5.056494479854830359e+01
4.693715594332417851e+01 4.496836812108458759e+01
4.693715594332417851e+01 5.548053666399379580e+01
4.693715594332417851e+01 3.888699443242849441e+01
4.693715594332417851e+01 5.168943297589383690e+01
4.693715594332417851e+01 4.833355699027055863e+01
4.693715594332417851e+01 4.643939889509106678e+01
4.693715594332417851e+01 3.897851253717118425e+01
4.693715594332417851e+01 4.985772469887936609e+01
4.693715594332417851e+01 3.975902580309539758e+01
4.693715594332417851e+01 4.502762219085607143e+01
4.693715594332417851e+01 4.801342365891423469e+01
4.693715594332417851e+01 4.444081004991679151e+01
4.693715594332417851e+01 4.710530481198533437e+01
4.693715594332417851e+01 4.854658841086180132e+01
4.693715594332417851e+01 4.625002526444383477e+01
4.693715594332417851e+01 4.687093375896122893e+01
4.693715594332417851e+01 4.897254334123571340e+01
4.693715594332417851e+01 4.598135153940221187e+01
4.693715594332417851e+01 4.310634730647625901e+01
4.693715594332417851e+01 4.375363104925101254e+01
4.693715594332417851e+01 4.508251780177551638e+01
4.693715594332417851e+01 4.509784121798398360e+01
4.693715594332417851e+01 4.493213962221292945e+01
4.693715594332417851e+01 4.755120549771663718e+01
4.693715594332417851e+01 4.814909596963234151e+01
4.693715594332417851e+01 4.785939632483093931e+01
4.693715594332417851e+01 4.760687870532413513e+01
4.693715594332417851e+01 4.919608760664630154e+01
4.693715594332417851e+01 4.771087264299253405e+01
4.693715594332417851e+01 4.998408194671725369e+01
4.693715594332417851e+01 4.837778668537890780e+01
4.693715594332417851e+01 4.934970580858210099e+01
4.693715594332417851e+01 4.873561010299267338e+01
4.693715594332417851e+01 5.120574175779437809e+01
4.693715594332417851e+01 4.902383248713726971e+01
4.693715594332417851e+01 4.520934077050880973e+01
4.693715594332417851e+01 5.243597125207799081e+01
4.693715594332417851e+01 5.425513417985408893e+01
4.693715594332417851e+01 4.153361791190466334e+01
4.693715594332417851e+01 4.224558846596432460e+01
4.693715594332417851e+01 4.975259213757928478e+01
4.693715594332417851e+01 4.701515475588026050e+01
4.693715594332417851e+01 4.163666983810966826e+01
4.693715594332417851e+01 4.502170017922526313e+01
4.693715594332417851e+01 4.716778297247738294e+01
4.693715594332417851e+01 4.952251871968071839e+01
4.693715594332417851e+01 4.388988061215210479e+01
4.693715594332417851e+01 4.959481499977365360e+01
4.693715594332417851e+01 4.315796410697074492e+01
4.693715594332417851e+01 5.015087110964621786e+01
4.693715594332417851e+01 4.144181398701226726e+01
4.693715594332417851e+01 5.040587832953480074e+01
4.693715594332417851e+01 4.889318704871671883e+01
4.693715594332417851e+01 4.673534458846513928e+01
4.693715594332417851e+01 5.024797954419629065e+01
4.693715594332417851e+01 5.326161488781236386e+01
4.693715594332417851e+01 4.984394434344719826e+01
4.693715594332417851e+01 4.079659445605777535e+01
4.693715594332417851e+01 4.436964988151938627e+01
4.693715594332417851e+01 4.214988854722174239e+01
4.693715594332417851e+01 4.189186602005202786e+01
4.693715594332417851e+01 5.537636926120980263e+01
4.693715594332417851e+01 5.093274036126162230e+01
4.693715594332417851e+01 4.482586542168622401e+01
4.693715594332417851e+01 5.273397811684715464e+01
4.693715594332417851e+01 4.477314371659124959e+01
4.693715594332417851e+01 4.421879238312241256e+01
4.693715594332417851e+01 4.877906291886866796e+01
4.693715594332417851e+01 4.176718274089375882e+01
4.693715594332417851e+01 5.209093863838921834e+01
4.693715594332417851e+01 4.975634188796089319e+01
4.693715594332417851e+01 4.891737790284852139e+01
4.693715594332417851e+01 4.009953467696632146e+01
4.693715594332417851e+01 4.421344296235275806e+01
4.693715594332417851e+01 4.072481963498462676e+01
4.693715594332417851e+01 5.079609060941516674e+01
4.693715594332417851e+01 4.833052876656667252e+01
4.693715594332417851e+01 4.944203935062750332e+01
4.693715594332417851e+01 4.265933499777188587e+01
4.693715594332417851e+01 4.715932913918620528e+01
4.693715594332417851e+01 4.758467583295815473e+01
4.693715594332417851e+01 5.542713543004300192e+01
4.693715594332417851e+01 4.439572013181542331e+01
4.693715594332417851e+01 4.374053737892644733e+01
4.693715594332417851e+01 5.032185606541113998e+01
4.693715594332417851e+01 4.538468327980388040e+01
4.693715594332417851e+01 4.294193080076373548e+01
4.693715594332417851e+01 4.538953395078011965e+01
4.693715594332417851e+01 4.365008131805831226e+01
4.693715594332417851e+01 5.011536129169262210e+01
4.693715594332417851e+01 5.004363719805623845e+01
4.693715594332417851e+01 4.960373084518413123e+01
4.693715594332417851e+01 4.413772887875245488e+01
4.693715594332417851e+01 4.456497793363101323e+01
4.693715594332417851e+01 4.741461744677241086e+01
4.693715594332417851e+01 4.480253997891965412e+01
4.693715594332417851e+01 4.559004485888780778e+01
4.693715594332417851e+01 4.644884629563410527e+01
4.693715594332417851e+01 4.744341796740970807e+01
4.693715594332417851e+01 4.525721575182989653e+01
4.693715594332417851e+01 4.685549981378211015e+01
4.693715594332417851e+01 4.919046628577346780e+01
4.693715594332417851e+01 4.949823455506144398e+01
4.693715594332417851e+01 4.928157887321202679e+01
4.693715594332417851e+01 4.512597088863078199e+01
4.693715594332417851e+01 4.487810726734062428e+01
4.693715594332417851e+01 4.365181019452808187e+01
4.693715594332417851e+01 5.166621533020062174e+01
4.693715594332417851e+01 4.450030039747995403e+01
4.693715594332417851e+01 4.092104649349923307e+01
4.693715594332417851e+01 4.545423887145004471e+01
4.693715594332417851e+01 4.489420795037828782e+01
4.693715594332417851e+01 4.358908219717235966e+01
4.693715594332417851e+01 4.096680332979575923e+01
4.693715594332417851e+01 4.440868339628169537e+01
4.693715594332417851e+01 4.358619795509353878e+01
4.693715594332417851e+01 4.853999224386597433e+01
4.693715594332417851e+01 4.328748454753723962e+01
4.693715594332417851e+01 4.727164279308641426e+01
4.693715594332417851e+01 4.604377489316551930e+01
4.693715594332417851e+01 4.668786406700003511e+01
4.693715594332417851e+01 5.163531014449180390e+01
4.693715594332417851e+01 4.813435127926922519e+01
4.693715594332417851e+01 4.295316664877024238e+01
4.693715594332417851e+01 4.681035692247528601e+01
4.693715594332417851e+01 5.226903948670892674e+01
4.693715594332417851e+01 4.442987911149862867e+01
4.693715594332417851e+01 4.693634617509557216e+01
4.693715594332417851e+01 4.428362169792524838e+01
4.693715594332417851e+01 4.365281675039329201e+01
4.693715594332417851e+01 4.551151113398000803e+01
4.693715594332417851e+01 4.452769612116974685e+01
4.693715594332417851e+01 4.365019813704174112e+01
4.693715594332417851e+01 4.649833589700747183e+01
4.693715594332417851e+01 3.801739904482627708e+01
4.693715594332417851e+01 4.790871848241761910e+01
4.693715594332417851e+01 4.694398261965307029e+01
4.693715594332417851e+01 4.681523855084823538e+01
4.693715594332417851e+01 4.444770336567234637e+01
4.693715594332417851e+01 4.404195259977048238e+01
4.693715594332417851e+01 4.855366267997721508e+01
4.693715594332417851e+01 5.075147637755569008e+01
4.693715594332417851e+01 4.343030638671194765e+01
4.693715594332417851e+01 4.177786759143597806e+01
4.693715594332417851e+01 4.542134750520100539e+01
4.693715594332417851e+01 4.583234491343222317e+01
4.693715594332417851e+01 4.248478565316973743e+01
4.693715594332417851e+01 4.732499890378779384e+01
4.693715594332417851e+01 4.388008585215281698e+01
4.693715594332417851e+01 5.203941988562928600e+01
4.693715594332417851e+01 4.687190955104826884e+01
4.693715594332417851e+01 4.562847585046565513e+01
4.693715594332417851e+01 4.654824286559210833e+01
4.693715594332417851e+01 4.602594463628190624e+01
4.693715594332417851e+01 4.503757313568876697e+01
4.693715594332417851e+01 4.689053314090877933e+01
4.693715594332417851e+01 4.581201967044172108e+01
4.693715594332417851e+01 4.520325479592671769e+01
4.693715594332417851e+01 4.394485806571344000e+01
4.693715594332417851e+01 4.683252349869920295e+01
4.693715594332417851e+01 4.436869510035775477e+01
4.693715594332417851e+01 4.201450038949176502e+01
4.693715594332417851e+01 4.483659868367811896e+01
4.693715594332417851e+01 4.311085411911125220e+01
4.693715594332417851e+01 4.331648405754047815e+01
4.693715594332417851e+01 3.993184851154850890e+01
4.693715594332417851e+01 5.297763110353249516e+01
4.693715594332417851e+01 4.635609862999704234e+01
4.693715594332417851e+01 4.079437043737370772e+01
4.693715594332417851e+01 4.631227069618778813e+01
4.693715594332417851e+01 4.889662928504424144e+01
4.693715594332417851e+01 4.702826942055325077e+01
4.693715594332417851e+01 4.442415646090239534e+01
4.693715594332417851e+01 4.147967314746427547e+01
4.693715594332417851e+01 4.544484600086633463e+01
4.693715594332417851e+01 4.753111000261669972e+01
4.693715594332417851e+01 4.301293008218923575e+01
4.693715594332417851e+01 5.053786793463198990e+01
4.693715594332417851e+01 3.764768571200214353e+01
4.693715594332417851e+01 4.360429049623941467e+01
4.693715594332417851e+01 4.038453581210231391e+01
4.693715594332417851e+01 4.879122038142821793e+01
4.693715594332417851e+01 4.281553393492584547e+01
4.693715594332417851e+01 4.674109516647560270e+01
4.693715594332417851e+01 5.457806802093824672e+01
4.693715594332417851e+01 4.298935792151904423e+01
4.693715594332417851e+01 4.403391626519414359e+01
4.693715594332417851e+01 4.442932869590087108e+01
4.693715594332417851e+01 4.618037173715249111e+01
4.693715594332417851e+01 5.090862903637053449e+01
4.693715594332417851e+01 4.955501435195711224e+01
4.693715594332417851e+01 4.602595659683462515e+01
4.693715594332417851e+01 4.621264838181748047e+01
4.693715594332417851e+01 4.989173481380692721e+01
4.693715594332417851e+01 4.821256904764450724e+01
4.693715594332417851e+01 5.649848905420683565e+01
4.693715594332417851e+01 4.300137953362708743e+01
4.693715594332417851e+01 4.901923981353235860e+01
4.693715594332417851e+01 5.071074552226890830e+01
4.693715594332417851e+01 4.370686941206275833e+01
4.693715594332417851e+01 4.223621840462084975e+01
4.693715594332417851e+01 4.554235530327419212e+01
4.693715594332417851e+01 4.071274182524706475e+01
4.693715594332417851e+01 4.686671247588151346e+01
4.693715594332417851e+01 4.361887496585764978e+01
4.693715594332417851e+01 5.199195828840794320e+01
4.693715594332417851e+01 4.421449916807524971e+01
4.693715594332417851e+01 4.539942000061741822e+01
4.693715594332417851e+01 4.547673976911661953e+01
4.693715594332417851e+01 4.935154094133290670e+01
4.693715594332417851e+01 4.734975661846073791e+01
4.693715594332417851e+01 4.665600931446095245e+01
4.693715594332417851e+01 4.973325961642051141e+01
4.693715594332417851e+01 4.187409220814943467e+01
4.693715594332417851e+01 4.903567700710079436e+01
4.693715594332417851e+01 4.915644799997391345e+01
4.693715594332417851e+01 4.991215201678345181e+01
4.693715594332417851e+01 4.778500610272052995e+01
4.693715594332417851e+01 4.270939040704425338e+01
4.693715594332417851e+01 4.279114037160565687e+01
4.693715594332417851e+01 4.503942456408476858e+01
4.693715594332417851e+01 4.618389725700252768e+01
4.693715594332417851e+01 4.387421879664010760e+01
4.693715594332417851e+01 4.632862266945438989e+01
4.693715594332417851e+01 4.483560561686751811e+01
4.693715594332417851e+01 4.825632475377214092e+01
4.693715594332417851e+01 4.822788222272439640e+01
4.693715594332417851e+01 4.372667912199177920e+01
4.693715594332417851e+01 4.494142770946600507e+01
4.693715594332417851e+01 4.266343121581351028e+01
4.693715594332417851e+01 4.563959164491294018e+01
4.693715594332417851e+01 4.101849228244922330e+01
4.693715594332417851e+01 4.264330314263336419e+01
4.693715594332417851e+01 4.814716466589213439e+01
4.693715594332417851e+01 5.069374647199753525e+01
4.693715594332417851e+01 5.043599193514381795e+01
4.693715594332417851e+01 4.470525197152977626e+01
4.693715594332417851e+01 3.920755697593630629e+01
4.693715594332417851e+01 4.261235938768255949e+01
4.693715594332417851e+01 5.198206060085645674e+01
4.693715594332417851e+01 4.237040840768596439e+01
4.693715594332417851e+01 5.304030321358190747e+01
4.693715594332417851e+01 4.186702607400560794e+01
4.693715594332417851e+01 4.289502087127975472e+01
4.693715594332417851e+01 4.471760081362881323e+01
4.693715594332417851e+01 5.328701793353833693e+01
4.693715594332417851e+01 4.950178563498050011e+01
4.693715594332417851e+01 4.872572817473059814e+01
4.693715594332417851e+01 4.835040301954561670e+01
4.693715594332417851e+01 4.564485732613962199e+01
4.693715594332417851e+01 4.846464080158854415e+01
4.693715594332417851e+01 3.977504671131743663e+01
4.693715594332417851e+01 4.894878699140030420e+01
4.693715594332417851e+01 4.535291965355526145e+01
4.693715594332417851e+01 4.419368691646968728e+01
4.693715594332417851e+01 4.198655181064103203e+01
4.693715594332417851e+01 5.087106304218365693e+01
4.693715594332417851e+01 4.435866062438830681e+01
4.693715594332417851e+01 4.584695957503498676e+01
4.693715594332417851e+01 4.372479426819649007e+01
4.693715594332417851e+01 4.946821627581601888e+01
4.693715594332417851e+01 5.256925962107995787e+01
4.693715594332417851e+01 4.728349260715024371e+01
4.693715594332417851e+01 4.368339858149612809e+01
4.693715594332417851e+01 4.306437264837980905e+01
4.693715594332417851e+01 5.376016339007834688e+01
4.693715594332417851e+01 4.542439588428877784e+01
4.693715594332417851e+01 4.467303884658137747e+01
4.693715594332417851e+01 4.241887707823241271e+01
4.693715594332417851e+01 4.088351089013740847e+01
4.693715594332417851e+01 4.851313438430970848e+01
4.693715594332417851e+01 5.083347450786158106e+01
4.693715594332417851e+01 4.450561986593216091e+01
4.693715594332417851e+01 4.368961985126610159e+01
4.693715594332417851e+01 4.523833641637313718e+01
4.693715594332417851e+01 4.764994026068430344e+01
4.693715594332417851e+01 4.571248163498955819e+01
4.693715594332417851e+01 4.161016626818759789e+01
4.693715594332417851e+01 5.943617925539880531e+01
4.693715594332417851e+01 5.133310574716639962e+01
4.693715594332417851e+01 4.310458282670708741e+01
4.693715594332417851e+01 4.405472744836143306e+01
4.693715594332417851e+01 4.234130026102119615e+01
4.693715594332417851e+01 4.949101651464777518e+01
4.693715594332417851e+01 4.178771221157229121e+01
4.693715594332417851e+01 4.263159776084913233e+01
