4.693715594332417851e+01 5.246085234279306775e+01
4.693715594332417851e+01 4.876458943139324731e+01
4.693715594332417851e+01 4.351477310143192767e+01
4.693715594332417851e+01 4.533711537745674747e+01
4.693715594332417851e+01 4.857011030629161041e+01
4.693715594332417851e+01 4.828821080264195587e+01
4.693715594332417851e+01 4.777747703548362779e+01
4.693715594332417851e+01 4.704493033945976066e+01
4.693715594332417851e+01 4.835252579887312407e+01
4.693715594332417851e+01 4.857060133031993843e+01
4.693715594332417851e+01 4.617514335550647786e+01
4.693715594332417851e+01 4.568015311415493329e+01
4.693715594332417851e+01 4.408541348987633057e+01
4.693715594332417851e+01 3.882304706517825110e+01
4.693715594332417851e+01 4.971131998291176757e+01
4.693715594332417851e+01 4.730097423115694255e+01
4.693715594332417851e+01 4.267251861368339405e+01
4.693715594332417851e+01 4.247137026969146234e+01
4.693715594332417851e+01 4.463241803136387631e+01
4.693715594332417851e+01 4.873646845508334025e+01
4.693715594332417851e+01 5.365708442461319549e+01
4.693715594332417851e+01 4.495012264913285804e+01
4.693715594332417851e+01 5.121699250119192470e+01
4.693715594332417851e+01 4.355487014427396275e+01
4.693715594332417851e+01 4.449978012380329773e+01
4.693715594332417851e+01 4.486159509635065490e+01
4.693715594332417851e+01 4.712812245405365275e+01
4.693715594332417851e+01 4.954769706477378577e+01
4.693715594332417851e+01 4.509940761456011415e+01
4.693715594332417851e+01 4.667503316460278029e+01
4.693715594332417851e+01 5.168662901759051920e+01
4.693715594332417851e+01 4.836820606050369520e+01
4.693715594332417851e+01 4.761207057076864402e+01
4.693715594332417851e+01 4.914580428848061899e+01
4.693715594332417851e+01 5.049519307960029835e+01
4.693715594332417851e+01 4.218633328584486719e+01
4.693715594332417851e+01 4.635206354768306625e+01
4.693715594332417851e+01 5.282493966313112566e+01
4.693715594332417851e+01 5.083893013549013062e+01
4.693715594332417851e+01 4.242009828647555736e+01
4.693715594332417851e+01 4.165383423697671361e+01
4.693715594332417851e+01 4.591313573014234350e+01
4.693715594332417851e+01 4.739780537223068535e+01
4.693715594332417851e+01 4.461254363731095651e+01
4.693715594332417851e+01 4.898171752217575659e+01
4.693715594332417851e+01 4.600813836836855586e+01
4.693715594332417851e+01 5.230911323234823840e+01
4.693715594332417851e+01 5.102765710513572373e+01
4.693715594332417851e+01 4.730283941158671013e+01
4.693715594332417851e+01 4.284457184511304462e+01
4.693715594332417851e+01 4.126837623291581991e+01
4.693715594332417851e+01 4.500918541018687336e+01
4.693715594332417851e+01 4.649769659045419701e+01
4.693715594332417851e+01 4.655175439489654110e+01
4.693715594332417851e+01 4.309434316721895186e+01
4.693715594332417851e+01 4.718307258960199846e+01
4.693715594332417851e+01 4.569287802768433693e+01
4.693715594332417851e+01 4.868912025823460255e+01
4.693715594332417851e+01 4.589023305441509137e+01
4.693715594332417851e+01 4.807638661865741625e+01
4.693715594332417851e+01 5.093669339294955734e+01
4.693715594332417851e+01 4.046007530612034486e+01
4.693715594332417851e+01 4.019097522874238848e+01
4.693715594332417851e+01 4.835497045849930231e+01
4.693715594332417851e+01 4.328801504640176745e+01
4.693715594332417851e+01 4.659041008240182435e+01
4.693715594332417851e+01 4.923206488981502815e+01
4.693715594332417851e+01 4.346221477485226359e+01
4.693715594332417851e+01 4.716245983835391797e+01
4.693715594332417851e+01 4.885440564553981346e+01
4.693715594332417851e+01 4.695437473449141663e+01
4.693715594332417851e+01 4.963634264976205657e+01
4.693715594332417851e+01 4.333939573504956400e+01
4.693715594332417851e+01 4.314263583768307342e+01
4.693715594332417851e+01 4.484403745968551647e+01
4.693715594332417851e+01 4.444403061045847636e+01
4.693715594332417851e+01 4.528926561521596739e+01
4.693715594332417851e+01 5.009392249042681300e+01
4.693715594332417851e+01 5.158940001964988653e+01
4.693715594332417851e+01 5.008798497841718245e+01
4.693715594332417851e+01 3.955602790926381829e+01
4.693715594332417851e+01 3.987199708696490319e+01
4.693715594332417851e+01 4.884336130640171802e+01
4.693715594332417851e+01 4.079377030735765430e+01
4.693715594332417851e+01 4.776284406681025274e+01
4.693715594332417851e+01 5.187486641611186400e+01
4.693715594332417851e+01 4.486990215950225291e+01
4.693715594332417851e+01 4.747141452450215127e+01
4.693715594332417851e+01 5.042174937156120507e+01
4.693715594332417851e+01 4.841259425043726594e+01
4.693715594332417851e+01 4.340397597275833874e+01
4.693715594332417851e+01 4.633819824776671936e+01
4.693715594332417851e+01 4.300698592127321973e+01
4.693715594332417851e+01 4.701762541078957724e+01
4.693715594332417851e+01 4.556160107088953737e+01
4.693715594332417851e+01 4.248856156034315745e+01
4.693715594332417851e+01 4.666523757133829520e+01
4.693715594332417851e+01 4.406019740348881442e+01
4.693715594332417851e+01 4.780052261294638072e+01
4.693715594332417851e+01 4.772031103434937194e+01
4.693715594332417851e+01 4.734281045694851997e+01
4.693715594332417851e+01 4.360399784440533466e+01
4.693715594332417851e+01 4.922571226820993218e+01
4.693715594332417851e+01 4.260620816097961949e+01
4.693715594332417851e+01 4.417736760173971078e+01
4.693715594332417851e+01 4.797360836499871084e+01
4.693715594332417851e+01 4.451904405454121161e+01
4.693715594332417851e+01 5.047190384929460549e+01
4.693715594332417851e+01 4.938562860609744121e+01
4.693715594332417851e+01 4.804478254222745193e+01
4.693715594332417851e+01 4.480081641014098182e+01
4.693715594332417851e+01 4.076774677784368350e+01
4.693715594332417851e+01 3.852104754478272497e+01
4.693715594332417851e+01 4.519306897235352238e+01
4.693715594332417851e+01 4.423755965805052170e+01
4.693715594332417851e+01 4.161548887169749378e+01
4.693715594332417851e+01 4.545022892184827157e+01
4.693715594332417851e+01 4.841901952942197340e+01
4.693715594332417851e+01 4.093934724904661948e+01
4.693715594332417851e+01 4.000233191755425821e+01
4.693715594332417851e+01 4.297939447051072648e+01
4.693715594332417851e+01 4.438306337324046069e+01
4.693715594332417851e+01 5.209154031989661604e+01
4.693715594332417851e+01 4.345930826539713365e+01
4.693715594332417851e+01 4.545381680652202760e+01
4.693715594332417851e+01 4.635251423026004147e+01
4.693715594332417851e+01 4.421392778857073580e+01
4.693715594332417851e+01 3.971283351524538574e+01
4.693715594332417851e+01 4.787831108595875662e+01
4.693715594332417851e+01 4.376990231084792526e+01
4.693715594332417851e+01 4.540556442530964176e+01
4.693715594332417851e+01 4.905834788028199966e+01
4.693715594332417851e+01 4.374361921336380732e+01
4.693715594332417851e+01 5.339241420921626968e+01
4.693715594332417851e+01 4.987899293816163038e+01
4.693715594332417851e+01 4.529878946864035782e+01
4.693715594332417851e+01 4.358427037677363103e+01
4.693715594332417851e+01 5.050028855575142472e+01
4.693715594332417851e+01 5.119796402946234792e+01
4.693715594332417851e+01 4.506118010858972411e+01
4.693715594332417851e+01 4.916447388728235524e+01
4.693715594332417851e+01 4.457703706354819673e+01
4.693715594332417851e+01 4.398390411342531792e+01
4.693715594332417851e+01 4.292024308089222728e+01
4.693715594332417851e+01 4.696055206341043942e+01
4.693715594332417851e+01 5.055750379370621062e+01
4.693715594332417851e+01 4.696393865120868583e+01
4.693715594332417851e+01 4.639258884316321740e+01
4.693715594332417851e+01 5.524622775421594412e+01
4.693715594332417851e+01 4.497160344094226758e+01
4.693715594332417851e+01 4.491192908549086837e+01
4.693715594332417851e+01 4.642239287840519069e+01
4.693715594332417851e+01 4.847091354219983117e+01
4.693715594332417851e+01 4.311321338048342966e+01
4.693715594332417851e+01 4.539851268944720175e+01
4.693715594332417851e+01 4.362816348574136072e+01
4.693715594332417851e+01 5.377606526442946233e+01
4.693715594332417851e+01 4.765041582994131630e+01
4.693715594332417851e+01 4.632115865267625310e+01
4.693715594332417851e+01 4.612024440043487061e+01
4.693715594332417851e+01 4.871561091852178293e+01
4.693715594332417851e+01 4.546164106162411400e+01
4.693715594332417851e+01 4.522518101036008886e+01
4.693715594332417851e+01 4.747941816433761630e+01
4.693715594332417851e+01 4.516067821356050160e+01
4.693715594332417851e+01 4.483866338020329323e+01
4.693715594332417851e+01 4.408991479580282657e+01
4.693715594332417851e+01 4.975927899201516169e+01
4.693715594332417851e+01 4.025954811143917311e+01
4.693715594332417851e+01 4.257935856318304246e+01
4.693715594332417851e+01 4.631718535520061408e+01
4.693715594332417851e+01 4.617429822097935244e+01
4.693715594332417851e+01 4.550403191243991330e+01
4.693715594332417851e+01 5.115663977784613792e+01
4.693715594332417851e+01 4.403557719391076830e+01
4.693715594332417851e+01 4.151020493494030461e+01
4.693715594332417851e+01 4.465480253296006907e+01
4.693715594332417851e+01 4.275257603578794630e+01
4.693715594332417851e+01 4.626960178566820758e+01
4.693715594332417851e+01 4.662558066637971876e+01
4.693715594332417851e+01 4.700368935808688775e+01
4.693715594332417851e+01 4.372986986688393074e+01
4.693715594332417851e+01 4.387713276517738592e+01
4.693715594332417851e+01 4.853932450288757394e+01
4.693715594332417851e+01 4.816898841051436619e+01
4.693715594332417851e+01 4.007826125921962301e+01
4.693715594332417851e+01 4.504123718820484612e+01
4.693715594332417851e+01 5.072824419446764921e+01
4.693715594332417851e+01 4.206621451583588112e+01
4.693715594332417851e+01 4.588521338524132176e+01
4.693715594332417851e+01 3.800785131338547984e+01
4.693715594332417851e+01 4.971587373797336795e+01
4.693715594332417851e+01 4.420652039230093777e+01
4.693715594332417851e+01 4.985583903245970561e+01
4.693715594332417851e+01 4.875963589054375547e+01
4.693715594332417851e+01 4.880904541308896682e+01
4.693715594332417851e+01 4.117558713225987077e+01
4.693715594332417851e+01 4.063061005169574003e+01
4.693715594332417851e+01 4.523235164484771076e+01
4.693715594332417851e+01 4.312627644031983465e+01
4.693715594332417851e+01 4.352787721875387206e+01
4.693715594332417851e+01 4.677268485018068134e+01
4.693715594332417851e+01 4.709005801021321247e+01
4.693715594332417851e+01 4.502790682341682782e+01
4.693715594332417851e+01 4.280739806544642079e+01
4.693715594332417851e+01 4.476726958754713337e+01
4.693715594332417851e+01 4.501876084046017468e+01
4.693715594332417851e+01 4.378627129160491904e+01
4.693715594332417851e+01 4.389737902882504983e+01
4.693715594332417851e+01 4.589214759624957196e+01
4.693715594332417851e+01 4.530473523712722539e+01
4.693715594332417851e+01 4.851684134038458751e+01
4.693715594332417851e+01 4.562804445165502187e+01
4.693715594332417851e+01 4.614133893637317385e+01
4.693715594332417851e+01 4.438997333117961119e+01
4.693715594332417851e+01 3.990440108206774994e+01
4.693715594332417851e+01 5.530488604825639243e+01
4.693715594332417851e+01 4.983878668567355419e+01
4.693715594332417851e+01 4.508699696807736501e+01
4.693715594332417851e+01 4.887785992710728067e+01
4.693715594332417851e+01 4.875931099053190110e+01
4.693715594332417851e+01 4.674378694009694613e+01
4.693715594332417851e+01 5.264289967506255863e+01
4.693715594332417851e+01 5.586021209191690673e+01
4.693715594332417851e+01 4.991232803568606613e+01
4.693715594332417851e+01 4.558841614622667748e+01
4.693715594332417851e+01 4.937925204552600178e+01
4.693715594332417851e+01 4.163915301853302253e+01
4.693715594332417851e+01 4.293342848836436332e+01
4.693715594332417851e+01 4.588408697234811484e+01
4.693715594332417851e+01 4.135106359742826498e+01
4.693715594332417851e+01 4.424043913706680087e+01
4.693715594332417851e+01 4.696968158523885251e+01
4.693715594332417851e+01 4.384665059513829988e+01
4.693715594332417851e+01 4.741873001610545657e+01
4.693715594332417851e+01 5.515719887113723274e+01
4.693715594332417851e+01 4.351924191252225427e+01
4.693715594332417851e+01 4.468632459152487257e+01
4.693715594332417851e+01 4.705293310346917224e+01
4.693715594332417851e+01 4.128605048823057899e+01
4.693715594332417851e+01 5.115461339905499472e+01
4.693715594332417851e+01 4.232113993820624387e+01
4.693715594332417851e+01 4.323612218120806006e+01
4.693715594332417851e+01 4.869925347898414003e+01
4.693715594332417851e+01 4.879079466707807455e+01
4.693715594332417851e+01 4.270022089691436662e+01
4.693715594332417851e+01 4.507827394527629394e+01
4.693715594332417851e+01 4.638413775721942756e+01
4.693715594332417851e+01 4.297076741244084275e+01
4.693715594332417851e+01 4.333711832337002079e+01
4.693715594332417851e+01 5.019034685641545934e+01
4.693715594332417851e+01 4.538827029507562116e+01
4.693715594332417851e+01 4.302166603942459489e+01
4.693715594332417851e+01 4.647254438353625261e+01
4.693715594332417851e+01 4.752279997377335263e+01
4.693715594332417851e+01 4.862369475478029557e+01
4.693715594332417851e+01 4.556076211592439051e+01
4.693715594332417851e+01 4.173113884022647113e+01
4.693715594332417851e+01 4.371495594862989975e+01
4.693715594332417851e+01 4.219502053223294524e+01
4.693715594332417851e+01 4.975419807373983616e+01
4.693715594332417851e+01 4.826594304628986976e+01
4.693715594332417851e+01 4.164981316663308775e+01
4.693715594332417851e+01 4.375511176722631745e+01
4.693715594332417851e+01 4.619705802187588972e+01
4.693715594332417851e+01 4.267882567110186187e+01
4.693715594332417851e+01 4.201049844272451850e+01
4.693715594332417851e+01 5.177470815305617435e+01
4.693715594332417851e+01 4.723447208705243838e+01
4.693715594332417851e+01 4.289369843934657922e+01
4.693715594332417851e+01 4.052768736349462841e+01
4.693715594332417851e+01 4.845486032401728238e+01
4.693715594332417851e+01 4.532740875162603800e+01
4.693715594332417851e+01 4.645040717108074801e+01
4.693715594332417851e+01 4.875861423349266488e+01
4.693715594332417851e+01 4.500311115221727931e+01
4.693715594332417851e+01 4.457619794230661370e+01
4.693715594332417851e+01 4.359122803758274500e+01
4.693715594332417851e+01 4.744944592239779269e+01
4.693715594332417851e+01 5.054105440766719681e+01
4.693715594332417851e+01 4.688811178066357144e+01
4.693715594332417851e+01 4.288831091962525477e+01
4.693715594332417851e+01 4.545692418162428794e+01
4.693715594332417851e+01 4.623932543942368056e+01
4.693715594332417851e+01 4.655005006874716145e+01
4.693715594332417851e+01 4.411887995289308151e+01
4.693715594332417851e+01 4.814834557202028265e+01
4.693715594332417851e+01 3.975562045223080077e+01
4.693715594332417851e+01 4.807248744694629039e+01
4.693715594332417851e+01 4.461804108006581515e+01
4.693715594332417851e+01 4.725735523934559268e+01
4.693715594332417851e+01 4.727049141810651633e+01
4.693715594332417851e+01 5.069715363208230485e+01
4.693715594332417851e+01 4.904790318873921962e+01
4.693715594332417851e+01 4.986972264483055284e+01
4.693715594332417851e+01 4.548655642264471055e+01
4.693715594332417851e+01 4.251844529417127205e+01
4.693715594332417851e+01 4.603127206646291825e+01
4.693715594332417851e+01 4.363031868827455639e+01
4.693715594332417851e+01 4.321427606454390258e+01
4.693715594332417851e+01 4.624448877632939059e+01
4.693715594332417851e+01 4.170008341621738879e+01
4.693715594332417851e+01 4.644094470093153149e+01
4.693715594332417851e+01 4.245345139169494075e+01
4.693715594332417851e+01 4.838624137409816228e+01
4.693715594332417851e+01 4.345308812156353895e+01
4.693715594332417851e+01 4.303864412568700715e+01
4.693715594332417851e+01 4.567370532657066207e+01
4.693715594332417851e+01 4.770960178317858436e+01
4.693715594332417851e+01 4.331769516915547058e+01
4.693715594332417851e+01 4.400950240263904334e+01
4.693715594332417851e+01 4.812807221585878636e+01
4.693715594332417851e+01 4.378519788949459723e+01
4.693715594332417851e+01 5.117801882371832534e+01
4.693715594332417851e+01 4.429666508961368265e+01
4.693715594332417851e+01 4.521869536157601743e+01
4.693715594332417851e+01 4.871404321602805965e+01
4.693715594332417851e+01 5.074180305812734559e+01
4.693715594332417851e+01 4.607511278879184147e+01
4.693715594332417851e+01 5.002752260498260028e+01
4.693715594332417851e+01 4.798657915396432116e+01
4.693715594332417851e+01 4.252117114221592686e+01
4.693715594332417851e+01 4.292842360123055556e+01
4.693715594332417851e+01 4.172555603691262860e+01
4.693715594332417851e+01 4.255672807644796052e+01
4.693715594332417851e+01 4.803387608881401150e+01
4.693715594332417851e+01 4.547437776800565956e+01
4.693715594332417851e+01 4.291359613967245679e+01
4.693715594332417851e+01 4.988077482867839763e+01
4.693715594332417851e+01 5.650557123981594998e+01
4.693715594332417851e+01 4.376511405317932457e+01
4.693715594332417851e+01 4.683051540855690575e+01
4.693715594332417851e+01 4.066970472084383914e+01
4.693715594332417851e+01 4.709019400259110455e+01
4.693715594332417851e+01 5.322472676486935939e+01
4.693715594332417851e+01 4.564984309716469824e+01
4.693715594332417851e+01 4.757970939277289091e+01
4.693715594332417851e+01 4.724241766695354272e+01
4.693715594332417851e+01 4.876377536777918209e+01
4.693715594332417851e+01 4.407569534912597931e+01
4.693715594332417851e+01 4.629971566560287499e+01
4.693715594332417851e+01 4.494411076374526459e+01
4.693715594332417851e+01 4.534528098782390515e+01
4.693715594332417851e+01 5.031738790945371420e+01
4.693715594332417851e+01 4.166403519579271375e+01
4.693715594332417851e+01 4.298534203906672957e+01
4.693715594332417851e+01 4.686623785250547769e+01
4.693715594332417851e+01 4.592699682156077756e+01
4.693715594332417851e+01 4.368586583355766351e+01
4.693715594332417851e+01 4.832167428198671644e+01
4.693715594332417851e+01 4.431142206142765616e+01
4.693715594332417851e+01 4.311839757315209454e+01
4.693715594332417851e+01 4.915122239277677352e+01
4.693715594332417851e+01 4.384425778686324549e+01
4.693715594332417851e+01 4.826527979053759765e+01
4.693715594332417851e+01 4.841456177499277658e+01
4.693715594332417851e+01 4.234020790726575711e+01
4.693715594332417851e+01 4.645113494963354839e+01
4.693715594332417851e+01 4.981981800492055612e+01
4.693715594332417851e+01 4.272248866447682758e+01
4.693715594332417851e+01 4.236179608165159749e+01
4.693715594332417851e+01 5.077552531668008129e+01
4.693715594332417851e+01 4.760751955953713832e+01
4.693715594332417851e+01 4.659306335106709440e+01
4.693715594332417851e+01 4.034050840559544326e+01
4.693715594332417851e+01 4.606503453237517931e+01
4.693715594332417851e+01 4.999322091104170340e+01
4.693715594332417851e+01 4.747824956222590487e+01
4.693715594332417851e+01 4.521540162377775829e+01
4.693715594332417851e+01 4.471121877818016799e+01
4.693715594332417851e+01 4.489704350454827875e+01
4.693715594332417851e+01 5.019960352726759822e+01
4.693715594332417851e+01 4.971041085455619424e+01
4.693715594332417851e+01 4.518517892844607786e+01
4.693715594332417851e+01 4.438520179807841259e+01
4.693715594332417851e+01 4.461519341193901056e+01
4.693715594332417851e+01 4.583756230409159116e+01
4.693715594332417851e+01 5.099155882859383127e+01
4.693715594332417851e+01 4.570057487682967690e+01
4.693715594332417851e+01 4.854020381351380564e+01
4.693715594332417851e+01 4.620845547670163000e+01
4.693715594332417851e+01 5.011341126018969305e+01
4.693715594332417851e+01 4.516594624041481865e+01
4.693715594332417851e+01 4.284800726475412347e+01
4.693715594332417851e+01 4.669186621325444264e+01
4.693715594332417851e+01 4.282586586257390593e+01
4.693715594332417851e+01 4.539524342748013197e+01
4.693715594332417851e+01 4.332162868837394143e+01
4.693715594332417851e+01 5.012741998834454193e+01
4.693715594332417851e+01 4.595134532945373707e+01
4.693715594332417851e+01 4.702783470463717208e+01
4.693715594332417851e+01 4.460849334181106940e+01
4.693715594332417851e+01 4.689662930852315981e+01
4.693715594332417851e+01 4.715506144683233458e+01
4.693715594332417851e+01 4.837559351145129227e+01
4.693715594332417851e+01 4.849793774110031563e+01
4.693715594332417851e+01 4.786395997809733416e+01
4.693715594332417851e+01 5.441249789372140810e+01
4.693715594332417851e+01 4.428491762134272847e+01
4.693715594332417851e+01 4.688815258573352196e+01
4.693715594332417851e+01 4.813248624323681213e+01
4.693715594332417851e+01 4.453605379912653461e+01
4.693715594332417851e+01 4.482036301695512748e+01
4.693715594332417851e+01 4.916601209415849638e+01
4.693715594332417851e+01 4.238878924428205153e+01
4.693715594332417851e+01 4.585025884356619486e+01
4.693715594332417851e+01 4.760731881300657875e+01
4.693715594332417851e+01 4.869073001682085788e+01
4.693715594332417851e+01 5.320082273815559404e+01
4.693715594332417851e+01 5.014914632028243346e+01
4.693715594332417851e+01 4.473050841464112892e+01
4.693715594332417851e+01 4.365186046215239202e+01
4.693715594332417851e+01 3.931290288082836781e+01
4.693715594332417851e+01 5.448329608834654891e+01
4.693715594332417851e+01 4.378011398667628384e+01
4.693715594332417851e+01 4.759461395325772060e+01
4.693715594332417851e+01 5.353492702517083046e+01
4.693715594332417851e+01 4.872081139806734029e+01
4.693715594332417851e+01 4.346388403519917176e+01
4.693715594332417851e+01 4.966045828275613871e+01
4.693715594332417851e+01 4.555526362252632566e+01
4.693715594332417851e+01 4.627393279435057849e+01
4.693715594332417851e+01 5.112761819576572009e+01
4.693715594332417851e+01 4.486632565412857332e+01
4.693715594332417851e+01 4.654360531078559404e+01
4.693715594332417851e+01 4.927335165077828805e+01
4.693715594332417851e+01 4.837488316623905149e+01
4.693715594332417851e+01 4.497976863977950046e+01
4.693715594332417851e+01 4.876089934343480081e+01
4.693715594332417851e+01 4.940175248364825222e+01
4.693715594332417851e+01 4.077469281237864607e+01
4.693715594332417851e+01 4.701198888904796291e+01
4.693715594332417851e+01 4.744598588626062252e+01
4.693715594332417851e+01 4.546722191204604258e+01
4.693715594332417851e+01 4.528196676960811828e+01
4.693715594332417851e+01 4.304107536432240977e+01
4.693715594332417851e+01 4.797461510615165992e+01
4.693715594332417851e+01 4.443860524702488135e+01
4.693715594332417851e+01 4.704827696369837042e+01
4.693715594332417851e+01 4.182361090610209686e+01
4.693715594332417851e+01 5.172931392915143078e+01
4.693715594332417851e+01 5.063054418163094539e+01
4.693715594332417851e+01 4.322632131624538232e+01
4.693715594332417851e+01 4.712062910284267758e+01
4.693715594332417851e+01 4.530914527505447609e+01
4.693715594332417851e+01 4.887379296909040249e+01
4.693715594332417851e+01 4.441141687248410364e+01
4.693715594332417851e+01 4.917149790964090528e+01
4.693715594332417851e+01 5.292149174843137871e+01
4.693715594332417851e+01 4.562350084756672430e+01
4.693715594332417851e+01 5.023824385218748745e+01
4.693715594332417851e+01 4.765531162901820750e+01
4.693715594332417851e+01 4.626426260120222622e+01
4.693715594332417851e+01 4.255037591158909294e+01
4.693715594332417851e+01 4.738514831656880943e+01
4.693715594332417851e+01 4.649552215637675090e+01
4.693715594332417851e+01 4.555490767939758712e+01
4.693715594332417851e+01 4.201007464907018374e+01
4.693715594332417851e+01 4.081854076978409296e+01
4.693715594332417851e+01 4.741334219420662066e+01
4.693715594332417851e+01 4.588451119264749423e+01
4.693715594332417851e+01 4.997938913237096870e+01
4.693715594332417851e+01 4.653180105100222619e+01
4.693715594332417851e+01 4.703370824754853174e+01
4.693715594332417851e+01 4.965773140044483114e+01
4.693715594332417851e+01 4.423778161981108070e+01
4.693715594332417851e+01 4.483106293699760414e+01
4.693715594332417851e+01 4.715106943672750361e+01
4.693715594332417851e+01 4.152942905429890175e+01
4.693715594332417851e+01 5.391713115190606942e+01
4.693715594332417851e+01 4.270445899762824382e+01
4.693715594332417851e+01 4.933838637904182178e+01
4.693715594332417851e+01 5.203414187799884161e+01
4.693715594332417851e+01 4.838684007734388359e+01
4.693715594332417851e+01 4.911936594424387437e+01
4.693715594332417851e+01 4.830998107274100306e+01
4.693715594332417851e+01 4.187549451601628192e+01
4.693715594332417851e+01 4.663941388373618935e+01
4.693715594332417851e+01 5.476456731398717181e+01
4.693715594332417851e+01 5.390449051702948680e+01
4.693715594332417851e+01 4.439027960443406329e+01
4.693715594332417851e+01 5.176782184507664653e+01
4.693715594332417851e+01 4.767386919899425379e+01
4.693715594332417851e+01 4.705248690609103335e+01
4.693715594332417851e+01 4.188817311204001470e+01
4.693715594332417851e+01 4.778214360749860390e+01
4.693715594332417851e+01 4.958936498892749256e+01
4.693715594332417851e+01 3.996572948186799579e+01
4.693715594332417851e+01 4.867312586779442540e+01
4.693715594332417851e+01 4.673287094917928641e+01
4.693715594332417851e+01 5.227304348854226390e+01
4.693715594332417851e+01 4.936199833241933987e+01
4.693715594332417851e+01 4.553145464015950949e+01
4.693715594332417851e+01 4.302047685866129001e+01
4.693715594332417851e+01 4.661128226698519939e+01
4.693715594332417851e+01 5.406693689805911163e+01
4.693715594332417851e+01 4.535177204799732209e+01
4.693715594332417851e+01 3.750027719105040802e+01
4.693715594332417851e+01 5.557101954267331223e+01
4.693715594332417851e+01 4.420283267210313483e+01
4.693715594332417851e+01 4.560897127997503731e+01
4.693715594332417851e+01 4.600660642576457349e+01
4.693715594332417851e+01 5.183556800787836494e+01
4.693715594332417851e+01 4.978823240229329627e+01
4.693715594332417851e+01 4.147714314197903462e+01
4.693715594332417851e+01 4.303071803615015511e+01
4.693715594332417851e+01 4.343866678328818409e+01
4.693715594332417851e+01 5.005771955863352929e+01
4.693715594332417851e+01 4.423835081760671528e+01
4.693715594332417851e+01 4.807498146139847961e+01
4.693715594332417851e+01 4.498388377939618010e+01
4.693715594332417851e+01 4.997476619577929569e+01
4.693715594332417851e+01 4.446739963448938937e+01
4.693715594332417851e+01 4.498993458960391223e+01
4.693715594332417851e+01 4.839566911354452117e+01
4.693715594332417851e+01 4.964125818847301019e+01
4.693715594332417851e+01 4.549054580718945573e+01
4.693715594332417851e+01 4.514056824465274786e+01
4.693715594332417851e+01 4.553046305958953610e+01
4.693715594332417851e+01 5.218506802231510022e+01
4.693715594332417851e+01 4.330370030174636042e+01
4.693715594332417851e+01 4.925241405129496286e+01
4.693715594332417851e+01 4.557408213341022929e+01
4.693715594332417851e+01 4.318701441236841276e+01
4.693715594332417851e+01 5.061719400780017253e+01
4.693715594332417851e+01 4.991773217470475288e+01
4.693715594332417851e+01 4.435283857438531641e+01
4.693715594332417851e+01 4.475398542845528738e+01
4.693715594332417851e+01 4.686888422955669142e+01
4.693715594332417851e+01 4.815056065408259656e+01
4.693715594332417851e+01 4.315244709810901469e+01
4.693715594332417851e+01 4.864620005148901072e+01
4.693715594332417851e+01 4.776689860314452574e+01
4.693715594332417851e+01 4.124256341523907565e+01
4.693715594332417851e+01 4.697710519894567938e+01
4.693715594332417851e+01 4.660507716865103589e+01
4.693715594332417851e+01 4.493233837601677294e+01
4.693715594332417851e+01 4.503244005836580754e+01
4.693715594332417851e+01 4.264708074010631123e+01
4.693715594332417851e+01 4.270486355118342914e+01
4.693715594332417851e+01 4.600075976648916765e+01
4.693715594332417851e+01 4.806673394034694269e+01
4.693715594332417851e+01 4.246944555676844146e+01
4.693715594332417851e+01 5.417835473726713502e+01
4.693715594332417851e+01 4.802746936622809670e+01
4.693715594332417851e+01 4.325515276056739822e+01
4.693715594332417851e+01 4.122467885852327640e+01
4.693715594332417851e+01 4.248879089245199481e+01
4.693715594332417851e+01 4.461330699730635985e+01
4.693715594332417851e+01 4.409880453487929941e+01
4.693715594332417851e+01 4.603597350862133197e+01
4.693715594332417851e+01 4.618764046525078726e+01
4.693715594332417851e+01 4.851615997633606270e+01
4.693715594332417851e+01 4.474987904765664837e+01
4.693715594332417851e+01 4.796054507290676838e+01
4.693715594332417851e+01 4.817784808304688227e+01
4.693715594332417851e+01 4.743831337566413708e+01
4.693715594332417851e+01 4.941031894354927090e+01
4.693715594332417851e+01 4.969103992289993954e+01
4.693715594332417851e+01 4.965215480189861808e+01
4.693715594332417851e+01 4.657585865824322724e+01
4.693715594332417851e+01 3.946903222059626160e+01
4.693715594332417851e+01 4.400591003470928797e+01
4.693715594332417851e+01 4.419494828295249533e+01
4.693715594332417851e+01 4.732336694311653957e+01
4.693715594332417851e+01 4.598442447749189199e+01
4.693715594332417851e+01 5.433713853633805257e+01
4.693715594332417851e+01 4.673192346313496159e+01
4.693715594332417851e+01 4.549691879359972546e+01
4.693715594332417851e+01 4.599658773934954326e+01
4.693715594332417851e+01 4.292554241761314415e+01
4.693715594332417851e+01 4.751758638326334250e+01
4.693715594332417851e+01 5.419088603694441275e+01
4.693715594332417851e+01 4.552910908893145603e+01
4.693715594332417851e+01 4.037554788395584637e+01
4.693715594332417851e+01 5.163579474408413716e+01
4.693715594332417851e+01 4.590033446663607464e+01
4.693715594332417851e+01 4.694990196791089687e+01
4.693715594332417851e+01 4.684941950030403746e+01
4.693715594332417851e+01 4.477824426125778245e+01
4.693715594332417851e+01 4.645632302282049864e+01
4.693715594332417851e+01 4.955001364845715983e+01
4.693715594332417851e+01 4.662041596149605027e+01
4.693715594332417851e+01 4.302550055686225505e+01
4.693715594332417851e+01 4.390329805593693635e+01
4.693715594332417851e+01 4.158123515135222448e+01
4.693715594332417851e+01 4.050378249283263443e+01
4.693715594332417851e+01 4.528192237825638244e+01
4.693715594332417851e+01 4.472703803493025987e+01
4.693715594332417851e+01 4.869069481960513457e+01
4.693715594332417851e+01 4.280705156403239187e+01
4.693715594332417851e+01 4.770463389054501846e+01
4.693715594332417851e+01 4.535823720940013004e+01
4.693715594332417851e+01 4.757663364166872810e+01
4.693715594332417851e+01 4.502766559663344026e+01
4.693715594332417851e+01 4.934056696478552340e+01
4.693715594332417851e+01 4.694203637763334314e+01
4.693715594332417851e+01 4.530110570312096030e+01
4.693715594332417851e+01 5.159160559843731875e+01
4.693715594332417851e+01 4.818576492872159633e+01
4.693715594332417851e+01 5.328277128365464677e+01
4.693715594332417851e+01 4.733353694024499703e+01
4.693715594332417851e+01 4.355652729739217222e+01
4.693715594332417851e+01 4.527751368002938648e+01
4.693715594332417851e+01 4.502943553846345281e+01
4.693715594332417851e+01 5.265284091662253729e+01
4.693715594332417851e+01 4.410104080628124024e+01
4.693715594332417851e+01 3.973289741178687251e+01
4.693715594332417851e+01 5.300194870570475558e+01
4.693715594332417851e+01 4.891095147207791172e+01
4.693715594332417851e+01 4.585148708678367768e+01
4.693715594332417851e+01 4.269318995566657549e+01
4.693715594332417851e+01 4.864934013603679119e+01
4.693715594332417851e+01 4.918174794162763419e+01
4.693715594332417851e+01 4.954357289892417526e+01
4.693715594332417851e+01 5.110246569175446041e+01
4.693715594332417851e+01 4.190838955503542707e+01
4.693715594332417851e+01 4.677646316610045574e+01
4.693715594332417851e+01 4.858466144163332956e+01
4.693715594332417851e+01 4.617537569923904073e+01
4.693715594332417851e+01 4.630974069478131128e+01
4.693715594332417851e+01 4.870780482860496363e+01
4.693715594332417851e+01 4.510028873690858831e+01
4.693715594332417851e+01 4.433277066146915502e+01
4.693715594332417851e+01 4.935416767045952469e+01
4.693715594332417851e+01 4.625327863084637414e+01
4.693715594332417851e+01 5.261016039735849148e+01
4.693715594332417851e+01 4.612184959480419622e+01
4.693715594332417851e+01 4.975801438450260150e+01
4.693715594332417851e+01 4.498845213226853446e+01
4.693715594332417851e+01 4.480659033967946669e+01
4.693715594332417851e+01 4.752808521158669919e+01
4.693715594332417851e+01 4.686731779111632079e+01
4.693715594332417851e+01 4.946140404438764904e+01
4.693715594332417851e+01 4.328339555950851292e+01
4.693715594332417851e+01 4.475642602435216588e+01
4.693715594332417851e+01 4.393051674209468871e+01
4.693715594332417851e+01 4.241279212325886760e+01
4.693715594332417851e+01 5.478951892873008944e+01
4.693715594332417851e+01 4.183696801838783585e+01
4.693715594332417851e+01 4.926960531455135595e+01
4.693715594332417851e+01 4.113594172628162227e+01
4.693715594332417851e+01 4.874151164515351553e+01
4.693715594332417851e+01 4.452881411161563108e+01
4.693715594332417851e+01 4.722881255660922761e+01
4.693715594332417851e+01 4.284145361829792620e+01
4.693715594332417851e+01 5.092451747248718874e+01
4.693715594332417851e+01 4.601483524489977839e+01
4.693715594332417851e+01 5.132528644278493601e+01
4.693715594332417851e+01 4.928010082677781867e+01
4.693715594332417851e+01 4.161163562650541081e+01
4.693715594332417851e+01 5.347086215495279049e+01
4.693715594332417851e+01 4.162580058880659806e+01
4.693715594332417851e+01 4.430484844781282305e+01
4.693715594332417851e+01 5.139733949143846559e+01
4.693715594332417851e+01 4.347953008806509700e+01
4.693715594332417851e+01 4.525943432997628690e+01
4.693715594332417851e+01 4.631941826220194258e+01
4.693715594332417851e+01 4.473924940339448852e+01
4.693715594332417851e+01 4.994454555714882105e+01
4.693715594332417851e+01 4.341309601802024076e+01
4.693715594332417851e+01 4.100748666224494343e+01
4.693715594332417851e+01 5.179694512909023985e+01
4.693715594332417851e+01 4.862676907109084823e+01
4.693715594332417851e+01 4.760435631841686188e+01
4.693715594332417851e+01 4.218971458262091545e+01
4.693715594332417851e+01 4.439822358676664038e+01
4.693715594332417851e+01 5.023385513335117025e+01
4.693715594332417851e+01 4.309689815919290368e+01
4.693715594332417851e+01 4.837461703335841889e+01
4.693715594332417851e+01 4.727401971979132611e+01
4.693715594332417851e+01 4.972712202882570409e+01
4.693715594332417851e+01 4.219820298810810755e+01
4.693715594332417851e+01 4.870877835402608724e+01
4.693715594332417851e+01 4.795171225458715014e+01
4.693715594332417851e+01 4.547295394146816250e+01
4.693715594332417851e+01 4.348300056197896168e+01
4.693715594332417851e+01 4.324456312286159232e+01
4.693715594332417851e+01 4.762134893873511032e+01
4.693715594332417851e+01 4.033289078861036359e+01
4.693715594332417851e+01 4.514423289530267880e+01
4.693715594332417851e+01 4.433244171977182191e+01
4.693715594332417851e+01 4.049564912894324920e+01
4.693715594332417851e+01 4.386991334420505240e+01
4.693715594332417851e+01 4.503723194140702191e+01
4.693715594332417851e+01 4.136197410291469367e+01
4.693715594332417851e+01 4.659836568137501445e+01
4.693715594332417851e+01 4.103530494611467105e+01
4.693715594332417851e+01 4.423683244172708129e+01
4.693715594332417851e+01 4.191102120905166117e+01
4.693715594332417851e+01 4.297213046159937733e+01
4.693715594332417851e+01 4.455407032866435912e+01
4.693715594332417851e+01 4.732465517169962510e+01
4.693715594332417851e+01 4.819859718879085619e+01
4.693715594332417851e+01 4.319764517883021426e+01
4.693715594332417851e+01 4.560294361906179006e+01
4.693715594332417851e+01 4.784534696272502430e+01
4.693715594332417851e+01 4.877852096312560803e+01
4.693715594332417851e+01 4.411132179020535204e+01
4.693715594332417851e+01 4.955480998238746082e+01
4.693715594332417851e+01 4.737228781467933203e+01
4.693715594332417851e+01 4.811796571593250604e+01
4.693715594332417851e+01 4.755012509989306579e+01
4.693715594332417851e+01 5.427537387955585046e+01
4.693715594332417851e+01 4.983927971006466606e+01
4.693715594332417851e+01 5.005744844917538217e+01
4.693715594332417851e+01 3.912163694131238856e+01
4.693715594332417851e+01 4.637464331372882498e+01
4.693715594332417851e+01 4.447129747537588429e+01
4.693715594332417851e+01 5.307172369308095483e+01
4.693715594332417851e+01 4.558395650024924350e+01
4.693715594332417851e+01 5.006887013192336866e+01
4.693715594332417851e+01 4.972558306595810507e+01
4.693715594332417851e+01 4.321005829725915248e+01
4.693715594332417851e+01 4.673979407053454338e+01
4.693715594332417851e+01 4.743822889879510285e+01
4.693715594332417851e+01 4.294662030369633499e+01
4.693715594332417851e+01 4.592128066844838230e+01
4.693715594332417851e+01 4.392236665724976064e+01
4.693715594332417851e+01 4.401496698762812088e+01
4.693715594332417851e+01 5.088281747831241830e+01
4.693715594332417851e+01 4.667596353105965079e+01
4.693715594332417851e+01 3.990937781743796364e+01
4.693715594332417851e+01 4.143341624885764674e+01
4.693715594332417851e+01 4.683069660834771497e+01
4.693715594332417851e+01 4.179123072117239701e+01
4.693715594332417851e+01 4.969240667973633663e+01
4.693715594332417851e+01 4.227741190608868038e+01
4.693715594332417851e+01 4.950796377647909452e+01
4.693715594332417851e+01 4.888337614744447990e+01
4.693715594332417851e+01 3.915809538389516575e+01
4.693715594332417851e+01 4.143936867579959227e+01
4.693715594332417851e+01 4.842017360748215538e+01
4.693715594332417851e+01 4.198208162875050675e+01
4.693715594332417851e+01 4.174675544239437386e+01
4.693715594332417851e+01 4.544330258116823273e+01
4.693715594332417851e+01 4.324908674005767750e+01
4.693715594332417851e+01 4.683651039105149749e+01
4.693715594332417851e+01 4.696484015965990011e+01
4.693715594332417851e+01 4.713760556866625251e+01
4.693715594332417851e+01 4.961666109357725674e+01
4.693715594332417851e+01 4.543561337639080477e+01
4.693715594332417851e+01 4.299512251721239409e+01
4.693715594332417851e+01 4.614905594191662885e+01
4.693715594332417851e+01 5.106582894161996933e+01
4.693715594332417851e+01 4.251697027244617999e+01
4.693715594332417851e+01 4.937687441751136674e+01
4.693715594332417851e+01 4.627301049703385871e+01
4.693715594332417851e+01 4.881825027428061503e+01
4.693715594332417851e+01 4.153073202683384579e+01
4.693715594332417851e+01 4.795843883266856267e+01
4.693715594332417851e+01 4.652930256749105808e+01
4.693715594332417851e+01 4.351110172318524860e+01
4.693715594332417851e+01 4.087599662889073215e+01
4.693715594332417851e+01 4.747192068551269273e+01
4.693715594332417851e+01 4.392995098274392518e+01
4.693715594332417851e+01 4.783661112020386952e+01
4.693715594332417851e+01 4.451342771503378515e+01
4.693715594332417851e+01 4.706259324548791056e+01
4.693715594332417851e+01 4.516869226834020878e+01
4.693715594332417851e+01 4.302090362743717833e+01
4.693715594332417851e+01 4.654298128921499966e+01
4.693715594332417851e+01 4.871143143379378415e+01
4.693715594332417851e+01 4.821062018908847335e+01
4.693715594332417851e+01 4.890310513365169953e+01
4.693715594332417851e+01 4.444296227384064224e+01
4.693715594332417851e+01 4.476122104501838805e+01
4.693715594332417851e+01 4.935591840424517329e+01
4.693715594332417851e+01 4.787839952184389603e+01
4.693715594332417851e+01 5.302573334434642049e+01
4.693715594332417851e+01 4.558274138411393750e+01
4.693715594332417851e+01 5.250192036130099638e+01
4.693715594332417851e+01 4.469015080373476678e+01
4.693715594332417851e+01 4.263265283619824686e+01
4.693715594332417851e+01 4.689196575922071730e+01
4.693715594332417851e+01 4.922074901517562040e+01
4.693715594332417851e+01 4.126431906126220639e+01
4.693715594332417851e+01 4.829440346938857687e+01
4.693715594332417851e+01 4.579074471051173845e+01
4.693715594332417851e+01 4.393167241313159366e+01
4.693715594332417851e+01 4.417806087302913198e+01
4.693715594332417851e+01 4.285604199976601336e+01
4.693715594332417851e+01 4.908759239221004833e+01
4.693715594332417851e+01 4.604972503843509912e+01
4.693715594332417851e+01 4.665416320323293320e+01
4.693715594332417851e+01 4.931470574755021374e+01
4.693715594332417851e+01 4.791714819715567586e+01
4.693715594332417851e+01 4.442941108302981945e+01
4.693715594332417851e+01 5.045353189967573826e+01
4.693715594332417851e+01 4.506586463851492397e+01
4.693715594332417851e+01 4.592848492454616149e+01
4.693715594332417851e+01 4.956825585493231046e+01
4.693715594332417851e+01 4.331597029787544528e+01
4.693715594332417851e+01 5.030943318050177737e+01
4.693715594332417851e+01 4.930577418101609766e+01
4.693715594332417851e+01 4.262949051006751233e+01
4.693715594332417851e+01 4.738659788290276964e+01
4.693715594332417851e+01 5.137438556970202796e+01
4.693715594332417851e+01 4.593408689950201307e+01
4.693715594332417851e+01 4.195891577227126845e+01
4.693715594332417851e+01 4.417864352013794615e+01
4.693715594332417851e+01 5.617988265059764075e+01
4.693715594332417851e+01 4.620977064272790358e+01
4.693715594332417851e+01 4.444464174528702216e+01
4.693715594332417851e+01 5.067672906764560281e+01
4.693715594332417851e+01 4.543166786214561625e+01
4.693715594332417851e+01 4.558681072307158644e+01
4.693715594332417851e+01 4.384282726848535816e+01
4.693715594332417851e+01 4.705908831949164295e+01
4.693715594332417851e+01 4.862174071462032288e+01
4.693715594332417851e+01 4.190528213661598755e+01
4.693715594332417851e+01 4.650018010878055463e+01
4.693715594332417851e+01 4.551562364739726263e+01
4.693715594332417851e+01 4.668771478329868074e+01
4.693715594332417851e+01 5.324897481969225765e+01
4.693715594332417851e+01 5.527027085920381211e+01
4.693715594332417851e+01 4.401825241775973296e+01
4.693715594332417851e+01 4.761259803663215706e+01
4.693715594332417851e+01 4.303607471794693851e+01
4.693715594332417851e+01 3.860866764456969236e+01
4.693715594332417851e+01 4.496480103357387037e+01
4.693715594332417851e+01 4.474372685707322717e+01
4.693715594332417851e+01 4.174225257599193384e+01
4.693715594332417851e+01 5.009606157408098426e+01
4.693715594332417851e+01 4.376046020218331023e+01
4.693715594332417851e+01 4.525608857685650577e+01
4.693715594332417851e+01 4.330603717970257804e+01
4.693715594332417851e+01 4.459679144946802865e+01
4.693715594332417851e+01 4.662545922136439458e+01
4.693715594332417851e+01 4.630797837241927084e+01
4.693715594332417851e+01 4.705009043725583240e+01
4.693715594332417851e+01 4.741161631919879227e+01
4.693715594332417851e+01 4.939092440784321525e+01
4.693715594332417851e+01 4.779637226632716818e+01
4.693715594332417851e+01 4.291394273275023608e+01
4.693715594332417851e+01 4.871588660567702078e+01
4.693715594332417851e+01 4.830215329500646249e+01
4.693715594332417851e+01 4.863629860496044444e+01
4.693715594332417851e+01 5.091762765469113816e+01
4.693715594332417851e+01 4.448585538417763274e+01
4.693715594332417851e+01 4.538848664705366787e+01
4.693715594332417851e+01 4.055328496112401382e+01
4.693715594332417851e+01 4.770607301447735438e+01
4.693715594332417851e+01 5.033372363321737453e+01
4.693715594332417851e+01 4.676119363459923761e+01
4.693715594332417851e+01 4.864588530524951437e+01
4.693715594332417851e+01 4.616408130485826433e+01
4.693715594332417851e+01 4.513229755920844610e+01
4.693715594332417851e+01 4.816189530236046323e+01
4.693715594332417851e+01 4.781350945579430345e+01
4.693715594332417851e+01 4.183146032046557394e+01
4.693715594332417851e+01 4.390967334965631608e+01
4.693715594332417851e+01 5.153527693906592333e+01
4.693715594332417851e+01 4.598479974423645444e+01
4.693715594332417851e+01 5.125707788200380577e+01
4.693715594332417851e+01 5.003635317395543325e+01
4.693715594332417851e+01 5.037457321591435999e+01
4.693715594332417851e+01 4.051499145865741980e+01
4.693715594332417851e+01 4.529646180083969398e+01
4.693715594332417851e+01 4.115900790460314340e+01
4.693715594332417851e+01 4.213839905026407706e+01
4.693715594332417851e+01 4.714274711235120918e+01
4.693715594332417851e+01 4.601600603113088539e+01
4.693715594332417851e+01 4.422716320506740573e+01
4.693715594332417851e+01 4.144648503021844732e+01
4.693715594332417851e+01 5.045386543938084145e+01
4.693715594332417851e+01 4.430819667137724593e+01
4.693715594332417851e+01 5.063067709991091192e+01
4.693715594332417851e+01 4.538356237418475558e+01
4.693715594332417851e+01 4.620818014446853539e+01
4.693715594332417851e+01 4.791912694923086491e+01
4.693715594332417851e+01 4.452843964190030590e+01
4.693715594332417851e+01 4.546148812636823067e+01
4.693715594332417851e+01 4.839198924977124250e+01
4.693715594332417851e+01 4.691663582320303760e+01
4.693715594332417851e+01 4.506695641501154626e+01
4.693715594332417851e+01 4.737556481358411276e+01
4.693715594332417851e+01 4.543015253215509119e+01
4.693715594332417851e+01 3.771007327155735567e+01
4.693715594332417851e+01 4.473015076625095077e+01
4.693715594332417851e+01 4.054463587754903386e+01
4.693715594332417851e+01 4.713167768993648821e+01
4.693715594332417851e+01 4.405692701626304597e+01
4.693715594332417851e+01 4.922546328417694639e+01
4.693715594332417851e+01 4.489608306312272390e+01
4.693715594332417851e+01 4.526987882953751807e+01
4.693715594332417851e+01 4.269018975756929279e+01
4.693715594332417851e+01 4.301762348098208122e+01
4.693715594332417851e+01 4.341182644373200361e+01
4.693715594332417851e+01 3.916067946275752831e+01
4.693715594332417851e+01 4.466132225116797372e+01
4.693715594332417851e+01 4.098952542554346223e+01
4.693715594332417851e+01 4.233278613184456418e+01
4.693715594332417851e+01 4.155320266556944375e+01
4.693715594332417851e+01 4.699340867111884279e+01
4.693715594332417851e+01 5.431251677414976342e+01
4.693715594332417851e+01 4.234399025004011463e+01
4.693715594332417851e+01 4.823357238452434359e+01
4.693715594332417851e+01 4.731842539176559370e+01
4.693715594332417851e+01 4.864925226670320058e+01
4.693715594332417851e+01 4.127146250641140313e+01
4.693715594332417851e+01 4.287484505810083846e+01
4.693715594332417851e+01 4.709164144869974677e+01
4.693715594332417851e+01 4.437479386607179777e+01
4.693715594332417851e+01 4.613369072907020296e+01
4.693715594332417851e+01 4.947348752098141489e+01
4.693715594332417851e+01 4.145879186204041389e+01
4.693715594332417851e+01 4.545189642249948747e+01
4.693715594332417851e+01 5.022799316373301792e+01
4.693715594332417851e+01 4.434775552564698842e+01
4.693715594332417851e+01 4.707595147120340329e+01
4.693715594332417851e+01 4.224926881620126551e+01
4.693715594332417851e+01 4.157165652762699182e+01
4.693715594332417851e+01 4.810594551434916610e+01
4.693715594332417851e+01 4.878930924730430263e+01
4.693715594332417851e+01 4.164389179154247955e+01
4.693715594332417851e+01 4.239464911800573077e+01
4.693715594332417851e+01 4.899451574017388822e+01
4.693715594332417851e+01 4.666453649442171780e+01
4.693715594332417851e+01 4.460824078161572004e+01
4.693715594332417851e+01 5.081110009708908848e+01
4.693715594332417851e+01 4.880320334174673036e+01
4.693715594332417851e+01 4.446618765120780381e+01
4.693715594332417851e+01 4.580128641823510094e+01
4.693715594332417851e+01 4.639661312458980547e+01
4.693715594332417851e+01 4.555894056444998341e+01
4.693715594332417851e+01 4.671776934986424834e+01
4.693715594332417851e+01 4.671162155577618336e+01
4.693715594332417851e+01 4.732609408334148071e+01
4.693715594332417851e+01 5.290410277318708410e+01
4.693715594332417851e+01 4.505208433199251061e+01
4.693715594332417851e+01 4.632137629258757983e+01
4.693715594332417851e+01 4.398329788651659555e+01
4.693715594332417851e+01 4.470432397204663033e+01
4.693715594332417851e+01 4.585854413300059917e+01
4.693715594332417851e+01 5.013087037799549250e+01
4.693715594332417851e+01 4.709737001236354104e+01
4.693715594332417851e+01 4.069880064517013096e+01
4.693715594332417851e+01 4.255269171086515456e+01
4.693715594332417851e+01 4.593892861221029733e+01
4.693715594332417851e+01 4.679033076366091848e+01
4.693715594332417851e+01 4.803643354447842739e+01
4.693715594332417851e+01 4.632930389810897509e+01
4.693715594332417851e+01 4.545273613600080864e+01
4.693715594332417851e+01 4.358805537985359280e+01
4.693715594332417851e+01 5.081991532404173029e+01
4.693715594332417851e+01 4.861301290810393283e+01
4.693715594332417851e+01 4.507327730889250006e+01
4.693715594332417851e+01 4.456450533109190104e+01
4.693715594332417851e+01 4.831989120091682821e+01
4.693715594332417851e+01 4.459235153990128708e+01
4.693715594332417851e+01 4.884197563720778135e+01
4.693715594332417851e+01 4.882522672851212064e+01
4.693715594332417851e+01 4.831716181645823127e+01
4.693715594332417851e+01 4.100517745880401321e+01
4.693715594332417851e+01 4.767684238460140023e+01
4.693715594332417851e+01 4.374898139809864972e+01
4.693715594332417851e+01 4.514638007447103263e+01
4.693715594332417851e+01 4.730960468521098505e+01
4.693715594332417851e+01 3.901974662118839632e+01
4.693715594332417851e+01 4.754515423055735113e+01
4.693715594332417851e+01 4.919123412840898624e+01
4.693715594332417851e+01 4.271146483557949836e+01
4.693715594332417851e+01 4.624312516549798602e+01
4.693715594332417851e+01 4.325889640643979561e+01
4.693715594332417851e+01 4.708570785511740553e+01
4.693715594332417851e+01 3.909066235760887764e+01
4.693715594332417851e+01 4.029968685486797142e+01
4.693715594332417851e+01 5.104626278201057943e+01
4.693715594332417851e+01 4.534106247010536350e+01
4.693715594332417851e+01 4.860972994656214752e+01
4.693715594332417851e+01 5.583905243104561578e+01
4.693715594332417851e+01 4.517348529791853906e+01
4.693715594332417851e+01 4.590604353121759829e+01
4.693715594332417851e+01 3.878952578138876106e+01
4.693715594332417851e+01 4.464527971746350232e+01
4.693715594332417851e+01 4.807350996098762863e+01
4.693715594332417851e+01 4.622710588735115067e+01
4.693715594332417851e+01 5.045808064002388704e+01
4.693715594332417851e+01 4.916724882070395353e+01
4.693715594332417851e+01 4.566442812693359343e+01
4.693715594332417851e+01 4.925569801397473668e+01
4.693715594332417851e+01 4.614229315687278188e+01
4.693715594332417851e+01 4.615320411405219403e+01
4.693715594332417851e+01 4.162936796405188744e+01
4.693715594332417851e+01 4.638883371977897951e+01
4.693715594332417851e+01 4.820915861583277007e+01
4.693715594332417851e+01 4.312684140159259272e+01
4.693715594332417851e+01 4.888387426022072191e+01
4.693715594332417851e+01 4.544020161130492852e+01
4.693715594332417851e+01 3.883623320904440845e+01
4.693715594332417851e+01 4.546811726299477385e+01
4.693715594332417851e+01 4.613626624327623915e+01
4.693715594332417851e+01 4.493440936304719457e+01
4.693715594332417851e+01 4.924063362701286195e+01
4.693715594332417851e+01 4.455288813840166284e+01
4.693715594332417851e+01 4.613019502019056262e+01
4.693715594332417851e+01 5.001922128681368207e+01
4.693715594332417851e+01 4.390353385601448366e+01
4.693715594332417851e+01 4.485946958563067710e+01
