4.693715594332417851e+01 4.607253913367409837e+01
4.693715594332417851e+01 4.757512452074178100e+01
4.693715594332417851e+01 4.441597739894130825e+01
4.693715594332417851e+01 4.767299098861629858e+01
4.693715594332417851e+01 4.393628622713924159e+01
4.693715594332417851e+01 4.433680918373291746e+01
4.693715594332417851e+01 5.226361002606844863e+01
4.693715594332417851e+01 4.735722279658368450e+01
4.693715594332417851e+01 4.620244906636291660e+01
4.693715594332417851e+01 4.668788036113516426e+01
4.693715594332417851e+01 4.580271747490223788e+01
4.693715594332417851e+01 4.906162163333446813e+01
4.693715594332417851e+01 4.851702809545034256e+01
4.693715594332417851e+01 4.508253306128779059e+01
4.693715594332417851e+01 4.136487617386198679e+01
4.693715594332417851e+01 4.472500747798761722e+01
4.693715594332417851e+01 5.160768155621445885e+01
4.693715594332417851e+01 4.710256794546474168e+01
4.693715594332417851e+01 4.918856397387381207e+01
4.693715594332417851e+01 4.843500729772586055e+01
4.693715594332417851e+01 4.668030126633842514e+01
4.693715594332417851e+01 4.469112463067451557e+01
4.693715594332417851e+01 4.828692998318771856e+01
4.693715594332417851e+01 4.190109630511960148e+01
4.693715594332417851e+01 4.389776714500101207e+01
4.693715594332417851e+01 4.597635754327076540e+01
4.693715594332417851e+01 4.823598253402390412e+01
4.693715594332417851e+01 4.681319973584582073e+01
4.693715594332417851e+01 5.444439290270006637e+01
4.693715594332417851e+01 5.218160854564228401e+01
4.693715594332417851e+01 4.861646808024361377e+01
4.693715594332417851e+01 4.564257356772386487e+01
4.693715594332417851e+01 4.221824105779794678e+01
4.693715594332417851e+01 4.655935508060583317e+01
4.693715594332417851e+01 4.657843721082491584e+01
4.693715594332417851e+01 4.349989244340765282e+01
4.693715594332417851e+01 4.724070628963643514e+01
4.693715594332417851e+01 4.770582455030999824e+01
4.693715594332417851e+01 4.371396740711378470e+01
4.693715594332417851e+01 4.286185743787163460e+01
4.693715594332417851e+01 5.215543321401031562e+01
4.693715594332417851e+01 4.813243718245794867e+01
4.693715594332417851e+01 4.469023972267432754e+01
4.693715594332417851e+01 4.232481700475577213e+01
4.693715594332417851e+01 5.246569361308885249e+01
4.693715594332417851e+01 4.943708716002203118e+01
4.693715594332417851e+01 4.931395256514402803e+01
4.693715594332417851e+01 4.434796786685372894e+01
4.693715594332417851e+01 4.753900979021306483e+01
4.693715594332417851e+01 4.333300877362054848e+01
4.693715594332417851e+01 4.318975155292395129e+01
4.693715594332417851e+01 4.657972655059439404e+01
4.693715594332417851e+01 4.650775873777768510e+01
4.693715594332417851e+01 4.834096705884567058e+01
4.693715594332417851e+01 5.021801345464576372e+01
4.693715594332417851e+01 4.916006447997661866e+01
4.693715594332417851e+01 4.599160152207869601e+01
4.693715594332417851e+01 4.689384000727935131e+01
4.693715594332417851e+01 4.468102047800010723e+01
4.693715594332417851e+01 4.595484986031848962e+01
4.693715594332417851e+01 4.049135323773734285e+01
4.693715594332417851e+01 4.538605374865263542e+01
4.693715594332417851e+01 4.650857783007482027e+01
4.693715594332417851e+01 4.671305627033880370e+01
4.693715594332417851e+01 4.702549426104957320e+01
4.693715594332417851e+01 4.326042676659445618e+01
4.693715594332417851e+01 5.111848944597279853e+01
4.693715594332417851e+01 4.349914242637605355e+01
4.693715594332417851e+01 4.045208184172233956e+01
4.693715594332417851e+01 4.432429241703663791e+01
4.693715594332417851e+01 4.801143393494150047e+01
4.693715594332417851e+01 5.105185810043871442e+01
4.693715594332417851e+01 4.709088169950738489e+01
4.693715594332417851e+01 4.606746705543527298e+01
4.693715594332417851e+01 4.391972937337736482e+01
4.693715594332417851e+01 4.226990153257519012e+01
4.693715594332417851e+01 5.121237845415294032e+01
4.693715594332417851e+01 4.995926715413251173e+01
4.693715594332417851e+01 4.184470817589937752e+01
4.693715594332417851e+01 4.397505057811714835e+01
4.693715594332417851e+01 4.545210498512136610e+01
4.693715594332417851e+01 4.994774911585209765e+01
4.693715594332417851e+01 5.079108251236095839e+01
4.693715594332417851e+01 4.634937838928928500e+01
4.693715594332417851e+01 4.817824828691981764e+01
4.693715594332417851e+01 4.446709187583488898e+01
4.693715594332417851e+01 4.949830874744805698e+01
4.693715594332417851e+01 4.291908254462668282e+01
4.693715594332417851e+01 4.757475366241880010e+01
4.693715594332417851e+01 4.131136654756800652e+01
4.693715594332417851e+01 5.043901351545716238e+01
4.693715594332417851e+01 4.934264939867599509e+01
4.693715594332417851e+01 4.372990635781258106e+01
4.693715594332417851e+01 4.975078182559393269e+01
4.693715594332417851e+01 4.169641515342161142e+01
4.693715594332417851e+01 4.821309772477940214e+01
4.693715594332417851e+01 4.525918039048003294e+01
4.693715594332417851e+01 4.163851402859261697e+01
4.693715594332417851e+01 4.944235857342655294e+01
4.693715594332417851e+01 4.298072531653915007e+01
4.693715594332417851e+01 4.729884903149755360e+01
4.693715594332417851e+01 4.761132310974227266e+01
4.693715594332417851e+01 4.153329879876058328e+01
4.693715594332417851e+01 4.888601430953372073e+01
4.693715594332417851e+01 4.872369265202471666e+01
4.693715594332417851e+01 4.597106737674125299e+01
4.693715594332417851e+01 5.176645600583352547e+01
4.693715594332417851e+01 4.726463107768339711e+01
4.693715594332417851e+01 4.601672348687640834e+01
4.693715594332417851e+01 4.537300689942926368e+01
4.693715594332417851e+01 4.425044744164577537e+01
4.693715594332417851e+01 4.361648504439806828e+01
4.693715594332417851e+01 4.610803379796408308e+01
4.693715594332417851e+01 4.852921725615697568e+01
4.693715594332417851e+01 4.387327588240322740e+01
4.693715594332417851e+01 4.672104324284217114e+01
4.693715594332417851e+01 4.332006424974537850e+01
4.693715594332417851e+01 4.323933859253893530e+01
4.693715594332417851e+01 4.294611758553084968e+01
4.693715594332417851e+01 4.505909259693861912e+01
4.693715594332417851e+01 4.606489016424724525e+01
4.693715594332417851e+01 4.796163772879045695e+01
4.693715594332417851e+01 4.340657791752448702e+01
4.693715594332417851e+01 5.074828227850074569e+01
4.693715594332417851e+01 4.501809955896835902e+01
4.693715594332417851e+01 4.225700008994137846e+01
4.693715594332417851e+01 4.408384159802493940e+01
4.693715594332417851e+01 4.916040374021287818e+01
4.693715594332417851e+01 4.505288141808455293e+01
4.693715594332417851e+01 4.881423634691002889e+01
4.693715594332417851e+01 4.772346471746334373e+01
4.693715594332417851e+01 4.839470713384761780e+01
4.693715594332417851e+01 4.363033175099692329e+01
4.693715594332417851e+01 4.777000579936336777e+01
4.693715594332417851e+01 4.588768211559547439e+01
4.693715594332417851e+01 4.129412913347564995e+01
4.693715594332417851e+01 3.906518932994736559e+01
4.693715594332417851e+01 4.993654783576582901e+01
4.693715594332417851e+01 4.867333107778410550e+01
4.693715594332417851e+01 4.542275939371774740e+01
4.693715594332417851e+01 5.092712758845487997e+01
4.693715594332417851e+01 5.191403152427695744e+01
4.693715594332417851e+01 4.732615023100851204e+01
4.693715594332417851e+01 4.460019675933919814e+01
4.693715594332417851e+01 4.840997443087140084e+01
4.693715594332417851e+01 4.515073787178123865e+01
4.693715594332417851e+01 4.343658168835894173e+01
4.693715594332417851e+01 5.707336052326207465e+01
4.693715594332417851e+01 4.695158938658326520e+01
4.693715594332417851e+01 4.348470399659193930e+01
4.693715594332417851e+01 5.119267428600205960e+01
4.693715594332417851e+01 4.954052702231815886e+01
4.693715594332417851e+01 4.811387351025292247e+01
4.693715594332417851e+01 4.965804406292627959e+01
4.693715594332417851e+01 4.113670113054404709e+01
4.693715594332417851e+01 4.813343719473444082e+01
4.693715594332417851e+01 4.477225732289180371e+01
4.693715594332417851e+01 4.954385295860863181e+01
4.693715594332417851e+01 4.424004400952239280e+01
4.693715594332417851e+01 4.608279125608548554e+01
4.693715594332417851e+01 4.870852197165905295e+01
4.693715594332417851e+01 4.766146667006235305e+01
4.693715594332417851e+01 4.527154945170168787e+01
4.693715594332417851e+01 4.423809015893311880e+01
4.693715594332417851e+01 4.188489610957000053e+01
4.693715594332417851e+01 4.356872001156851582e+01
4.693715594332417851e+01 4.417527239409205464e+01
4.693715594332417851e+01 4.788206827722494552e+01
4.693715594332417851e+01 4.422495042971618773e+01
4.693715594332417851e+01 4.593703051092214196e+01
4.693715594332417851e+01 4.513601900199549277e+01
4.693715594332417851e+01 4.808207930614442915e+01
4.693715594332417851e+01 4.238345703780589702e+01
4.693715594332417851e+01 4.876010042521929222e+01
4.693715594332417851e+01 4.688666273392312434e+01
4.693715594332417851e+01 4.880968097318437771e+01
4.693715594332417851e+01 4.071041955431302739e+01
4.693715594332417851e+01 4.761340615172505863e+01
4.693715594332417851e+01 4.189266030995064938e+01
4.693715594332417851e+01 4.610021141119849375e+01
4.693715594332417851e+01 4.864614817649317757e+01
4.693715594332417851e+01 4.661902428170685653e+01
4.693715594332417851e+01 4.757464084086845446e+01
4.693715594332417851e+01 4.394458671264614935e+01
4.693715594332417851e+01 4.470949326272232582e+01
4.693715594332417851e+01 4.368345563672119880e+01
4.693715594332417851e+01 4.677683612863265949e+01
4.693715594332417851e+01 4.349705346416266849e+01
4.693715594332417851e+01 4.499482572199601549e+01
4.693715594332417851e+01 4.650759193352526211e+01
4.693715594332417851e+01 4.670721221708078730e+01
4.693715594332417851e+01 5.099813756288663313e+01
4.693715594332417851e+01 5.069648693994729172e+01
4.693715594332417851e+01 4.635310018554259415e+01
4.693715594332417851e+01 4.868326477287000387e+01
4.693715594332417851e+01 4.544856385754572159e+01
4.693715594332417851e+01 4.149093437546566321e+01
4.693715594332417851e+01 4.309508858687743782e+01
4.693715594332417851e+01 4.579479624661377812e+01
4.693715594332417851e+01 4.540262031146144750e+01
4.693715594332417851e+01 4.740097434532466281e+01
4.693715594332417851e+01 4.533188590594131284e+01
4.693715594332417851e+01 4.653754778495116540e+01
4.693715594332417851e+01 4.679930716623910314e+01
4.693715594332417851e+01 4.621487280380701890e+01
4.693715594332417851e+01 3.863420615904983890e+01
4.693715594332417851e+01 4.522965865160399090e+01
4.693715594332417851e+01 4.288733124046169110e+01
4.693715594332417851e+01 4.623262528509051350e+01
4.693715594332417851e+01 4.489909793668046945e+01
4.693715594332417851e+01 4.278997544894703964e+01
4.693715594332417851e+01 4.252986768987679511e+01
4.693715594332417851e+01 4.841181204002918292e+01
4.693715594332417851e+01 5.030391163739196259e+01
4.693715594332417851e+01 4.767539080123378170e+01
4.693715594332417851e+01 4.229681933303898234e+01
4.693715594332417851e+01 4.669740478485456947e+01
4.693715594332417851e+01 4.810897704128672814e+01
4.693715594332417851e+01 5.478576711803100352e+01
4.693715594332417851e+01 4.627909616148333072e+01
4.693715594332417851e+01 4.701280055440501116e+01
4.693715594332417851e+01 4.976782214935258253e+01
4.693715594332417851e+01 4.530091770473689650e+01
4.693715594332417851e+01 4.818364357811507404e+01
4.693715594332417851e+01 4.415713370733037380e+01
4.693715594332417851e+01 4.727065976617964083e+01
4.693715594332417851e+01 4.772185822557770507e+01
4.693715594332417851e+01 4.954951617056538282e+01
4.693715594332417851e+01 4.593377978849646581e+01
4.693715594332417851e+01 5.038460251947297053e+01
4.693715594332417851e+01 4.375433033094938651e+01
4.693715594332417851e+01 4.865213490227640136e+01
4.693715594332417851e+01 4.488005646609953203e+01
4.693715594332417851e+01 5.126736872919092036e+01
4.693715594332417851e+01 4.940367781200583153e+01
4.693715594332417851e+01 4.822164995448772373e+01
4.693715594332417851e+01 4.918370170331724722e+01
4.693715594332417851e+01 4.389110280506861272e+01
4.693715594332417851e+01 4.801062561538078910e+01
4.693715594332417851e+01 5.320158235400614899e+01
4.693715594332417851e+01 5.260840706180808013e+01
4.693715594332417851e+01 5.076449065648517944e+01
4.693715594332417851e+01 4.213100088805207122e+01
4.693715594332417851e+01 4.421583377189287489e+01
4.693715594332417851e+01 4.326250918039560389e+01
4.693715594332417851e+01 4.132594999166322935e+01
4.693715594332417851e+01 5.664743208522807549e+01
4.693715594332417851e+01 4.646377963577913306e+01
4.693715594332417851e+01 4.244400869045663427e+01
4.693715594332417851e+01 4.856796591657455053e+01
4.693715594332417851e+01 3.993393094859062131e+01
4.693715594332417851e+01 4.279346029092052817e+01
4.693715594332417851e+01 4.882608556581303105e+01
4.693715594332417851e+01 4.095933042421245318e+01
4.693715594332417851e+01 5.478314675113966103e+01
4.693715594332417851e+01 4.716606375160566245e+01
4.693715594332417851e+01 4.435519885891275038e+01
4.693715594332417851e+01 4.925591531434382375e+01
4.693715594332417851e+01 4.479115780073890107e+01
4.693715594332417851e+01 5.145748531822508198e+01
4.693715594332417851e+01 4.745331934786460693e+01
4.693715594332417851e+01 4.783202039721008703e+01
4.693715594332417851e+01 4.615744569970551936e+01
4.693715594332417851e+01 4.768713997427486362e+01
4.693715594332417851e+01 4.430658283524467578e+01
4.693715594332417851e+01 4.708226832911481097e+01
4.693715594332417851e+01 4.752174459860428613e+01
4.693715594332417851e+01 4.638988243120892463e+01
4.693715594332417851e+01 4.434157692850637744e+01
4.693715594332417851e+01 4.597667943455993367e+01
4.693715594332417851e+01 4.325387958722410531e+01
4.693715594332417851e+01 4.485102255383643666e+01
4.693715594332417851e+01 4.591039128618776743e+01
4.693715594332417851e+01 4.583969563430504479e+01
4.693715594332417851e+01 4.754458394441827096e+01
4.693715594332417851e+01 4.337512906884744979e+01
4.693715594332417851e+01 4.310022187286225659e+01
4.693715594332417851e+01 4.452937584795764536e+01
4.693715594332417851e+01 4.520575490206605451e+01
4.693715594332417851e+01 4.421960135047363849e+01
4.693715594332417851e+01 4.460856569555610207e+01
4.693715594332417851e+01 4.375413544122584142e+01
4.693715594332417851e+01 4.918947037745895301e+01
4.693715594332417851e+01 4.453842689828829293e+01
4.693715594332417851e+01 4.467215101075170480e+01
4.693715594332417851e+01 4.203106994622841341e+01
4.693715594332417851e+01 4.084491930557704364e+01
4.693715594332417851e+01 5.117435545531569119e+01
4.693715594332417851e+01 4.515860662731756747e+01
4.693715594332417851e+01 4.830706917167743342e+01
4.693715594332417851e+01 4.913851908856175044e+01
4.693715594332417851e+01 4.781276480275288776e+01
4.693715594332417851e+01 4.447183910683671115e+01
4.693715594332417851e+01 4.473962722639566181e+01
4.693715594332417851e+01 4.449250975332589064e+01
4.693715594332417851e+01 5.015070362999910714e+01
4.693715594332417851e+01 4.645854772542088540e+01
4.693715594332417851e+01 4.336958147217863058e+01
4.693715594332417851e+01 4.338394694771362481e+01
4.693715594332417851e+01 4.561935229163473338e+01
4.693715594332417851e+01 4.608997708648061575e+01
4.693715594332417851e+01 4.729516535061308247e+01
4.693715594332417851e+01 4.569668914148345351e+01
4.693715594332417851e+01 4.329663509469865801e+01
4.693715594332417851e+01 5.006447183523581401e+01
4.693715594332417851e+01 4.456966323322856738e+01
4.693715594332417851e+01 4.712887881164009229e+01
4.693715594332417851e+01 4.512634472022632082e+01
4.693715594332417851e+01 4.478044416814302053e+01
4.693715594332417851e+01 4.584647209958307457e+01
4.693715594332417851e+01 4.526515145912536298e+01
4.693715594332417851e+01 4.831303588056945841e+01
4.693715594332417851e+01 5.183615355341376585e+01
4.693715594332417851e+01 4.571522315873313858e+01
4.693715594332417851e+01 4.776423052916510414e+01
4.693715594332417851e+01 4.263911303726982283e+01
4.693715594332417851e+01 4.448394759837452739e+01
4.693715594332417851e+01 4.954025713113205143e+01
4.693715594332417851e+01 4.238428678718358356e+01
4.693715594332417851e+01 4.556437732729094847e+01
4.693715594332417851e+01 5.345930864425218942e+01
4.693715594332417851e+01 4.938134426334932670e+01
4.693715594332417851e+01 4.678824277720045188e+01
4.693715594332417851e+01 4.491012065021280364e+01
4.693715594332417851e+01 4.838349023079013733e+01
4.693715594332417851e+01 4.856506862038542494e+01
4.693715594332417851e+01 4.905868820128378616e+01
4.693715594332417851e+01 4.513195019450299128e+01
4.693715594332417851e+01 4.879891927159832221e+01
4.693715594332417851e+01 4.608414581136061372e+01
4.693715594332417851e+01 4.606604332724980821e+01
4.693715594332417851e+01 4.342171834007544362e+01
4.693715594332417851e+01 4.817280761099840447e+01
4.693715594332417851e+01 4.326679308659051060e+01
4.693715594332417851e+01 4.414306231644161471e+01
4.693715594332417851e+01 4.873869028920801583e+01
4.693715594332417851e+01 4.920898468648790924e+01
4.693715594332417851e+01 4.899391024705334985e+01
4.693715594332417851e+01 4.630597655172083904e+01
4.693715594332417851e+01 5.360902433808695378e+01
4.693715594332417851e+01 4.360744394549586644e+01
4.693715594332417851e+01 4.151551099781839582e+01
4.693715594332417851e+01 4.171442284412256640e+01
4.693715594332417851e+01 5.039875516971201108e+01
4.693715594332417851e+01 4.672399873986405794e+01
4.693715594332417851e+01 4.149306095347817092e+01
4.693715594332417851e+01 4.611429159861607729e+01
4.693715594332417851e+01 4.434433986225921132e+01
4.693715594332417851e+01 4.717041321454099290e+01
4.693715594332417851e+01 4.653779426432921440e+01
4.693715594332417851e+01 4.049387918082559423e+01
4.693715594332417851e+01 4.703114763737291071e+01
4.693715594332417851e+01 4.699732199834369339e+01
4.693715594332417851e+01 4.591917664795998633e+01
4.693715594332417851e+01 4.325020194483428071e+01
4.693715594332417851e+01 3.943084543915801987e+01
4.693715594332417851e+01 4.369347795897213871e+01
4.693715594332417851e+01 4.516388866937310098e+01
4.693715594332417851e+01 4.835751746150673824e+01
4.693715594332417851e+01 4.150244286579484054e+01
4.693715594332417851e+01 4.777573631807197785e+01
4.693715594332417851e+01 4.945865577076196473e+01
4.693715594332417851e+01 3.975276881734433942e+01
4.693715594332417851e+01 3.903045248094721131e+01
4.693715594332417851e+01 4.742799891582401273e+01
4.693715594332417851e+01 4.690672366633311441e+01
4.693715594332417851e+01 4.871259571266585908e+01
4.693715594332417851e+01 4.497829150397877385e+01
4.693715594332417851e+01 4.311546802324292571e+01
4.693715594332417851e+01 4.498836213753226332e+01
4.693715594332417851e+01 5.064782612337605627e+01
4.693715594332417851e+01 4.671132552622287903e+01
4.693715594332417851e+01 4.183293676147899731e+01
4.693715594332417851e+01 3.901805912288559597e+01
4.693715594332417851e+01 4.509809549058117994e+01
4.693715594332417851e+01 4.722339267053967404e+01
4.693715594332417851e+01 4.536172957172703946e+01
4.693715594332417851e+01 4.520311981145892588e+01
4.693715594332417851e+01 3.941111822792123576e+01
4.693715594332417851e+01 4.533386686662581866e+01
4.693715594332417851e+01 4.932383431091187731e+01
4.693715594332417851e+01 4.864811126251887430e+01
4.693715594332417851e+01 4.915342998786424289e+01
4.693715594332417851e+01 4.493711610415916624e+01
4.693715594332417851e+01 4.365168779640772101e+01
4.693715594332417851e+01 4.822402329411396238e+01
4.693715594332417851e+01 4.775310312034980598e+01
4.693715594332417851e+01 4.765216591601972596e+01
4.693715594332417851e+01 4.396486550890501377e+01
4.693715594332417851e+01 4.593180405357684037e+01
4.693715594332417851e+01 4.267367598165586884e+01
4.693715594332417851e+01 4.836202133723750052e+01
4.693715594332417851e+01 4.909087220430686216e+01
4.693715594332417851e+01 5.051777657157263945e+01
4.693715594332417851e+01 5.216460761207297026e+01
4.693715594332417851e+01 4.650191721898184483e+01
4.693715594332417851e+01 4.846354234147236184e+01
4.693715594332417851e+01 4.298428395850541506e+01
4.693715594332417851e+01 4.467779377912163596e+01
4.693715594332417851e+01 5.184758075822242773e+01
4.693715594332417851e+01 4.562973833781809674e+01
4.693715594332417851e+01 4.518522395399596547e+01
4.693715594332417851e+01 4.754118765627707432e+01
4.693715594332417851e+01 3.684978384950041175e+01
4.693715594332417851e+01 4.714593312724076668e+01
4.693715594332417851e+01 4.659587176912660311e+01
4.693715594332417851e+01 4.493740592218221508e+01
4.693715594332417851e+01 4.725401772696019975e+01
4.693715594332417851e+01 4.192903407602944554e+01
4.693715594332417851e+01 4.773688209031690377e+01
4.693715594332417851e+01 5.232746907604897046e+01
4.693715594332417851e+01 4.829280605309286756e+01
4.693715594332417851e+01 4.414055274525744466e+01
4.693715594332417851e+01 4.393707269111131808e+01
4.693715594332417851e+01 4.836252044085930635e+01
4.693715594332417851e+01 4.308422046964714269e+01
4.693715594332417851e+01 4.788822024304580793e+01
4.693715594332417851e+01 4.625953535729758670e+01
4.693715594332417851e+01 5.062884958917129552e+01
4.693715594332417851e+01 4.107181343121930439e+01
4.693715594332417851e+01 4.631124560616926544e+01
4.693715594332417851e+01 4.678431064717659638e+01
4.693715594332417851e+01 4.683276477536243476e+01
4.693715594332417851e+01 4.383535675796296260e+01
4.693715594332417851e+01 4.934803374646546814e+01
4.693715594332417851e+01 4.830851992619500379e+01
4.693715594332417851e+01 5.022649899749572455e+01
4.693715594332417851e+01 3.761117554867779234e+01
4.693715594332417851e+01 4.472132503608555254e+01
4.693715594332417851e+01 4.616934287722749275e+01
4.693715594332417851e+01 4.793932308804017595e+01
4.693715594332417851e+01 4.792601178011219787e+01
4.693715594332417851e+01 4.549487603204391917e+01
4.693715594332417851e+01 4.635060585068496408e+01
4.693715594332417851e+01 5.042439170738288112e+01
4.693715594332417851e+01 5.143686238852008330e+01
4.693715594332417851e+01 4.979850139039564993e+01
4.693715594332417851e+01 4.259228012822167386e+01
4.693715594332417851e+01 4.258303210677692618e+01
4.693715594332417851e+01 4.608854568720291667e+01
4.693715594332417851e+01 4.356888191802222110e+01
4.693715594332417851e+01 5.235225411272837448e+01
4.693715594332417851e+01 4.220403573157697252e+01
4.693715594332417851e+01 4.926948366178245209e+01
4.693715594332417851e+01 4.593053981178078971e+01
4.693715594332417851e+01 4.030082967177534670e+01
4.693715594332417851e+01 4.555227688843886824e+01
4.693715594332417851e+01 4.774648101915660448e+01
4.693715594332417851e+01 4.929681720493919528e+01
4.693715594332417851e+01 5.242092895167020572e+01
4.693715594332417851e+01 4.216419253860749450e+01
4.693715594332417851e+01 5.267272027322888306e+01
4.693715594332417851e+01 4.282891355938085098e+01
4.693715594332417851e+01 5.089485206178075316e+01
4.693715594332417851e+01 4.968176795481155494e+01
4.693715594332417851e+01 4.425128170349768197e+01
4.693715594332417851e+01 4.660084290221097092e+01
4.693715594332417851e+01 4.593319173110125320e+01
4.693715594332417851e+01 4.787670256732388196e+01
4.693715594332417851e+01 4.499614865208996406e+01
4.693715594332417851e+01 4.370299559182885218e+01
4.693715594332417851e+01 4.520930105276857347e+01
4.693715594332417851e+01 5.123535684525054990e+01
4.693715594332417851e+01 4.524165127895174265e+01
4.693715594332417851e+01 5.049125359053354600e+01
4.693715594332417851e+01 4.208600902049722947e+01
4.693715594332417851e+01 4.752600696197771413e+01
4.693715594332417851e+01 4.916850502509723242e+01
4.693715594332417851e+01 4.946444351986995258e+01
4.693715594332417851e+01 4.884037941706508690e+01
4.693715594332417851e+01 5.086379506371809356e+01
4.693715594332417851e+01 4.118276563570704951e+01
4.693715594332417851e+01 4.178829135392987126e+01
4.693715594332417851e+01 5.035105653920265922e+01
4.693715594332417851e+01 4.894767637580800113e+01
4.693715594332417851e+01 4.879680572923073356e+01
4.693715594332417851e+01 4.303430079506785688e+01
4.693715594332417851e+01 4.805282770660035396e+01
4.693715594332417851e+01 4.659645402269678272e+01
4.693715594332417851e+01 4.160956119213875581e+01
4.693715594332417851e+01 4.689609978927171596e+01
4.693715594332417851e+01 4.269016647783347906e+01
4.693715594332417851e+01 4.882549940577959546e+01
4.693715594332417851e+01 4.138080118882805181e+01
4.693715594332417851e+01 5.033764743677730991e+01
4.693715594332417851e+01 4.553010275691126196e+01
4.693715594332417851e+01 4.777683242696868149e+01
4.693715594332417851e+01 4.348414292556514482e+01
4.693715594332417851e+01 4.542714610836439704e+01
4.693715594332417851e+01 4.514117770819356679e+01
4.693715594332417851e+01 5.425469675046021223e+01
4.693715594332417851e+01 4.621339623856948720e+01
4.693715594332417851e+01 4.084824523029524102e+01
4.693715594332417851e+01 4.879570086805979656e+01
4.693715594332417851e+01 4.677279489242224741e+01
4.693715594332417851e+01 4.526137166272565793e+01
4.693715594332417851e+01 4.914132994533045462e+01
4.693715594332417851e+01 5.250115288838743055e+01
4.693715594332417851e+01 4.599585017358831607e+01
4.693715594332417851e+01 4.805989069540158454e+01
4.693715594332417851e+01 4.603996824954302980e+01
4.693715594332417851e+01 4.304816536598269749e+01
4.693715594332417851e+01 4.633133239980576690e+01
4.693715594332417851e+01 5.073639438901160048e+01
4.693715594332417851e+01 4.820148499482560567e+01
4.693715594332417851e+01 4.240842933836533746e+01
4.693715594332417851e+01 4.841108045385198722e+01
4.693715594332417851e+01 4.250384439271855541e+01
4.693715594332417851e+01 5.190538354343017602e+01
4.693715594332417851e+01 4.050639443079563762e+01
4.693715594332417851e+01 5.145846468555939168e+01
4.693715594332417851e+01 4.408102390145197091e+01
4.693715594332417851e+01 4.706357107564204512e+01
4.693715594332417851e+01 4.469036688987389994e+01
4.693715594332417851e+01 4.199470730366508064e+01
4.693715594332417851e+01 4.746014855387905129e+01
4.693715594332417851e+01 4.393470144859622195e+01
4.693715594332417851e+01 4.457577807585841612e+01
4.693715594332417851e+01 4.119414361460958673e+01
4.693715594332417851e+01 4.235224781919386317e+01
4.693715594332417851e+01 4.719221464287533507e+01
4.693715594332417851e+01 4.622470720667212873e+01
4.693715594332417851e+01 4.944849648060922220e+01
4.693715594332417851e+01 4.311275844850959515e+01
4.693715594332417851e+01 4.592232678557201808e+01
4.693715594332417851e+01 4.439923825449560013e+01
4.693715594332417851e+01 4.325987273346517981e+01
4.693715594332417851e+01 4.383319006083303293e+01
4.693715594332417851e+01 4.296176866873470601e+01
4.693715594332417851e+01 4.622461630586309411e+01
4.693715594332417851e+01 4.634506909023678389e+01
4.693715594332417851e+01 5.301179405084859297e+01
4.693715594332417851e+01 4.808879527235449558e+01
4.693715594332417851e+01 4.955694813218438100e+01
4.693715594332417851e+01 4.681605486748731693e+01
4.693715594332417851e+01 4.515774148346229566e+01
4.693715594332417851e+01 4.295503098629984606e+01
4.693715594332417851e+01 4.170691228046957377e+01
4.693715594332417851e+01 4.638029618922841024e+01
4.693715594332417851e+01 4.191307085580348257e+01
4.693715594332417851e+01 4.506792488664657981e+01
4.693715594332417851e+01 4.255311668887627263e+01
4.693715594332417851e+01 4.883585780157441292e+01
4.693715594332417851e+01 4.937971203905483719e+01
4.693715594332417851e+01 4.820451598887130018e+01
4.693715594332417851e+01 4.372171154171555685e+01
4.693715594332417851e+01 4.265328660593173282e+01
4.693715594332417851e+01 4.346551646727475315e+01
4.693715594332417851e+01 4.286329879701742129e+01
4.693715594332417851e+01 4.785737303176918545e+01
4.693715594332417851e+01 4.649462340681191108e+01
4.693715594332417851e+01 4.567719952471241385e+01
4.693715594332417851e+01 4.483299066464291371e+01
4.693715594332417851e+01 5.085343801231768168e+01
4.693715594332417851e+01 4.910612847989349206e+01
4.693715594332417851e+01 4.792469018502833222e+01
4.693715594332417851e+01 4.591461034489800852e+01
4.693715594332417851e+01 4.854973993461088355e+01
4.693715594332417851e+01 4.103134777101457331e+01
4.693715594332417851e+01 4.907291835173548122e+01
4.693715594332417851e+01 4.520967125558280486e+01
4.693715594332417851e+01 4.578092638267146697e+01
4.693715594332417851e+01 5.077138644451644467e+01
4.693715594332417851e+01 4.338611698416458751e+01
4.693715594332417851e+01 4.449624928887197939e+01
4.693715594332417851e+01 4.691136865759465024e+01
4.693715594332417851e+01 5.017675980163161142e+01
4.693715594332417851e+01 4.277711376662893628e+01
4.693715594332417851e+01 4.949587266836707755e+01
4.693715594332417851e+01 4.602987908216341850e+01
4.693715594332417851e+01 5.441910879994185990e+01
4.693715594332417851e+01 4.017713305870907448e+01
4.693715594332417851e+01 4.304418994114752195e+01
4.693715594332417851e+01 4.891392903290766014e+01
4.693715594332417851e+01 4.718490320017880890e+01
4.693715594332417851e+01 4.100127246507901191e+01
4.693715594332417851e+01 3.528247286436295838e+01
4.693715594332417851e+01 4.336316183131296498e+01
4.693715594332417851e+01 4.380041164795733977e+01
4.693715594332417851e+01 3.930777585100210558e+01
4.693715594332417851e+01 4.750611683012005670e+01
4.693715594332417851e+01 3.998707341825740968e+01
4.693715594332417851e+01 4.194071407748231195e+01
4.693715594332417851e+01 4.491564134236768524e+01
4.693715594332417851e+01 5.168250076497096757e+01
4.693715594332417851e+01 5.188052212369864691e+01
4.693715594332417851e+01 5.029681002732331763e+01
4.693715594332417851e+01 4.766982223982178368e+01
4.693715594332417851e+01 4.573969715620120979e+01
4.693715594332417851e+01 4.242476552613022278e+01
4.693715594332417851e+01 4.458991606647754224e+01
4.693715594332417851e+01 4.487857160407818213e+01
4.693715594332417851e+01 4.933983729882957192e+01
4.693715594332417851e+01 4.931235250203801002e+01
4.693715594332417851e+01 4.790791476493837564e+01
4.693715594332417851e+01 4.622828353274010738e+01
4.693715594332417851e+01 5.054808163502229235e+01
4.693715594332417851e+01 4.621257376721951005e+01
4.693715594332417851e+01 4.963460553710100243e+01
4.693715594332417851e+01 5.196834144886545914e+01
4.693715594332417851e+01 4.509921342799015065e+01
4.693715594332417851e+01 4.608015229014981884e+01
4.693715594332417851e+01 4.792683081742956830e+01
4.693715594332417851e+01 4.080089305546029266e+01
4.693715594332417851e+01 5.240396053124391784e+01
4.693715594332417851e+01 4.805274413209676965e+01
4.693715594332417851e+01 4.343121509279767878e+01
4.693715594332417851e+01 5.611953803556664155e+01
4.693715594332417851e+01 4.838569871011294765e+01
4.693715594332417851e+01 4.863470874472049132e+01
4.693715594332417851e+01 4.495264112993269379e+01
4.693715594332417851e+01 4.697778584941612934e+01
4.693715594332417851e+01 4.473757761450332282e+01
4.693715594332417851e+01 4.833178771006054575e+01
4.693715594332417851e+01 5.274065683803353721e+01
4.693715594332417851e+01 4.615693565348146166e+01
4.693715594332417851e+01 4.588261756854782192e+01
4.693715594332417851e+01 4.381617015701728945e+01
4.693715594332417851e+01 4.767734084891509383e+01
4.693715594332417851e+01 4.866989793699914202e+01
4.693715594332417851e+01 4.363474965958074137e+01
4.693715594332417851e+01 4.574014964767668090e+01
4.693715594332417851e+01 5.208396955928707683e+01
4.693715594332417851e+01 4.357003217164043463e+01
4.693715594332417851e+01 4.582039948442270827e+01
4.693715594332417851e+01 4.408927911883578332e+01
4.693715594332417851e+01 5.547333318755710962e+01
4.693715594332417851e+01 4.427876009765429899e+01
4.693715594332417851e+01 4.361217262992875021e+01
4.693715594332417851e+01 5.050039878838565244e+01
4.693715594332417851e+01 4.441686411981810778e+01
4.693715594332417851e+01 4.635652006361815580e+01
4.693715594332417851e+01 4.842376485552829024e+01
4.693715594332417851e+01 4.780859017039728087e+01
4.693715594332417851e+01 4.212554691305916776e+01
4.693715594332417851e+01 4.813283858237974755e+01
4.693715594332417851e+01 4.556334371552245699e+01
4.693715594332417851e+01 4.543295760466034494e+01
4.693715594332417851e+01 4.465368119168161343e+01
4.693715594332417851e+01 4.710102607401761787e+01
4.693715594332417851e+01 4.370593238445866291e+01
4.693715594332417851e+01 4.313341840230927460e+01
4.693715594332417851e+01 4.154194063452090546e+01
4.693715594332417851e+01 4.632409475888347572e+01
4.693715594332417851e+01 4.475641102340652111e+01
4.693715594332417851e+01 4.679222907437937096e+01
4.693715594332417851e+01 4.582456404343637502e+01
4.693715594332417851e+01 4.490462392180012330e+01
4.693715594332417851e+01 4.394631241724041359e+01
4.693715594332417851e+01 4.801856750461569590e+01
4.693715594332417851e+01 4.648441996558969436e+01
4.693715594332417851e+01 5.040593921273366362e+01
4.693715594332417851e+01 4.897594616028614212e+01
4.693715594332417851e+01 4.527011489595154359e+01
4.693715594332417851e+01 4.121066084982050626e+01
4.693715594332417851e+01 4.002266131380619640e+01
4.693715594332417851e+01 4.700604740856016406e+01
4.693715594332417851e+01 4.839261887732417478e+01
4.693715594332417851e+01 4.283106369424168491e+01
4.693715594332417851e+01 4.447378838104768306e+01
4.693715594332417851e+01 4.994277514339202639e+01
4.693715594332417851e+01 4.304642010616375813e+01
4.693715594332417851e+01 5.049451330086664314e+01
4.693715594332417851e+01 4.432762037422911305e+01
4.693715594332417851e+01 5.034985034194257736e+01
4.693715594332417851e+01 4.497431174117497932e+01
4.693715594332417851e+01 4.623261213907429834e+01
4.693715594332417851e+01 4.941295182949727405e+01
4.693715594332417851e+01 4.940300998655430931e+01
4.693715594332417851e+01 5.124050580223339324e+01
4.693715594332417851e+01 4.646956004951118047e+01
4.693715594332417851e+01 4.766428025296659854e+01
4.693715594332417851e+01 4.305027437263613876e+01
4.693715594332417851e+01 3.893159484798421488e+01
4.693715594332417851e+01 4.641295991479287153e+01
4.693715594332417851e+01 3.708056504708835632e+01
4.693715594332417851e+01 4.663114455122659763e+01
4.693715594332417851e+01 4.407387815276003096e+01
4.693715594332417851e+01 4.246730891964870835e+01
4.693715594332417851e+01 4.572057416699557564e+01
4.693715594332417851e+01 4.194196075021439896e+01
4.693715594332417851e+01 5.201716763468093774e+01
4.693715594332417851e+01 4.717063488069396726e+01
4.693715594332417851e+01 4.825676690088385357e+01
4.693715594332417851e+01 5.097075781797391159e+01
4.693715594332417851e+01 5.741602757189651385e+01
4.693715594332417851e+01 4.461083788099654157e+01
4.693715594332417851e+01 3.960460361620145875e+01
4.693715594332417851e+01 4.244639572517222348e+01
4.693715594332417851e+01 4.811733855080940714e+01
4.693715594332417851e+01 4.516711604630119581e+01
4.693715594332417851e+01 4.380130936251901375e+01
4.693715594332417851e+01 4.415664088813874599e+01
4.693715594332417851e+01 4.617754878681278541e+01
4.693715594332417851e+01 4.527690084383422686e+01
4.693715594332417851e+01 4.444937508889225342e+01
4.693715594332417851e+01 4.756957973162298003e+01
4.693715594332417851e+01 4.836853255893984027e+01
4.693715594332417851e+01 5.397361305728968262e+01
4.693715594332417851e+01 4.635032818795020404e+01
4.693715594332417851e+01 4.208384893921060410e+01
4.693715594332417851e+01 4.660737439987482134e+01
4.693715594332417851e+01 4.191628466643523865e+01
4.693715594332417851e+01 4.864822705507348388e+01
4.693715594332417851e+01 4.950542691965952002e+01
4.693715594332417851e+01 4.485092012346562029e+01
4.693715594332417851e+01 4.589610670959731920e+01
4.693715594332417851e+01 4.537975896595331449e+01
4.693715594332417851e+01 4.931329901130458637e+01
4.693715594332417851e+01 4.792150197522727950e+01
4.693715594332417851e+01 5.057898037919502343e+01
4.693715594332417851e+01 3.935721701954220464e+01
4.693715594332417851e+01 4.362908437154048613e+01
4.693715594332417851e+01 5.218923204868408305e+01
4.693715594332417851e+01 4.232605510050451869e+01
4.693715594332417851e+01 4.370298008603746354e+01
4.693715594332417851e+01 4.798248194181115878e+01
4.693715594332417851e+01 4.382834330707820669e+01
4.693715594332417851e+01 4.658389536998378588e+01
4.693715594332417851e+01 5.121814578769210868e+01
4.693715594332417851e+01 4.400791211621100274e+01
4.693715594332417851e+01 4.581909306745806987e+01
4.693715594332417851e+01 5.122553981877592832e+01
4.693715594332417851e+01 4.252178685126857971e+01
4.693715594332417851e+01 5.427110201981309956e+01
4.693715594332417851e+01 5.132106558314888645e+01
4.693715594332417851e+01 4.676359267596499336e+01
4.693715594332417851e+01 4.988881517808141552e+01
4.693715594332417851e+01 4.438892583254332180e+01
4.693715594332417851e+01 4.830441966993328151e+01
4.693715594332417851e+01 4.832846666401377433e+01
4.693715594332417851e+01 5.007232802746295874e+01
4.693715594332417851e+01 4.240062428660161231e+01
4.693715594332417851e+01 4.390473913759632296e+01
4.693715594332417851e+01 4.822055327373346501e+01
4.693715594332417851e+01 4.659792093242651134e+01
4.693715594332417851e+01 4.780997604368797482e+01
4.693715594332417851e+01 5.055007000056205158e+01
4.693715594332417851e+01 4.475178919548709189e+01
4.693715594332417851e+01 5.265593783008073103e+01
4.693715594332417851e+01 4.351573786274190070e+01
4.693715594332417851e+01 4.712166903392872541e+01
4.693715594332417851e+01 4.872515773957823626e+01
4.693715594332417851e+01 4.228283084427450689e+01
4.693715594332417851e+01 4.681158183610993007e+01
4.693715594332417851e+01 4.767068741788611419e+01
4.693715594332417851e+01 4.557502497177907941e+01
4.693715594332417851e+01 3.853250388231769108e+01
4.693715594332417851e+01 4.984054439755539079e+01
4.693715594332417851e+01 4.526880564171977284e+01
4.693715594332417851e+01 4.046665665434369430e+01
4.693715594332417851e+01 4.533234654347928938e+01
4.693715594332417851e+01 4.876370971862202452e+01
4.693715594332417851e+01 4.435694989846838610e+01
4.693715594332417851e+01 4.454095092715051152e+01
4.693715594332417851e+01 4.553180093223499370e+01
4.693715594332417851e+01 4.753397217984819889e+01
4.693715594332417851e+01 4.502764232137391787e+01
4.693715594332417851e+01 4.541535957795839806e+01
4.693715594332417851e+01 4.434774732511539241e+01
4.693715594332417851e+01 4.226403749860347148e+01
4.693715594332417851e+01 4.201449275801519434e+01
4.693715594332417851e+01 4.326537353587643508e+01
4.693715594332417851e+01 4.380384375018692822e+01
4.693715594332417851e+01 4.449170562076685087e+01
4.693715594332417851e+01 4.628992468895216206e+01
4.693715594332417851e+01 4.848480208228596666e+01
4.693715594332417851e+01 4.546045051566535022e+01
4.693715594332417851e+01 4.534999968970683426e+01
4.693715594332417851e+01 4.596435998781151255e+01
4.693715594332417851e+01 4.204628619385322708e+01
4.693715594332417851e+01 4.751072510853725106e+01
4.693715594332417851e+01 4.974172133926116146e+01
4.693715594332417851e+01 4.438308103431213425e+01
4.693715594332417851e+01 4.283950864875206577e+01
4.693715594332417851e+01 4.517927990105525282e+01
4.693715594332417851e+01 4.960576390380391132e+01
4.693715594332417851e+01 5.087976746296010333e+01
4.693715594332417851e+01 4.797850113891058044e+01
4.693715594332417851e+01 4.458321056502391144e+01
4.693715594332417851e+01 4.834659301081645566e+01
4.693715594332417851e+01 4.752224640045311332e+01
4.693715594332417851e+01 4.395530322461117834e+01
4.693715594332417851e+01 4.357856241558225463e+01
4.693715594332417851e+01 4.379016699939274559e+01
4.693715594332417851e+01 4.562493840722419947e+01
4.693715594332417851e+01 4.328917950898590306e+01
4.693715594332417851e+01 4.493264991763010130e+01
4.693715594332417851e+01 3.947765603222246966e+01
4.693715594332417851e+01 4.949102308345781154e+01
4.693715594332417851e+01 4.897270487116350779e+01
4.693715594332417851e+01 4.712236624078085612e+01
4.693715594332417851e+01 4.232443702380639650e+01
4.693715594332417851e+01 5.001883116630762061e+01
4.693715594332417851e+01 4.792296974751830874e+01
4.693715594332417851e+01 4.651177902815819465e+01
4.693715594332417851e+01 4.503278516036457546e+01
4.693715594332417851e+01 4.531336419341310773e+01
4.693715594332417851e+01 4.254444257660143336e+01
4.693715594332417851e+01 4.301593624822261575e+01
4.693715594332417851e+01 4.736818619530009045e+01
4.693715594332417851e+01 4.985223277473626524e+01
4.693715594332417851e+01 5.221842141583573493e+01
4.693715594332417851e+01 4.894341281808123512e+01
4.693715594332417851e+01 4.389486088458507851e+01
4.693715594332417851e+01 4.481234063137657841e+01
4.693715594332417851e+01 4.346539009673679743e+01
4.693715594332417851e+01 4.718819529166108850e+01
4.693715594332417851e+01 4.820775475466266613e+01
4.693715594332417851e+01 5.247512401343588806e+01
4.693715594332417851e+01 4.246427279429189383e+01
4.693715594332417851e+01 4.147072653753887295e+01
4.693715594332417851e+01 4.457156248301620138e+01
4.693715594332417851e+01 4.387141990802138736e+01
4.693715594332417851e+01 3.906767300158441003e+01
4.693715594332417851e+01 4.351711385398861154e+01
4.693715594332417851e+01 4.535666591056633479e+01
4.693715594332417851e+01 4.427577163269334193e+01
4.693715594332417851e+01 4.536415808494075463e+01
4.693715594332417851e+01 4.738048353051141248e+01
4.693715594332417851e+01 4.155013961066062933e+01
4.693715594332417851e+01 4.712909658582897521e+01
4.693715594332417851e+01 4.214015770626168234e+01
4.693715594332417851e+01 4.512386174870500355e+01
4.693715594332417851e+01 4.849700725999156958e+01
4.693715594332417851e+01 4.831501690026010465e+01
4.693715594332417851e+01 4.585423401786385966e+01
4.693715594332417851e+01 5.343550052270209250e+01
4.693715594332417851e+01 4.773776425628396680e+01
4.693715594332417851e+01 4.868269598127790232e+01
4.693715594332417851e+01 5.384324587499931170e+01
4.693715594332417851e+01 4.516594052181613961e+01
4.693715594332417851e+01 4.268052872298738265e+01
4.693715594332417851e+01 4.460824760535410860e+01
4.693715594332417851e+01 4.639603134913261329e+01
4.693715594332417851e+01 4.793679485885972014e+01
4.693715594332417851e+01 4.127423521007985130e+01
4.693715594332417851e+01 4.712856145779919359e+01
4.693715594332417851e+01 4.639205193553640783e+01
4.693715594332417851e+01 4.920832036541277432e+01
4.693715594332417851e+01 4.316689331005559183e+01
4.693715594332417851e+01 3.956313205275839096e+01
4.693715594332417851e+01 4.391362330062210617e+01
4.693715594332417851e+01 4.540887955941263243e+01
4.693715594332417851e+01 4.724921762126504632e+01
4.693715594332417851e+01 4.750407436711102349e+01
4.693715594332417851e+01 4.758512736073447513e+01
4.693715594332417851e+01 4.645280541139295138e+01
4.693715594332417851e+01 4.421922244048724338e+01
4.693715594332417851e+01 4.508646123207686429e+01
4.693715594332417851e+01 5.341755239617454976e+01
4.693715594332417851e+01 4.537381116151038896e+01
4.693715594332417851e+01 4.269711834234990988e+01
4.693715594332417851e+01 4.449734477640479469e+01
4.693715594332417851e+01 4.668536591077124598e+01
4.693715594332417851e+01 4.353060597624836703e+01
4.693715594332417851e+01 4.816187578306669792e+01
4.693715594332417851e+01 4.653529859386014778e+01
4.693715594332417851e+01 4.291986619305664874e+01
4.693715594332417851e+01 5.037024118767784842e+01
4.693715594332417851e+01 4.300956057163799073e+01
4.693715594332417851e+01 4.262535556339022236e+01
4.693715594332417851e+01 4.542859613614488268e+01
4.693715594332417851e+01 4.254856182052861868e+01
4.693715594332417851e+01 4.761748160423872633e+01
4.693715594332417851e+01 4.677402812470714366e+01
4.693715594332417851e+01 4.806319161180771005e+01
4.693715594332417851e+01 4.504766599546439210e+01
4.693715594332417851e+01 4.901233508217414681e+01
4.693715594332417851e+01 4.629147359118196903e+01
4.693715594332417851e+01 4.703577469521920307e+01
4.693715594332417851e+01 4.236918534924188151e+01
4.693715594332417851e+01 4.838098763667158408e+01
4.693715594332417851e+01 4.833982701566876727e+01
4.693715594332417851e+01 4.387668279320129727e+01
4.693715594332417851e+01 4.243749162182152190e+01
4.693715594332417851e+01 4.383404761817357809e+01
4.693715594332417851e+01 4.364616715904734434e+01
4.693715594332417851e+01 4.319001839884816007e+01
4.693715594332417851e+01 5.295156836466527750e+01
4.693715594332417851e+01 4.824767234282232664e+01
4.693715594332417851e+01 4.553442912081923311e+01
4.693715594332417851e+01 4.813096773532811312e+01
4.693715594332417851e+01 4.098422150719814994e+01
4.693715594332417851e+01 4.070681005055913460e+01
4.693715594332417851e+01 4.730703966104690039e+01
4.693715594332417851e+01 4.541926690954789336e+01
4.693715594332417851e+01 4.832548837349290949e+01
4.693715594332417851e+01 4.457499641462134576e+01
4.693715594332417851e+01 4.942411392092802913e+01
4.693715594332417851e+01 4.601564561821232502e+01
4.693715594332417851e+01 4.711823864596855316e+01
4.693715594332417851e+01 4.468884380516254140e+01
4.693715594332417851e+01 4.335094549757723570e+01
4.693715594332417851e+01 4.565203077778895846e+01
4.693715594332417851e+01 4.821868770796125148e+01
4.693715594332417851e+01 4.822301247137630753e+01
4.693715594332417851e+01 4.323967617838498967e+01
4.693715594332417851e+01 4.985743743896714619e+01
4.693715594332417851e+01 4.828727737438360634e+01
4.693715594332417851e+01 4.766303602022462371e+01
4.693715594332417851e+01 4.519263869820029100e+01
4.693715594332417851e+01 4.520576960311628056e+01
4.693715594332417851e+01 4.997779559970883412e+01
4.693715594332417851e+01 4.814375899477089860e+01
4.693715594332417851e+01 4.516596930374033292e+01
4.693715594332417851e+01 4.600927891342320919e+01
4.693715594332417851e+01 4.601800634021917347e+01
4.693715594332417851e+01 4.376535133625429097e+01
4.693715594332417851e+01 4.790513988028280323e+01
4.693715594332417851e+01 4.500071595901832211e+01
4.693715594332417851e+01 4.776540981593247892e+01
4.693715594332417851e+01 4.884276410227169407e+01
4.693715594332417851e+01 5.004279240986821975e+01
4.693715594332417851e+01 5.017762732885423560e+01
4.693715594332417851e+01 4.465051695891963845e+01
4.693715594332417851e+01 4.793408755921407760e+01
4.693715594332417851e+01 4.273368633465286592e+01
4.693715594332417851e+01 4.038717958213515402e+01
4.693715594332417851e+01 4.683835552363860444e+01
4.693715594332417851e+01 4.219162493600249775e+01
4.693715594332417851e+01 4.872971609499257539e+01
4.693715594332417851e+01 4.416321576358842549e+01
4.693715594332417851e+01 4.336519456755108592e+01
4.693715594332417851e+01 5.631273106118005245e+01
4.693715594332417851e+01 4.708751954379738436e+01
4.693715594332417851e+01 4.756827164726634294e+01
4.693715594332417851e+01 4.773548354544558947e+01
4.693715594332417851e+01 5.260983827342765551e+01
4.693715594332417851e+01 4.145582185886309645e+01
4.693715594332417851e+01 5.266673734907998039e+01
4.693715594332417851e+01 4.650405534502568372e+01
4.693715594332417851e+01 4.849731606095689074e+01
4.693715594332417851e+01 4.733835112361126107e+01
4.693715594332417851e+01 4.637211766628659859e+01
4.693715594332417851e+01 4.453650158274632531e+01
4.693715594332417851e+01 4.875066981242409270e+01
4.693715594332417851e+01 4.501140786983305730e+01
4.693715594332417851e+01 4.464728240714730134e+01
4.693715594332417851e+01 4.952615551953166317e+01
4.693715594332417851e+01 4.902905315580230194e+01
4.693715594332417851e+01 4.693044192655889901e+01
4.693715594332417851e+01 4.706522825631659401e+01
4.693715594332417851e+01 4.521132431202890700e+01
4.693715594332417851e+01 4.475167826036197738e+01
4.693715594332417851e+01 4.409109820326146689e+01
4.693715594332417851e+01 4.626514490857118744e+01
4.693715594332417851e+01 4.729808097607470785e+01
4.693715594332417851e+01 4.037956683841915151e+01
4.693715594332417851e+01 4.875122581539350364e+01
4.693715594332417851e+01 4.684247385690296994e+01
4.693715594332417851e+01 4.534644664252164858e+01
4.693715594332417851e+01 4.603494074937623282e+01
4.693715594332417851e+01 4.272051544479562324e+01
4.693715594332417851e+01 5.184192238571198885e+01
4.693715594332417851e+01 4.531538489630099775e+01
4.693715594332417851e+01 4.257905610991993228e+01
4.693715594332417851e+01 4.617500137326836551e+01
4.693715594332417851e+01 4.778838054302337923e+01
4.693715594332417851e+01 5.040281928889761787e+01
4.693715594332417851e+01 4.593136207083176714e+01
4.693715594332417851e+01 4.177128935538085841e+01
4.693715594332417851e+01 4.819059007927165794e+01
4.693715594332417851e+01 4.398787251849562097e+01
4.693715594332417851e+01 4.320906634846470240e+01
4.693715594332417851e+01 4.372046038527073364e+01
4.693715594332417851e+01 4.404064751403369371e+01
4.693715594332417851e+01 4.197539250904894459e+01
4.693715594332417851e+01 5.012308913575668612e+01
4.693715594332417851e+01 5.142959835271495450e+01
4.693715594332417851e+01 4.474265709355514531e+01
4.693715594332417851e+01 4.819671552263125847e+01
4.693715594332417851e+01 4.450696178328557551e+01
4.693715594332417851e+01 3.978926625436065478e+01
4.693715594332417851e+01 4.598984910613663146e+01
4.693715594332417851e+01 4.867920345835334928e+01
4.693715594332417851e+01 5.143190888597230526e+01
4.693715594332417851e+01 4.880173080850990175e+01
4.693715594332417851e+01 4.624320281778210529e+01
4.693715594332417851e+01 4.556279036904719248e+01
4.693715594332417851e+01 4.628613651594972112e+01
4.693715594332417851e+01 4.642287693400695758e+01
4.693715594332417851e+01 4.743412062464046386e+01
4.693715594332417851e+01 4.248947193402229061e+01
4.693715594332417851e+01 4.791285558543479084e+01
4.693715594332417851e+01 4.563942426033489141e+01
4.693715594332417851e+01 4.773956637597110841e+01
4.693715594332417851e+01 4.485608549564581438e+01
4.693715594332417851e+01 4.733775143597458879e+01
4.693715594332417851e+01 4.596549266659683042e+01
4.693715594332417851e+01 3.885042046903321733e+01
4.693715594332417851e+01 4.620999390094502957e+01
4.693715594332417851e+01 4.658729259612442775e+01
4.693715594332417851e+01 4.565380706549078127e+01
4.693715594332417851e+01 4.656674385670899596e+01
4.693715594332417851e+01 4.772487039067330272e+01
4.693715594332417851e+01 4.126521349679754280e+01
4.693715594332417851e+01 4.449637181401027419e+01
4.693715594332417851e+01 5.035432550897321136e+01
4.693715594332417851e+01 5.302187201007583184e+01
