4.693715594332417851e+01 5.095338382562635360e+01
4.693715594332417851e+01 5.139621630313295952e+01
4.693715594332417851e+01 4.418311736847135052e+01
4.693715594332417851e+01 4.465273724841900105e+01
4.693715594332417851e+01 4.535853445262794992e+01
4.693715594332417851e+01 4.928219834988225045e+01
4.693715594332417851e+01 3.612421037754948117e+01
4.693715594332417851e+01 4.972056250468949656e+01
4.693715594332417851e+01 4.609363152993650914e+01
4.693715594332417851e+01 4.802496936467436939e+01
4.693715594332417851e+01 4.574863278247979537e+01
4.693715594332417851e+01 4.440164389279054546e+01
4.693715594332417851e+01 4.514985706186453740e+01
4.693715594332417851e+01 4.694093050872641726e+01
4.693715594332417851e+01 4.829673317676212463e+01
4.693715594332417851e+01 4.855625811639556133e+01
4.693715594332417851e+01 4.503458627191219676e+01
4.693715594332417851e+01 5.137632378801692568e+01
4.693715594332417851e+01 4.723414934609036919e+01
4.693715594332417851e+01 4.671156125672796122e+01
4.693715594332417851e+01 4.331850775123525921e+01
4.693715594332417851e+01 4.499822999301088089e+01
4.693715594332417851e+01 4.561976425771347010e+01
4.693715594332417851e+01 4.459914658460917991e+01
4.693715594332417851e+01 4.634097008593982281e+01
4.693715594332417851e+01 4.801623387106481289e+01
4.693715594332417851e+01 4.625113115659623730e+01
4.693715594332417851e+01 4.448274191307660175e+01
4.693715594332417851e+01 4.419020846501368993e+01
4.693715594332417851e+01 4.315050117919199124e+01
4.693715594332417851e+01 4.749330077712788523e+01
4.693715594332417851e+01 4.786687859772435871e+01
4.693715594332417851e+01 4.334710562321286176e+01
4.693715594332417851e+01 4.394223071386134194e+01
4.693715594332417851e+01 4.699092236016787894e+01
4.693715594332417851e+01 4.895546805579897409e+01
4.693715594332417851e+01 4.979196601248165166e+01
4.693715594332417851e+01 4.172808094639810861e+01
4.693715594332417851e+01 5.057785796638008691e+01
4.693715594332417851e+01 4.325043872801484213e+01
4.693715594332417851e+01 4.398926290486900825e+01
4.693715594332417851e+01 5.036368974340418703e+01
4.693715594332417851e+01 4.451613522243776799e+01
4.693715594332417851e+01 4.485809317969622612e+01
4.693715594332417851e+01 4.387445731785141589e+01
4.693715594332417851e+01 4.725077617324652124e+01
4.693715594332417851e+01 4.333316012414483254e+01
4.693715594332417851e+01 3.732054885161286251e+01
4.693715594332417851e+01 4.679071166325001485e+01
4.693715594332417851e+01 4.418787778938536803e+01
4.693715594332417851e+01 4.671823889293330012e+01
4.693715594332417851e+01 4.350611841841744365e+01
4.693715594332417851e+01 4.749181936989135977e+01
4.693715594332417851e+01 4.545357161597726048e+01
4.693715594332417851e+01 4.749832018619036234e+01
4.693715594332417851e+01 4.895379838408326378e+01
4.693715594332417851e+01 5.020760439014124188e+01
4.693715594332417851e+01 4.137685032826440334e+01
4.693715594332417851e+01 4.927477603292442154e+01
4.693715594332417851e+01 4.139711604574068815e+01
4.693715594332417851e+01 4.520956810205755971e+01
4.693715594332417851e+01 4.721590708416248816e+01
4.693715594332417851e+01 4.710593259251660925e+01
4.693715594332417851e+01 4.977591366984796650e+01
4.693715594332417851e+01 4.668081392805532914e+01
4.693715594332417851e+01 4.955158289362558577e+01
4.693715594332417851e+01 4.379648756264093379e+01
4.693715594332417851e+01 5.106090238806967818e+01
4.693715594332417851e+01 4.345719555554723001e+01
4.693715594332417851e+01 5.162491563461186672e+01
4.693715594332417851e+01 4.909722844529011354e+01
4.693715594332417851e+01 4.721332440227382676e+01
4.693715594332417851e+01 4.161935599634115590e+01
4.693715594332417851e+01 4.373614055907187037e+01
4.693715594332417851e+01 4.422874202524856457e+01
4.693715594332417851e+01 4.311128257480812920e+01
4.693715594332417851e+01 4.734453221244969967e+01
4.693715594332417851e+01 4.601193706429202024e+01
4.693715594332417851e+01 5.039508816936108815e+01
4.693715594332417851e+01 4.020052601752807675e+01
4.693715594332417851e+01 4.638320170411027021e+01
4.693715594332417851e+01 4.716578599580917341e+01
4.693715594332417851e+01 4.182653520731889785e+01
4.693715594332417851e+01 4.703741655498595264e+01
4.693715594332417851e+01 4.622540948408011729e+01
4.693715594332417851e+01 4.279301617527990231e+01
4.693715594332417851e+01 4.356969951158258425e+01
4.693715594332417851e+01 4.789703659511032185e+01
4.693715594332417851e+01 5.400021801045375724e+01
4.693715594332417851e+01 4.123825116373406274e+01
4.693715594332417851e+01 4.536512225945649845e+01
4.693715594332417851e+01 4.329519312517945906e+01
4.693715594332417851e+01 4.962596662244649792e+01
4.693715594332417851e+01 4.512333256234302326e+01
4.693715594332417851e+01 4.539945713747444955e+01
4.693715594332417851e+01 4.844715750067862103e+01
4.693715594332417851e+01 4.956633568667972867e+01
4.693715594332417851e+01 4.714125997965013681e+01
4.693715594332417851e+01 4.324651296066569728e+01
4.693715594332417851e+01 4.299778186202907193e+01
4.693715594332417851e+01 4.381414798037368286e+01
4.693715594332417851e+01 4.910786841674353553e+01
4.693715594332417851e+01 5.483037735185271799e+01
4.693715594332417851e+01 4.899799920222591254e+01
4.693715594332417851e+01 4.302941976211582187e+01
4.693715594332417851e+01 4.784469919314922493e+01
4.693715594332417851e+01 4.305425229556374234e+01
4.693715594332417851e+01 5.320763150921354168e+01
4.693715594332417851e+01 5.268457342521193709e+01
4.693715594332417851e+01 4.787317593367272650e+01
4.693715594332417851e+01 4.432930443410184296e+01
4.693715594332417851e+01 5.125353996086088415e+01
4.693715594332417851e+01 4.606341911820574353e+01
4.693715594332417851e+01 4.824375877801406176e+01
4.693715594332417851e+01 4.493193997173585785e+01
4.693715594332417851e+01 4.642739872937468704e+01
4.693715594332417851e+01 4.055057177902440912e+01
4.693715594332417851e+01 4.648217722116464046e+01
4.693715594332417851e+01 4.730604763551270509e+01
4.693715594332417851e+01 4.382522614730537924e+01
4.693715594332417851e+01 4.692277999524026910e+01
4.693715594332417851e+01 4.672528591766062078e+01
4.693715594332417851e+01 4.567234532767717070e+01
4.693715594332417851e+01 4.803455966160119317e+01
4.693715594332417851e+01 4.463096201535144303e+01
4.693715594332417851e+01 4.654439655516002716e+01
4.693715594332417851e+01 4.498359388349524579e+01
4.693715594332417851e+01 4.447405551216893116e+01
4.693715594332417851e+01 4.408104328198700728e+01
4.693715594332417851e+01 4.509761800463508052e+01
4.693715594332417851e+01 4.190179838698262671e+01
4.693715594332417851e+01 4.966696729471352967e+01
4.693715594332417851e+01 4.461328034294089662e+01
4.693715594332417851e+01 4.564860417666272951e+01
4.693715594332417851e+01 4.889676473156327319e+01
4.693715594332417851e+01 4.416087496011312652e+01
4.693715594332417851e+01 4.785938389462273790e+01
4.693715594332417851e+01 4.381144667928614211e+01
4.693715594332417851e+01 4.675850998699154104e+01
4.693715594332417851e+01 4.066903461473941661e+01
4.693715594332417851e+01 4.762054579592362558e+01
4.693715594332417851e+01 4.980747958343775394e+01
4.693715594332417851e+01 4.868046198173804129e+01
4.693715594332417851e+01 4.449065332422133423e+01
4.693715594332417851e+01 4.519756089105015917e+01
4.693715594332417851e+01 4.622644835455338352e+01
4.693715594332417851e+01 4.429377098584888017e+01
4.693715594332417851e+01 5.255193946499907298e+01
4.693715594332417851e+01 4.739981805776233159e+01
4.693715594332417851e+01 4.848960304172351954e+01
4.693715594332417851e+01 4.473518538350114682e+01
4.693715594332417851e+01 4.651837025280108406e+01
4.693715594332417851e+01 4.659442086672648031e+01
4.693715594332417851e+01 4.800713199837180412e+01
4.693715594332417851e+01 4.092159977875335386e+01
4.693715594332417851e+01 5.009002451621650209e+01
4.693715594332417851e+01 4.659885889614886878e+01
4.693715594332417851e+01 4.758923624037753797e+01
4.693715594332417851e+01 4.279686299986559561e+01
4.693715594332417851e+01 4.868622912978154460e+01
4.693715594332417851e+01 4.003885291956662229e+01
4.693715594332417851e+01 4.963183417471289260e+01
4.693715594332417851e+01 4.377257037326577205e+01
4.693715594332417851e+01 4.510048006870164272e+01
4.693715594332417851e+01 4.649321071584151355e+01
4.693715594332417851e+01 4.203607777963406278e+01
4.693715594332417851e+01 4.624771813665575593e+01
4.693715594332417851e+01 4.333542394803264131e+01
4.693715594332417851e+01 5.094107281982162760e+01
4.693715594332417851e+01 4.371275428577094857e+01
4.693715594332417851e+01 4.605950530450319036e+01
4.693715594332417851e+01 5.486777064438211937e+01
4.693715594332417851e+01 4.122238530064884543e+01
4.693715594332417851e+01 4.489132491706804018e+01
4.693715594332417851e+01 4.817678904035450671e+01
4.693715594332417851e+01 4.400019293999253023e+01
4.693715594332417851e+01 4.719060132811597441e+01
4.693715594332417851e+01 5.056641669920068694e+01
4.693715594332417851e+01 4.688167073871833423e+01
4.693715594332417851e+01 4.350185024577032067e+01
4.693715594332417851e+01 4.599227555043644600e+01
4.693715594332417851e+01 4.572519782041589309e+01
4.693715594332417851e+01 4.555950352145823246e+01
4.693715594332417851e+01 4.966268318652156921e+01
4.693715594332417851e+01 4.175597345227299684e+01
4.693715594332417851e+01 4.646797539930487630e+01
4.693715594332417851e+01 4.724578409387780908e+01
4.693715594332417851e+01 4.017381923260332144e+01
4.693715594332417851e+01 5.008873109231835485e+01
4.693715594332417851e+01 4.436928733903424416e+01
4.693715594332417851e+01 4.832904158004924255e+01
4.693715594332417851e+01 4.707976347617115920e+01
4.693715594332417851e+01 4.426013656369696037e+01
4.693715594332417851e+01 4.422942176731952912e+01
4.693715594332417851e+01 5.321064472841188575e+01
4.693715594332417851e+01 4.282990857255725814e+01
4.693715594332417851e+01 4.497403800620746495e+01
4.693715594332417851e+01 4.884809413866315708e+01
4.693715594332417851e+01 4.698564381210933760e+01
4.693715594332417851e+01 5.016623467300336614e+01
4.693715594332417851e+01 4.861585416338965615e+01
4.693715594332417851e+01 4.547705066360475001e+01
4.693715594332417851e+01 4.414687240394836465e+01
4.693715594332417851e+01 4.228843033708688637e+01
4.693715594332417851e+01 4.658722062649475504e+01
4.693715594332417851e+01 4.863530885404304627e+01
4.693715594332417851e+01 4.864567520120289856e+01
4.693715594332417851e+01 4.373722014984684847e+01
4.693715594332417851e+01 4.404843434580273964e+01
4.693715594332417851e+01 4.790820183543738153e+01
4.693715594332417851e+01 4.281522548549602192e+01
4.693715594332417851e+01 4.604566321434276688e+01
4.693715594332417851e+01 4.106696448083981466e+01
4.693715594332417851e+01 4.841716588356169382e+01
4.693715594332417851e+01 4.404124948742559553e+01
4.693715594332417851e+01 5.162857099624707047e+01
4.693715594332417851e+01 4.797536321024275452e+01
4.693715594332417851e+01 4.541154589460074931e+01
4.693715594332417851e+01 4.216231599172795086e+01
4.693715594332417851e+01 4.961960888067681452e+01
4.693715594332417851e+01 4.291411508989940415e+01
4.693715594332417851e+01 5.226155746245999012e+01
4.693715594332417851e+01 5.028465426092778046e+01
4.693715594332417851e+01 5.068448079499778203e+01
4.693715594332417851e+01 4.880633172233250860e+01
4.693715594332417851e+01 4.240060057599390575e+01
4.693715594332417851e+01 4.696625499004477433e+01
4.693715594332417851e+01 4.249289497626841694e+01
4.693715594332417851e+01 4.649662644121178090e+01
4.693715594332417851e+01 5.048969011003936913e+01
4.693715594332417851e+01 4.283554082937907737e+01
4.693715594332417851e+01 3.649349824597702963e+01
4.693715594332417851e+01 4.656094672121987088e+01
4.693715594332417851e+01 4.437417002749398165e+01
4.693715594332417851e+01 4.692011533360280140e+01
4.693715594332417851e+01 4.271809119706884417e+01
4.693715594332417851e+01 5.191122662184963588e+01
4.693715594332417851e+01 4.555124282712565531e+01
4.693715594332417851e+01 4.646022864093725957e+01
4.693715594332417851e+01 4.537471662313672027e+01
4.693715594332417851e+01 4.897710139367831772e+01
4.693715594332417851e+01 4.379471161037199067e+01
4.693715594332417851e+01 4.427224448146124303e+01
4.693715594332417851e+01 4.244985835596180834e+01
4.693715594332417851e+01 4.965449996809932998e+01
4.693715594332417851e+01 4.887916639862758217e+01
4.693715594332417851e+01 4.742653476002489299e+01
4.693715594332417851e+01 4.801050940178559046e+01
4.693715594332417851e+01 4.722459572876834244e+01
4.693715594332417851e+01 4.817338022820486287e+01
4.693715594332417851e+01 4.234333359733927438e+01
4.693715594332417851e+01 4.566967319899084288e+01
4.693715594332417851e+01 4.933252096973048140e+01
4.693715594332417851e+01 4.745663112803293870e+01
4.693715594332417851e+01 4.985471809404481291e+01
4.693715594332417851e+01 4.810962212283637029e+01
4.693715594332417851e+01 4.301858159319353803e+01
4.693715594332417851e+01 5.032272839507917439e+01
4.693715594332417851e+01 4.564215310971723483e+01
4.693715594332417851e+01 4.552113930104761863e+01
4.693715594332417851e+01 4.878790598606352091e+01
4.693715594332417851e+01 4.465197699070300530e+01
4.693715594332417851e+01 4.125159632953553768e+01
4.693715594332417851e+01 5.458113146413625572e+01
4.693715594332417851e+01 4.345253661645533327e+01
4.693715594332417851e+01 4.472541014850947505e+01
4.693715594332417851e+01 4.573525598163545425e+01
4.693715594332417851e+01 4.511479942728558257e+01
4.693715594332417851e+01 4.732373174748276057e+01
4.693715594332417851e+01 3.937465270898795922e+01
4.693715594332417851e+01 4.511060669517664934e+01
4.693715594332417851e+01 4.334300398386169206e+01
4.693715594332417851e+01 4.837667327383945093e+01
4.693715594332417851e+01 4.312322883495703962e+01
4.693715594332417851e+01 3.894031071714290704e+01
4.693715594332417851e+01 4.050842192679341736e+01
4.693715594332417851e+01 4.210016312070835198e+01
4.693715594332417851e+01 4.188239332773403589e+01
4.693715594332417851e+01 4.816226696316624611e+01
4.693715594332417851e+01 4.850426881431785375e+01
4.693715594332417851e+01 4.779862123221914061e+01
4.693715594332417851e+01 4.761742925751941158e+01
4.693715594332417851e+01 3.999083940574337248e+01
4.693715594332417851e+01 4.536814039104307028e+01
4.693715594332417851e+01 4.313416231986261096e+01
4.693715594332417851e+01 4.779467052884511702e+01
4.693715594332417851e+01 4.613954708507009883e+01
4.693715594332417851e+01 4.640029293069197536e+01
4.693715594332417851e+01 4.324701932900302381e+01
4.693715594332417851e+01 5.348370421414310272e+01
4.693715594332417851e+01 4.506967312671003612e+01
4.693715594332417851e+01 4.746518162877062252e+01
4.693715594332417851e+01 4.417675821733325847e+01
4.693715594332417851e+01 4.840225349525259446e+01
4.693715594332417851e+01 4.707338369419414903e+01
4.693715594332417851e+01 4.614500744679281752e+01
4.693715594332417851e+01 5.257372131231502266e+01
4.693715594332417851e+01 4.808084278561540259e+01
4.693715594332417851e+01 5.679883039067141937e+01
4.693715594332417851e+01 5.006811937740842211e+01
4.693715594332417851e+01 5.076561954146296785e+01
4.693715594332417851e+01 4.830030942968054575e+01
4.693715594332417851e+01 4.785813858576908331e+01
4.693715594332417851e+01 4.228396883612521151e+01
4.693715594332417851e+01 4.556332698306791684e+01
4.693715594332417851e+01 4.362520380462160574e+01
4.693715594332417851e+01 3.805854853797070803e+01
4.693715594332417851e+01 4.573902375136810150e+01
4.693715594332417851e+01 4.832743242178374032e+01
4.693715594332417851e+01 4.814737650162915372e+01
4.693715594332417851e+01 5.224352843178500905e+01
4.693715594332417851e+01 4.734223238222421060e+01
4.693715594332417851e+01 4.401448889224452898e+01
4.693715594332417851e+01 5.122328543681199875e+01
4.693715594332417851e+01 4.414248094079678708e+01
4.693715594332417851e+01 5.054945360329878667e+01
4.693715594332417851e+01 4.095151355994691045e+01
4.693715594332417851e+01 4.337361814248190939e+01
4.693715594332417851e+01 4.438924234303693339e+01
4.693715594332417851e+01 4.002999949850618577e+01
4.693715594332417851e+01 4.815545929494528821e+01
4.693715594332417851e+01 4.541009579350220804e+01
4.693715594332417851e+01 4.377279721346584296e+01
4.693715594332417851e+01 4.510468264049518439e+01
4.693715594332417851e+01 4.703237389808486313e+01
4.693715594332417851e+01 4.646909840523676394e+01
4.693715594332417851e+01 4.799527147556687368e+01
4.693715594332417851e+01 4.863415860619390685e+01
4.693715594332417851e+01 4.218733917449232251e+01
4.693715594332417851e+01 4.553302886504346958e+01
4.693715594332417851e+01 4.952250521781365933e+01
4.693715594332417851e+01 4.862175481142421773e+01
4.693715594332417851e+01 4.290728962444035233e+01
4.693715594332417851e+01 4.353650308731540264e+01
4.693715594332417851e+01 4.171256990496868156e+01
4.693715594332417851e+01 5.021597600515593740e+01
4.693715594332417851e+01 4.250538191098300445e+01
4.693715594332417851e+01 4.238035747403398545e+01
4.693715594332417851e+01 3.858217849128163834e+01
4.693715594332417851e+01 5.188117779080350545e+01
4.693715594332417851e+01 4.783434556443794605e+01
4.693715594332417851e+01 4.201795501475843508e+01
4.693715594332417851e+01 4.969577087231037638e+01
4.693715594332417851e+01 4.261656305609854911e+01
4.693715594332417851e+01 4.248571490031203268e+01
4.693715594332417851e+01 4.616479591571732044e+01
4.693715594332417851e+01 5.042717820293983522e+01
4.693715594332417851e+01 4.630552846090162689e+01
4.693715594332417851e+01 4.342082946257704634e+01
4.693715594332417851e+01 4.636205989332985666e+01
4.693715594332417851e+01 4.397257169591540560e+01
4.693715594332417851e+01 5.250301287671233297e+01
4.693715594332417851e+01 4.715877167746904775e+01
4.693715594332417851e+01 4.647324672267842516e+01
4.693715594332417851e+01 4.667838942743851049e+01
4.693715594332417851e+01 4.300478094534825857e+01
4.693715594332417851e+01 4.597324794607696674e+01
4.693715594332417851e+01 4.194129811040644995e+01
4.693715594332417851e+01 4.538645855139055385e+01
4.693715594332417851e+01 4.573226309301165315e+01
4.693715594332417851e+01 4.719006126008510194e+01
4.693715594332417851e+01 4.329444429690173024e+01
4.693715594332417851e+01 4.556467233813659590e+01
4.693715594332417851e+01 4.878466852557981071e+01
4.693715594332417851e+01 4.589169145407115735e+01
4.693715594332417851e+01 4.335429760713076064e+01
4.693715594332417851e+01 4.673519052382094685e+01
4.693715594332417851e+01 4.886662529861458637e+01
4.693715594332417851e+01 4.993539505774037224e+01
4.693715594332417851e+01 4.671312594177969402e+01
4.693715594332417851e+01 4.797590967059009159e+01
4.693715594332417851e+01 4.317179114976995891e+01
4.693715594332417851e+01 3.844968902300624336e+01
4.693715594332417851e+01 4.500950667744417899e+01
4.693715594332417851e+01 4.520009432647827197e+01
4.693715594332417851e+01 5.387081075483489201e+01
4.693715594332417851e+01 4.735855429918920123e+01
4.693715594332417851e+01 4.312427935064155804e+01
4.693715594332417851e+01 4.724218843801812540e+01
4.693715594332417851e+01 4.804423028826562359e+01
4.693715594332417851e+01 4.711193870038638210e+01
4.693715594332417851e+01 4.578793064860668238e+01
4.693715594332417851e+01 4.654491076851959264e+01
4.693715594332417851e+01 4.325820945017432706e+01
4.693715594332417851e+01 4.702910577873063858e+01
4.693715594332417851e+01 5.239124108278525682e+01
4.693715594332417851e+01 4.359458387882477126e+01
4.693715594332417851e+01 4.832960120207275878e+01
4.693715594332417851e+01 5.043453320586688449e+01
4.693715594332417851e+01 4.822683620381772585e+01
4.693715594332417851e+01 4.941380594589853104e+01
4.693715594332417851e+01 4.615681613845721643e+01
4.693715594332417851e+01 4.491722144762209012e+01
4.693715594332417851e+01 4.111199256710597894e+01
4.693715594332417851e+01 4.543577986371867183e+01
4.693715594332417851e+01 4.225238651136047707e+01
4.693715594332417851e+01 4.256505407545003550e+01
4.693715594332417851e+01 4.364043846665566662e+01
4.693715594332417851e+01 4.732647536847745329e+01
4.693715594332417851e+01 5.103894604469090979e+01
4.693715594332417851e+01 4.911169487161832592e+01
4.693715594332417851e+01 4.505815977290880170e+01
4.693715594332417851e+01 4.606341601776099992e+01
4.693715594332417851e+01 4.664288257127530812e+01
4.693715594332417851e+01 4.445393092018386483e+01
4.693715594332417851e+01 4.810601003209664839e+01
4.693715594332417851e+01 4.743857890482428274e+01
4.693715594332417851e+01 5.029169336963814629e+01
4.693715594332417851e+01 4.279880927545791280e+01
4.693715594332417851e+01 4.699575725872711729e+01
4.693715594332417851e+01 4.692652594784237152e+01
4.693715594332417851e+01 5.107450332556509665e+01
4.693715594332417851e+01 4.653387659909508045e+01
4.693715594332417851e+01 3.918837554279645019e+01
4.693715594332417851e+01 4.763099537449690501e+01
4.693715594332417851e+01 5.031825825115910078e+01
4.693715594332417851e+01 4.470812231817165383e+01
4.693715594332417851e+01 4.493175708018112147e+01
4.693715594332417851e+01 4.967827928131868021e+01
4.693715594332417851e+01 4.703890384188616736e+01
4.693715594332417851e+01 4.744374333145469080e+01
4.693715594332417851e+01 4.843675422319844870e+01
4.693715594332417851e+01 4.514291879030335508e+01
4.693715594332417851e+01 4.500460927276009215e+01
4.693715594332417851e+01 3.908610187033581695e+01
4.693715594332417851e+01 4.977423249987528919e+01
4.693715594332417851e+01 4.657611372620108625e+01
4.693715594332417851e+01 4.920598827235342299e+01
4.693715594332417851e+01 4.401866484694971149e+01
4.693715594332417851e+01 4.919651405204848515e+01
4.693715594332417851e+01 4.368752879843283665e+01
4.693715594332417851e+01 5.070269280869040074e+01
4.693715594332417851e+01 4.961239238761474013e+01
4.693715594332417851e+01 4.632985517391157515e+01
4.693715594332417851e+01 4.834958018031919380e+01
4.693715594332417851e+01 4.314832027103314971e+01
4.693715594332417851e+01 4.551662560025155102e+01
4.693715594332417851e+01 4.676071252102905618e+01
4.693715594332417851e+01 4.871831952616301464e+01
4.693715594332417851e+01 4.825204445670199505e+01
4.693715594332417851e+01 4.502708147702560382e+01
4.693715594332417851e+01 5.019927008916180711e+01
4.693715594332417851e+01 4.468689795973151035e+01
4.693715594332417851e+01 4.897598147028808313e+01
4.693715594332417851e+01 4.056413909576469479e+01
4.693715594332417851e+01 4.395420590183460519e+01
4.693715594332417851e+01 4.179467340128066155e+01
4.693715594332417851e+01 4.425173477130014277e+01
4.693715594332417851e+01 4.956659677790936769e+01
4.693715594332417851e+01 4.939720946694114900e+01
4.693715594332417851e+01 5.009430997954473952e+01
4.693715594332417851e+01 3.578510287147588542e+01
4.693715594332417851e+01 5.048041878349594924e+01
4.693715594332417851e+01 4.365773564893963510e+01
4.693715594332417851e+01 4.320785222065372011e+01
4.693715594332417851e+01 4.601243533527026841e+01
4.693715594332417851e+01 4.316747156994919976e+01
4.693715594332417851e+01 5.136265105831301980e+01
4.693715594332417851e+01 4.461941477716461435e+01
4.693715594332417851e+01 4.613982723340034653e+01
4.693715594332417851e+01 4.357203994836169159e+01
4.693715594332417851e+01 4.597224331085179472e+01
4.693715594332417851e+01 4.379323571023705597e+01
4.693715594332417851e+01 4.726183643477458673e+01
4.693715594332417851e+01 5.111504347720716623e+01
4.693715594332417851e+01 4.550254559044063285e+01
4.693715594332417851e+01 4.271365227702612799e+01
4.693715594332417851e+01 4.287771487404446447e+01
4.693715594332417851e+01 4.468966499829648598e+01
4.693715594332417851e+01 4.424223013103406998e+01
4.693715594332417851e+01 4.490175065346948458e+01
4.693715594332417851e+01 4.323061180263225367e+01
4.693715594332417851e+01 4.957743369632924413e+01
4.693715594332417851e+01 4.708884584933748840e+01
4.693715594332417851e+01 4.598232930314009081e+01
4.693715594332417851e+01 4.971276024011268646e+01
4.693715594332417851e+01 4.717664624509319538e+01
4.693715594332417851e+01 4.436669218850481400e+01
4.693715594332417851e+01 4.864591629038801557e+01
4.693715594332417851e+01 4.341841649879378195e+01
4.693715594332417851e+01 4.226401882654285913e+01
4.693715594332417851e+01 4.693521609073576428e+01
4.693715594332417851e+01 4.479084826137096087e+01
4.693715594332417851e+01 4.311144138217056110e+01
4.693715594332417851e+01 4.770824950553797805e+01
4.693715594332417851e+01 4.042359460483248768e+01
4.693715594332417851e+01 4.321307566072633932e+01
4.693715594332417851e+01 4.407775230387812826e+01
4.693715594332417851e+01 4.208404268256150971e+01
4.693715594332417851e+01 4.324980534670038423e+01
4.693715594332417851e+01 4.220536373734995550e+01
4.693715594332417851e+01 4.708021389250294675e+01
4.693715594332417851e+01 5.308271408362706723e+01
4.693715594332417851e+01 4.406108645063651608e+01
4.693715594332417851e+01 5.127527755267266230e+01
4.693715594332417851e+01 4.580701452752957437e+01
4.693715594332417851e+01 5.049371652125193322e+01
4.693715594332417851e+01 4.138511189172839977e+01
4.693715594332417851e+01 4.021111908633649534e+01
4.693715594332417851e+01 5.012457214275271866e+01
4.693715594332417851e+01 4.832097964170696969e+01
4.693715594332417851e+01 4.209309203582879633e+01
4.693715594332417851e+01 4.772198319753346851e+01
4.693715594332417851e+01 4.585819295610119184e+01
4.693715594332417851e+01 4.126136803953141907e+01
4.693715594332417851e+01 4.247859099353269130e+01
4.693715594332417851e+01 4.127069010141234884e+01
4.693715594332417851e+01 4.264688623713411886e+01
4.693715594332417851e+01 4.702647001081648170e+01
4.693715594332417851e+01 4.686453660029533808e+01
4.693715594332417851e+01 4.544007317210989783e+01
4.693715594332417851e+01 4.534261843041399231e+01
4.693715594332417851e+01 4.696379605998741624e+01
4.693715594332417851e+01 4.518699097838222656e+01
4.693715594332417851e+01 4.180571311495670983e+01
4.693715594332417851e+01 4.633696356412139750e+01
4.693715594332417851e+01 4.215857128049898961e+01
4.693715594332417851e+01 5.424184854522883370e+01
4.693715594332417851e+01 5.143826163178312072e+01
4.693715594332417851e+01 4.959154750868486872e+01
4.693715594332417851e+01 5.212801791799896733e+01
4.693715594332417851e+01 4.435340781059572635e+01
4.693715594332417851e+01 4.804234163291020820e+01
4.693715594332417851e+01 5.138171757833839592e+01
4.693715594332417851e+01 4.828709126378409167e+01
4.693715594332417851e+01 4.436960386038025206e+01
4.693715594332417851e+01 4.740523796768052733e+01
4.693715594332417851e+01 5.176818046722780764e+01
4.693715594332417851e+01 4.369983014816018141e+01
4.693715594332417851e+01 4.772986863155534820e+01
4.693715594332417851e+01 4.591795111285549780e+01
4.693715594332417851e+01 5.008658000868605598e+01
4.693715594332417851e+01 4.376495037763065454e+01
4.693715594332417851e+01 4.870420667145026528e+01
4.693715594332417851e+01 4.624022933683116321e+01
4.693715594332417851e+01 4.620858126941443089e+01
4.693715594332417851e+01 4.760765089388695515e+01
4.693715594332417851e+01 4.728546934707252092e+01
4.693715594332417851e+01 4.866626226538650712e+01
4.693715594332417851e+01 4.064121870547486282e+01
4.693715594332417851e+01 4.557314500444490335e+01
4.693715594332417851e+01 5.470593949293907343e+01
4.693715594332417851e+01 5.047721926275691118e+01
4.693715594332417851e+01 4.947188079034178543e+01
4.693715594332417851e+01 4.656676888984368645e+01
4.693715594332417851e+01 4.033930289994668783e+01
4.693715594332417851e+01 4.341941463690804426e+01
4.693715594332417851e+01 5.277453535865659262e+01
4.693715594332417851e+01 5.383996457245666534e+01
4.693715594332417851e+01 4.627154989069631341e+01
4.693715594332417851e+01 4.609485386704992749e+01
4.693715594332417851e+01 4.020386603134070924e+01
4.693715594332417851e+01 4.946817014952135594e+01
4.693715594332417851e+01 4.669034304045268158e+01
4.693715594332417851e+01 4.358508974007136771e+01
4.693715594332417851e+01 4.684903521068272880e+01
4.693715594332417851e+01 4.917853294476360304e+01
4.693715594332417851e+01 4.701264051600651328e+01
4.693715594332417851e+01 4.109900962546479519e+01
4.693715594332417851e+01 4.433717875143660336e+01
4.693715594332417851e+01 5.067463053325801070e+01
4.693715594332417851e+01 5.246007038013644319e+01
4.693715594332417851e+01 5.355586017475661009e+01
4.693715594332417851e+01 4.648099604371299165e+01
4.693715594332417851e+01 4.798786104729504132e+01
4.693715594332417851e+01 4.657578662525953916e+01
4.693715594332417851e+01 4.184539707695785893e+01
4.693715594332417851e+01 4.686185089219536337e+01
4.693715594332417851e+01 4.771710602973584514e+01
4.693715594332417851e+01 5.176912991704222122e+01
4.693715594332417851e+01 4.600952858274349211e+01
4.693715594332417851e+01 4.420537570560533425e+01
4.693715594332417851e+01 4.345955789067948416e+01
4.693715594332417851e+01 5.281637231233210628e+01
4.693715594332417851e+01 4.588262706935949353e+01
4.693715594332417851e+01 4.241402963593151298e+01
4.693715594332417851e+01 4.110832243146397502e+01
4.693715594332417851e+01 5.456031587172272168e+01
4.693715594332417851e+01 4.486669392766895470e+01
4.693715594332417851e+01 4.135481621820733267e+01
4.693715594332417851e+01 4.455176506354328581e+01
4.693715594332417851e+01 4.395436659480552066e+01
4.693715594332417851e+01 4.349611059590264261e+01
4.693715594332417851e+01 4.119825500949451680e+01
4.693715594332417851e+01 4.623799076303276934e+01
4.693715594332417851e+01 4.347368581825153200e+01
4.693715594332417851e+01 4.747336049677782199e+01
4.693715594332417851e+01 4.126462790138042180e+01
4.693715594332417851e+01 4.437764306575892448e+01
4.693715594332417851e+01 4.454089927992580300e+01
4.693715594332417851e+01 4.865906233724542318e+01
4.693715594332417851e+01 4.481474517361605336e+01
4.693715594332417851e+01 4.649614271768776064e+01
4.693715594332417851e+01 4.535424159395651600e+01
4.693715594332417851e+01 4.341500358352431022e+01
4.693715594332417851e+01 5.053608379205270040e+01
4.693715594332417851e+01 5.053964372987309162e+01
4.693715594332417851e+01 5.354619327389834638e+01
4.693715594332417851e+01 4.231613922299065678e+01
4.693715594332417851e+01 4.811898198337605947e+01
4.693715594332417851e+01 5.047795664529657245e+01
4.693715594332417851e+01 4.939730229266250916e+01
4.693715594332417851e+01 4.681038132450186851e+01
4.693715594332417851e+01 4.435133303366335866e+01
4.693715594332417851e+01 5.192807890987071318e+01
4.693715594332417851e+01 4.956072098570513162e+01
4.693715594332417851e+01 4.494513391536636959e+01
4.693715594332417851e+01 4.887897223901034494e+01
4.693715594332417851e+01 4.551687343444691436e+01
4.693715594332417851e+01 4.246209564268919223e+01
4.693715594332417851e+01 5.041454190390682299e+01
4.693715594332417851e+01 4.489852621255226950e+01
4.693715594332417851e+01 4.315301003183783024e+01
4.693715594332417851e+01 4.542412381131142496e+01
4.693715594332417851e+01 4.771061468137934725e+01
4.693715594332417851e+01 4.543208706708151112e+01
4.693715594332417851e+01 4.474141308787785931e+01
4.693715594332417851e+01 4.645143256669124554e+01
4.693715594332417851e+01 4.641624581619811352e+01
4.693715594332417851e+01 4.600913507933962876e+01
4.693715594332417851e+01 4.396830826082825894e+01
4.693715594332417851e+01 5.011410574774786397e+01
4.693715594332417851e+01 4.482603369727587506e+01
4.693715594332417851e+01 4.394580042151012833e+01
4.693715594332417851e+01 4.748462195984448897e+01
4.693715594332417851e+01 4.984548090381181140e+01
4.693715594332417851e+01 3.995990219968800261e+01
4.693715594332417851e+01 4.977022244272326645e+01
4.693715594332417851e+01 4.276975205936614088e+01
4.693715594332417851e+01 4.313052578257490666e+01
4.693715594332417851e+01 4.616122161119920975e+01
4.693715594332417851e+01 4.241593453779047707e+01
4.693715594332417851e+01 4.161204735004378819e+01
4.693715594332417851e+01 4.079026384365813129e+01
4.693715594332417851e+01 4.646937006575875984e+01
4.693715594332417851e+01 4.348248221851962114e+01
4.693715594332417851e+01 5.017557103304231703e+01
4.693715594332417851e+01 4.216780972833023355e+01
4.693715594332417851e+01 4.598014893475664167e+01
4.693715594332417851e+01 4.617346359334472083e+01
4.693715594332417851e+01 5.017126598645955937e+01
4.693715594332417851e+01 4.388083651866642754e+01
4.693715594332417851e+01 5.572989433178905472e+01
4.693715594332417851e+01 4.690049127119107908e+01
4.693715594332417851e+01 3.992348285661790896e+01
4.693715594332417851e+01 5.408851412224105815e+01
4.693715594332417851e+01 4.622575457487535999e+01
4.693715594332417851e+01 4.525627158269889350e+01
4.693715594332417851e+01 5.171455319832527664e+01
4.693715594332417851e+01 4.419423785351108336e+01
4.693715594332417851e+01 4.457796410361232375e+01
4.693715594332417851e+01 4.631799161961396294e+01
4.693715594332417851e+01 4.796878636807392127e+01
4.693715594332417851e+01 4.308906421548545040e+01
4.693715594332417851e+01 4.759926515302777261e+01
4.693715594332417851e+01 4.362604417971732573e+01
4.693715594332417851e+01 4.702122995162034158e+01
4.693715594332417851e+01 4.702059777593364487e+01
4.693715594332417851e+01 4.777307414939028973e+01
4.693715594332417851e+01 4.708461040350019289e+01
4.693715594332417851e+01 4.940367443654793789e+01
4.693715594332417851e+01 4.285306462759562152e+01
4.693715594332417851e+01 4.002840167345006961e+01
4.693715594332417851e+01 5.123685878889810397e+01
4.693715594332417851e+01 5.384341323371737786e+01
4.693715594332417851e+01 4.266266905860726411e+01
4.693715594332417851e+01 4.720200386976252105e+01
4.693715594332417851e+01 4.488008711623056257e+01
4.693715594332417851e+01 4.273759094926342073e+01
4.693715594332417851e+01 4.313093596371668070e+01
4.693715594332417851e+01 3.931281377888586093e+01
4.693715594332417851e+01 4.520528569754573311e+01
4.693715594332417851e+01 4.861851517483772511e+01
4.693715594332417851e+01 4.908400787032872614e+01
4.693715594332417851e+01 4.755689722596866886e+01
4.693715594332417851e+01 4.280484189253371596e+01
4.693715594332417851e+01 4.511923113268227326e+01
4.693715594332417851e+01 4.418075350153156222e+01
4.693715594332417851e+01 4.559725562873372695e+01
4.693715594332417851e+01 4.436360118960091370e+01
4.693715594332417851e+01 4.593606101309364931e+01
4.693715594332417851e+01 4.352130159132001808e+01
4.693715594332417851e+01 4.354984429785054090e+01
4.693715594332417851e+01 4.317361625861134655e+01
4.693715594332417851e+01 4.760903747551549969e+01
4.693715594332417851e+01 4.399936690513256821e+01
4.693715594332417851e+01 4.376467904897402406e+01
4.693715594332417851e+01 4.574630314223674787e+01
4.693715594332417851e+01 4.705090675174437109e+01
4.693715594332417851e+01 4.560016637102200576e+01
4.693715594332417851e+01 4.396846970975707336e+01
4.693715594332417851e+01 4.628918458326636198e+01
4.693715594332417851e+01 4.674189148584629550e+01
4.693715594332417851e+01 4.287751309374787922e+01
4.693715594332417851e+01 5.426998012950689088e+01
4.693715594332417851e+01 4.498010628607015349e+01
4.693715594332417851e+01 4.396640770744093629e+01
4.693715594332417851e+01 4.566444151317642763e+01
4.693715594332417851e+01 4.697834289686113607e+01
4.693715594332417851e+01 4.054060830203032850e+01
4.693715594332417851e+01 4.195702779667900018e+01
4.693715594332417851e+01 4.345889393410202217e+01
4.693715594332417851e+01 4.801977792291002345e+01
4.693715594332417851e+01 4.308006375349958006e+01
4.693715594332417851e+01 5.048288882680118661e+01
4.693715594332417851e+01 4.915677278620098889e+01
4.693715594332417851e+01 4.538985113919101622e+01
4.693715594332417851e+01 4.343577552349933057e+01
4.693715594332417851e+01 4.117740855915830167e+01
4.693715594332417851e+01 5.007822124269915776e+01
4.693715594332417851e+01 4.387919456972082344e+01
4.693715594332417851e+01 4.679180786271611936e+01
4.693715594332417851e+01 4.912722667629059004e+01
4.693715594332417851e+01 4.418665018224731966e+01
4.693715594332417851e+01 4.935330032017219537e+01
4.693715594332417851e+01 4.429340612867630966e+01
4.693715594332417851e+01 4.908807674559348300e+01
4.693715594332417851e+01 4.530987381352161947e+01
4.693715594332417851e+01 4.598154713636906621e+01
4.693715594332417851e+01 4.723467806678712577e+01
4.693715594332417851e+01 4.655240112814732356e+01
4.693715594332417851e+01 3.994181868514296951e+01
4.693715594332417851e+01 4.127356429528082060e+01
4.693715594332417851e+01 4.439108940423162153e+01
4.693715594332417851e+01 4.418252637970408614e+01
4.693715594332417851e+01 4.642787689776012172e+01
4.693715594332417851e+01 4.408843581679401780e+01
4.693715594332417851e+01 4.654992407846508229e+01
4.693715594332417851e+01 4.019311352762831291e+01
4.693715594332417851e+01 4.150002114483793747e+01
4.693715594332417851e+01 4.405589779025252994e+01
4.693715594332417851e+01 4.256981029205422828e+01
4.693715594332417851e+01 4.540895792564631250e+01
4.693715594332417851e+01 4.127778532704210335e+01
4.693715594332417851e+01 4.855181627113793041e+01
4.693715594332417851e+01 4.897494334441753949e+01
4.693715594332417851e+01 4.783179849807598316e+01
4.693715594332417851e+01 5.195982266076722311e+01
4.693715594332417851e+01 4.224046119711545089e+01
4.693715594332417851e+01 4.918274491440348584e+01
4.693715594332417851e+01 3.840881341193738052e+01
4.693715594332417851e+01 4.678213694048857008e+01
4.693715594332417851e+01 4.518062791926546851e+01
4.693715594332417851e+01 4.324532758256950871e+01
4.693715594332417851e+01 4.029514656220462143e+01
4.693715594332417851e+01 4.731390543299176699e+01
4.693715594332417851e+01 4.468901359318379463e+01
4.693715594332417851e+01 4.409756373539233465e+01
4.693715594332417851e+01 4.511596020453235667e+01
4.693715594332417851e+01 4.905626220065150278e+01
4.693715594332417851e+01 5.349383528471935279e+01
4.693715594332417851e+01 4.399164627853054554e+01
4.693715594332417851e+01 4.672941012267622796e+01
4.693715594332417851e+01 5.452064299232101519e+01
4.693715594332417851e+01 4.627164181863393821e+01
4.693715594332417851e+01 4.472976774076067841e+01
4.693715594332417851e+01 4.355668689680598504e+01
4.693715594332417851e+01 4.674869308950291469e+01
4.693715594332417851e+01 4.037026052224831574e+01
4.693715594332417851e+01 4.703347872485756653e+01
4.693715594332417851e+01 4.332124569377378975e+01
4.693715594332417851e+01 4.196383678340112766e+01
4.693715594332417851e+01 4.732249583960904005e+01
4.693715594332417851e+01 4.566843618242049985e+01
4.693715594332417851e+01 4.527020476515946257e+01
4.693715594332417851e+01 4.744164130191842332e+01
4.693715594332417851e+01 4.632481118931178798e+01
4.693715594332417851e+01 4.401612297547452357e+01
4.693715594332417851e+01 4.087589034123467258e+01
4.693715594332417851e+01 4.425115104353383089e+01
4.693715594332417851e+01 5.224512365995466467e+01
4.693715594332417851e+01 4.122802396840545214e+01
4.693715594332417851e+01 5.138309202551509003e+01
4.693715594332417851e+01 4.732032011117715342e+01
4.693715594332417851e+01 4.361995826058149106e+01
4.693715594332417851e+01 4.407306987745005955e+01
4.693715594332417851e+01 4.336833993984897972e+01
4.693715594332417851e+01 4.575686059808876394e+01
4.693715594332417851e+01 4.440198160026091756e+01
4.693715594332417851e+01 4.591160651527442838e+01
4.693715594332417851e+01 4.789188706313043298e+01
4.693715594332417851e+01 4.645623438232018287e+01
4.693715594332417851e+01 4.119672854897628866e+01
4.693715594332417851e+01 4.432765447821031302e+01
4.693715594332417851e+01 4.726226446614947463e+01
4.693715594332417851e+01 5.089726843355188635e+01
4.693715594332417851e+01 4.357200668254995435e+01
4.693715594332417851e+01 4.914670242104613607e+01
4.693715594332417851e+01 4.226049134070238722e+01
4.693715594332417851e+01 4.020162896533594221e+01
4.693715594332417851e+01 4.052695582358643378e+01
4.693715594332417851e+01 4.817872604540318804e+01
4.693715594332417851e+01 4.841408102638870048e+01
4.693715594332417851e+01 4.342709229903790202e+01
4.693715594332417851e+01 4.036284680559031557e+01
4.693715594332417851e+01 4.981454572924645419e+01
4.693715594332417851e+01 4.715095170753416909e+01
4.693715594332417851e+01 5.131538460926338985e+01
4.693715594332417851e+01 4.243023761356928958e+01
4.693715594332417851e+01 4.742547346506184880e+01
4.693715594332417851e+01 4.184675926684056435e+01
4.693715594332417851e+01 4.343912609499675170e+01
4.693715594332417851e+01 4.436107434931322047e+01
4.693715594332417851e+01 5.008748881867526848e+01
4.693715594332417851e+01 4.946501605209670061e+01
4.693715594332417851e+01 4.792332822225987599e+01
4.693715594332417851e+01 4.681668070565001472e+01
4.693715594332417851e+01 4.563596144510125896e+01
4.693715594332417851e+01 4.981747330923340655e+01
4.693715594332417851e+01 4.977910465542976226e+01
4.693715594332417851e+01 4.700264406386349947e+01
4.693715594332417851e+01 4.602713430983271081e+01
4.693715594332417851e+01 4.790440662928605065e+01
4.693715594332417851e+01 4.852422467844582599e+01
4.693715594332417851e+01 4.264176991591114074e+01
4.693715594332417851e+01 5.023041721532180048e+01
4.693715594332417851e+01 4.812294324115082134e+01
4.693715594332417851e+01 4.988628731065960409e+01
4.693715594332417851e+01 5.500340600633751365e+01
4.693715594332417851e+01 4.753536312398867381e+01
4.693715594332417851e+01 4.536136790664618701e+01
4.693715594332417851e+01 4.383345152021975366e+01
4.693715594332417851e+01 4.060496647221653177e+01
4.693715594332417851e+01 5.289744334615562593e+01
4.693715594332417851e+01 4.092995781350730766e+01
4.693715594332417851e+01 4.848367065372627849e+01
4.693715594332417851e+01 4.111404602808753594e+01
4.693715594332417851e+01 4.354726286177793781e+01
4.693715594332417851e+01 4.679146311966816540e+01
4.693715594332417851e+01 4.528800108761458176e+01
4.693715594332417851e+01 4.197825938369291521e+01
4.693715594332417851e+01 4.515700422176883677e+01
4.693715594332417851e+01 4.341919753219963241e+01
4.693715594332417851e+01 4.197371575743181182e+01
4.693715594332417851e+01 4.538084787825825117e+01
4.693715594332417851e+01 5.060616535505793223e+01
4.693715594332417851e+01 4.906538730640075130e+01
4.693715594332417851e+01 4.729689312330192763e+01
4.693715594332417851e+01 4.355587977449491888e+01
4.693715594332417851e+01 4.546781045648868513e+01
4.693715594332417851e+01 4.706053543989551002e+01
4.693715594332417851e+01 4.300255460227030113e+01
4.693715594332417851e+01 4.388199748472870709e+01
4.693715594332417851e+01 4.427500918040195188e+01
4.693715594332417851e+01 4.548752872320412166e+01
4.693715594332417851e+01 5.482987436817737859e+01
4.693715594332417851e+01 4.539971231113393912e+01
4.693715594332417851e+01 4.807170682074320212e+01
4.693715594332417851e+01 4.934534378202353366e+01
4.693715594332417851e+01 4.463496130242773319e+01
4.693715594332417851e+01 4.402052953435553917e+01
4.693715594332417851e+01 4.267616167706972874e+01
4.693715594332417851e+01 4.469398159216351019e+01
4.693715594332417851e+01 5.074223721493854100e+01
4.693715594332417851e+01 4.441949240621098483e+01
4.693715594332417851e+01 4.536912220089601533e+01
4.693715594332417851e+01 4.982211162407084970e+01
4.693715594332417851e+01 4.494307390864546647e+01
4.693715594332417851e+01 4.697677752403907903e+01
4.693715594332417851e+01 4.483326280395935015e+01
4.693715594332417851e+01 4.482588528595390898e+01
4.693715594332417851e+01 4.310885505743376456e+01
4.693715594332417851e+01 4.841906676025922707e+01
4.693715594332417851e+01 4.435125172330523213e+01
4.693715594332417851e+01 4.478514530983915876e+01
4.693715594332417851e+01 5.168344426509368361e+01
4.693715594332417851e+01 5.069103099220535569e+01
4.693715594332417851e+01 4.743732460667492745e+01
4.693715594332417851e+01 4.583779815255610401e+01
4.693715594332417851e+01 4.600835544343478745e+01
4.693715594332417851e+01 4.198662414096616402e+01
4.693715594332417851e+01 4.960049206460206506e+01
4.693715594332417851e+01 4.295515091486161907e+01
4.693715594332417851e+01 4.424151296073030437e+01
4.693715594332417851e+01 4.751438003280821931e+01
4.693715594332417851e+01 4.819460774977559225e+01
4.693715594332417851e+01 5.177084999150269340e+01
4.693715594332417851e+01 4.773668709198631177e+01
4.693715594332417851e+01 5.003365222500470111e+01
4.693715594332417851e+01 4.351397303061278166e+01
4.693715594332417851e+01 4.207433557765106258e+01
4.693715594332417851e+01 4.396561245141652563e+01
4.693715594332417851e+01 4.860906306291186496e+01
4.693715594332417851e+01 4.474397685941457325e+01
4.693715594332417851e+01 5.673213849826334609e+01
4.693715594332417851e+01 4.764953782993225673e+01
4.693715594332417851e+01 4.730616391386678288e+01
4.693715594332417851e+01 4.159299412969603793e+01
4.693715594332417851e+01 4.290996349294327672e+01
4.693715594332417851e+01 4.478334473285050876e+01
4.693715594332417851e+01 4.849045269814624248e+01
4.693715594332417851e+01 4.562041148098359145e+01
4.693715594332417851e+01 4.416198496898527992e+01
4.693715594332417851e+01 4.529284287141170040e+01
4.693715594332417851e+01 4.404166554557380664e+01
4.693715594332417851e+01 5.133597835982133972e+01
4.693715594332417851e+01 4.846130623468446430e+01
4.693715594332417851e+01 4.957322948358193315e+01
4.693715594332417851e+01 5.302574661944795054e+01
4.693715594332417851e+01 4.465674820522470156e+01
4.693715594332417851e+01 4.397320920928954280e+01
4.693715594332417851e+01 4.307659222122092757e+01
4.693715594332417851e+01 4.023375365377777513e+01
4.693715594332417851e+01 4.439954665949206714e+01
4.693715594332417851e+01 4.614214824084341160e+01
4.693715594332417851e+01 4.629427370970137190e+01
4.693715594332417851e+01 4.308025349804913873e+01
4.693715594332417851e+01 4.522157247990728735e+01
4.693715594332417851e+01 4.746948009899932686e+01
4.693715594332417851e+01 4.852999095104321015e+01
4.693715594332417851e+01 4.763618803701992022e+01
4.693715594332417851e+01 4.770444250651792117e+01
4.693715594332417851e+01 5.052398333187116464e+01
4.693715594332417851e+01 4.768871119623307919e+01
4.693715594332417851e+01 4.319928823560478293e+01
4.693715594332417851e+01 4.160694341412823860e+01
4.693715594332417851e+01 4.515081935731168983e+01
4.693715594332417851e+01 4.807980576282590590e+01
4.693715594332417851e+01 5.254148107181648442e+01
4.693715594332417851e+01 4.784493881252950587e+01
4.693715594332417851e+01 4.194034318491901558e+01
4.693715594332417851e+01 4.463066483791936179e+01
4.693715594332417851e+01 4.540633186814829259e+01
4.693715594332417851e+01 4.592146424789009984e+01
4.693715594332417851e+01 4.954744937107773239e+01
4.693715594332417851e+01 4.794274077068543249e+01
4.693715594332417851e+01 5.399420927853469721e+01
4.693715594332417851e+01 4.634373308636841671e+01
4.693715594332417851e+01 4.621654061418819026e+01
4.693715594332417851e+01 4.295369936033979741e+01
4.693715594332417851e+01 5.155811577816637481e+01
4.693715594332417851e+01 4.844165114665828042e+01
4.693715594332417851e+01 4.247191961932929871e+01
4.693715594332417851e+01 3.992356471658690964e+01
4.693715594332417851e+01 4.619761736518103845e+01
4.693715594332417851e+01 4.663228906344388491e+01
4.693715594332417851e+01 5.177027368231969717e+01
4.693715594332417851e+01 4.548313452325928807e+01
4.693715594332417851e+01 4.716683148609204324e+01
4.693715594332417851e+01 4.644550164048570196e+01
4.693715594332417851e+01 4.502641924160575826e+01
4.693715594332417851e+01 4.617914367528022268e+01
4.693715594332417851e+01 4.638687810571691728e+01
4.693715594332417851e+01 4.066298646384976223e+01
4.693715594332417851e+01 4.246240499588614625e+01
4.693715594332417851e+01 4.891193252342628028e+01
4.693715594332417851e+01 4.404716972315851109e+01
4.693715594332417851e+01 4.663019274984579710e+01
4.693715594332417851e+01 4.482307865926038204e+01
4.693715594332417851e+01 4.477742751124137044e+01
4.693715594332417851e+01 4.654616076226533750e+01
4.693715594332417851e+01 5.074903949595346830e+01
4.693715594332417851e+01 4.474865301527484718e+01
4.693715594332417851e+01 4.094150741942923588e+01
4.693715594332417851e+01 5.062199207145333446e+01
4.693715594332417851e+01 4.906045528598527028e+01
4.693715594332417851e+01 4.689535680024066977e+01
4.693715594332417851e+01 4.510070898240158499e+01
4.693715594332417851e+01 4.381660424413363586e+01
4.693715594332417851e+01 4.886444079022253817e+01
4.693715594332417851e+01 4.768760786454227940e+01
4.693715594332417851e+01 4.352135939672149334e+01
4.693715594332417851e+01 3.879686272303757733e+01
4.693715594332417851e+01 4.692419547917296541e+01
4.693715594332417851e+01 4.496566453679907482e+01
4.693715594332417851e+01 4.598630993000988099e+01
4.693715594332417851e+01 4.456234165266541680e+01
4.693715594332417851e+01 4.695042737555460377e+01
4.693715594332417851e+01 4.656722851157024223e+01
4.693715594332417851e+01 3.975624164880019862e+01
4.693715594332417851e+01 4.890098327620802365e+01
4.693715594332417851e+01 4.831819016659943600e+01
4.693715594332417851e+01 4.686540077668853854e+01
4.693715594332417851e+01 4.539422683476685449e+01
4.693715594332417851e+01 4.290433112738208621e+01
4.693715594332417851e+01 4.733911625163221970e+01
4.693715594332417851e+01 3.882859885028047842e+01
4.693715594332417851e+01 4.508977508015010471e+01
4.693715594332417851e+01 4.229798823524441787e+01
4.693715594332417851e+01 4.507814344284983576e+01
4.693715594332417851e+01 4.483185718140985898e+01
4.693715594332417851e+01 4.814986535684747793e+01
4.693715594332417851e+01 4.403122895620366251e+01
4.693715594332417851e+01 4.797705026169098375e+01
4.693715594332417851e+01 5.576771985565685696e+01
4.693715594332417851e+01 5.028442623489645058e+01
4.693715594332417851e+01 4.358004239793872614e+01
4.693715594332417851e+01 4.640060258322619546e+01
4.693715594332417851e+01 4.167545162215207455e+01
4.693715594332417851e+01 4.820957732122167982e+01
4.693715594332417851e+01 4.708905637127842425e+01
4.693715594332417851e+01 4.716086831388810197e+01
4.693715594332417851e+01 5.398867790663965849e+01
4.693715594332417851e+01 4.669933876276595441e+01
4.693715594332417851e+01 5.136553653399739972e+01
4.693715594332417851e+01 5.280031477805249551e+01
4.693715594332417851e+01 4.038806300722094988e+01
4.693715594332417851e+01 4.029575194372323921e+01
4.693715594332417851e+01 5.188833886848085086e+01
4.693715594332417851e+01 4.849864164886053430e+01
