4.693715594332417851e+01 4.618548493140161781e+01
4.693715594332417851e+01 4.740395931150464293e+01
4.693715594332417851e+01 4.241415604399652750e+01
4.693715594332417851e+01 4.396214173750023235e+01
4.693715594332417851e+01 5.103932691987652959e+01
4.693715594332417851e+01 3.997241714011504143e+01
4.693715594332417851e+01 4.594068430770329314e+01
4.693715594332417851e+01 4.092887499789690509e+01
4.693715594332417851e+01 4.737308551695108605e+01
4.693715594332417851e+01 4.216751061768565734e+01
4.693715594332417851e+01 4.789457570594684910e+01
4.693715594332417851e+01 4.887655323022956111e+01
4.693715594332417851e+01 4.622381380354156022e+01
4.693715594332417851e+01 4.396418793018513327e+01
4.693715594332417851e+01 4.770554561596368615e+01
4.693715594332417851e+01 4.703274561675999621e+01
4.693715594332417851e+01 4.781192805562059078e+01
4.693715594332417851e+01 4.556626988700620018e+01
4.693715594332417851e+01 4.092134736009072071e+01
4.693715594332417851e+01 4.363650630994830237e+01
4.693715594332417851e+01 5.042361104088212187e+01
4.693715594332417851e+01 4.798829293763603943e+01
4.693715594332417851e+01 4.821595400161736933e+01
4.693715594332417851e+01 4.726290071992140440e+01
4.693715594332417851e+01 4.162401035444207764e+01
4.693715594332417851e+01 5.191889563026963827e+01
4.693715594332417851e+01 4.928301017605173939e+01
4.693715594332417851e+01 4.395422092423520866e+01
4.693715594332417851e+01 5.190721338834479326e+01
4.693715594332417851e+01 4.639796440890307139e+01
4.693715594332417851e+01 4.290461264618869563e+01
4.693715594332417851e+01 4.955418477458804460e+01
4.693715594332417851e+01 4.756694021818213969e+01
4.693715594332417851e+01 5.398409078004470985e+01
4.693715594332417851e+01 4.514249009814652425e+01
4.693715594332417851e+01 4.641271019281084165e+01
4.693715594332417851e+01 4.408163080521119781e+01
4.693715594332417851e+01 5.517954732315839550e+01
4.693715594332417851e+01 4.641103619048009676e+01
4.693715594332417851e+01 4.984101859475144636e+01
4.693715594332417851e+01 4.339001078184835336e+01
4.693715594332417851e+01 4.624566115370696195e+01
4.693715594332417851e+01 4.648651735570730636e+01
4.693715594332417851e+01 4.429535576880190462e+01
4.693715594332417851e+01 4.710250303218582246e+01
4.693715594332417851e+01 4.359103350550059730e+01
4.693715594332417851e+01 5.057284329646751786e+01
4.693715594332417851e+01 4.744422894618730879e+01
4.693715594332417851e+01 5.065938706436327976e+01
4.693715594332417851e+01 4.394570823579945085e+01
4.693715594332417851e+01 5.251451215391047356e+01
4.693715594332417851e+01 4.397388041990894436e+01
4.693715594332417851e+01 4.743481908010115689e+01
4.693715594332417851e+01 4.716950064083577843e+01
4.693715594332417851e+01 4.415674928870843274e+01
4.693715594332417851e+01 5.088821815443547081e+01
4.693715594332417851e+01 4.964742168689352297e+01
4.693715594332417851e+01 4.760611609297865243e+01
4.693715594332417851e+01 4.585814709600735029e+01
4.693715594332417851e+01 4.772060131195711108e+01
4.693715594332417851e+01 4.905110079673106327e+01
4.693715594332417851e+01 4.287957194230470748e+01
4.693715594332417851e+01 4.728184361413283909e+01
4.693715594332417851e+01 4.514750535718541613e+01
4.693715594332417851e+01 4.426620299669141900e+01
4.693715594332417851e+01 4.493953166647949615e+01
4.693715594332417851e+01 4.100900426937056409e+01
4.693715594332417851e+01 4.722404066068683903e+01
4.693715594332417851e+01 4.175712214805025724e+01
4.693715594332417851e+01 4.129400217681214258e+01
4.693715594332417851e+01 4.685318188881603163e+01
4.693715594332417851e+01 4.662324662573391265e+01
4.693715594332417851e+01 4.261576237982216497e+01
4.693715594332417851e+01 4.206683772807990351e+01
4.693715594332417851e+01 4.178160481366023049e+01
4.693715594332417851e+01 4.963959135813146872e+01
4.693715594332417851e+01 4.469485460425354262e+01
4.693715594332417851e+01 4.174066662660494131e+01
4.693715594332417851e+01 4.363094844765856095e+01
4.693715594332417851e+01 5.325763897765850174e+01
4.693715594332417851e+01 4.727004628538610120e+01
4.693715594332417851e+01 4.273408347622932979e+01
4.693715594332417851e+01 4.395544922483849604e+01
4.693715594332417851e+01 4.354624928964150854e+01
4.693715594332417851e+01 3.924080272676997794e+01
4.693715594332417851e+01 4.999459087220363074e+01
4.693715594332417851e+01 5.118788335642346254e+01
4.693715594332417851e+01 4.568470994348980696e+01
4.693715594332417851e+01 4.486158022146198476e+01
4.693715594332417851e+01 5.399473182075478661e+01
4.693715594332417851e+01 4.849910105218535961e+01
4.693715594332417851e+01 4.395170180561776618e+01
4.693715594332417851e+01 4.814707074185633218e+01
4.693715594332417851e+01 4.555058898552118762e+01
4.693715594332417851e+01 5.136133139204174824e+01
4.693715594332417851e+01 4.358401980645554374e+01
4.693715594332417851e+01 4.467846337165643433e+01
4.693715594332417851e+01 4.481835097104368515e+01
4.693715594332417851e+01 5.419934862518724117e+01
4.693715594332417851e+01 4.367702211246626121e+01
4.693715594332417851e+01 3.952226252199465506e+01
4.693715594332417851e+01 4.901166450163160704e+01
4.693715594332417851e+01 4.022323035821547421e+01
4.693715594332417851e+01 4.710321384817873280e+01
4.693715594332417851e+01 4.683676925488762066e+01
4.693715594332417851e+01 4.821881532215508059e+01
4.693715594332417851e+01 4.409007739072493592e+01
4.693715594332417851e+01 4.343853774186172245e+01
4.693715594332417851e+01 4.746309637317784080e+01
4.693715594332417851e+01 4.871918349363109968e+01
4.693715594332417851e+01 4.249325232463385049e+01
4.693715594332417851e+01 4.645709055380203267e+01
4.693715594332417851e+01 4.645360246952470362e+01
4.693715594332417851e+01 4.928019789623667180e+01
4.693715594332417851e+01 5.020327272141824437e+01
4.693715594332417851e+01 4.274700032994735466e+01
4.693715594332417851e+01 4.860038771095113219e+01
4.693715594332417851e+01 4.309109001246057602e+01
4.693715594332417851e+01 4.389513762426897614e+01
4.693715594332417851e+01 5.169022731124302084e+01
4.693715594332417851e+01 4.002309181355712298e+01
4.693715594332417851e+01 4.324112995198580478e+01
4.693715594332417851e+01 4.374158359461038970e+01
4.693715594332417851e+01 4.554367523495172776e+01
4.693715594332417851e+01 4.965549130059743277e+01
4.693715594332417851e+01 5.006215993232858352e+01
4.693715594332417851e+01 4.676693619251399525e+01
4.693715594332417851e+01 4.083353684332142564e+01
4.693715594332417851e+01 4.739439890224929286e+01
4.693715594332417851e+01 4.992783936441658454e+01
4.693715594332417851e+01 4.988486027802713352e+01
4.693715594332417851e+01 4.731328786017206056e+01
4.693715594332417851e+01 4.697978429566320813e+01
4.693715594332417851e+01 4.647738855152084625e+01
4.693715594332417851e+01 4.628753542269732435e+01
4.693715594332417851e+01 5.208414363369679734e+01
4.693715594332417851e+01 4.392211622542901495e+01
4.693715594332417851e+01 4.886995856700372087e+01
4.693715594332417851e+01 4.658818871736241363e+01
4.693715594332417851e+01 4.226163352966997877e+01
4.693715594332417851e+01 4.635407587553540054e+01
4.693715594332417851e+01 4.735737347785583751e+01
4.693715594332417851e+01 3.665451349563955574e+01
4.693715594332417851e+01 4.824631659187505051e+01
4.693715594332417851e+01 4.492831371735717738e+01
4.693715594332417851e+01 4.295208421024513967e+01
4.693715594332417851e+01 4.572711627190963668e+01
4.693715594332417851e+01 5.051134917847225125e+01
4.693715594332417851e+01 4.711668383180993658e+01
4.693715594332417851e+01 4.886443416318217459e+01
4.693715594332417851e+01 4.848457917096013148e+01
4.693715594332417851e+01 4.343404207755931878e+01
4.693715594332417851e+01 4.930276945348384032e+01
4.693715594332417851e+01 4.113455358065368017e+01
4.693715594332417851e+01 5.150126574740744445e+01
4.693715594332417851e+01 4.314246479200008366e+01
4.693715594332417851e+01 4.896779074689463584e+01
4.693715594332417851e+01 5.098413452839674420e+01
4.693715594332417851e+01 4.538281264841651819e+01
4.693715594332417851e+01 5.007454576130456303e+01
4.693715594332417851e+01 4.393203905480898186e+01
4.693715594332417851e+01 4.583707444158998356e+01
4.693715594332417851e+01 4.739312000104479949e+01
4.693715594332417851e+01 4.682535894180313107e+01
4.693715594332417851e+01 4.642623791753612750e+01
4.693715594332417851e+01 4.780719480861019122e+01
4.693715594332417851e+01 4.557589862805517100e+01
4.693715594332417851e+01 4.671678314782418795e+01
4.693715594332417851e+01 4.475113161839784226e+01
4.693715594332417851e+01 4.930059280516712761e+01
4.693715594332417851e+01 4.656060192120655472e+01
4.693715594332417851e+01 5.205109034480001640e+01
4.693715594332417851e+01 4.453838648465033145e+01
4.693715594332417851e+01 4.566509626563918545e+01
4.693715594332417851e+01 4.089477290818216204e+01
4.693715594332417851e+01 4.951319863071481819e+01
4.693715594332417851e+01 4.524131816946694329e+01
4.693715594332417851e+01 4.028613159401386667e+01
4.693715594332417851e+01 4.583646544363073616e+01
4.693715594332417851e+01 4.448524026348186311e+01
4.693715594332417851e+01 5.039296584677072133e+01
4.693715594332417851e+01 4.559811031691806704e+01
4.693715594332417851e+01 4.901275029453729104e+01
4.693715594332417851e+01 4.861752994294186436e+01
4.693715594332417851e+01 4.967895859787955715e+01
4.693715594332417851e+01 4.343059890703167270e+01
4.693715594332417851e+01 4.303829960322998716e+01
4.693715594332417851e+01 4.503136940324648663e+01
4.693715594332417851e+01 4.217257684591901068e+01
4.693715594332417851e+01 4.314400040100996847e+01
4.693715594332417851e+01 4.321991768920965171e+01
4.693715594332417851e+01 4.028890055488562894e+01
4.693715594332417851e+01 4.240204693660066937e+01
4.693715594332417851e+01 4.756541551558051140e+01
4.693715594332417851e+01 4.773234565048237954e+01
4.693715594332417851e+01 4.099766931247198443e+01
4.693715594332417851e+01 4.299427417625544479e+01
4.693715594332417851e+01 4.929230983769667773e+01
4.693715594332417851e+01 4.721424751157343991e+01
4.693715594332417851e+01 4.647018413653635349e+01
4.693715594332417851e+01 4.758027974323194798e+01
4.693715594332417851e+01 4.583259752529178144e+01
4.693715594332417851e+01 4.427898873722428874e+01
4.693715594332417851e+01 5.147060019866619029e+01
4.693715594332417851e+01 4.254665051573758916e+01
4.693715594332417851e+01 4.333191859269545176e+01
4.693715594332417851e+01 4.906505444100320545e+01
4.693715594332417851e+01 4.522146203807520237e+01
4.693715594332417851e+01 4.550659949565423545e+01
4.693715594332417851e+01 4.769369041684086596e+01
4.693715594332417851e+01 4.553345314465864391e+01
4.693715594332417851e+01 4.250658554665908895e+01
4.693715594332417851e+01 4.459123811250145764e+01
4.693715594332417851e+01 4.498405520802144508e+01
4.693715594332417851e+01 4.160119187204032443e+01
4.693715594332417851e+01 4.218870676870330527e+01
4.693715594332417851e+01 4.622135510232541122e+01
4.693715594332417851e+01 4.889968607009899415e+01
4.693715594332417851e+01 4.918874638138795774e+01
4.693715594332417851e+01 5.046327757900808564e+01
4.693715594332417851e+01 5.166137888214685603e+01
4.693715594332417851e+01 4.582824771692193622e+01
4.693715594332417851e+01 4.605270220510453782e+01
4.693715594332417851e+01 4.894045076606660416e+01
4.693715594332417851e+01 4.498070136938541452e+01
4.693715594332417851e+01 4.727942645576496972e+01
4.693715594332417851e+01 4.236401265266277960e+01
4.693715594332417851e+01 4.300086010371765610e+01
4.693715594332417851e+01 4.676586128468714065e+01
4.693715594332417851e+01 4.481745558800452045e+01
4.693715594332417851e+01 3.921597671597126578e+01
4.693715594332417851e+01 4.349121092858679560e+01
4.693715594332417851e+01 4.319411350215313661e+01
4.693715594332417851e+01 4.890489660128955762e+01
4.693715594332417851e+01 4.396905060138713850e+01
4.693715594332417851e+01 4.601359091664891565e+01
4.693715594332417851e+01 4.746173951692909299e+01
4.693715594332417851e+01 4.870831727859450666e+01
4.693715594332417851e+01 4.432667009487462195e+01
4.693715594332417851e+01 4.981946299457462146e+01
4.693715594332417851e+01 4.956227160933900677e+01
4.693715594332417851e+01 5.014543319729553161e+01
4.693715594332417851e+01 4.847551134387735061e+01
4.693715594332417851e+01 4.709455728655437667e+01
4.693715594332417851e+01 4.283568865026947492e+01
4.693715594332417851e+01 4.818085283482827919e+01
4.693715594332417851e+01 4.975599860076285808e+01
4.693715594332417851e+01 4.376423718869235557e+01
4.693715594332417851e+01 4.835015862546197241e+01
4.693715594332417851e+01 4.752449970599458595e+01
4.693715594332417851e+01 5.007558263217629246e+01
4.693715594332417851e+01 4.350598860058378392e+01
4.693715594332417851e+01 4.618266693621552577e+01
4.693715594332417851e+01 4.470563787790415233e+01
4.693715594332417851e+01 4.911861609068536438e+01
4.693715594332417851e+01 4.335249469904761810e+01
4.693715594332417851e+01 4.208388488831865004e+01
4.693715594332417851e+01 4.514713412291921912e+01
4.693715594332417851e+01 4.386627734627563058e+01
4.693715594332417851e+01 4.494052482861314957e+01
4.693715594332417851e+01 4.768128943139651454e+01
4.693715594332417851e+01 4.581194017029222465e+01
4.693715594332417851e+01 4.509185145784428528e+01
4.693715594332417851e+01 4.669554918741374649e+01
4.693715594332417851e+01 4.902541640068432116e+01
4.693715594332417851e+01 4.598152562015836509e+01
4.693715594332417851e+01 4.702557378261067811e+01
4.693715594332417851e+01 4.368527247043633821e+01
4.693715594332417851e+01 4.199144465226877543e+01
4.693715594332417851e+01 4.561931037393355837e+01
4.693715594332417851e+01 4.686228727719766596e+01
4.693715594332417851e+01 4.208931367267441459e+01
4.693715594332417851e+01 4.607352078234058723e+01
4.693715594332417851e+01 4.481419865693376892e+01
4.693715594332417851e+01 4.198369407850057655e+01
4.693715594332417851e+01 4.115358102345857105e+01
4.693715594332417851e+01 4.606547118434681920e+01
4.693715594332417851e+01 4.655876040664242765e+01
4.693715594332417851e+01 4.617694570600965420e+01
4.693715594332417851e+01 4.112545144006752906e+01
4.693715594332417851e+01 5.130685842345099701e+01
4.693715594332417851e+01 5.280348887605165942e+01
4.693715594332417851e+01 4.874025183227362135e+01
4.693715594332417851e+01 5.006565806960070830e+01
4.693715594332417851e+01 4.645685396223878882e+01
4.693715594332417851e+01 5.050110130553112242e+01
4.693715594332417851e+01 4.635899621675429927e+01
4.693715594332417851e+01 4.628553278674536386e+01
4.693715594332417851e+01 4.319286178993099412e+01
4.693715594332417851e+01 4.542495463182113724e+01
4.693715594332417851e+01 5.046666962251096322e+01
4.693715594332417851e+01 4.503731452388316114e+01
4.693715594332417851e+01 4.341220507115056648e+01
4.693715594332417851e+01 4.118539280307005868e+01
4.693715594332417851e+01 4.497341311466055203e+01
4.693715594332417851e+01 4.787769598206345734e+01
4.693715594332417851e+01 4.577232413566918723e+01
4.693715594332417851e+01 4.489625180541793270e+01
4.693715594332417851e+01 4.938699346388269618e+01
4.693715594332417851e+01 4.262964744404411022e+01
4.693715594332417851e+01 4.632709312316562489e+01
4.693715594332417851e+01 4.698142955513559826e+01
4.693715594332417851e+01 4.163368816068125966e+01
4.693715594332417851e+01 4.578786527267764939e+01
4.693715594332417851e+01 4.475590292101230716e+01
4.693715594332417851e+01 4.887453286673184039e+01
4.693715594332417851e+01 4.338358595506421977e+01
4.693715594332417851e+01 4.947743308035319387e+01
4.693715594332417851e+01 4.802441338045881025e+01
4.693715594332417851e+01 5.102067665419444609e+01
4.693715594332417851e+01 4.792813827246886405e+01
4.693715594332417851e+01 4.417706513104128874e+01
4.693715594332417851e+01 4.598482661458290011e+01
4.693715594332417851e+01 5.125496185408935901e+01
4.693715594332417851e+01 5.577528978581980823e+01
4.693715594332417851e+01 4.931074181785749033e+01
4.693715594332417851e+01 4.941298255191932753e+01
4.693715594332417851e+01 4.445232990135181694e+01
4.693715594332417851e+01 4.718466547292202051e+01
4.693715594332417851e+01 4.831237589980597136e+01
4.693715594332417851e+01 4.309547496978288450e+01
4.693715594332417851e+01 4.756599435809125964e+01
4.693715594332417851e+01 5.035283231005719529e+01
4.693715594332417851e+01 4.326631724374604460e+01
4.693715594332417851e+01 4.724009479111094834e+01
4.693715594332417851e+01 4.420077483896355375e+01
4.693715594332417851e+01 4.069306054087807212e+01
4.693715594332417851e+01 4.091625236287279677e+01
4.693715594332417851e+01 4.423898683417888833e+01
4.693715594332417851e+01 4.936179165722672479e+01
4.693715594332417851e+01 5.132332442318229937e+01
4.693715594332417851e+01 4.720884663603864340e+01
4.693715594332417851e+01 5.104111341591315210e+01
4.693715594332417851e+01 4.411502857132578725e+01
4.693715594332417851e+01 5.250158049460702614e+01
4.693715594332417851e+01 5.001612364538259925e+01
4.693715594332417851e+01 4.569286075337259234e+01
4.693715594332417851e+01 4.810107895968062053e+01
4.693715594332417851e+01 4.428773347422563944e+01
4.693715594332417851e+01 4.644066347004145001e+01
4.693715594332417851e+01 4.474342156895352218e+01
4.693715594332417851e+01 5.273074834124642507e+01
4.693715594332417851e+01 4.595315922731666092e+01
4.693715594332417851e+01 4.694648772236990908e+01
4.693715594332417851e+01 4.644689051919188927e+01
4.693715594332417851e+01 4.290316307029829801e+01
4.693715594332417851e+01 4.612899994264179071e+01
4.693715594332417851e+01 5.337438766585257355e+01
4.693715594332417851e+01 4.186341547342215819e+01
4.693715594332417851e+01 4.315954562061733668e+01
4.693715594332417851e+01 4.587108238222282353e+01
4.693715594332417851e+01 5.468499072918861259e+01
4.693715594332417851e+01 4.083207498635552213e+01
4.693715594332417851e+01 4.655599717697801765e+01
4.693715594332417851e+01 4.531302724639060386e+01
4.693715594332417851e+01 4.713056906482587038e+01
4.693715594332417851e+01 4.923029807402407698e+01
4.693715594332417851e+01 4.511009037523392351e+01
4.693715594332417851e+01 4.871158999440535808e+01
4.693715594332417851e+01 4.577129933121793925e+01
4.693715594332417851e+01 4.993711738202055983e+01
4.693715594332417851e+01 4.414397407292239706e+01
4.693715594332417851e+01 4.630132607451707827e+01
4.693715594332417851e+01 4.724359187677221428e+01
4.693715594332417851e+01 4.695367459084980055e+01
4.693715594332417851e+01 5.210455459159677361e+01
4.693715594332417851e+01 4.519425787712887654e+01
4.693715594332417851e+01 4.496559522991315561e+01
4.693715594332417851e+01 4.757077408762985726e+01
4.693715594332417851e+01 4.087659774605430130e+01
4.693715594332417851e+01 4.610807801950585372e+01
4.693715594332417851e+01 3.879947544174950735e+01
4.693715594332417851e+01 4.145162733177077286e+01
4.693715594332417851e+01 4.706797355547070083e+01
4.693715594332417851e+01 4.117854701667130257e+01
4.693715594332417851e+01 4.087780197302703300e+01
4.693715594332417851e+01 4.792803395194686544e+01
4.693715594332417851e+01 4.135210273041302287e+01
4.693715594332417851e+01 4.372687624445897825e+01
4.693715594332417851e+01 4.594701737592156121e+01
4.693715594332417851e+01 4.602617924652161463e+01
4.693715594332417851e+01 4.423849586627246566e+01
4.693715594332417851e+01 4.270555469502085799e+01
4.693715594332417851e+01 4.930515336912122848e+01
4.693715594332417851e+01 4.596021374209221477e+01
4.693715594332417851e+01 5.048668201752222728e+01
4.693715594332417851e+01 4.276539781378954785e+01
4.693715594332417851e+01 4.865339263369192224e+01
4.693715594332417851e+01 4.537010430379663717e+01
4.693715594332417851e+01 4.560053720257214138e+01
4.693715594332417851e+01 4.067004464604593039e+01
4.693715594332417851e+01 4.289643032955498114e+01
4.693715594332417851e+01 4.672018347869734356e+01
4.693715594332417851e+01 4.233030126649502733e+01
4.693715594332417851e+01 4.517663032848952298e+01
4.693715594332417851e+01 4.495971271487104559e+01
4.693715594332417851e+01 4.737537032552344840e+01
4.693715594332417851e+01 3.888907002421974113e+01
4.693715594332417851e+01 4.637671262683460327e+01
4.693715594332417851e+01 4.426202357111793617e+01
4.693715594332417851e+01 4.484871612276344166e+01
4.693715594332417851e+01 4.381684974217922957e+01
4.693715594332417851e+01 4.413260460570180044e+01
4.693715594332417851e+01 4.516745656317451107e+01
4.693715594332417851e+01 4.642219496027713177e+01
4.693715594332417851e+01 4.470161443035215854e+01
4.693715594332417851e+01 4.559868261936060918e+01
4.693715594332417851e+01 4.287090880508775115e+01
4.693715594332417851e+01 4.895767379103249084e+01
4.693715594332417851e+01 3.753523998318253518e+01
4.693715594332417851e+01 4.049389986274649544e+01
4.693715594332417851e+01 4.397228948755332567e+01
4.693715594332417851e+01 4.585418711908136657e+01
4.693715594332417851e+01 5.037337497412834608e+01
4.693715594332417851e+01 4.211435385128756081e+01
4.693715594332417851e+01 4.713682436073059989e+01
4.693715594332417851e+01 4.496623598703425984e+01
4.693715594332417851e+01 4.091786756299179473e+01
4.693715594332417851e+01 4.033535370784536411e+01
4.693715594332417851e+01 4.862593847664058444e+01
4.693715594332417851e+01 4.699497351842379800e+01
4.693715594332417851e+01 4.135104096219765069e+01
4.693715594332417851e+01 4.244303901897154674e+01
4.693715594332417851e+01 4.430045133775066546e+01
4.693715594332417851e+01 4.610352791491598623e+01
4.693715594332417851e+01 4.689583023133859996e+01
4.693715594332417851e+01 4.865623728576370155e+01
4.693715594332417851e+01 4.298702982982936760e+01
4.693715594332417851e+01 4.563788773817226030e+01
4.693715594332417851e+01 4.465029137703515971e+01
4.693715594332417851e+01 4.360784518184416925e+01
4.693715594332417851e+01 4.992005485423145927e+01
4.693715594332417851e+01 4.745175712913821542e+01
4.693715594332417851e+01 4.883355857723452687e+01
4.693715594332417851e+01 4.500199152810699132e+01
4.693715594332417851e+01 5.086402149728716893e+01
4.693715594332417851e+01 4.627086303971658054e+01
4.693715594332417851e+01 4.611829114566111798e+01
4.693715594332417851e+01 4.399355254905486845e+01
4.693715594332417851e+01 5.072136505767122117e+01
4.693715594332417851e+01 4.451915220426326414e+01
4.693715594332417851e+01 4.353392561398544558e+01
4.693715594332417851e+01 3.937402063793177831e+01
4.693715594332417851e+01 4.690590000393610381e+01
4.693715594332417851e+01 4.238502584709905818e+01
4.693715594332417851e+01 4.512230018203091930e+01
4.693715594332417851e+01 5.150973635730593969e+01
4.693715594332417851e+01 4.639445791136151342e+01
4.693715594332417851e+01 4.309741278204899828e+01
4.693715594332417851e+01 4.804187154299657436e+01
4.693715594332417851e+01 4.319972971638262038e+01
4.693715594332417851e+01 4.889904752388810749e+01
4.693715594332417851e+01 5.100733014087462180e+01
4.693715594332417851e+01 4.718404011235245576e+01
4.693715594332417851e+01 4.474169617417247480e+01
4.693715594332417851e+01 5.202711667301661436e+01
4.693715594332417851e+01 4.715586779783596683e+01
4.693715594332417851e+01 4.659998669623794143e+01
4.693715594332417851e+01 4.591197100751544014e+01
4.693715594332417851e+01 4.803316204097728814e+01
4.693715594332417851e+01 4.981505701770453243e+01
4.693715594332417851e+01 3.994436031409203736e+01
4.693715594332417851e+01 4.031543843194773302e+01
4.693715594332417851e+01 4.930804689374758709e+01
4.693715594332417851e+01 4.840097633111405884e+01
4.693715594332417851e+01 4.578234932633649379e+01
4.693715594332417851e+01 4.925833430052632167e+01
4.693715594332417851e+01 4.508246148970597034e+01
4.693715594332417851e+01 4.331757636306374337e+01
4.693715594332417851e+01 4.125947170607474845e+01
4.693715594332417851e+01 3.963562373107330927e+01
4.693715594332417851e+01 4.833276953586388913e+01
4.693715594332417851e+01 4.538080599717519448e+01
4.693715594332417851e+01 4.377324167215134310e+01
4.693715594332417851e+01 5.076126624528422582e+01
4.693715594332417851e+01 4.669165254398965459e+01
4.693715594332417851e+01 4.730926694752150752e+01
4.693715594332417851e+01 4.511164340386103078e+01
4.693715594332417851e+01 4.776753474602686822e+01
4.693715594332417851e+01 4.536335294866266565e+01
4.693715594332417851e+01 5.507289271654224905e+01
4.693715594332417851e+01 4.913755141178370422e+01
4.693715594332417851e+01 4.175804589386644494e+01
4.693715594332417851e+01 5.573455927363587392e+01
4.693715594332417851e+01 4.254588122786766036e+01
4.693715594332417851e+01 4.716215910735558481e+01
4.693715594332417851e+01 4.737798484408356359e+01
4.693715594332417851e+01 4.943003400124356972e+01
4.693715594332417851e+01 4.481162164911561518e+01
4.693715594332417851e+01 4.285352705655598982e+01
4.693715594332417851e+01 4.792072725389364507e+01
4.693715594332417851e+01 4.235274921354849909e+01
4.693715594332417851e+01 5.229225881715044011e+01
4.693715594332417851e+01 4.631952892553545098e+01
4.693715594332417851e+01 5.102084959721774737e+01
4.693715594332417851e+01 4.747167691411517865e+01
4.693715594332417851e+01 5.109155251607969461e+01
4.693715594332417851e+01 5.595454464374321191e+01
4.693715594332417851e+01 5.330784776353888077e+01
4.693715594332417851e+01 4.009586075230478741e+01
4.693715594332417851e+01 4.673427894703942798e+01
4.693715594332417851e+01 4.559140651545182976e+01
4.693715594332417851e+01 4.748270304657688001e+01
4.693715594332417851e+01 4.557680176043342613e+01
4.693715594332417851e+01 4.587337486355612981e+01
4.693715594332417851e+01 4.321889103533570164e+01
4.693715594332417851e+01 4.784375775505105111e+01
4.693715594332417851e+01 4.407509959829035751e+01
4.693715594332417851e+01 4.802595855069132114e+01
4.693715594332417851e+01 4.791285684044736115e+01
4.693715594332417851e+01 5.097685512054898282e+01
4.693715594332417851e+01 4.159067038516035808e+01
4.693715594332417851e+01 4.670096560004380848e+01
4.693715594332417851e+01 4.841822573114580308e+01
4.693715594332417851e+01 4.599718848992853282e+01
4.693715594332417851e+01 4.677391114212215939e+01
4.693715594332417851e+01 4.880040402333660410e+01
4.693715594332417851e+01 4.856788058302606714e+01
4.693715594332417851e+01 4.145468736472531646e+01
4.693715594332417851e+01 3.913475191472617354e+01
4.693715594332417851e+01 4.655848064519699392e+01
4.693715594332417851e+01 4.179600399830629698e+01
4.693715594332417851e+01 5.059696236102587363e+01
4.693715594332417851e+01 4.422124484522258570e+01
4.693715594332417851e+01 4.931171294123139148e+01
4.693715594332417851e+01 4.746988994459498912e+01
4.693715594332417851e+01 5.320411920199362754e+01
4.693715594332417851e+01 4.751016168829280417e+01
4.693715594332417851e+01 5.330683155765266434e+01
4.693715594332417851e+01 5.104083471804253946e+01
4.693715594332417851e+01 4.375215574845294952e+01
4.693715594332417851e+01 4.904126378579060486e+01
4.693715594332417851e+01 5.331893937173627052e+01
4.693715594332417851e+01 4.766786669669372145e+01
4.693715594332417851e+01 4.423486518132254730e+01
4.693715594332417851e+01 4.782383679331456960e+01
4.693715594332417851e+01 4.552303738882269357e+01
4.693715594332417851e+01 4.471759893696690114e+01
4.693715594332417851e+01 5.091982304827529049e+01
4.693715594332417851e+01 4.657246880285480017e+01
4.693715594332417851e+01 4.506351350968682112e+01
4.693715594332417851e+01 4.315361895867976472e+01
4.693715594332417851e+01 4.870945067972306219e+01
4.693715594332417851e+01 4.976679871136072819e+01
4.693715594332417851e+01 4.703120221737648876e+01
4.693715594332417851e+01 4.495688603416665785e+01
4.693715594332417851e+01 4.503411865023853267e+01
4.693715594332417851e+01 4.597899190158803151e+01
4.693715594332417851e+01 4.371584575650000204e+01
4.693715594332417851e+01 4.009427003148947932e+01
4.693715594332417851e+01 4.683791504514741177e+01
4.693715594332417851e+01 4.688751564928571014e+01
4.693715594332417851e+01 4.646467470417152157e+01
4.693715594332417851e+01 4.836439770008651351e+01
4.693715594332417851e+01 4.463549422973503766e+01
4.693715594332417851e+01 4.351670202619874317e+01
4.693715594332417851e+01 4.758921381432140407e+01
4.693715594332417851e+01 4.501364485251665570e+01
4.693715594332417851e+01 4.499016247966360993e+01
4.693715594332417851e+01 4.447228739143409371e+01
4.693715594332417851e+01 4.628886858270156068e+01
4.693715594332417851e+01 4.466985061812836477e+01
4.693715594332417851e+01 4.108468766455547438e+01
4.693715594332417851e+01 5.157710932319638175e+01
4.693715594332417851e+01 4.537722993393857962e+01
4.693715594332417851e+01 5.404083166421840900e+01
4.693715594332417851e+01 4.424125716113206863e+01
4.693715594332417851e+01 4.717944469015338882e+01
4.693715594332417851e+01 4.633393822203780132e+01
4.693715594332417851e+01 4.451073323631507606e+01
4.693715594332417851e+01 4.160646895927849442e+01
4.693715594332417851e+01 4.639092207715902560e+01
4.693715594332417851e+01 4.719204917954704115e+01
4.693715594332417851e+01 5.264100104245764555e+01
4.693715594332417851e+01 4.596933286751091430e+01
4.693715594332417851e+01 4.364354837820108202e+01
4.693715594332417851e+01 4.708098251660105404e+01
4.693715594332417851e+01 4.389242157079358719e+01
4.693715594332417851e+01 4.422394740832454119e+01
4.693715594332417851e+01 4.641138535928996589e+01
4.693715594332417851e+01 4.867218059833925281e+01
4.693715594332417851e+01 4.929675288440083136e+01
4.693715594332417851e+01 4.524760585512500199e+01
4.693715594332417851e+01 4.467514420163212208e+01
4.693715594332417851e+01 4.301874358459827619e+01
4.693715594332417851e+01 4.806265805952993020e+01
4.693715594332417851e+01 4.475444646248748626e+01
4.693715594332417851e+01 5.052602908278375082e+01
4.693715594332417851e+01 4.289429506467448050e+01
4.693715594332417851e+01 4.639256690075400513e+01
4.693715594332417851e+01 4.350607236237243569e+01
4.693715594332417851e+01 4.760686037164133211e+01
4.693715594332417851e+01 4.782134473564332211e+01
4.693715594332417851e+01 4.996196810227591811e+01
4.693715594332417851e+01 4.960926236898800568e+01
4.693715594332417851e+01 4.722457380039888619e+01
4.693715594332417851e+01 4.551187672049029942e+01
4.693715594332417851e+01 5.171651419543405837e+01
4.693715594332417851e+01 4.343578540149785283e+01
4.693715594332417851e+01 4.324245902107427497e+01
4.693715594332417851e+01 5.562464311778432347e+01
4.693715594332417851e+01 4.010612152526726959e+01
4.693715594332417851e+01 4.117169951106569670e+01
4.693715594332417851e+01 4.760969287074793499e+01
4.693715594332417851e+01 4.542083450980491222e+01
4.693715594332417851e+01 4.532326568100612008e+01
4.693715594332417851e+01 4.197586793960776674e+01
4.693715594332417851e+01 5.220748435359578821e+01
4.693715594332417851e+01 4.876929270657338833e+01
4.693715594332417851e+01 4.668474894492364768e+01
4.693715594332417851e+01 5.145611406761759810e+01
4.693715594332417851e+01 4.402529160596039048e+01
4.693715594332417851e+01 4.441533414558643500e+01
4.693715594332417851e+01 4.495889885972319178e+01
4.693715594332417851e+01 4.606257681685057292e+01
4.693715594332417851e+01 4.687593897034565060e+01
4.693715594332417851e+01 4.747879267651782698e+01
4.693715594332417851e+01 4.341199030398028214e+01
4.693715594332417851e+01 4.917112487026480494e+01
4.693715594332417851e+01 4.559890936396465122e+01
4.693715594332417851e+01 4.712762935030412592e+01
4.693715594332417851e+01 4.858030982741816217e+01
4.693715594332417851e+01 4.425331939363473310e+01
4.693715594332417851e+01 4.211166101821965668e+01
4.693715594332417851e+01 4.342176061783038676e+01
4.693715594332417851e+01 4.915328629101331614e+01
4.693715594332417851e+01 4.744658771037557443e+01
4.693715594332417851e+01 3.791580523663457569e+01
4.693715594332417851e+01 4.056746060111118624e+01
4.693715594332417851e+01 4.580835209665617924e+01
4.693715594332417851e+01 4.268896685922904766e+01
4.693715594332417851e+01 4.972841089787386437e+01
4.693715594332417851e+01 4.615685434463146208e+01
4.693715594332417851e+01 4.134621446855646809e+01
4.693715594332417851e+01 4.464003476029547812e+01
4.693715594332417851e+01 4.565618040225658802e+01
4.693715594332417851e+01 4.636585248455072161e+01
4.693715594332417851e+01 4.033698327848880183e+01
4.693715594332417851e+01 4.556655628590002749e+01
4.693715594332417851e+01 4.521331095009038137e+01
4.693715594332417851e+01 4.777623936841681029e+01
4.693715594332417851e+01 4.307694365668459113e+01
4.693715594332417851e+01 4.218077951628800548e+01
4.693715594332417851e+01 4.752812298926949097e+01
4.693715594332417851e+01 5.271485053955680655e+01
4.693715594332417851e+01 4.688725954375597382e+01
4.693715594332417851e+01 5.033137278185652264e+01
4.693715594332417851e+01 4.311328086395900527e+01
4.693715594332417851e+01 4.454221172464058043e+01
4.693715594332417851e+01 5.140497773080564770e+01
4.693715594332417851e+01 4.997440026573407579e+01
4.693715594332417851e+01 4.422319536377744953e+01
4.693715594332417851e+01 4.400434632902405951e+01
4.693715594332417851e+01 4.531446949477280839e+01
4.693715594332417851e+01 4.761247590499218774e+01
4.693715594332417851e+01 4.432918359812615705e+01
4.693715594332417851e+01 4.442129017519355472e+01
4.693715594332417851e+01 4.674876937435885083e+01
4.693715594332417851e+01 4.560467923490643471e+01
4.693715594332417851e+01 4.696536261249515576e+01
4.693715594332417851e+01 4.650357072320935714e+01
4.693715594332417851e+01 4.856427725687867536e+01
4.693715594332417851e+01 4.916245587116568316e+01
4.693715594332417851e+01 4.165423299411770586e+01
4.693715594332417851e+01 4.839290711939898415e+01
4.693715594332417851e+01 4.555596559094325215e+01
4.693715594332417851e+01 5.298834892150107123e+01
4.693715594332417851e+01 4.551062390688820614e+01
4.693715594332417851e+01 4.752585250947577578e+01
4.693715594332417851e+01 4.283779585505121190e+01
4.693715594332417851e+01 3.913277393802353998e+01
4.693715594332417851e+01 4.936187763242769933e+01
4.693715594332417851e+01 4.552422211873637536e+01
4.693715594332417851e+01 4.374867374277761201e+01
4.693715594332417851e+01 3.908905283095206329e+01
4.693715594332417851e+01 4.736269994698275809e+01
4.693715594332417851e+01 4.696857177834584007e+01
4.693715594332417851e+01 4.580749860404961282e+01
4.693715594332417851e+01 4.473651428426848042e+01
4.693715594332417851e+01 4.306621080771212462e+01
4.693715594332417851e+01 4.403501377546538009e+01
4.693715594332417851e+01 4.618997475095105187e+01
4.693715594332417851e+01 4.188111712684809618e+01
4.693715594332417851e+01 4.553365143231658152e+01
4.693715594332417851e+01 4.018971338438669250e+01
4.693715594332417851e+01 4.949086925534427195e+01
4.693715594332417851e+01 5.303434411394984238e+01
4.693715594332417851e+01 4.954290465800956866e+01
4.693715594332417851e+01 4.873366699996315532e+01
4.693715594332417851e+01 4.008420447036131407e+01
4.693715594332417851e+01 4.388532603756174666e+01
4.693715594332417851e+01 4.663697448648284904e+01
4.693715594332417851e+01 4.916037054205774126e+01
4.693715594332417851e+01 4.662886045377692312e+01
4.693715594332417851e+01 4.314084062708653988e+01
4.693715594332417851e+01 4.519070892735812350e+01
4.693715594332417851e+01 5.113630710341633545e+01
4.693715594332417851e+01 4.181943495798440580e+01
4.693715594332417851e+01 4.653412011814029370e+01
4.693715594332417851e+01 4.057667244179988586e+01
4.693715594332417851e+01 4.739852034627769939e+01
4.693715594332417851e+01 4.454730045154422413e+01
4.693715594332417851e+01 4.809838729657739265e+01
4.693715594332417851e+01 4.378142757657431616e+01
4.693715594332417851e+01 4.200384256561392249e+01
4.693715594332417851e+01 4.829305161878093600e+01
4.693715594332417851e+01 4.705524239232066464e+01
4.693715594332417851e+01 4.250889842463817558e+01
4.693715594332417851e+01 4.572220892172764906e+01
4.693715594332417851e+01 4.372404874273131270e+01
4.693715594332417851e+01 4.652268642035018331e+01
4.693715594332417851e+01 4.600697777591529558e+01
4.693715594332417851e+01 4.572482842840980766e+01
4.693715594332417851e+01 5.098475154592819791e+01
4.693715594332417851e+01 4.003764574292097222e+01
4.693715594332417851e+01 4.440402369861077148e+01
4.693715594332417851e+01 4.580358042092398563e+01
4.693715594332417851e+01 4.488354705584974624e+01
4.693715594332417851e+01 4.693852757611859516e+01
4.693715594332417851e+01 4.408530671591269368e+01
4.693715594332417851e+01 4.318114143768987390e+01
4.693715594332417851e+01 4.135153898644063730e+01
4.693715594332417851e+01 4.516662557410825229e+01
4.693715594332417851e+01 4.502584780126701247e+01
4.693715594332417851e+01 3.966618194493008076e+01
4.693715594332417851e+01 4.432456137982123323e+01
4.693715594332417851e+01 4.290432979027074367e+01
4.693715594332417851e+01 4.343350921832859513e+01
4.693715594332417851e+01 4.419662876711775823e+01
4.693715594332417851e+01 4.873682734607103839e+01
4.693715594332417851e+01 4.623660149702119782e+01
4.693715594332417851e+01 3.922254988246426421e+01
4.693715594332417851e+01 4.412615062835986635e+01
4.693715594332417851e+01 4.443000249851419170e+01
4.693715594332417851e+01 4.345062395675799394e+01
4.693715594332417851e+01 4.722078389792574171e+01
4.693715594332417851e+01 4.329502237580918944e+01
4.693715594332417851e+01 4.153343707786459049e+01
4.693715594332417851e+01 5.023684288110189300e+01
4.693715594332417851e+01 4.537165400345182320e+01
4.693715594332417851e+01 4.193197660498998403e+01
4.693715594332417851e+01 5.028347112518424922e+01
4.693715594332417851e+01 4.774630533133180421e+01
4.693715594332417851e+01 5.438433311856277186e+01
4.693715594332417851e+01 4.798826863719531843e+01
4.693715594332417851e+01 4.328253483744209973e+01
4.693715594332417851e+01 4.769214754457650685e+01
4.693715594332417851e+01 4.857720775273445213e+01
4.693715594332417851e+01 4.443186979308877227e+01
4.693715594332417851e+01 4.666457704204033519e+01
4.693715594332417851e+01 4.771246819992705923e+01
4.693715594332417851e+01 4.325618193283190749e+01
4.693715594332417851e+01 4.448014841556806687e+01
4.693715594332417851e+01 4.842474264948899076e+01
4.693715594332417851e+01 5.062094228555825026e+01
4.693715594332417851e+01 4.776139696616701258e+01
4.693715594332417851e+01 4.533794342357056451e+01
4.693715594332417851e+01 4.625883076178218545e+01
4.693715594332417851e+01 5.260159074576181837e+01
4.693715594332417851e+01 4.394093246749991977e+01
4.693715594332417851e+01 4.993873361522086896e+01
4.693715594332417851e+01 4.635571769488758065e+01
4.693715594332417851e+01 4.620958287911577145e+01
4.693715594332417851e+01 4.746079080385501214e+01
4.693715594332417851e+01 4.919329824313152244e+01
4.693715594332417851e+01 4.445287529417428374e+01
4.693715594332417851e+01 4.131980663670583453e+01
4.693715594332417851e+01 4.572048699414003181e+01
4.693715594332417851e+01 4.584916621718338092e+01
4.693715594332417851e+01 4.569645128018910185e+01
4.693715594332417851e+01 4.282693437149781346e+01
4.693715594332417851e+01 4.865908858208923959e+01
4.693715594332417851e+01 4.577187949617042051e+01
4.693715594332417851e+01 4.569126443354934963e+01
4.693715594332417851e+01 4.965434271019496038e+01
4.693715594332417851e+01 4.381922832577394189e+01
4.693715594332417851e+01 4.504710319053855727e+01
4.693715594332417851e+01 4.678155404749421109e+01
4.693715594332417851e+01 5.506228719113484260e+01
4.693715594332417851e+01 5.104320237811140970e+01
4.693715594332417851e+01 3.970311913881690913e+01
4.693715594332417851e+01 4.478738861288439210e+01
4.693715594332417851e+01 4.696043867055291798e+01
4.693715594332417851e+01 4.923277170746537479e+01
4.693715594332417851e+01 4.049117938357077406e+01
4.693715594332417851e+01 4.186837053393217190e+01
4.693715594332417851e+01 4.205827061483508800e+01
4.693715594332417851e+01 4.400607866415359837e+01
4.693715594332417851e+01 5.097043034277176332e+01
4.693715594332417851e+01 4.043513622565086507e+01
4.693715594332417851e+01 4.888136021856266211e+01
4.693715594332417851e+01 4.465437038689819360e+01
4.693715594332417851e+01 4.683774509588270263e+01
4.693715594332417851e+01 4.003567214992757073e+01
4.693715594332417851e+01 4.368116972064530756e+01
4.693715594332417851e+01 4.341356628671766771e+01
4.693715594332417851e+01 5.127905187917372842e+01
4.693715594332417851e+01 4.776683152519130715e+01
4.693715594332417851e+01 4.357168383955643520e+01
4.693715594332417851e+01 4.387160700275062908e+01
4.693715594332417851e+01 4.545109294575323844e+01
4.693715594332417851e+01 4.599437750366555377e+01
4.693715594332417851e+01 4.659092278175514679e+01
4.693715594332417851e+01 4.331681896727025816e+01
4.693715594332417851e+01 4.982079451277919446e+01
4.693715594332417851e+01 4.391901012472504817e+01
4.693715594332417851e+01 4.715319064818139339e+01
4.693715594332417851e+01 4.733901237813802254e+01
4.693715594332417851e+01 4.747080439575736932e+01
4.693715594332417851e+01 4.521740791162412165e+01
4.693715594332417851e+01 4.871047474616811002e+01
4.693715594332417851e+01 4.701974786637706671e+01
4.693715594332417851e+01 4.482110896053200833e+01
4.693715594332417851e+01 4.792334440506267157e+01
4.693715594332417851e+01 4.877449232886285557e+01
4.693715594332417851e+01 4.583514610714176030e+01
4.693715594332417851e+01 4.617574749935815248e+01
4.693715594332417851e+01 4.503258251743019969e+01
4.693715594332417851e+01 4.833713657169334965e+01
4.693715594332417851e+01 5.309231361628788903e+01
4.693715594332417851e+01 4.284427093684013244e+01
4.693715594332417851e+01 4.721642621202766321e+01
4.693715594332417851e+01 4.488954216771055883e+01
4.693715594332417851e+01 4.623772765049535138e+01
4.693715594332417851e+01 4.662586107836749250e+01
4.693715594332417851e+01 4.755396091562414540e+01
4.693715594332417851e+01 5.351782853025869713e+01
4.693715594332417851e+01 4.508502453436168622e+01
4.693715594332417851e+01 4.293940454622853053e+01
4.693715594332417851e+01 4.863133929104976261e+01
4.693715594332417851e+01 4.530553862642222640e+01
4.693715594332417851e+01 4.828805041637544093e+01
4.693715594332417851e+01 5.117201225379647411e+01
4.693715594332417851e+01 4.782425327682089744e+01
4.693715594332417851e+01 4.770001010184564905e+01
4.693715594332417851e+01 4.504110857869032003e+01
4.693715594332417851e+01 4.242609311320871512e+01
4.693715594332417851e+01 4.701354138842456365e+01
4.693715594332417851e+01 5.094046544113006547e+01
4.693715594332417851e+01 5.216128703643707354e+01
4.693715594332417851e+01 4.799169174395723303e+01
4.693715594332417851e+01 5.140740531792135926e+01
4.693715594332417851e+01 4.963766995860623155e+01
4.693715594332417851e+01 4.983377555161293060e+01
4.693715594332417851e+01 4.069317885021757064e+01
4.693715594332417851e+01 4.993025441630216932e+01
4.693715594332417851e+01 4.163320803268411652e+01
4.693715594332417851e+01 4.428890219031971753e+01
4.693715594332417851e+01 4.347333923566174008e+01
4.693715594332417851e+01 4.688453236169824834e+01
4.693715594332417851e+01 5.051814968390452520e+01
4.693715594332417851e+01 4.608538479154508138e+01
4.693715594332417851e+01 4.044216196383661810e+01
4.693715594332417851e+01 4.484153919547558331e+01
4.693715594332417851e+01 5.478749759675861242e+01
4.693715594332417851e+01 4.154990370882244122e+01
4.693715594332417851e+01 5.133142462209537626e+01
4.693715594332417851e+01 4.804145463985118170e+01
4.693715594332417851e+01 4.743190484018624176e+01
4.693715594332417851e+01 4.205235420972814353e+01
4.693715594332417851e+01 4.564787281517395456e+01
4.693715594332417851e+01 4.077143255474440764e+01
4.693715594332417851e+01 4.376073890577710301e+01
4.693715594332417851e+01 4.188973328405359098e+01
4.693715594332417851e+01 4.541954667132011991e+01
4.693715594332417851e+01 3.997914692690132910e+01
4.693715594332417851e+01 4.700432916896156854e+01
4.693715594332417851e+01 4.149906124610649272e+01
4.693715594332417851e+01 4.778091473204533912e+01
4.693715594332417851e+01 4.432459099575499550e+01
4.693715594332417851e+01 5.061217143899522597e+01
4.693715594332417851e+01 4.247105192170353405e+01
4.693715594332417851e+01 4.635469741537163202e+01
4.693715594332417851e+01 4.980626822046294677e+01
4.693715594332417851e+01 4.738079078973346014e+01
4.693715594332417851e+01 4.365884659311505089e+01
4.693715594332417851e+01 4.803729315196854799e+01
4.693715594332417851e+01 4.542841741160537339e+01
4.693715594332417851e+01 3.856958280483169688e+01
4.693715594332417851e+01 5.120920743916256868e+01
4.693715594332417851e+01 4.133567265185219242e+01
4.693715594332417851e+01 4.161756456047694996e+01
4.693715594332417851e+01 4.888496299255071875e+01
4.693715594332417851e+01 4.839706182370095888e+01
4.693715594332417851e+01 4.608498109310776414e+01
4.693715594332417851e+01 4.557725219808494899e+01
4.693715594332417851e+01 4.595182591982244702e+01
4.693715594332417851e+01 4.620062699266521378e+01
4.693715594332417851e+01 4.290641538483615847e+01
4.693715594332417851e+01 4.695059991913318242e+01
4.693715594332417851e+01 4.578230065134490445e+01
4.693715594332417851e+01 4.611668772071037381e+01
4.693715594332417851e+01 4.635497491830810191e+01
4.693715594332417851e+01 4.753420478534306426e+01
4.693715594332417851e+01 4.114824120927918472e+01
4.693715594332417851e+01 4.844817564243399488e+01
4.693715594332417851e+01 4.227256343350774159e+01
4.693715594332417851e+01 5.031345827538289939e+01
4.693715594332417851e+01 4.243585652340159697e+01
4.693715594332417851e+01 4.120004713148113495e+01
4.693715594332417851e+01 4.378663529322028580e+01
4.693715594332417851e+01 4.558312372886902608e+01
4.693715594332417851e+01 4.085540704841985615e+01
4.693715594332417851e+01 4.390374862995471261e+01
4.693715594332417851e+01 4.305995429638268490e+01
4.693715594332417851e+01 4.891243723440503288e+01
4.693715594332417851e+01 4.192191325614373199e+01
4.693715594332417851e+01 4.697600475213263849e+01
4.693715594332417851e+01 5.176683777568740652e+01
4.693715594332417851e+01 4.205887273265543058e+01
4.693715594332417851e+01 4.002457132208481738e+01
4.693715594332417851e+01 4.735835314125746720e+01
4.693715594332417851e+01 5.073906821415177149e+01
4.693715594332417851e+01 4.459673937779858477e+01
4.693715594332417851e+01 4.338276388130915961e+01
4.693715594332417851e+01 4.738017992063176820e+01
4.693715594332417851e+01 4.787501727839323706e+01
4.693715594332417851e+01 4.305889082441689908e+01
4.693715594332417851e+01 4.581861484550944397e+01
4.693715594332417851e+01 4.780334564247606721e+01
4.693715594332417851e+01 4.514084206050160475e+01
4.693715594332417851e+01 4.658345370100603589e+01
4.693715594332417851e+01 4.511519601348546615e+01
4.693715594332417851e+01 4.694321088144867105e+01
4.693715594332417851e+01 4.634268237064008389e+01
4.693715594332417851e+01 4.748019592101375252e+01
4.693715594332417851e+01 4.222982939039789585e+01
4.693715594332417851e+01 4.960435537049220045e+01
4.693715594332417851e+01 4.558046352992448647e+01
4.693715594332417851e+01 4.823084863547015999e+01
4.693715594332417851e+01 4.936130056880062256e+01
4.693715594332417851e+01 4.893824305999736879e+01
4.693715594332417851e+01 4.431938150088691941e+01
4.693715594332417851e+01 4.725230035476572965e+01
4.693715594332417851e+01 4.163851886955937687e+01
4.693715594332417851e+01 4.716183718440429828e+01
4.693715594332417851e+01 4.737551075676372392e+01
4.693715594332417851e+01 4.713050193109076957e+01
4.693715594332417851e+01 4.693023438885624188e+01
4.693715594332417851e+01 4.436174996148625382e+01
4.693715594332417851e+01 4.818449327655986991e+01
4.693715594332417851e+01 4.817621444128000974e+01
4.693715594332417851e+01 4.431693813151149897e+01
4.693715594332417851e+01 5.183134600317455920e+01
4.693715594332417851e+01 4.607398930530079184e+01
4.693715594332417851e+01 4.472989230068223065e+01
4.693715594332417851e+01 4.500707366652565611e+01
4.693715594332417851e+01 4.277923430167923158e+01
4.693715594332417851e+01 4.614461812961985032e+01
4.693715594332417851e+01 4.267624364145012095e+01
4.693715594332417851e+01 5.052187380609547773e+01
4.693715594332417851e+01 5.073675179474052044e+01
4.693715594332417851e+01 5.500134080142596105e+01
4.693715594332417851e+01 4.720174807900518488e+01
4.693715594332417851e+01 4.289811817845065178e+01
4.693715594332417851e+01 4.902752216625094661e+01
4.693715594332417851e+01 4.182331059635427550e+01
4.693715594332417851e+01 4.320857459679012891e+01
4.693715594332417851e+01 4.156616363275568915e+01
4.693715594332417851e+01 4.806818165937900744e+01
4.693715594332417851e+01 4.282727436051432335e+01
4.693715594332417851e+01 4.154203309972841396e+01
4.693715594332417851e+01 4.471985524396021816e+01
4.693715594332417851e+01 4.090406242193128605e+01
4.693715594332417851e+01 4.276652291052045740e+01
4.693715594332417851e+01 4.220729214482578584e+01
4.693715594332417851e+01 4.439964640429695208e+01
4.693715594332417851e+01 4.463166394056344188e+01
4.693715594332417851e+01 4.848301183978735907e+01
4.693715594332417851e+01 5.051265539557291362e+01
4.693715594332417851e+01 4.655195079148370496e+01
4.693715594332417851e+01 4.327757674724323778e+01
4.693715594332417851e+01 4.620626658724641800e+01
4.693715594332417851e+01 4.335433228746185108e+01
4.693715594332417851e+01 4.948182450738099192e+01
4.693715594332417851e+01 4.334655784407254231e+01
4.693715594332417851e+01 4.893161139560415762e+01
4.693715594332417851e+01 3.786826699159959020e+01
4.693715594332417851e+01 4.729794314071255457e+01
4.693715594332417851e+01 3.978313787713556593e+01
4.693715594332417851e+01 4.723824293944153396e+01
4.693715594332417851e+01 4.433989076922114236e+01
4.693715594332417851e+01 4.987808381137523384e+01
4.693715594332417851e+01 4.858653998431262266e+01
4.693715594332417851e+01 4.426911193264335509e+01
4.693715594332417851e+01 4.727838897188708245e+01
4.693715594332417851e+01 4.511292716914939405e+01
4.693715594332417851e+01 4.568218575521098757e+01
4.693715594332417851e+01 4.271406378163441531e+01
4.693715594332417851e+01 4.643583336406442186e+01
4.693715594332417851e+01 4.492258427304471979e+01
4.693715594332417851e+01 4.293715154036534898e+01
4.693715594332417851e+01 4.914971395675460997e+01
4.693715594332417851e+01 5.367558097004174300e+01
4.693715594332417851e+01 5.100330139960846054e+01
4.693715594332417851e+01 4.151207879521576416e+01
4.693715594332417851e+01 4.441196319648471302e+01
4.693715594332417851e+01 4.688039490219759386e+01
4.693715594332417851e+01 4.594930912553974167e+01
4.693715594332417851e+01 3.949938116675880906e+01
