4.693715594332417851e+01 4.697578209868710530e+01
4.693715594332417851e+01 4.675568229955291599e+01
4.693715594332417851e+01 4.851569515785814701e+01
4.693715594332417851e+01 4.426069092123069026e+01
4.693715594332417851e+01 4.670479444996254159e+01
4.693715594332417851e+01 4.798883343904802246e+01
4.693715594332417851e+01 4.834347734302095745e+01
4.693715594332417851e+01 4.357788531310650626e+01
4.693715594332417851e+01 4.516642358967055060e+01
4.693715594332417851e+01 4.997891097396535542e+01
4.693715594332417851e+01 4.335833520787240758e+01
4.693715594332417851e+01 4.814469897794175068e+01
4.693715594332417851e+01 4.668046012863534600e+01
4.693715594332417851e+01 4.816321054040928828e+01
4.693715594332417851e+01 4.203692954605409682e+01
4.693715594332417851e+01 4.426603390693153983e+01
4.693715594332417851e+01 4.019653168158145462e+01
4.693715594332417851e+01 4.418255638015729403e+01
4.693715594332417851e+01 4.836670660897574692e+01
4.693715594332417851e+01 4.627877153630732465e+01
4.693715594332417851e+01 4.301051302332624005e+01
4.693715594332417851e+01 4.405575067221995056e+01
4.693715594332417851e+01 4.609992026137339138e+01
4.693715594332417851e+01 4.505417995428384614e+01
4.693715594332417851e+01 4.316163485169465730e+01
4.693715594332417851e+01 4.411878316152036916e+01
4.693715594332417851e+01 5.266289271911096392e+01
4.693715594332417851e+01 4.624066916060021271e+01
4.693715594332417851e+01 4.756343185463477852e+01
4.693715594332417851e+01 4.514612603509265654e+01
4.693715594332417851e+01 4.441205104208587784e+01
4.693715594332417851e+01 4.559598316221428860e+01
4.693715594332417851e+01 4.246034781851313511e+01
4.693715594332417851e+01 4.327050539059523970e+01
4.693715594332417851e+01 5.061124462580547601e+01
4.693715594332417851e+01 4.625765097145796290e+01
4.693715594332417851e+01 4.384731349510252585e+01
4.693715594332417851e+01 4.421370915876508434e+01
4.693715594332417851e+01 4.381507037968495410e+01
4.693715594332417851e+01 4.297277826832371517e+01
4.693715594332417851e+01 4.595984921492070896e+01
4.693715594332417851e+01 4.384633900996868050e+01
4.693715594332417851e+01 5.028929914840121995e+01
4.693715594332417851e+01 4.958724380183480207e+01
4.693715594332417851e+01 5.217844216583270622e+01
4.693715594332417851e+01 5.018429411245285365e+01
4.693715594332417851e+01 4.221630527258716370e+01
4.693715594332417851e+01 5.071049238363610812e+01
4.693715594332417851e+01 4.963754417967594890e+01
4.693715594332417851e+01 4.521307006468279610e+01
4.693715594332417851e+01 5.234139040111666930e+01
4.693715594332417851e+01 5.299739625842352098e+01
4.693715594332417851e+01 4.698242584526898469e+01
4.693715594332417851e+01 4.469354455531077974e+01
4.693715594332417851e+01 4.687583211541979722e+01
4.693715594332417851e+01 5.885074063794421306e+01
4.693715594332417851e+01 4.590900137949706306e+01
4.693715594332417851e+01 4.281403029831702156e+01
4.693715594332417851e+01 4.899305023136174242e+01
4.693715594332417851e+01 4.815221944108937180e+01
4.693715594332417851e+01 4.903249818977025853e+01
4.693715594332417851e+01 4.410793837891996105e+01
4.693715594332417851e+01 3.980073675546721290e+01
4.693715594332417851e+01 4.704008084019981339e+01
4.693715594332417851e+01 4.075259601161069867e+01
4.693715594332417851e+01 4.487425124063600634e+01
4.693715594332417851e+01 4.288640969132094938e+01
4.693715594332417851e+01 4.450391136194538433e+01
4.693715594332417851e+01 4.251543954179372520e+01
4.693715594332417851e+01 4.602219876018139644e+01
4.693715594332417851e+01 4.994462482189375407e+01
4.693715594332417851e+01 4.578064080236746491e+01
4.693715594332417851e+01 4.625263301317996678e+01
4.693715594332417851e+01 4.721561760271748653e+01
4.693715594332417851e+01 4.554615239854672382e+01
4.693715594332417851e+01 5.047249801386644208e+01
4.693715594332417851e+01 4.298612055258418252e+01
4.693715594332417851e+01 4.970720810783344490e+01
4.693715594332417851e+01 4.611443362162765425e+01
4.693715594332417851e+01 4.866567626429760907e+01
4.693715594332417851e+01 4.924148103487532779e+01
4.693715594332417851e+01 4.786698318157733922e+01
4.693715594332417851e+01 4.275515346628869651e+01
4.693715594332417851e+01 5.155158256573548670e+01
4.693715594332417851e+01 4.589530613051255159e+01
4.693715594332417851e+01 4.290649530492775199e+01
4.693715594332417851e+01 4.625413680026552044e+01
4.693715594332417851e+01 4.444234114925173884e+01
4.693715594332417851e+01 4.722302630143269653e+01
4.693715594332417851e+01 4.596161400189158286e+01
4.693715594332417851e+01 4.669292174325665457e+01
4.693715594332417851e+01 4.433307082869688998e+01
4.693715594332417851e+01 4.340902025622845173e+01
4.693715594332417851e+01 4.033711031008979120e+01
4.693715594332417851e+01 3.963793893783403632e+01
4.693715594332417851e+01 5.038143274248488979e+01
4.693715594332417851e+01 4.501804537085837410e+01
4.693715594332417851e+01 5.049071262090204470e+01
4.693715594332417851e+01 4.792108983096588304e+01
4.693715594332417851e+01 4.871042132873226649e+01
4.693715594332417851e+01 4.265156762252082245e+01
4.693715594332417851e+01 4.599893320124591156e+01
4.693715594332417851e+01 4.378551105649762576e+01
4.693715594332417851e+01 4.737122627093005889e+01
4.693715594332417851e+01 4.167802741790208643e+01
4.693715594332417851e+01 4.725858470049053750e+01
4.693715594332417851e+01 4.049001370297801117e+01
4.693715594332417851e+01 4.391799090686433971e+01
4.693715594332417851e+01 4.046713206648092154e+01
4.693715594332417851e+01 4.978922314117023973e+01
4.693715594332417851e+01 4.963326831124989980e+01
4.693715594332417851e+01 4.919922244893768237e+01
4.693715594332417851e+01 4.259541804866496761e+01
4.693715594332417851e+01 5.226538672107253802e+01
4.693715594332417851e+01 4.937045113869638158e+01
4.693715594332417851e+01 5.213548310226281757e+01
4.693715594332417851e+01 4.966310461495517359e+01
4.693715594332417851e+01 4.695344936895590138e+01
4.693715594332417851e+01 4.837612069883036270e+01
4.693715594332417851e+01 4.165150297550837166e+01
4.693715594332417851e+01 4.938803184733745866e+01
4.693715594332417851e+01 4.531861716491403769e+01
4.693715594332417851e+01 4.787719038302477514e+01
4.693715594332417851e+01 4.946264834401281973e+01
4.693715594332417851e+01 4.234106116214106663e+01
4.693715594332417851e+01 4.709789828051610527e+01
4.693715594332417851e+01 4.680822908021519169e+01
4.693715594332417851e+01 3.966110062775820921e+01
4.693715594332417851e+01 4.871684638931341027e+01
4.693715594332417851e+01 4.609002483161906838e+01
4.693715594332417851e+01 4.462073206358076760e+01
4.693715594332417851e+01 4.808227044327597355e+01
4.693715594332417851e+01 4.826369496154610772e+01
4.693715594332417851e+01 4.209114858582259444e+01
4.693715594332417851e+01 4.557508130415411784e+01
4.693715594332417851e+01 3.971157009252315362e+01
4.693715594332417851e+01 4.805023483229333436e+01
4.693715594332417851e+01 4.408659199354755742e+01
4.693715594332417851e+01 4.621525220346040186e+01
4.693715594332417851e+01 4.449602230442626905e+01
4.693715594332417851e+01 4.297093397846803242e+01
4.693715594332417851e+01 4.355122749175771446e+01
4.693715594332417851e+01 4.858819633076350186e+01
4.693715594332417851e+01 4.957333170912254161e+01
4.693715594332417851e+01 4.548618429296460874e+01
4.693715594332417851e+01 4.725474755995969645e+01
4.693715594332417851e+01 4.178338762310405485e+01
4.693715594332417851e+01 4.648642185498964352e+01
4.693715594332417851e+01 4.670047347268200610e+01
4.693715594332417851e+01 4.246159819626937804e+01
4.693715594332417851e+01 4.257301404867753547e+01
4.693715594332417851e+01 4.264149010093384362e+01
4.693715594332417851e+01 5.402882732577272407e+01
4.693715594332417851e+01 4.504646376760955206e+01
4.693715594332417851e+01 4.608739062554838029e+01
4.693715594332417851e+01 4.560272640158013502e+01
4.693715594332417851e+01 4.912708892092985735e+01
4.693715594332417851e+01 4.722230912969639860e+01
4.693715594332417851e+01 4.493965292452030980e+01
4.693715594332417851e+01 4.513421191457671000e+01
4.693715594332417851e+01 4.506101180192565181e+01
4.693715594332417851e+01 4.749166897284605682e+01
4.693715594332417851e+01 5.172818043768365470e+01
4.693715594332417851e+01 4.508884925694544421e+01
4.693715594332417851e+01 4.889459396253704426e+01
4.693715594332417851e+01 4.207194978044728373e+01
4.693715594332417851e+01 4.768502925613150012e+01
4.693715594332417851e+01 4.352792559648019477e+01
4.693715594332417851e+01 5.155348975779973841e+01
4.693715594332417851e+01 4.539657734509317777e+01
4.693715594332417851e+01 4.587270521552044045e+01
4.693715594332417851e+01 4.624218961789067350e+01
4.693715594332417851e+01 4.797106385643779447e+01
4.693715594332417851e+01 4.624292563962801950e+01
4.693715594332417851e+01 4.619655212277073986e+01
4.693715594332417851e+01 5.280906012318483533e+01
4.693715594332417851e+01 4.744871005083930982e+01
4.693715594332417851e+01 5.075745262882426800e+01
4.693715594332417851e+01 5.029943759217511001e+01
4.693715594332417851e+01 4.968530838464312893e+01
4.693715594332417851e+01 4.498282825583479649e+01
4.693715594332417851e+01 4.217903188505357548e+01
4.693715594332417851e+01 4.381780783021335424e+01
4.693715594332417851e+01 4.854403151919866843e+01
4.693715594332417851e+01 4.381278758245398564e+01
4.693715594332417851e+01 5.148416002411935466e+01
4.693715594332417851e+01 4.406182059166113874e+01
4.693715594332417851e+01 4.635279444594134191e+01
4.693715594332417851e+01 4.167831284724344698e+01
4.693715594332417851e+01 5.521511287293240855e+01
4.693715594332417851e+01 4.957556824708661480e+01
4.693715594332417851e+01 5.149138632917206593e+01
4.693715594332417851e+01 4.847894910090243314e+01
4.693715594332417851e+01 4.076118062655819330e+01
4.693715594332417851e+01 4.162103663851043933e+01
4.693715594332417851e+01 4.546765908918852972e+01
4.693715594332417851e+01 4.424471694361034935e+01
4.693715594332417851e+01 4.222103773239172142e+01
4.693715594332417851e+01 5.313688126028917225e+01
4.693715594332417851e+01 4.892370310004843503e+01
4.693715594332417851e+01 4.456227493039754251e+01
4.693715594332417851e+01 4.939175756357614233e+01
4.693715594332417851e+01 4.635234257268968605e+01
4.693715594332417851e+01 4.375591176232399704e+01
4.693715594332417851e+01 4.750386199926090569e+01
4.693715594332417851e+01 4.235477232206056186e+01
4.693715594332417851e+01 4.786938411959903306e+01
4.693715594332417851e+01 4.410721976112807852e+01
4.693715594332417851e+01 4.621758267173944290e+01
4.693715594332417851e+01 4.335501897763809609e+01
4.693715594332417851e+01 4.472299781969613974e+01
4.693715594332417851e+01 4.715805208538991167e+01
4.693715594332417851e+01 4.565158057719852280e+01
4.693715594332417851e+01 4.354959803324418743e+01
4.693715594332417851e+01 4.757508806309724037e+01
4.693715594332417851e+01 4.450444186675525771e+01
4.693715594332417851e+01 4.454190965856194850e+01
4.693715594332417851e+01 4.532564185770134912e+01
4.693715594332417851e+01 4.869673876823640768e+01
4.693715594332417851e+01 5.702817406016650637e+01
4.693715594332417851e+01 4.081102097076503554e+01
4.693715594332417851e+01 4.587224277653816529e+01
4.693715594332417851e+01 4.331113668119326121e+01
4.693715594332417851e+01 4.362999544059656643e+01
4.693715594332417851e+01 4.642189490038634858e+01
4.693715594332417851e+01 4.176989742568031971e+01
4.693715594332417851e+01 5.111352425263720534e+01
4.693715594332417851e+01 4.643119656499706593e+01
4.693715594332417851e+01 4.857336902344430740e+01
4.693715594332417851e+01 5.174867412238167930e+01
4.693715594332417851e+01 4.014086434521649949e+01
4.693715594332417851e+01 4.941087826016691054e+01
4.693715594332417851e+01 4.272840820149874475e+01
4.693715594332417851e+01 4.862358671515761444e+01
4.693715594332417851e+01 4.890718570255516084e+01
4.693715594332417851e+01 4.408117492909106261e+01
4.693715594332417851e+01 4.488578250898458322e+01
4.693715594332417851e+01 4.600063450184671154e+01
4.693715594332417851e+01 4.348556872229504222e+01
4.693715594332417851e+01 4.606427381800075693e+01
4.693715594332417851e+01 4.955684806990342395e+01
4.693715594332417851e+01 4.555934865427214930e+01
4.693715594332417851e+01 4.735821348062628999e+01
4.693715594332417851e+01 4.593797683048367020e+01
4.693715594332417851e+01 4.652975409914047589e+01
4.693715594332417851e+01 4.572231665201557149e+01
4.693715594332417851e+01 4.631498799030304525e+01
4.693715594332417851e+01 4.633448746865052215e+01
4.693715594332417851e+01 4.457995278906706460e+01
4.693715594332417851e+01 4.525597209442931046e+01
4.693715594332417851e+01 4.292417691796475765e+01
4.693715594332417851e+01 4.029856973817167187e+01
4.693715594332417851e+01 4.567032451770228363e+01
4.693715594332417851e+01 4.397867941946751813e+01
4.693715594332417851e+01 4.292332079986960025e+01
4.693715594332417851e+01 4.978076055284201828e+01
4.693715594332417851e+01 4.045497228195529971e+01
4.693715594332417851e+01 4.770509447810175629e+01
4.693715594332417851e+01 5.248010165269596428e+01
4.693715594332417851e+01 4.514857192887627235e+01
4.693715594332417851e+01 4.277755808079179900e+01
4.693715594332417851e+01 5.029405644577961709e+01
4.693715594332417851e+01 4.717076621513987078e+01
4.693715594332417851e+01 4.483930331066129327e+01
4.693715594332417851e+01 4.571522379813215764e+01
4.693715594332417851e+01 4.510444089458803774e+01
4.693715594332417851e+01 5.154687898637246235e+01
4.693715594332417851e+01 4.950132975795107626e+01
4.693715594332417851e+01 4.342328866412828603e+01
4.693715594332417851e+01 4.569370869956922832e+01
4.693715594332417851e+01 4.706679122223832223e+01
4.693715594332417851e+01 4.639377170202755707e+01
4.693715594332417851e+01 4.312140946807946307e+01
4.693715594332417851e+01 4.394719128615753334e+01
4.693715594332417851e+01 4.632186273007339139e+01
4.693715594332417851e+01 4.934303945569605787e+01
4.693715594332417851e+01 4.068096523673673914e+01
4.693715594332417851e+01 4.671250882168875762e+01
4.693715594332417851e+01 5.243028457673595000e+01
4.693715594332417851e+01 5.077085041196491488e+01
4.693715594332417851e+01 4.852665619692048438e+01
4.693715594332417851e+01 3.888825042669842702e+01
4.693715594332417851e+01 5.082930065462050351e+01
4.693715594332417851e+01 4.257295417390588455e+01
4.693715594332417851e+01 4.941584594096050154e+01
4.693715594332417851e+01 4.700778677143154027e+01
4.693715594332417851e+01 4.297280994176554714e+01
4.693715594332417851e+01 4.894916474164506326e+01
4.693715594332417851e+01 4.448761092235390180e+01
4.693715594332417851e+01 4.449748618372595388e+01
4.693715594332417851e+01 4.296176723489650584e+01
4.693715594332417851e+01 4.615638456788526156e+01
4.693715594332417851e+01 4.683491899902252698e+01
4.693715594332417851e+01 4.213777634067725586e+01
4.693715594332417851e+01 4.642963177782028339e+01
4.693715594332417851e+01 4.691324815939709225e+01
4.693715594332417851e+01 4.827746893707440989e+01
4.693715594332417851e+01 4.614645724422658191e+01
4.693715594332417851e+01 3.976968476522957019e+01
4.693715594332417851e+01 4.885220421537213298e+01
4.693715594332417851e+01 4.345870790892301017e+01
4.693715594332417851e+01 4.462088509178879292e+01
4.693715594332417851e+01 4.701855545269246051e+01
4.693715594332417851e+01 4.581726825436540196e+01
4.693715594332417851e+01 4.205088696124939673e+01
4.693715594332417851e+01 4.079303763344130829e+01
4.693715594332417851e+01 4.595449439029363958e+01
4.693715594332417851e+01 4.442557638033661505e+01
4.693715594332417851e+01 5.127036579294798457e+01
4.693715594332417851e+01 4.688810515362325049e+01
4.693715594332417851e+01 4.554869764484227801e+01
4.693715594332417851e+01 4.364828008930061998e+01
4.693715594332417851e+01 5.013597448544295077e+01
4.693715594332417851e+01 5.017069360635938580e+01
4.693715594332417851e+01 4.544530912118298005e+01
4.693715594332417851e+01 4.691454942706624109e+01
4.693715594332417851e+01 5.199171999763715490e+01
4.693715594332417851e+01 4.222751085798832804e+01
4.693715594332417851e+01 4.245969608865379286e+01
4.693715594332417851e+01 4.951085840092653712e+01
4.693715594332417851e+01 4.513624893561996743e+01
4.693715594332417851e+01 4.833880987751604152e+01
4.693715594332417851e+01 4.355663071696444177e+01
4.693715594332417851e+01 3.965063947291316993e+01
4.693715594332417851e+01 4.120005699567479240e+01
4.693715594332417851e+01 4.174919071222846156e+01
4.693715594332417851e+01 4.634469986506145034e+01
4.693715594332417851e+01 5.043219180083843867e+01
4.693715594332417851e+01 4.578071042714330474e+01
4.693715594332417851e+01 4.881435901432000435e+01
4.693715594332417851e+01 4.781334877319210364e+01
4.693715594332417851e+01 5.422511096920524665e+01
4.693715594332417851e+01 5.476489047571125468e+01
4.693715594332417851e+01 4.347848476047494160e+01
4.693715594332417851e+01 4.592864168844363348e+01
4.693715594332417851e+01 4.901481006786730887e+01
4.693715594332417851e+01 4.580814743171819003e+01
4.693715594332417851e+01 4.304004617301441016e+01
4.693715594332417851e+01 4.776713957148892575e+01
4.693715594332417851e+01 4.624107024665600818e+01
4.693715594332417851e+01 4.613741640398945520e+01
4.693715594332417851e+01 4.974954845410674409e+01
4.693715594332417851e+01 4.321806804580228345e+01
4.693715594332417851e+01 4.284138605619911999e+01
4.693715594332417851e+01 5.011287799043879687e+01
4.693715594332417851e+01 4.328456755516789656e+01
4.693715594332417851e+01 4.094150611660747074e+01
4.693715594332417851e+01 4.263737216297909072e+01
4.693715594332417851e+01 4.301332513895171417e+01
4.693715594332417851e+01 4.104083451316004272e+01
4.693715594332417851e+01 4.762177708143216393e+01
4.693715594332417851e+01 4.950769119409140018e+01
4.693715594332417851e+01 4.255822757546591362e+01
4.693715594332417851e+01 3.997282086173731841e+01
4.693715594332417851e+01 4.379635148614715945e+01
4.693715594332417851e+01 4.464368112101531239e+01
4.693715594332417851e+01 4.799761670527671953e+01
4.693715594332417851e+01 4.536505952086950799e+01
4.693715594332417851e+01 4.764821449307033419e+01
4.693715594332417851e+01 4.532955135304479199e+01
4.693715594332417851e+01 5.033025576785027511e+01
4.693715594332417851e+01 4.169653721278753977e+01
4.693715594332417851e+01 4.226469747250479259e+01
4.693715594332417851e+01 4.780596127844646759e+01
4.693715594332417851e+01 4.242615181480528008e+01
4.693715594332417851e+01 4.616139838774114423e+01
4.693715594332417851e+01 4.165020818830301153e+01
4.693715594332417851e+01 4.758168729139439534e+01
4.693715594332417851e+01 5.145959832428416547e+01
4.693715594332417851e+01 4.786788038962231440e+01
4.693715594332417851e+01 4.680534329881047739e+01
4.693715594332417851e+01 5.510794821442742375e+01
4.693715594332417851e+01 4.566722342345995145e+01
4.693715594332417851e+01 4.653314777990281215e+01
4.693715594332417851e+01 4.375334773427590562e+01
4.693715594332417851e+01 4.819220125734853610e+01
4.693715594332417851e+01 5.161555036197781732e+01
4.693715594332417851e+01 4.593769169602791180e+01
4.693715594332417851e+01 4.395306451281334859e+01
4.693715594332417851e+01 4.618973885956075520e+01
4.693715594332417851e+01 4.774353788959815859e+01
4.693715594332417851e+01 4.631411959553508240e+01
4.693715594332417851e+01 4.988281536488295131e+01
4.693715594332417851e+01 4.416573673489419605e+01
4.693715594332417851e+01 4.331737516320572468e+01
4.693715594332417851e+01 4.596766441646410328e+01
4.693715594332417851e+01 3.876712688669837803e+01
4.693715594332417851e+01 4.535447548007745411e+01
4.693715594332417851e+01 5.212649283460073946e+01
4.693715594332417851e+01 4.193347466664399548e+01
4.693715594332417851e+01 4.124950832928936961e+01
4.693715594332417851e+01 4.593568229864119701e+01
4.693715594332417851e+01 4.860185556841809529e+01
4.693715594332417851e+01 4.635103266385851839e+01
4.693715594332417851e+01 5.005127843326569348e+01
4.693715594332417851e+01 4.684092913299485872e+01
4.693715594332417851e+01 4.261199884526446624e+01
4.693715594332417851e+01 4.485053035488492412e+01
4.693715594332417851e+01 5.009835399171163317e+01
4.693715594332417851e+01 4.475770367713602127e+01
4.693715594332417851e+01 4.601804220826267056e+01
4.693715594332417851e+01 5.428947502063789443e+01
4.693715594332417851e+01 4.513732074497997360e+01
4.693715594332417851e+01 4.566941392255286303e+01
4.693715594332417851e+01 4.480861206900156901e+01
4.693715594332417851e+01 4.732476954879809483e+01
4.693715594332417851e+01 4.759878451743415440e+01
4.693715594332417851e+01 4.889719248067427060e+01
4.693715594332417851e+01 4.323692292914989110e+01
4.693715594332417851e+01 4.244101906842301730e+01
4.693715594332417851e+01 4.492559293018683775e+01
4.693715594332417851e+01 4.295786810519341259e+01
4.693715594332417851e+01 4.298747703411461885e+01
4.693715594332417851e+01 4.185582334879434541e+01
4.693715594332417851e+01 4.569648849156471471e+01
4.693715594332417851e+01 5.291924180607804828e+01
4.693715594332417851e+01 4.849604531853242406e+01
4.693715594332417851e+01 4.928104001641769116e+01
4.693715594332417851e+01 4.992038615453177641e+01
4.693715594332417851e+01 4.379042925840597889e+01
4.693715594332417851e+01 4.688955924544808340e+01
4.693715594332417851e+01 4.589437977377155420e+01
4.693715594332417851e+01 4.876712419520316644e+01
4.693715594332417851e+01 4.705949877113072688e+01
4.693715594332417851e+01 5.315789285501110584e+01
4.693715594332417851e+01 4.055385199258147111e+01
4.693715594332417851e+01 4.594308608395510873e+01
4.693715594332417851e+01 4.615056273567151379e+01
4.693715594332417851e+01 4.951520820188221705e+01
4.693715594332417851e+01 4.723958197224217059e+01
4.693715594332417851e+01 4.702885526551588669e+01
4.693715594332417851e+01 5.320349603009226058e+01
4.693715594332417851e+01 4.366452350238999713e+01
4.693715594332417851e+01 4.668863178416051340e+01
4.693715594332417851e+01 4.571667462574128393e+01
4.693715594332417851e+01 4.183667388776334661e+01
4.693715594332417851e+01 4.292722284529324384e+01
4.693715594332417851e+01 4.854452659780706369e+01
4.693715594332417851e+01 4.507545177640153611e+01
4.693715594332417851e+01 4.670340238277486122e+01
4.693715594332417851e+01 4.505526970345388804e+01
4.693715594332417851e+01 4.533927194576921238e+01
4.693715594332417851e+01 4.786688366254163185e+01
4.693715594332417851e+01 4.340619247070368658e+01
4.693715594332417851e+01 4.547397281011981107e+01
4.693715594332417851e+01 4.571974205376291422e+01
4.693715594332417851e+01 4.672764275631534758e+01
4.693715594332417851e+01 4.723065056376181303e+01
4.693715594332417851e+01 4.482341622628301536e+01
4.693715594332417851e+01 4.564210763055699260e+01
4.693715594332417851e+01 4.949694796134660635e+01
4.693715594332417851e+01 5.039799606994591130e+01
4.693715594332417851e+01 5.084490157781425523e+01
4.693715594332417851e+01 5.289527665654241417e+01
4.693715594332417851e+01 4.431937639847779309e+01
4.693715594332417851e+01 4.708340586869316979e+01
4.693715594332417851e+01 4.712057993644543075e+01
4.693715594332417851e+01 4.353820010275643426e+01
4.693715594332417851e+01 4.290546904649605153e+01
4.693715594332417851e+01 4.369907611019248606e+01
4.693715594332417851e+01 4.448814537986598339e+01
4.693715594332417851e+01 4.713725250350857010e+01
4.693715594332417851e+01 4.801854148848935466e+01
4.693715594332417851e+01 4.831154290060842982e+01
4.693715594332417851e+01 4.360003081607515441e+01
4.693715594332417851e+01 4.412038444316763020e+01
4.693715594332417851e+01 4.528118083370848979e+01
4.693715594332417851e+01 3.975187087465105407e+01
4.693715594332417851e+01 4.452592249510396272e+01
4.693715594332417851e+01 4.201394717118026989e+01
4.693715594332417851e+01 5.000203576833221319e+01
4.693715594332417851e+01 4.496777568283033588e+01
4.693715594332417851e+01 4.796958695693486163e+01
4.693715594332417851e+01 5.369037470822278380e+01
4.693715594332417851e+01 4.453170220521745648e+01
4.693715594332417851e+01 4.283433953821234041e+01
4.693715594332417851e+01 4.656268259274697385e+01
4.693715594332417851e+01 4.735111851242518100e+01
4.693715594332417851e+01 3.900884493960140986e+01
4.693715594332417851e+01 4.962113036072616268e+01
4.693715594332417851e+01 4.628266099801514599e+01
4.693715594332417851e+01 4.803990083067065342e+01
4.693715594332417851e+01 4.358830867495704098e+01
4.693715594332417851e+01 4.650018448738978094e+01
4.693715594332417851e+01 4.790703268395645154e+01
4.693715594332417851e+01 4.512399147579892400e+01
4.693715594332417851e+01 4.691061969657663155e+01
4.693715594332417851e+01 4.873041368602473256e+01
4.693715594332417851e+01 4.327193456349133527e+01
4.693715594332417851e+01 4.490375337081009377e+01
4.693715594332417851e+01 4.708234971685938319e+01
4.693715594332417851e+01 4.382405823321103355e+01
4.693715594332417851e+01 3.943828070781800221e+01
4.693715594332417851e+01 4.232191203026425086e+01
4.693715594332417851e+01 4.445737284432433967e+01
4.693715594332417851e+01 4.927728486069290881e+01
4.693715594332417851e+01 5.222660322619173456e+01
4.693715594332417851e+01 4.725721274685783868e+01
4.693715594332417851e+01 4.597218589450482540e+01
4.693715594332417851e+01 4.843341581166895082e+01
4.693715594332417851e+01 5.021955846135229962e+01
4.693715594332417851e+01 3.662813617691777779e+01
4.693715594332417851e+01 5.231218649761800776e+01
4.693715594332417851e+01 4.861662913186547286e+01
4.693715594332417851e+01 4.648218160558685241e+01
4.693715594332417851e+01 4.194356859225343470e+01
4.693715594332417851e+01 4.396289886387287993e+01
4.693715594332417851e+01 4.615751985527634815e+01
4.693715594332417851e+01 4.680579850862033453e+01
4.693715594332417851e+01 4.361368881653033469e+01
4.693715594332417851e+01 4.223984434459503490e+01
4.693715594332417851e+01 4.491586195420451588e+01
4.693715594332417851e+01 4.552975249395793611e+01
4.693715594332417851e+01 4.888036168996831066e+01
4.693715594332417851e+01 4.284622715336382726e+01
4.693715594332417851e+01 4.519392265159871158e+01
4.693715594332417851e+01 4.736557867206043682e+01
4.693715594332417851e+01 5.455946475881088276e+01
4.693715594332417851e+01 4.969755378984818606e+01
4.693715594332417851e+01 4.642991026313993075e+01
4.693715594332417851e+01 5.010938132980370341e+01
4.693715594332417851e+01 4.324361995329582697e+01
4.693715594332417851e+01 4.357308084432681028e+01
4.693715594332417851e+01 4.389133302901603173e+01
4.693715594332417851e+01 4.663920324377166793e+01
4.693715594332417851e+01 4.749215010916623214e+01
4.693715594332417851e+01 4.230705163090428300e+01
4.693715594332417851e+01 4.247815032484472653e+01
4.693715594332417851e+01 4.971677096884888414e+01
4.693715594332417851e+01 5.022316893660500625e+01
4.693715594332417851e+01 5.305050709519266405e+01
4.693715594332417851e+01 5.098842859817732176e+01
4.693715594332417851e+01 4.184610519225144998e+01
4.693715594332417851e+01 4.595137584198849368e+01
4.693715594332417851e+01 4.311378107828823403e+01
4.693715594332417851e+01 4.406427920321438307e+01
4.693715594332417851e+01 5.046259341758990757e+01
4.693715594332417851e+01 4.297264070323994645e+01
4.693715594332417851e+01 4.769302791294165189e+01
4.693715594332417851e+01 4.905917482419382480e+01
4.693715594332417851e+01 4.790795014358430137e+01
4.693715594332417851e+01 4.567559536522499997e+01
4.693715594332417851e+01 4.634402684840851094e+01
4.693715594332417851e+01 5.114700307210167551e+01
4.693715594332417851e+01 4.544034891348164251e+01
4.693715594332417851e+01 4.259812526594070903e+01
4.693715594332417851e+01 4.701657818824803314e+01
4.693715594332417851e+01 4.817761693250634636e+01
4.693715594332417851e+01 5.372999376052303688e+01
4.693715594332417851e+01 4.133124597829149138e+01
4.693715594332417851e+01 4.639592345962909548e+01
4.693715594332417851e+01 4.658759933795035124e+01
4.693715594332417851e+01 4.393526488576149802e+01
4.693715594332417851e+01 4.776440305188878455e+01
4.693715594332417851e+01 4.449512503984672662e+01
4.693715594332417851e+01 4.400395663294954574e+01
4.693715594332417851e+01 4.817112700428445038e+01
4.693715594332417851e+01 4.568516320627244909e+01
4.693715594332417851e+01 4.503084079286636410e+01
4.693715594332417851e+01 5.063109706239314534e+01
4.693715594332417851e+01 4.324607582189285182e+01
4.693715594332417851e+01 4.778852207819457476e+01
4.693715594332417851e+01 3.961865720770953203e+01
4.693715594332417851e+01 5.182753327234926388e+01
4.693715594332417851e+01 4.914037409678785195e+01
4.693715594332417851e+01 4.663962744372011571e+01
4.693715594332417851e+01 4.157072771742312511e+01
4.693715594332417851e+01 4.251533423915592635e+01
4.693715594332417851e+01 4.313074567224819589e+01
4.693715594332417851e+01 4.466979952215866234e+01
4.693715594332417851e+01 4.847105098389571509e+01
4.693715594332417851e+01 4.154649222276644593e+01
4.693715594332417851e+01 4.741278862409649975e+01
4.693715594332417851e+01 4.360345174918872857e+01
4.693715594332417851e+01 4.452331601105883863e+01
4.693715594332417851e+01 4.895021099057059644e+01
4.693715594332417851e+01 4.471195910343411128e+01
4.693715594332417851e+01 4.253090241591729637e+01
4.693715594332417851e+01 4.547991368221850195e+01
4.693715594332417851e+01 4.382737798638284232e+01
4.693715594332417851e+01 4.547584357504737085e+01
4.693715594332417851e+01 4.244345226124474380e+01
4.693715594332417851e+01 4.709608616752250043e+01
4.693715594332417851e+01 5.068390779774927069e+01
4.693715594332417851e+01 4.853857133103748822e+01
4.693715594332417851e+01 5.755621536889450596e+01
4.693715594332417851e+01 4.069331135366319074e+01
4.693715594332417851e+01 4.469468875236650263e+01
4.693715594332417851e+01 4.701237943498584571e+01
4.693715594332417851e+01 4.934772077656003830e+01
4.693715594332417851e+01 4.669114979083989425e+01
4.693715594332417851e+01 4.567970663919807350e+01
4.693715594332417851e+01 4.705764248744578282e+01
4.693715594332417851e+01 4.549177953299401622e+01
4.693715594332417851e+01 4.464984137752956173e+01
4.693715594332417851e+01 5.026047161512452988e+01
4.693715594332417851e+01 4.751523578904996725e+01
4.693715594332417851e+01 4.577913203534574649e+01
4.693715594332417851e+01 4.184347040481858926e+01
4.693715594332417851e+01 4.962876132829834575e+01
4.693715594332417851e+01 4.714334573588295285e+01
4.693715594332417851e+01 3.652842518586722065e+01
4.693715594332417851e+01 4.523902816156270035e+01
4.693715594332417851e+01 4.615035991975686613e+01
4.693715594332417851e+01 4.647588259604897587e+01
4.693715594332417851e+01 4.987658514791250752e+01
4.693715594332417851e+01 4.503214840873130242e+01
4.693715594332417851e+01 4.944996254475334752e+01
4.693715594332417851e+01 4.651798613964499651e+01
4.693715594332417851e+01 4.705857232171779003e+01
4.693715594332417851e+01 5.125344693629370596e+01
4.693715594332417851e+01 4.619282034861431185e+01
4.693715594332417851e+01 4.635319610047979211e+01
4.693715594332417851e+01 4.135297025955299688e+01
4.693715594332417851e+01 4.868355868324838553e+01
4.693715594332417851e+01 4.810718320529213088e+01
4.693715594332417851e+01 5.119233105283964846e+01
4.693715594332417851e+01 4.046568119292419397e+01
4.693715594332417851e+01 4.402388031594431084e+01
4.693715594332417851e+01 4.987891740573743249e+01
4.693715594332417851e+01 4.617703990011915494e+01
4.693715594332417851e+01 4.480423773398025844e+01
4.693715594332417851e+01 4.588260159383420245e+01
4.693715594332417851e+01 4.457866770228617526e+01
4.693715594332417851e+01 4.443673695930138479e+01
4.693715594332417851e+01 4.828175315386918243e+01
4.693715594332417851e+01 4.607525152982854877e+01
4.693715594332417851e+01 4.458706464238289158e+01
4.693715594332417851e+01 4.442984771432681868e+01
4.693715594332417851e+01 4.902088399460989621e+01
4.693715594332417851e+01 4.508359270727173396e+01
4.693715594332417851e+01 4.870288576184037765e+01
4.693715594332417851e+01 4.415740117728996239e+01
4.693715594332417851e+01 4.385425383299816815e+01
4.693715594332417851e+01 5.331045831448465577e+01
4.693715594332417851e+01 4.511742722618254220e+01
4.693715594332417851e+01 4.521660549476675328e+01
4.693715594332417851e+01 4.626024654777906875e+01
4.693715594332417851e+01 5.213757648016491686e+01
4.693715594332417851e+01 5.168342851959761219e+01
4.693715594332417851e+01 4.647609241861960072e+01
4.693715594332417851e+01 4.182073983379378745e+01
4.693715594332417851e+01 4.522110016643221542e+01
4.693715594332417851e+01 5.040241459704077442e+01
4.693715594332417851e+01 4.915651536678586808e+01
4.693715594332417851e+01 4.820948880280737114e+01
4.693715594332417851e+01 4.699674947052445617e+01
4.693715594332417851e+01 4.839586808650548733e+01
4.693715594332417851e+01 4.201137619124946099e+01
4.693715594332417851e+01 4.361085214505417440e+01
4.693715594332417851e+01 4.620704530789151931e+01
4.693715594332417851e+01 4.380221259542834389e+01
4.693715594332417851e+01 4.129151855249312320e+01
4.693715594332417851e+01 4.249117646488821265e+01
4.693715594332417851e+01 4.222671789008217047e+01
4.693715594332417851e+01 5.135898558328490537e+01
4.693715594332417851e+01 5.278436685669797157e+01
4.693715594332417851e+01 4.232053550779771456e+01
4.693715594332417851e+01 4.860370680124416509e+01
4.693715594332417851e+01 5.019797559094742212e+01
4.693715594332417851e+01 4.279806418789928557e+01
4.693715594332417851e+01 4.771188518903691289e+01
4.693715594332417851e+01 4.670327495905071657e+01
4.693715594332417851e+01 4.357504819233038518e+01
4.693715594332417851e+01 4.707878181367725290e+01
4.693715594332417851e+01 4.170222972647566451e+01
4.693715594332417851e+01 4.317273611744244022e+01
4.693715594332417851e+01 4.956493916645757736e+01
4.693715594332417851e+01 4.553954077002948253e+01
4.693715594332417851e+01 4.082369682276917899e+01
4.693715594332417851e+01 4.741310376063562160e+01
4.693715594332417851e+01 4.102454997819171467e+01
4.693715594332417851e+01 4.806445854439665055e+01
4.693715594332417851e+01 4.744548772781192980e+01
4.693715594332417851e+01 4.319905564350011673e+01
4.693715594332417851e+01 4.518375573938052270e+01
4.693715594332417851e+01 4.627708580389243309e+01
4.693715594332417851e+01 4.423506473470917655e+01
4.693715594332417851e+01 4.598918293965533621e+01
4.693715594332417851e+01 4.511639322952500208e+01
4.693715594332417851e+01 4.963876908818278366e+01
4.693715594332417851e+01 4.381325220612905724e+01
4.693715594332417851e+01 4.582522436609033889e+01
4.693715594332417851e+01 4.563360718084707202e+01
4.693715594332417851e+01 4.464474714278375700e+01
4.693715594332417851e+01 4.840649350281761087e+01
4.693715594332417851e+01 4.247888309069741553e+01
4.693715594332417851e+01 5.064339975571442665e+01
4.693715594332417851e+01 4.123996294582844513e+01
4.693715594332417851e+01 4.968378312493622673e+01
4.693715594332417851e+01 4.761379354159685562e+01
4.693715594332417851e+01 4.619683448644146750e+01
4.693715594332417851e+01 4.249198090765922586e+01
4.693715594332417851e+01 4.968232060479017065e+01
4.693715594332417851e+01 4.465249328766858383e+01
4.693715594332417851e+01 4.392743704553651440e+01
4.693715594332417851e+01 4.960754773432928744e+01
4.693715594332417851e+01 3.442130210843805571e+01
4.693715594332417851e+01 4.424534121766432548e+01
4.693715594332417851e+01 4.568407971893556407e+01
4.693715594332417851e+01 3.923520284574864547e+01
4.693715594332417851e+01 4.435849094376365542e+01
4.693715594332417851e+01 4.630408314409472581e+01
4.693715594332417851e+01 4.898122517845672519e+01
4.693715594332417851e+01 4.474972206689746201e+01
4.693715594332417851e+01 4.522077050628269745e+01
4.693715594332417851e+01 4.140139574183701399e+01
4.693715594332417851e+01 4.729949788036302039e+01
4.693715594332417851e+01 4.392081950296643811e+01
4.693715594332417851e+01 4.540506513621593143e+01
4.693715594332417851e+01 5.010506491338514223e+01
4.693715594332417851e+01 4.360298121409590522e+01
4.693715594332417851e+01 4.038264329999935143e+01
4.693715594332417851e+01 4.332794009427057347e+01
4.693715594332417851e+01 4.548651070613196623e+01
4.693715594332417851e+01 4.959013318474961807e+01
4.693715594332417851e+01 4.241753918995415518e+01
4.693715594332417851e+01 4.412259719771472533e+01
4.693715594332417851e+01 4.446638664711583999e+01
4.693715594332417851e+01 5.166516099221573910e+01
4.693715594332417851e+01 4.506172920017570505e+01
4.693715594332417851e+01 4.170534094118607982e+01
4.693715594332417851e+01 4.567994123447900989e+01
4.693715594332417851e+01 4.745052489560708153e+01
4.693715594332417851e+01 3.911595630135683166e+01
4.693715594332417851e+01 4.531982001523218173e+01
4.693715594332417851e+01 4.662014538638288741e+01
4.693715594332417851e+01 4.990409637290588307e+01
4.693715594332417851e+01 4.370836246568266148e+01
4.693715594332417851e+01 3.901903764964012566e+01
4.693715594332417851e+01 4.136836158809606445e+01
4.693715594332417851e+01 4.577088559344093710e+01
4.693715594332417851e+01 4.731577260945881136e+01
4.693715594332417851e+01 4.894832947405883061e+01
4.693715594332417851e+01 4.275474517385400475e+01
4.693715594332417851e+01 4.311606623365023694e+01
4.693715594332417851e+01 4.282262916186254387e+01
4.693715594332417851e+01 4.560734287315712265e+01
4.693715594332417851e+01 4.738243635733716985e+01
4.693715594332417851e+01 4.643491570215670805e+01
4.693715594332417851e+01 5.013180588251741199e+01
4.693715594332417851e+01 5.017097106286701802e+01
4.693715594332417851e+01 4.265967378753247630e+01
4.693715594332417851e+01 5.156442704033966606e+01
4.693715594332417851e+01 4.082186839209259688e+01
4.693715594332417851e+01 4.350111959911625092e+01
4.693715594332417851e+01 4.436414527198668623e+01
4.693715594332417851e+01 4.507279294668474989e+01
4.693715594332417851e+01 4.668687583504127758e+01
4.693715594332417851e+01 4.591065841186940588e+01
4.693715594332417851e+01 4.628353284248510846e+01
4.693715594332417851e+01 5.034005696636096161e+01
4.693715594332417851e+01 4.861103260825492356e+01
4.693715594332417851e+01 4.729268440265220619e+01
4.693715594332417851e+01 4.878610737846197765e+01
4.693715594332417851e+01 5.075708987203259426e+01
4.693715594332417851e+01 4.917628274408761513e+01
4.693715594332417851e+01 4.385429852918690585e+01
4.693715594332417851e+01 4.482675829448720606e+01
4.693715594332417851e+01 4.170258152738758639e+01
4.693715594332417851e+01 4.868523505610237834e+01
4.693715594332417851e+01 4.365371803454386423e+01
4.693715594332417851e+01 4.899309144836571051e+01
4.693715594332417851e+01 4.199847570024456900e+01
4.693715594332417851e+01 4.236624024619673889e+01
4.693715594332417851e+01 4.605397434236193988e+01
4.693715594332417851e+01 4.459076736219576276e+01
4.693715594332417851e+01 4.552399555659679464e+01
4.693715594332417851e+01 4.675380716023227023e+01
4.693715594332417851e+01 4.101175275665046627e+01
4.693715594332417851e+01 4.529662497447203151e+01
4.693715594332417851e+01 4.606487343831516057e+01
4.693715594332417851e+01 4.302241071413610030e+01
4.693715594332417851e+01 4.862307721651392711e+01
4.693715594332417851e+01 4.649050215058747426e+01
4.693715594332417851e+01 4.327475941258292380e+01
4.693715594332417851e+01 4.762351963199880345e+01
4.693715594332417851e+01 4.988508945142593376e+01
4.693715594332417851e+01 4.501854334493805254e+01
4.693715594332417851e+01 4.518956574702320950e+01
4.693715594332417851e+01 4.316362460634439913e+01
4.693715594332417851e+01 4.045232370538960964e+01
4.693715594332417851e+01 4.704674360039550152e+01
4.693715594332417851e+01 5.106540791727382356e+01
4.693715594332417851e+01 4.554859339868047385e+01
4.693715594332417851e+01 4.682252106954368287e+01
4.693715594332417851e+01 4.432081431409254435e+01
4.693715594332417851e+01 4.621741119941352594e+01
4.693715594332417851e+01 4.255840885462378509e+01
4.693715594332417851e+01 4.636476540206300712e+01
4.693715594332417851e+01 4.587729969315063272e+01
4.693715594332417851e+01 4.060488367209446636e+01
4.693715594332417851e+01 5.038864012039040574e+01
4.693715594332417851e+01 4.227871053645311861e+01
4.693715594332417851e+01 4.497092748150203789e+01
4.693715594332417851e+01 4.517060853600073500e+01
4.693715594332417851e+01 4.754831168210592551e+01
4.693715594332417851e+01 4.169140166874552733e+01
4.693715594332417851e+01 5.176438362010478755e+01
4.693715594332417851e+01 4.513699470790294299e+01
4.693715594332417851e+01 4.797360320844663306e+01
4.693715594332417851e+01 4.511255414322081947e+01
4.693715594332417851e+01 5.221629402993325186e+01
4.693715594332417851e+01 4.621200918559141968e+01
4.693715594332417851e+01 4.951160893290573739e+01
4.693715594332417851e+01 4.609162178723209990e+01
4.693715594332417851e+01 4.216994620619613698e+01
4.693715594332417851e+01 4.473645682983914895e+01
4.693715594332417851e+01 5.703079290326883921e+01
4.693715594332417851e+01 4.403070010865665296e+01
4.693715594332417851e+01 5.391687014814633727e+01
4.693715594332417851e+01 4.221621707658623279e+01
4.693715594332417851e+01 4.077477038940465803e+01
4.693715594332417851e+01 4.993987052024835549e+01
4.693715594332417851e+01 4.609713914252051836e+01
4.693715594332417851e+01 4.142111063858855147e+01
4.693715594332417851e+01 4.450142298743737257e+01
4.693715594332417851e+01 4.126434534287088240e+01
4.693715594332417851e+01 4.948215601189927071e+01
4.693715594332417851e+01 4.548529014650604552e+01
4.693715594332417851e+01 4.281342332034454756e+01
4.693715594332417851e+01 4.692436626128006338e+01
4.693715594332417851e+01 4.743975961810916431e+01
4.693715594332417851e+01 4.656573534415095850e+01
4.693715594332417851e+01 5.130317169800065358e+01
4.693715594332417851e+01 4.486951265931433142e+01
4.693715594332417851e+01 5.293131229519143943e+01
4.693715594332417851e+01 4.247169542398238917e+01
4.693715594332417851e+01 4.977060961771015712e+01
4.693715594332417851e+01 4.288109688453579338e+01
4.693715594332417851e+01 4.103436428706931594e+01
4.693715594332417851e+01 5.054833859757113146e+01
4.693715594332417851e+01 4.821232438853111546e+01
4.693715594332417851e+01 5.187317936282926212e+01
4.693715594332417851e+01 4.288675794102361039e+01
4.693715594332417851e+01 5.009016801345336489e+01
4.693715594332417851e+01 4.213154039038202825e+01
4.693715594332417851e+01 4.533629092386044590e+01
4.693715594332417851e+01 4.700532195043007988e+01
4.693715594332417851e+01 4.030725112259338516e+01
4.693715594332417851e+01 4.367680527968956028e+01
4.693715594332417851e+01 4.300547162154631309e+01
4.693715594332417851e+01 5.016462194276799380e+01
4.693715594332417851e+01 3.888089192276089534e+01
4.693715594332417851e+01 4.283094636490377383e+01
4.693715594332417851e+01 4.092905557976342834e+01
4.693715594332417851e+01 4.528703773280801670e+01
4.693715594332417851e+01 4.802905120153113216e+01
4.693715594332417851e+01 4.320853790213582357e+01
4.693715594332417851e+01 4.251290065300378984e+01
4.693715594332417851e+01 4.665487134114609091e+01
4.693715594332417851e+01 4.519738652745314766e+01
4.693715594332417851e+01 4.658422658444637676e+01
4.693715594332417851e+01 4.761916793061428876e+01
4.693715594332417851e+01 4.601536916790558962e+01
4.693715594332417851e+01 4.843689314746253416e+01
4.693715594332417851e+01 3.989250454422357706e+01
4.693715594332417851e+01 4.744600835789750448e+01
4.693715594332417851e+01 4.336903186453797332e+01
4.693715594332417851e+01 4.239858463875190608e+01
4.693715594332417851e+01 4.337666976094952531e+01
4.693715594332417851e+01 4.424057681068183712e+01
4.693715594332417851e+01 3.824028573208884296e+01
4.693715594332417851e+01 4.754850103647790149e+01
4.693715594332417851e+01 4.369755643419365754e+01
4.693715594332417851e+01 4.581681920975028532e+01
4.693715594332417851e+01 5.028201876962373973e+01
4.693715594332417851e+01 4.816259854146564834e+01
4.693715594332417851e+01 4.798558655872197676e+01
4.693715594332417851e+01 4.605779400303804039e+01
4.693715594332417851e+01 5.412684466644750358e+01
4.693715594332417851e+01 4.321696519960164551e+01
4.693715594332417851e+01 4.726301698778693350e+01
4.693715594332417851e+01 4.527561572983371718e+01
4.693715594332417851e+01 4.684900076005082781e+01
4.693715594332417851e+01 5.019034815574099895e+01
4.693715594332417851e+01 4.821410940018741087e+01
4.693715594332417851e+01 4.364144362237742314e+01
4.693715594332417851e+01 4.729504875701703526e+01
4.693715594332417851e+01 4.885924081177361700e+01
4.693715594332417851e+01 5.029999283950026978e+01
4.693715594332417851e+01 3.934771255991262251e+01
4.693715594332417851e+01 4.701730143434073028e+01
4.693715594332417851e+01 4.522512209345633494e+01
4.693715594332417851e+01 4.879451200353321383e+01
4.693715594332417851e+01 4.173445892502951438e+01
4.693715594332417851e+01 4.198567065762734529e+01
4.693715594332417851e+01 4.194850670524976977e+01
4.693715594332417851e+01 4.981949508186451681e+01
4.693715594332417851e+01 4.474683078886880594e+01
4.693715594332417851e+01 5.094992566396514633e+01
4.693715594332417851e+01 4.331869811212132504e+01
4.693715594332417851e+01 4.945822066317788313e+01
4.693715594332417851e+01 4.897020277662250010e+01
4.693715594332417851e+01 4.460363565683434928e+01
4.693715594332417851e+01 4.182330276211762055e+01
4.693715594332417851e+01 4.482521239407627434e+01
4.693715594332417851e+01 4.683433094505502226e+01
4.693715594332417851e+01 5.030108193421981611e+01
4.693715594332417851e+01 4.741915590038070860e+01
4.693715594332417851e+01 4.804115448597707427e+01
4.693715594332417851e+01 4.931862010089133719e+01
4.693715594332417851e+01 5.358941051831246938e+01
4.693715594332417851e+01 4.809053304044885380e+01
4.693715594332417851e+01 4.718963887517016076e+01
4.693715594332417851e+01 4.555777029076662643e+01
4.693715594332417851e+01 4.819226317623093792e+01
4.693715594332417851e+01 4.872859663066525115e+01
4.693715594332417851e+01 5.289841110061387752e+01
4.693715594332417851e+01 4.424782166467136335e+01
4.693715594332417851e+01 4.623782344505428910e+01
4.693715594332417851e+01 4.567750958726694677e+01
4.693715594332417851e+01 4.521842400615163626e+01
4.693715594332417851e+01 4.333793770043320848e+01
4.693715594332417851e+01 4.683286076713084611e+01
4.693715594332417851e+01 4.106106540284314121e+01
4.693715594332417851e+01 4.523566014648703515e+01
4.693715594332417851e+01 4.436592176908429508e+01
4.693715594332417851e+01 4.128199471537219978e+01
4.693715594332417851e+01 4.277084396261616206e+01
4.693715594332417851e+01 4.380357773624236728e+01
4.693715594332417851e+01 4.537457538265677925e+01
4.693715594332417851e+01 4.652989157030454948e+01
4.693715594332417851e+01 4.661807857995234627e+01
4.693715594332417851e+01 4.579411870487028580e+01
4.693715594332417851e+01 4.872301069980458976e+01
4.693715594332417851e+01 5.412883048207563519e+01
4.693715594332417851e+01 4.503882879398024386e+01
4.693715594332417851e+01 4.532054810661863797e+01
4.693715594332417851e+01 4.318286311173662995e+01
4.693715594332417851e+01 4.693031539715784817e+01
4.693715594332417851e+01 4.869701626756187807e+01
4.693715594332417851e+01 4.772479643143007166e+01
4.693715594332417851e+01 4.269347774337933998e+01
4.693715594332417851e+01 4.604586497479089502e+01
4.693715594332417851e+01 3.869324766118570835e+01
4.693715594332417851e+01 4.481920661973251896e+01
4.693715594332417851e+01 4.826759434462837106e+01
4.693715594332417851e+01 4.820336719113743129e+01
4.693715594332417851e+01 4.615242696796375554e+01
4.693715594332417851e+01 4.833343600623420855e+01
4.693715594332417851e+01 5.439407038469443734e+01
4.693715594332417851e+01 4.194681529951778742e+01
4.693715594332417851e+01 5.560398222828663251e+01
4.693715594332417851e+01 4.753482260482634558e+01
4.693715594332417851e+01 4.477677211880552477e+01
4.693715594332417851e+01 4.445482779225814340e+01
4.693715594332417851e+01 4.026172494924058753e+01
4.693715594332417851e+01 4.333687382705662827e+01
4.693715594332417851e+01 4.779438508437785060e+01
4.693715594332417851e+01 4.651763177019807216e+01
4.693715594332417851e+01 4.194319892546579354e+01
4.693715594332417851e+01 4.907609625898145111e+01
4.693715594332417851e+01 5.489653868832332506e+01
4.693715594332417851e+01 4.896224840791748534e+01
4.693715594332417851e+01 4.553773303516986459e+01
4.693715594332417851e+01 5.115970546747887227e+01
4.693715594332417851e+01 4.764577448649508540e+01
4.693715594332417851e+01 5.198654955135442179e+01
4.693715594332417851e+01 4.375902342896463892e+01
4.693715594332417851e+01 4.467347289689231360e+01
4.693715594332417851e+01 4.996697586691902160e+01
4.693715594332417851e+01 4.166401038003935042e+01
4.693715594332417851e+01 4.356018585331047888e+01
4.693715594332417851e+01 4.611705207288845543e+01
4.693715594332417851e+01 4.523890066188854320e+01
4.693715594332417851e+01 4.160971466082770576e+01
4.693715594332417851e+01 4.384406530196763896e+01
4.693715594332417851e+01 4.176934182329738832e+01
4.693715594332417851e+01 4.814262413079508462e+01
4.693715594332417851e+01 4.924253151412198548e+01
4.693715594332417851e+01 4.515512068732952145e+01
4.693715594332417851e+01 4.236578018499095322e+01
4.693715594332417851e+01 4.945945194973801762e+01
4.693715594332417851e+01 3.938826540889100869e+01
4.693715594332417851e+01 4.739342673413119655e+01
4.693715594332417851e+01 4.245124571682345049e+01
4.693715594332417851e+01 4.745463599385716691e+01
4.693715594332417851e+01 4.209992551268879879e+01
4.693715594332417851e+01 4.654487915730521053e+01
4.693715594332417851e+01 4.863178959230970833e+01
4.693715594332417851e+01 4.419318981377481492e+01
4.693715594332417851e+01 4.482757266092647797e+01
4.693715594332417851e+01 4.567808946630042044e+01
4.693715594332417851e+01 4.837684354792277475e+01
4.693715594332417851e+01 4.166472540233013433e+01
4.693715594332417851e+01 4.967215485955066612e+01
4.693715594332417851e+01 4.767295728309088787e+01
4.693715594332417851e+01 4.829148019796465974e+01
4.693715594332417851e+01 4.528697796119447361e+01
4.693715594332417851e+01 4.846692136379457594e+01
4.693715594332417851e+01 5.057349058372531658e+01
4.693715594332417851e+01 4.862642260972531716e+01
4.693715594332417851e+01 4.856426797357406144e+01
4.693715594332417851e+01 5.155513851673675418e+01
4.693715594332417851e+01 4.180481096502579419e+01
4.693715594332417851e+01 4.871460854676069374e+01
4.693715594332417851e+01 4.314354449037635675e+01
4.693715594332417851e+01 4.898409143372674635e+01
4.693715594332417851e+01 4.606377588059961425e+01
