4.693715594332417851e+01 4.799932007815290547e+01
4.693715594332417851e+01 4.374153043884647474e+01
4.693715594332417851e+01 4.671666629555654282e+01
4.693715594332417851e+01 3.982010548822827189e+01
4.693715594332417851e+01 4.692087197494039685e+01
4.693715594332417851e+01 4.860392157646454336e+01
4.693715594332417851e+01 4.687406242966802949e+01
4.693715594332417851e+01 4.657140798504835999e+01
4.693715594332417851e+01 5.543821111774720833e+01
4.693715594332417851e+01 4.584094309192144578e+01
4.693715594332417851e+01 4.945446045559691584e+01
4.693715594332417851e+01 5.642421687345070325e+01
4.693715594332417851e+01 4.950220091568581893e+01
4.693715594332417851e+01 4.343385124918490447e+01
4.693715594332417851e+01 4.652095938327165925e+01
4.693715594332417851e+01 4.230702083703040728e+01
4.693715594332417851e+01 4.849585918185672995e+01
4.693715594332417851e+01 5.132485690157314195e+01
4.693715594332417851e+01 4.864121873877130042e+01
4.693715594332417851e+01 4.517502643632241899e+01
4.693715594332417851e+01 4.981186950819837023e+01
4.693715594332417851e+01 4.440085569731321868e+01
4.693715594332417851e+01 4.904054137234604127e+01
4.693715594332417851e+01 4.713516230478283120e+01
4.693715594332417851e+01 4.280367042265162780e+01
4.693715594332417851e+01 4.689593999620658593e+01
4.693715594332417851e+01 4.836152018178280798e+01
4.693715594332417851e+01 4.243283383702754463e+01
4.693715594332417851e+01 4.411114391197190088e+01
4.693715594332417851e+01 4.768203171656193007e+01
4.693715594332417851e+01 4.328100923441498793e+01
4.693715594332417851e+01 4.626563128982021311e+01
4.693715594332417851e+01 4.624335948254432793e+01
4.693715594332417851e+01 4.099471372476924103e+01
4.693715594332417851e+01 5.120895879734163003e+01
4.693715594332417851e+01 4.749720512575328257e+01
4.693715594332417851e+01 4.330464719018461039e+01
4.693715594332417851e+01 4.775726598853312055e+01
4.693715594332417851e+01 4.763580540302302069e+01
4.693715594332417851e+01 4.723962947918099076e+01
4.693715594332417851e+01 4.433012634886782877e+01
4.693715594332417851e+01 4.634575982127096694e+01
4.693715594332417851e+01 4.843471358430023344e+01
4.693715594332417851e+01 4.913273645473609008e+01
4.693715594332417851e+01 4.829763451910694982e+01
4.693715594332417851e+01 4.261443742514804711e+01
4.693715594332417851e+01 4.479030380367070308e+01
4.693715594332417851e+01 4.544103150109587830e+01
4.693715594332417851e+01 5.170630199382748771e+01
4.693715594332417851e+01 5.037822374614150789e+01
4.693715594332417851e+01 4.594152354489658308e+01
4.693715594332417851e+01 5.269294143908098960e+01
4.693715594332417851e+01 4.325948514312584336e+01
4.693715594332417851e+01 4.656439709610008748e+01
4.693715594332417851e+01 4.886107295250036486e+01
4.693715594332417851e+01 4.707411744002257592e+01
4.693715594332417851e+01 4.672137163964082163e+01
4.693715594332417851e+01 4.361681676070964642e+01
4.693715594332417851e+01 3.866856162020216203e+01
4.693715594332417851e+01 4.887511632616129020e+01
4.693715594332417851e+01 4.176667391175556077e+01
4.693715594332417851e+01 4.430620648250422988e+01
4.693715594332417851e+01 3.946211013227883768e+01
4.693715594332417851e+01 4.650085778427667549e+01
4.693715594332417851e+01 4.991559379634658455e+01
4.693715594332417851e+01 4.653123118391505386e+01
4.693715594332417851e+01 4.052908256271020804e+01
4.693715594332417851e+01 4.673828701019765219e+01
4.693715594332417851e+01 4.870168755206338318e+01
4.693715594332417851e+01 4.450147060226903051e+01
4.693715594332417851e+01 5.358389105441594324e+01
4.693715594332417851e+01 5.214558115308830111e+01
4.693715594332417851e+01 4.714331304877283202e+01
4.693715594332417851e+01 4.191276801065491497e+01
4.693715594332417851e+01 5.358330039327410077e+01
4.693715594332417851e+01 4.737005364398329021e+01
4.693715594332417851e+01 4.708098649032168481e+01
4.693715594332417851e+01 4.607325790296032153e+01
4.693715594332417851e+01 4.115422978358196104e+01
4.693715594332417851e+01 4.782302854018155358e+01
4.693715594332417851e+01 4.672678148434722090e+01
4.693715594332417851e+01 5.101725538926737613e+01
4.693715594332417851e+01 5.018565755564824826e+01
4.693715594332417851e+01 4.910215195704147817e+01
4.693715594332417851e+01 4.317669569677089214e+01
4.693715594332417851e+01 4.815931753385959979e+01
4.693715594332417851e+01 4.628291717060609756e+01
4.693715594332417851e+01 4.495137409647661286e+01
4.693715594332417851e+01 4.756771193324940583e+01
4.693715594332417851e+01 4.540939290355329661e+01
4.693715594332417851e+01 4.000127202170408225e+01
4.693715594332417851e+01 5.643202198459816543e+01
4.693715594332417851e+01 4.536849255157825667e+01
4.693715594332417851e+01 4.631386708185288370e+01
4.693715594332417851e+01 4.828750663778756547e+01
4.693715594332417851e+01 4.356495353044142860e+01
4.693715594332417851e+01 4.664845353823454133e+01
4.693715594332417851e+01 4.783818417456590311e+01
4.693715594332417851e+01 4.574338029599524447e+01
4.693715594332417851e+01 4.779239438225411618e+01
4.693715594332417851e+01 4.534976335276069648e+01
4.693715594332417851e+01 4.767043277061002726e+01
4.693715594332417851e+01 4.042002482954131892e+01
4.693715594332417851e+01 4.019879344995218418e+01
4.693715594332417851e+01 4.578839868563427729e+01
4.693715594332417851e+01 4.861892514166228807e+01
4.693715594332417851e+01 5.132345196427361600e+01
4.693715594332417851e+01 4.230251584915082930e+01
4.693715594332417851e+01 4.419956005669637733e+01
4.693715594332417851e+01 4.478727376473475630e+01
4.693715594332417851e+01 4.733109315630156289e+01
4.693715594332417851e+01 5.020776683594536394e+01
4.693715594332417851e+01 4.780415289089486208e+01
4.693715594332417851e+01 5.132813436282739872e+01
4.693715594332417851e+01 4.430005387269000039e+01
4.693715594332417851e+01 4.642844083501821473e+01
4.693715594332417851e+01 4.273279383933295605e+01
4.693715594332417851e+01 4.673541183124992671e+01
4.693715594332417851e+01 4.481698305220228207e+01
4.693715594332417851e+01 4.949502561041372672e+01
4.693715594332417851e+01 4.647287317987150601e+01
4.693715594332417851e+01 4.466075438188561719e+01
4.693715594332417851e+01 4.123061187932034954e+01
4.693715594332417851e+01 4.750070571862264046e+01
4.693715594332417851e+01 4.512657937802967467e+01
4.693715594332417851e+01 4.845767928504129429e+01
4.693715594332417851e+01 3.887175690008986351e+01
4.693715594332417851e+01 4.820997191648979197e+01
4.693715594332417851e+01 4.138284991487658004e+01
4.693715594332417851e+01 4.395168668775278320e+01
4.693715594332417851e+01 4.535453730336187306e+01
4.693715594332417851e+01 4.554386721858446663e+01
4.693715594332417851e+01 4.030003551209693313e+01
4.693715594332417851e+01 5.049801309938640514e+01
4.693715594332417851e+01 5.085343885783530737e+01
4.693715594332417851e+01 4.995713607425569336e+01
4.693715594332417851e+01 4.635546408562137799e+01
4.693715594332417851e+01 4.773387074450567980e+01
4.693715594332417851e+01 4.976931229663063050e+01
4.693715594332417851e+01 4.712110638174258526e+01
4.693715594332417851e+01 4.508228494728600566e+01
4.693715594332417851e+01 4.798116628983500931e+01
4.693715594332417851e+01 4.568985108066870993e+01
4.693715594332417851e+01 4.757984079494406870e+01
4.693715594332417851e+01 4.138484379397328183e+01
4.693715594332417851e+01 4.486565205345510066e+01
4.693715594332417851e+01 4.515136412541612287e+01
4.693715594332417851e+01 4.569843277770612389e+01
4.693715594332417851e+01 4.993539411052859833e+01
4.693715594332417851e+01 4.377000531846388753e+01
4.693715594332417851e+01 5.256107524138352005e+01
4.693715594332417851e+01 4.675896443605628860e+01
4.693715594332417851e+01 4.819751107432191617e+01
4.693715594332417851e+01 4.681975626644133825e+01
4.693715594332417851e+01 4.450141728965976284e+01
4.693715594332417851e+01 4.572938240652882058e+01
4.693715594332417851e+01 4.184619405216376720e+01
4.693715594332417851e+01 4.084068395458329093e+01
4.693715594332417851e+01 4.815250285197256375e+01
4.693715594332417851e+01 4.360686778769379401e+01
4.693715594332417851e+01 4.795774444618891152e+01
4.693715594332417851e+01 4.594396639589426456e+01
4.693715594332417851e+01 5.171320913962563992e+01
4.693715594332417851e+01 4.211806637756341587e+01
4.693715594332417851e+01 4.600135433600893009e+01
4.693715594332417851e+01 4.599798764789738215e+01
4.693715594332417851e+01 4.611646686495156899e+01
4.693715594332417851e+01 4.361621800383937142e+01
4.693715594332417851e+01 4.989583697484037117e+01
4.693715594332417851e+01 4.302633423311402794e+01
4.693715594332417851e+01 4.499998998095708203e+01
4.693715594332417851e+01 5.469310825955583510e+01
4.693715594332417851e+01 4.914922841307047463e+01
4.693715594332417851e+01 4.429431429716088786e+01
4.693715594332417851e+01 4.365445119475370461e+01
4.693715594332417851e+01 3.969318624717863031e+01
4.693715594332417851e+01 4.248252017067999020e+01
4.693715594332417851e+01 5.098518420791344141e+01
4.693715594332417851e+01 4.633542991391669830e+01
4.693715594332417851e+01 4.492753301998556026e+01
4.693715594332417851e+01 4.664810898084024160e+01
4.693715594332417851e+01 4.133189381030372545e+01
4.693715594332417851e+01 4.858424358110738694e+01
4.693715594332417851e+01 4.471974047289597110e+01
4.693715594332417851e+01 4.215766903850193614e+01
4.693715594332417851e+01 4.140972844068205205e+01
4.693715594332417851e+01 4.523778982949421845e+01
4.693715594332417851e+01 4.794774068422550783e+01
4.693715594332417851e+01 4.721874109803020758e+01
4.693715594332417851e+01 4.832696037270874001e+01
4.693715594332417851e+01 4.495458568313651426e+01
4.693715594332417851e+01 4.848332633048136131e+01
4.693715594332417851e+01 4.785740272053363498e+01
4.693715594332417851e+01 4.930166689698134519e+01
4.693715594332417851e+01 4.400960126623728286e+01
4.693715594332417851e+01 4.494583257047614211e+01
4.693715594332417851e+01 5.084636229256570772e+01
4.693715594332417851e+01 4.590561200390020247e+01
4.693715594332417851e+01 5.010549516258821257e+01
4.693715594332417851e+01 5.968731288508123356e+01
4.693715594332417851e+01 5.166751585425551951e+01
4.693715594332417851e+01 4.131405014727666014e+01
4.693715594332417851e+01 4.967998069370624137e+01
4.693715594332417851e+01 4.520300548015375597e+01
4.693715594332417851e+01 4.517760787598786720e+01
4.693715594332417851e+01 4.901596689229751291e+01
4.693715594332417851e+01 5.087822069804195735e+01
4.693715594332417851e+01 4.665783696271687830e+01
4.693715594332417851e+01 4.812650577660194529e+01
4.693715594332417851e+01 4.252209429682047670e+01
4.693715594332417851e+01 4.769446393915353610e+01
4.693715594332417851e+01 4.500371270757198516e+01
4.693715594332417851e+01 4.437287018790749471e+01
4.693715594332417851e+01 4.738751707529860369e+01
4.693715594332417851e+01 4.552333607277375194e+01
4.693715594332417851e+01 4.350344600554922181e+01
4.693715594332417851e+01 4.512804010401929844e+01
4.693715594332417851e+01 4.676136355214696039e+01
4.693715594332417851e+01 4.570860382927723009e+01
4.693715594332417851e+01 4.439297921026950888e+01
4.693715594332417851e+01 4.528493475521274547e+01
4.693715594332417851e+01 4.906135119752404705e+01
4.693715594332417851e+01 4.550741946006498750e+01
4.693715594332417851e+01 4.184423444093118150e+01
4.693715594332417851e+01 4.356162671676992204e+01
4.693715594332417851e+01 4.539389134320540364e+01
4.693715594332417851e+01 4.114757345581159598e+01
4.693715594332417851e+01 4.338935889819044434e+01
4.693715594332417851e+01 4.756392089414083557e+01
4.693715594332417851e+01 4.395652293734102045e+01
4.693715594332417851e+01 4.579313988159320559e+01
4.693715594332417851e+01 4.878017138102782013e+01
4.693715594332417851e+01 4.483510359741116957e+01
4.693715594332417851e+01 5.169285563867777000e+01
4.693715594332417851e+01 4.556876658879056663e+01
4.693715594332417851e+01 4.701175490138053448e+01
4.693715594332417851e+01 4.742498834672365149e+01
4.693715594332417851e+01 4.453844450360462304e+01
4.693715594332417851e+01 4.692946491008000010e+01
4.693715594332417851e+01 4.522904594083444607e+01
4.693715594332417851e+01 4.872362804877538167e+01
4.693715594332417851e+01 4.438259122496243947e+01
4.693715594332417851e+01 4.680907612626634062e+01
4.693715594332417851e+01 4.989166194188201331e+01
4.693715594332417851e+01 4.309119802457384907e+01
4.693715594332417851e+01 4.550337847131146418e+01
4.693715594332417851e+01 4.496437078854812341e+01
4.693715594332417851e+01 4.355125068949826073e+01
4.693715594332417851e+01 4.758718432120894448e+01
4.693715594332417851e+01 4.364457230169242052e+01
4.693715594332417851e+01 4.426366410946393160e+01
4.693715594332417851e+01 4.846561133884137007e+01
4.693715594332417851e+01 5.150469204996625905e+01
4.693715594332417851e+01 4.578327955180110109e+01
4.693715594332417851e+01 4.524274628611638605e+01
4.693715594332417851e+01 4.498786069163799084e+01
4.693715594332417851e+01 4.687305554024411691e+01
4.693715594332417851e+01 5.077757830459285060e+01
4.693715594332417851e+01 4.429759573412294316e+01
4.693715594332417851e+01 4.559454899173639575e+01
4.693715594332417851e+01 4.875436775745054518e+01
4.693715594332417851e+01 4.911928413596322684e+01
4.693715594332417851e+01 5.002759788136136621e+01
4.693715594332417851e+01 4.633024824463281277e+01
4.693715594332417851e+01 4.644634661703063472e+01
4.693715594332417851e+01 4.683018748976971324e+01
4.693715594332417851e+01 4.265386780220470797e+01
4.693715594332417851e+01 4.577660047714143587e+01
4.693715594332417851e+01 4.561695553903852129e+01
4.693715594332417851e+01 4.216662024372832462e+01
4.693715594332417851e+01 4.474362124677465857e+01
4.693715594332417851e+01 4.468495312734080471e+01
4.693715594332417851e+01 4.736779142762684103e+01
4.693715594332417851e+01 4.987489310360518147e+01
4.693715594332417851e+01 4.352115500156425298e+01
4.693715594332417851e+01 4.891864169120956518e+01
4.693715594332417851e+01 4.372626182079300605e+01
4.693715594332417851e+01 5.108655946260665814e+01
4.693715594332417851e+01 4.632543854723656551e+01
4.693715594332417851e+01 5.095473794652475164e+01
4.693715594332417851e+01 4.749306767380329575e+01
4.693715594332417851e+01 5.205723516298486686e+01
4.693715594332417851e+01 4.666669201664417699e+01
4.693715594332417851e+01 4.533531332561239680e+01
4.693715594332417851e+01 4.947350342731102302e+01
4.693715594332417851e+01 4.358886711090616473e+01
4.693715594332417851e+01 4.689418249398807603e+01
4.693715594332417851e+01 4.614635352879189156e+01
4.693715594332417851e+01 4.729411098890349763e+01
4.693715594332417851e+01 4.260514830317021051e+01
4.693715594332417851e+01 4.698298227419475381e+01
4.693715594332417851e+01 4.773494029217059165e+01
4.693715594332417851e+01 4.257370979886260898e+01
4.693715594332417851e+01 5.221056734131526866e+01
4.693715594332417851e+01 4.392463164734561332e+01
4.693715594332417851e+01 4.768521271326168431e+01
4.693715594332417851e+01 4.884979190768068946e+01
4.693715594332417851e+01 4.783024631284654049e+01
4.693715594332417851e+01 4.880581603061528995e+01
4.693715594332417851e+01 4.519247488520971245e+01
4.693715594332417851e+01 4.508240802247081547e+01
4.693715594332417851e+01 4.494696155245165414e+01
4.693715594332417851e+01 4.358581548107607517e+01
4.693715594332417851e+01 4.937305238950821007e+01
4.693715594332417851e+01 4.228843016239768104e+01
4.693715594332417851e+01 4.539591874357380874e+01
4.693715594332417851e+01 5.020074447061195144e+01
4.693715594332417851e+01 4.677194119548909157e+01
4.693715594332417851e+01 5.255433771732931092e+01
4.693715594332417851e+01 4.981149055398855552e+01
4.693715594332417851e+01 4.983488445907113373e+01
4.693715594332417851e+01 4.489944531060422150e+01
4.693715594332417851e+01 4.690239584169945886e+01
4.693715594332417851e+01 4.420942534392488454e+01
4.693715594332417851e+01 4.280724463314776074e+01
4.693715594332417851e+01 4.551737070313566846e+01
4.693715594332417851e+01 4.887007180505934656e+01
4.693715594332417851e+01 4.826673190075773334e+01
4.693715594332417851e+01 5.098811111029992560e+01
4.693715594332417851e+01 4.440297754027967869e+01
4.693715594332417851e+01 4.887289175873462455e+01
4.693715594332417851e+01 4.397460984598484401e+01
4.693715594332417851e+01 4.758438123191192659e+01
4.693715594332417851e+01 5.334250832566169720e+01
4.693715594332417851e+01 4.550288824559988399e+01
4.693715594332417851e+01 4.545348440027454728e+01
4.693715594332417851e+01 4.434187602699856257e+01
4.693715594332417851e+01 4.502264829983714378e+01
4.693715594332417851e+01 5.106549739688048817e+01
4.693715594332417851e+01 4.349080008602891922e+01
4.693715594332417851e+01 4.728754783188686162e+01
4.693715594332417851e+01 4.517437966319037912e+01
4.693715594332417851e+01 5.168245877819320100e+01
4.693715594332417851e+01 4.997937767858191194e+01
4.693715594332417851e+01 4.433152225167882676e+01
4.693715594332417851e+01 4.557038712673031711e+01
4.693715594332417851e+01 5.029596009523945810e+01
4.693715594332417851e+01 4.348886057393855253e+01
4.693715594332417851e+01 4.265692562985523750e+01
4.693715594332417851e+01 4.545218154603597327e+01
4.693715594332417851e+01 4.716445400136666422e+01
4.693715594332417851e+01 4.794876284185005488e+01
4.693715594332417851e+01 4.391671635218426673e+01
4.693715594332417851e+01 4.108986988350791592e+01
4.693715594332417851e+01 4.413652998875789280e+01
4.693715594332417851e+01 4.660085407096824639e+01
4.693715594332417851e+01 4.472657081095307774e+01
4.693715594332417851e+01 4.437674926672653442e+01
4.693715594332417851e+01 4.762032428546447704e+01
4.693715594332417851e+01 4.879285879060492448e+01
4.693715594332417851e+01 4.427792510221751598e+01
4.693715594332417851e+01 4.309160103635066719e+01
4.693715594332417851e+01 4.706993448940909275e+01
4.693715594332417851e+01 4.709334115001771437e+01
4.693715594332417851e+01 4.982153743418918879e+01
4.693715594332417851e+01 4.825058729112294031e+01
4.693715594332417851e+01 5.192064367790727886e+01
4.693715594332417851e+01 4.497294376503419500e+01
4.693715594332417851e+01 4.185819414002043715e+01
4.693715594332417851e+01 5.164437474106529891e+01
4.693715594332417851e+01 4.337698020432991086e+01
4.693715594332417851e+01 4.571335087780853712e+01
4.693715594332417851e+01 4.062669545856938669e+01
4.693715594332417851e+01 4.332464043467236792e+01
4.693715594332417851e+01 4.635180906877322116e+01
4.693715594332417851e+01 4.404482182845391947e+01
4.693715594332417851e+01 4.403023175807194889e+01
4.693715594332417851e+01 4.367152517387035715e+01
4.693715594332417851e+01 4.441490689751163501e+01
4.693715594332417851e+01 4.582151056641703946e+01
4.693715594332417851e+01 4.199322105691990004e+01
4.693715594332417851e+01 4.139720761670174198e+01
4.693715594332417851e+01 4.424515614124201335e+01
4.693715594332417851e+01 4.574923868233401691e+01
4.693715594332417851e+01 4.333264375590052708e+01
4.693715594332417851e+01 5.173079208769194537e+01
4.693715594332417851e+01 4.349493413387754259e+01
4.693715594332417851e+01 4.139925348969180874e+01
4.693715594332417851e+01 4.600167126107781712e+01
4.693715594332417851e+01 4.824527338302631563e+01
4.693715594332417851e+01 4.267729287294232421e+01
4.693715594332417851e+01 4.539580335228436070e+01
4.693715594332417851e+01 4.886224529337504663e+01
4.693715594332417851e+01 4.126793180013766005e+01
4.693715594332417851e+01 4.750173739491296487e+01
4.693715594332417851e+01 5.074924239612713706e+01
4.693715594332417851e+01 4.150736068751470498e+01
4.693715594332417851e+01 4.801773284075574111e+01
4.693715594332417851e+01 4.513258939498204114e+01
4.693715594332417851e+01 5.613194728864029059e+01
4.693715594332417851e+01 4.402234178468573589e+01
4.693715594332417851e+01 4.503129744339014451e+01
4.693715594332417851e+01 5.016933825882573927e+01
4.693715594332417851e+01 4.288673048752585260e+01
4.693715594332417851e+01 4.915969109702243856e+01
4.693715594332417851e+01 4.016632858844270260e+01
4.693715594332417851e+01 4.201156390421808595e+01
4.693715594332417851e+01 4.401879887894759946e+01
4.693715594332417851e+01 4.688916498037976055e+01
4.693715594332417851e+01 4.854274376568776717e+01
4.693715594332417851e+01 4.286500544311439143e+01
4.693715594332417851e+01 4.495676637905696538e+01
4.693715594332417851e+01 4.877850342957346186e+01
4.693715594332417851e+01 4.243163901133438287e+01
4.693715594332417851e+01 4.420672664743307223e+01
4.693715594332417851e+01 4.574832291841045162e+01
4.693715594332417851e+01 4.565126998276691950e+01
4.693715594332417851e+01 4.627138952599923272e+01
4.693715594332417851e+01 5.623413090374445034e+01
4.693715594332417851e+01 4.754733971524365188e+01
4.693715594332417851e+01 4.289020607043650557e+01
4.693715594332417851e+01 5.052334560866069069e+01
4.693715594332417851e+01 4.724412611454812350e+01
4.693715594332417851e+01 5.025838703988924294e+01
4.693715594332417851e+01 4.714542540565076933e+01
4.693715594332417851e+01 4.477804575213561833e+01
4.693715594332417851e+01 4.643632971064212001e+01
4.693715594332417851e+01 4.745506991474790226e+01
4.693715594332417851e+01 4.666503245343433548e+01
4.693715594332417851e+01 4.783662214156157688e+01
4.693715594332417851e+01 4.332102157820435195e+01
4.693715594332417851e+01 4.523908556341825005e+01
4.693715594332417851e+01 4.133433967216538463e+01
4.693715594332417851e+01 4.498994389003779304e+01
4.693715594332417851e+01 4.629120703817385163e+01
4.693715594332417851e+01 5.215562825295594251e+01
4.693715594332417851e+01 4.757174046653706512e+01
4.693715594332417851e+01 4.653671173670720407e+01
4.693715594332417851e+01 4.196691890316004958e+01
4.693715594332417851e+01 4.162136156760232097e+01
4.693715594332417851e+01 4.259043559088431152e+01
4.693715594332417851e+01 3.919406842803777380e+01
4.693715594332417851e+01 5.107358541701154309e+01
4.693715594332417851e+01 4.724068838330161668e+01
4.693715594332417851e+01 4.700436379425644873e+01
4.693715594332417851e+01 4.463041106779590450e+01
4.693715594332417851e+01 4.666139647433544013e+01
4.693715594332417851e+01 4.874773697704109310e+01
4.693715594332417851e+01 4.565431607214852505e+01
4.693715594332417851e+01 5.113931803302667589e+01
4.693715594332417851e+01 4.209661784280689290e+01
4.693715594332417851e+01 4.602987798200512515e+01
4.693715594332417851e+01 4.447774307683598494e+01
4.693715594332417851e+01 4.367461638417820780e+01
4.693715594332417851e+01 4.009072503253614883e+01
4.693715594332417851e+01 4.518893677582251911e+01
4.693715594332417851e+01 5.087059751728264700e+01
4.693715594332417851e+01 4.703390886708710639e+01
4.693715594332417851e+01 4.797097731825935796e+01
4.693715594332417851e+01 4.637728269434577300e+01
4.693715594332417851e+01 4.700157715644734679e+01
4.693715594332417851e+01 4.744365410499786861e+01
4.693715594332417851e+01 5.270964294914625725e+01
4.693715594332417851e+01 4.313789411939739438e+01
4.693715594332417851e+01 4.314890145474282690e+01
4.693715594332417851e+01 5.175046186888707211e+01
4.693715594332417851e+01 4.397304705078827425e+01
4.693715594332417851e+01 5.143660428687213937e+01
4.693715594332417851e+01 4.146745159623969101e+01
4.693715594332417851e+01 4.644068035294392871e+01
4.693715594332417851e+01 4.946159527369462694e+01
4.693715594332417851e+01 4.471758002896859097e+01
4.693715594332417851e+01 4.447683537204405724e+01
4.693715594332417851e+01 4.676073311422425149e+01
4.693715594332417851e+01 4.810522486118505725e+01
4.693715594332417851e+01 4.359853901345462646e+01
4.693715594332417851e+01 4.455225784096288777e+01
4.693715594332417851e+01 4.778679872562609887e+01
4.693715594332417851e+01 5.397319199300054748e+01
4.693715594332417851e+01 4.548439408454754584e+01
4.693715594332417851e+01 4.756972592997978921e+01
4.693715594332417851e+01 5.249443612219420885e+01
4.693715594332417851e+01 4.849889902983171197e+01
4.693715594332417851e+01 4.909400119083259995e+01
4.693715594332417851e+01 5.025414244703153344e+01
4.693715594332417851e+01 4.763668122295062091e+01
4.693715594332417851e+01 4.715318000653549291e+01
4.693715594332417851e+01 4.390343555438786183e+01
4.693715594332417851e+01 4.466218813733453885e+01
4.693715594332417851e+01 4.293132215502546956e+01
4.693715594332417851e+01 4.564439764555118018e+01
4.693715594332417851e+01 4.591066929161644339e+01
4.693715594332417851e+01 4.818045024826972167e+01
4.693715594332417851e+01 4.944622101412138448e+01
4.693715594332417851e+01 4.801728042444701572e+01
4.693715594332417851e+01 4.419134800505460703e+01
4.693715594332417851e+01 5.176967235220744357e+01
4.693715594332417851e+01 4.290734070127599153e+01
4.693715594332417851e+01 4.392298166821399974e+01
4.693715594332417851e+01 5.090106212675206621e+01
4.693715594332417851e+01 4.516281254286798941e+01
4.693715594332417851e+01 4.533629763024297432e+01
4.693715594332417851e+01 4.929458885877887298e+01
4.693715594332417851e+01 4.687774339262335133e+01
4.693715594332417851e+01 4.173760876932107067e+01
4.693715594332417851e+01 4.545639845111508492e+01
4.693715594332417851e+01 4.999855298320851205e+01
4.693715594332417851e+01 4.038849588617932795e+01
4.693715594332417851e+01 4.516410622737362246e+01
4.693715594332417851e+01 4.612205172122362740e+01
4.693715594332417851e+01 4.485878419137602435e+01
4.693715594332417851e+01 5.148653646529172079e+01
4.693715594332417851e+01 4.379515548099216460e+01
4.693715594332417851e+01 4.674310543277583463e+01
4.693715594332417851e+01 4.776169933401622103e+01
4.693715594332417851e+01 4.024147584547265666e+01
4.693715594332417851e+01 4.294372730574906427e+01
4.693715594332417851e+01 4.781690805199441741e+01
4.693715594332417851e+01 5.207465257690916616e+01
4.693715594332417851e+01 4.274372865489582551e+01
4.693715594332417851e+01 4.928733060829647883e+01
4.693715594332417851e+01 4.539455538899141374e+01
4.693715594332417851e+01 4.766044003515019511e+01
4.693715594332417851e+01 4.698328461546496015e+01
4.693715594332417851e+01 4.546706988598450039e+01
4.693715594332417851e+01 4.993460815631959804e+01
4.693715594332417851e+01 4.590704137083785952e+01
4.693715594332417851e+01 4.535637941987241817e+01
4.693715594332417851e+01 4.558380734972136850e+01
4.693715594332417851e+01 4.310901054750355144e+01
4.693715594332417851e+01 4.863416789338847934e+01
4.693715594332417851e+01 4.410366782410586950e+01
4.693715594332417851e+01 4.492733966402592216e+01
4.693715594332417851e+01 5.018606457791459263e+01
4.693715594332417851e+01 4.347509587530863939e+01
4.693715594332417851e+01 4.706936055352673520e+01
4.693715594332417851e+01 4.643552558159598931e+01
4.693715594332417851e+01 4.377917960407404507e+01
4.693715594332417851e+01 4.575621257750176341e+01
4.693715594332417851e+01 4.819717660203701115e+01
4.693715594332417851e+01 4.671499748265767238e+01
4.693715594332417851e+01 4.777712351665438462e+01
4.693715594332417851e+01 4.051139614581251180e+01
4.693715594332417851e+01 4.357566339758250251e+01
4.693715594332417851e+01 3.982201939408372482e+01
4.693715594332417851e+01 4.461113579953993735e+01
4.693715594332417851e+01 4.345744415601541988e+01
4.693715594332417851e+01 5.518196515775981936e+01
4.693715594332417851e+01 4.852679673416480455e+01
4.693715594332417851e+01 4.332978941191016986e+01
4.693715594332417851e+01 4.803229590697547025e+01
4.693715594332417851e+01 4.460427953758465947e+01
4.693715594332417851e+01 4.537019541225443930e+01
4.693715594332417851e+01 4.412775478020244435e+01
4.693715594332417851e+01 4.242276398075525634e+01
4.693715594332417851e+01 5.119813034963365084e+01
4.693715594332417851e+01 4.806685752191564376e+01
4.693715594332417851e+01 4.845621236612257832e+01
4.693715594332417851e+01 4.535272686920230001e+01
4.693715594332417851e+01 4.903800804910741817e+01
4.693715594332417851e+01 4.724897214937957557e+01
4.693715594332417851e+01 3.845152899508946831e+01
4.693715594332417851e+01 4.829429385450330869e+01
4.693715594332417851e+01 4.732931552991627910e+01
4.693715594332417851e+01 4.127591883381642646e+01
4.693715594332417851e+01 5.354847973960416141e+01
4.693715594332417851e+01 4.934387708339612288e+01
4.693715594332417851e+01 4.317041675373144471e+01
4.693715594332417851e+01 4.860427926746415750e+01
4.693715594332417851e+01 4.908775721896994781e+01
4.693715594332417851e+01 4.827734132415448443e+01
4.693715594332417851e+01 5.150446575753312572e+01
4.693715594332417851e+01 4.803451299620741821e+01
4.693715594332417851e+01 4.424110426072440561e+01
4.693715594332417851e+01 4.876014083415770983e+01
4.693715594332417851e+01 4.553256891562083553e+01
4.693715594332417851e+01 4.782365756667172008e+01
4.693715594332417851e+01 4.693624234108154525e+01
4.693715594332417851e+01 4.499778394635536216e+01
4.693715594332417851e+01 4.302591030688252260e+01
4.693715594332417851e+01 4.151051494052820345e+01
4.693715594332417851e+01 4.501955171786170240e+01
4.693715594332417851e+01 4.397054737776903011e+01
4.693715594332417851e+01 5.152282654281344776e+01
4.693715594332417851e+01 4.732238343327983188e+01
4.693715594332417851e+01 4.543705230401459261e+01
4.693715594332417851e+01 4.891353860447573965e+01
4.693715594332417851e+01 4.633581677463011061e+01
4.693715594332417851e+01 5.158060260614644932e+01
4.693715594332417851e+01 4.459243918331139156e+01
4.693715594332417851e+01 4.426203612047123670e+01
4.693715594332417851e+01 4.923605960094782574e+01
4.693715594332417851e+01 4.388799917493037128e+01
4.693715594332417851e+01 4.338650402423845520e+01
4.693715594332417851e+01 4.940734347181813746e+01
4.693715594332417851e+01 4.861669278490695945e+01
4.693715594332417851e+01 4.504556729505947033e+01
4.693715594332417851e+01 4.544248014847180173e+01
4.693715594332417851e+01 3.795462523597294791e+01
4.693715594332417851e+01 4.273489376222669023e+01
4.693715594332417851e+01 4.155534368646897292e+01
4.693715594332417851e+01 5.540805876426716026e+01
4.693715594332417851e+01 5.192883618754905228e+01
4.693715594332417851e+01 4.515213404303042211e+01
4.693715594332417851e+01 4.356659726849473913e+01
4.693715594332417851e+01 5.046364671577926941e+01
4.693715594332417851e+01 4.323636863275933706e+01
4.693715594332417851e+01 4.256347997395415206e+01
4.693715594332417851e+01 4.350985040964830830e+01
4.693715594332417851e+01 4.551391443858568664e+01
4.693715594332417851e+01 5.076121395379485790e+01
4.693715594332417851e+01 4.526522906992389039e+01
4.693715594332417851e+01 5.045222671574060058e+01
4.693715594332417851e+01 4.148199966945112038e+01
4.693715594332417851e+01 4.483573590210396276e+01
4.693715594332417851e+01 4.268618844391579614e+01
4.693715594332417851e+01 4.534939292716158121e+01
4.693715594332417851e+01 5.326755427120697561e+01
4.693715594332417851e+01 4.788865127866365867e+01
4.693715594332417851e+01 4.274716195636467830e+01
4.693715594332417851e+01 4.182265805771593392e+01
4.693715594332417851e+01 5.575272355839419447e+01
4.693715594332417851e+01 4.333216127425075825e+01
4.693715594332417851e+01 4.504565304350509081e+01
4.693715594332417851e+01 4.829246432618141682e+01
4.693715594332417851e+01 4.619106394765109513e+01
4.693715594332417851e+01 4.497759019518208845e+01
4.693715594332417851e+01 4.405795738561094055e+01
4.693715594332417851e+01 4.601875383518776630e+01
4.693715594332417851e+01 4.690725889499835688e+01
4.693715594332417851e+01 4.944210991473933348e+01
4.693715594332417851e+01 4.093358033927137996e+01
4.693715594332417851e+01 4.765461692170985231e+01
4.693715594332417851e+01 5.468734071778791872e+01
4.693715594332417851e+01 4.563529894086980221e+01
4.693715594332417851e+01 4.374199710377794759e+01
4.693715594332417851e+01 3.852905665302088067e+01
4.693715594332417851e+01 4.669651210328041202e+01
4.693715594332417851e+01 4.941018141479752046e+01
4.693715594332417851e+01 4.112970579155641815e+01
4.693715594332417851e+01 4.755606625695945411e+01
4.693715594332417851e+01 4.122914600274341979e+01
4.693715594332417851e+01 4.679433955369432852e+01
4.693715594332417851e+01 4.232584135986332541e+01
4.693715594332417851e+01 4.820191080005932349e+01
4.693715594332417851e+01 4.482633281567382966e+01
4.693715594332417851e+01 4.761212616628839811e+01
4.693715594332417851e+01 4.667766480058568135e+01
4.693715594332417851e+01 4.105208538872238933e+01
4.693715594332417851e+01 5.188402533508008929e+01
4.693715594332417851e+01 4.638758329818085713e+01
4.693715594332417851e+01 4.758823650489692625e+01
4.693715594332417851e+01 4.282308823845907142e+01
4.693715594332417851e+01 4.813941494074343552e+01
4.693715594332417851e+01 4.754740774418347371e+01
4.693715594332417851e+01 5.220714227412389619e+01
4.693715594332417851e+01 4.855553761932733892e+01
4.693715594332417851e+01 4.166076621495253818e+01
4.693715594332417851e+01 5.112052004640995762e+01
4.693715594332417851e+01 4.986162183039822082e+01
4.693715594332417851e+01 4.603706350381678192e+01
4.693715594332417851e+01 4.162736839284575296e+01
4.693715594332417851e+01 4.137364332861201888e+01
4.693715594332417851e+01 4.989374005563466596e+01
4.693715594332417851e+01 4.196561922274505463e+01
4.693715594332417851e+01 5.092967708519228864e+01
4.693715594332417851e+01 4.618953416373937415e+01
4.693715594332417851e+01 4.597267416227282411e+01
4.693715594332417851e+01 5.337817260562209754e+01
4.693715594332417851e+01 4.522278644270085834e+01
4.693715594332417851e+01 4.775233280437986849e+01
4.693715594332417851e+01 4.587335986730753490e+01
4.693715594332417851e+01 4.652319190837737750e+01
4.693715594332417851e+01 4.163041513830134477e+01
4.693715594332417851e+01 4.555283807701678001e+01
4.693715594332417851e+01 4.798055828398441491e+01
4.693715594332417851e+01 4.292730617359691792e+01
4.693715594332417851e+01 3.913551135316066620e+01
4.693715594332417851e+01 4.688241408936413279e+01
4.693715594332417851e+01 5.083881532474593712e+01
4.693715594332417851e+01 4.603682814355835973e+01
4.693715594332417851e+01 4.579376534179749569e+01
4.693715594332417851e+01 4.806905131141579801e+01
4.693715594332417851e+01 4.471444914612982302e+01
4.693715594332417851e+01 4.366542469462643083e+01
4.693715594332417851e+01 4.042382640509153902e+01
4.693715594332417851e+01 4.518622822536479333e+01
4.693715594332417851e+01 4.888222817781754514e+01
4.693715594332417851e+01 4.579988657338417823e+01
4.693715594332417851e+01 4.757431196347604185e+01
4.693715594332417851e+01 4.478506574837830101e+01
4.693715594332417851e+01 4.275128703995807200e+01
4.693715594332417851e+01 4.089156734645679592e+01
4.693715594332417851e+01 4.945216861468865943e+01
4.693715594332417851e+01 4.624329341584276420e+01
4.693715594332417851e+01 4.637421876787121988e+01
4.693715594332417851e+01 4.926084944119310194e+01
4.693715594332417851e+01 4.550407541050589089e+01
4.693715594332417851e+01 4.341028950274031928e+01
4.693715594332417851e+01 4.749710876484201805e+01
4.693715594332417851e+01 4.706218677098519265e+01
4.693715594332417851e+01 4.610794400801978554e+01
4.693715594332417851e+01 4.259321015644184882e+01
4.693715594332417851e+01 4.388937655548164685e+01
4.693715594332417851e+01 4.741504140305615778e+01
4.693715594332417851e+01 4.329729223886783274e+01
4.693715594332417851e+01 4.940994849727712079e+01
4.693715594332417851e+01 4.264011221484594216e+01
4.693715594332417851e+01 5.278590946493434899e+01
4.693715594332417851e+01 4.696235838614092728e+01
4.693715594332417851e+01 4.433126333880168346e+01
4.693715594332417851e+01 4.543663756310485979e+01
4.693715594332417851e+01 4.941659901787513576e+01
4.693715594332417851e+01 4.053956487332364844e+01
4.693715594332417851e+01 4.913866789593898687e+01
4.693715594332417851e+01 4.652004661257009133e+01
4.693715594332417851e+01 5.821588167351896459e+01
4.693715594332417851e+01 5.501810805644664981e+01
4.693715594332417851e+01 4.904064301432794082e+01
4.693715594332417851e+01 4.288421516806906197e+01
4.693715594332417851e+01 4.508234864003702569e+01
4.693715594332417851e+01 4.836043327748631526e+01
4.693715594332417851e+01 4.840873902425149566e+01
4.693715594332417851e+01 4.938036310248077854e+01
4.693715594332417851e+01 5.003413696007297062e+01
4.693715594332417851e+01 4.106093129297806854e+01
4.693715594332417851e+01 4.861677760044234731e+01
4.693715594332417851e+01 4.062326339743329129e+01
4.693715594332417851e+01 4.644460466513127272e+01
4.693715594332417851e+01 4.405430183236394726e+01
4.693715594332417851e+01 4.382135353396382271e+01
4.693715594332417851e+01 4.957735335800119003e+01
4.693715594332417851e+01 4.119152760431373395e+01
4.693715594332417851e+01 4.850987482486377189e+01
4.693715594332417851e+01 4.612380057491334640e+01
4.693715594332417851e+01 4.736099852520745657e+01
4.693715594332417851e+01 4.288883630643536549e+01
4.693715594332417851e+01 5.048209810341403170e+01
4.693715594332417851e+01 4.679369150348755113e+01
4.693715594332417851e+01 4.544256073592298861e+01
4.693715594332417851e+01 4.744600292238975214e+01
4.693715594332417851e+01 4.871357850995936900e+01
4.693715594332417851e+01 4.825241029165211160e+01
4.693715594332417851e+01 4.891652491467587538e+01
4.693715594332417851e+01 4.638371507633886637e+01
4.693715594332417851e+01 4.760324883928722528e+01
4.693715594332417851e+01 4.892257395326999614e+01
4.693715594332417851e+01 4.957719074079574284e+01
4.693715594332417851e+01 4.643062645241442965e+01
4.693715594332417851e+01 4.871199895257593226e+01
4.693715594332417851e+01 5.049587066845981553e+01
4.693715594332417851e+01 4.436349632242075103e+01
4.693715594332417851e+01 4.636975736237254608e+01
4.693715594332417851e+01 4.155535046187690540e+01
4.693715594332417851e+01 4.985884190256148685e+01
4.693715594332417851e+01 4.731295394121487163e+01
4.693715594332417851e+01 4.949454381438751938e+01
4.693715594332417851e+01 4.266781975475866062e+01
4.693715594332417851e+01 4.399706154142651826e+01
4.693715594332417851e+01 4.819329074954905678e+01
4.693715594332417851e+01 5.123980794932407434e+01
4.693715594332417851e+01 4.465858284295112668e+01
4.693715594332417851e+01 4.664798184737772146e+01
4.693715594332417851e+01 4.747893243112105210e+01
4.693715594332417851e+01 4.569204242423828788e+01
4.693715594332417851e+01 4.133984725585062847e+01
4.693715594332417851e+01 3.800645739173927495e+01
4.693715594332417851e+01 4.895787541074142979e+01
4.693715594332417851e+01 4.193697106593100443e+01
4.693715594332417851e+01 4.471364679245134965e+01
4.693715594332417851e+01 4.600772030572606042e+01
4.693715594332417851e+01 5.120104398284792069e+01
4.693715594332417851e+01 4.786457033245142156e+01
4.693715594332417851e+01 4.971536008227919723e+01
4.693715594332417851e+01 4.516420827462769694e+01
4.693715594332417851e+01 4.909535521767751476e+01
4.693715594332417851e+01 4.558643205502716000e+01
4.693715594332417851e+01 4.949466179725678217e+01
4.693715594332417851e+01 4.291724138640702080e+01
4.693715594332417851e+01 4.340005129396141115e+01
4.693715594332417851e+01 4.028547751710103597e+01
4.693715594332417851e+01 4.721378744118356963e+01
4.693715594332417851e+01 4.416695336552169948e+01
4.693715594332417851e+01 5.379207441417309354e+01
4.693715594332417851e+01 4.544221460083691966e+01
4.693715594332417851e+01 4.756276512310172677e+01
4.693715594332417851e+01 4.459767348075838811e+01
4.693715594332417851e+01 5.060028658414590552e+01
4.693715594332417851e+01 4.427232379912354787e+01
4.693715594332417851e+01 4.900656061471084968e+01
4.693715594332417851e+01 4.839190297921146566e+01
4.693715594332417851e+01 4.738318805841218051e+01
4.693715594332417851e+01 4.709552582310453772e+01
4.693715594332417851e+01 4.788488899118266318e+01
4.693715594332417851e+01 4.096602012716573427e+01
4.693715594332417851e+01 4.883152801010680122e+01
4.693715594332417851e+01 3.995159714770279891e+01
4.693715594332417851e+01 5.226785269166661863e+01
4.693715594332417851e+01 4.872886872231234889e+01
4.693715594332417851e+01 4.898446660193778968e+01
4.693715594332417851e+01 4.311295219464019368e+01
4.693715594332417851e+01 4.339630124674484080e+01
4.693715594332417851e+01 5.373394950611155707e+01
4.693715594332417851e+01 4.740020211965727270e+01
4.693715594332417851e+01 4.504131913683724520e+01
4.693715594332417851e+01 4.124367273303811743e+01
4.693715594332417851e+01 4.768306653659209360e+01
4.693715594332417851e+01 4.858238230969028848e+01
4.693715594332417851e+01 4.632387733077477066e+01
4.693715594332417851e+01 4.977756649074270712e+01
4.693715594332417851e+01 4.495622791566844967e+01
4.693715594332417851e+01 4.282473879351586277e+01
4.693715594332417851e+01 5.382703907369775465e+01
4.693715594332417851e+01 4.091416304817020944e+01
4.693715594332417851e+01 4.507128496022443898e+01
4.693715594332417851e+01 4.363873920661138328e+01
4.693715594332417851e+01 4.331608278661664002e+01
4.693715594332417851e+01 4.081492505680463267e+01
4.693715594332417851e+01 5.056156810989961059e+01
4.693715594332417851e+01 4.848831291800902221e+01
4.693715594332417851e+01 4.859603941768597934e+01
4.693715594332417851e+01 4.396891327040301434e+01
4.693715594332417851e+01 4.552206075852909350e+01
4.693715594332417851e+01 4.547479882414921093e+01
4.693715594332417851e+01 4.588843754934108432e+01
4.693715594332417851e+01 4.589690318693712356e+01
4.693715594332417851e+01 4.260256165559196972e+01
4.693715594332417851e+01 4.537538849972014532e+01
4.693715594332417851e+01 4.970589602224313808e+01
4.693715594332417851e+01 4.370486801081829498e+01
4.693715594332417851e+01 4.197648645857742622e+01
4.693715594332417851e+01 4.672355103786718189e+01
4.693715594332417851e+01 4.744659396191440237e+01
4.693715594332417851e+01 4.681276017484283614e+01
4.693715594332417851e+01 4.346126243129555888e+01
4.693715594332417851e+01 4.815298570827125957e+01
4.693715594332417851e+01 4.640890139624107036e+01
4.693715594332417851e+01 4.703886403881962508e+01
4.693715594332417851e+01 4.141295236376957689e+01
4.693715594332417851e+01 4.534750682230302488e+01
4.693715594332417851e+01 4.266633716675457322e+01
4.693715594332417851e+01 4.385631134848568990e+01
4.693715594332417851e+01 4.691641562955851441e+01
4.693715594332417851e+01 4.589421906440696830e+01
4.693715594332417851e+01 4.503952070105270877e+01
4.693715594332417851e+01 5.381633965628717675e+01
4.693715594332417851e+01 4.816532839793817544e+01
4.693715594332417851e+01 4.562974893823894007e+01
4.693715594332417851e+01 4.628529631359305085e+01
4.693715594332417851e+01 4.430226713685529916e+01
4.693715594332417851e+01 4.670113420872991128e+01
4.693715594332417851e+01 4.675528916919360967e+01
4.693715594332417851e+01 5.777742394570722695e+01
4.693715594332417851e+01 4.296061211622674136e+01
4.693715594332417851e+01 4.912120023356294496e+01
4.693715594332417851e+01 5.120441736859282855e+01
4.693715594332417851e+01 4.208881867011015032e+01
4.693715594332417851e+01 4.183252708672655729e+01
4.693715594332417851e+01 4.323968041357257164e+01
4.693715594332417851e+01 4.154341137200088951e+01
4.693715594332417851e+01 4.333968303044133563e+01
4.693715594332417851e+01 4.468578525750234576e+01
4.693715594332417851e+01 4.542017795485867993e+01
4.693715594332417851e+01 4.199326148831683980e+01
4.693715594332417851e+01 4.623587185578883663e+01
4.693715594332417851e+01 4.382295841914158530e+01
4.693715594332417851e+01 4.558265997362015298e+01
4.693715594332417851e+01 4.511039148082213757e+01
4.693715594332417851e+01 4.247850382903647670e+01
4.693715594332417851e+01 4.751808045767280930e+01
4.693715594332417851e+01 4.353027954457521531e+01
4.693715594332417851e+01 4.774510058212932506e+01
4.693715594332417851e+01 4.514432933898697797e+01
4.693715594332417851e+01 4.452387898992839155e+01
4.693715594332417851e+01 5.011788993390302949e+01
4.693715594332417851e+01 4.159976839530065718e+01
4.693715594332417851e+01 4.913728439177731389e+01
4.693715594332417851e+01 5.072421258053526572e+01
4.693715594332417851e+01 4.662667631567154558e+01
4.693715594332417851e+01 4.743788759509612873e+01
4.693715594332417851e+01 4.807850550690437785e+01
4.693715594332417851e+01 4.815954078781275882e+01
4.693715594332417851e+01 4.683183122903235329e+01
4.693715594332417851e+01 4.540271227204333826e+01
4.693715594332417851e+01 4.992689159270432953e+01
4.693715594332417851e+01 4.617748577594172588e+01
4.693715594332417851e+01 4.662805430819062735e+01
4.693715594332417851e+01 4.399476272286082690e+01
4.693715594332417851e+01 4.270913686945465315e+01
4.693715594332417851e+01 4.879333611830821837e+01
4.693715594332417851e+01 5.147804116224862270e+01
4.693715594332417851e+01 4.755195194432585026e+01
4.693715594332417851e+01 4.696728976057725902e+01
4.693715594332417851e+01 4.012431310685347086e+01
4.693715594332417851e+01 4.603383245014809688e+01
4.693715594332417851e+01 4.302272034668538225e+01
4.693715594332417851e+01 3.838641608518332760e+01
4.693715594332417851e+01 4.272641095617417761e+01
4.693715594332417851e+01 5.036036190661898360e+01
4.693715594332417851e+01 4.222399387322781195e+01
4.693715594332417851e+01 4.518243184772627785e+01
4.693715594332417851e+01 4.649542952323449896e+01
4.693715594332417851e+01 4.546350584177972820e+01
4.693715594332417851e+01 4.732350986893105471e+01
4.693715594332417851e+01 4.866877243837619460e+01
4.693715594332417851e+01 4.639117599044698181e+01
4.693715594332417851e+01 4.429499271519415515e+01
4.693715594332417851e+01 4.490529662518805765e+01
4.693715594332417851e+01 4.338275805991250422e+01
4.693715594332417851e+01 4.101493990650152455e+01
4.693715594332417851e+01 4.307037308162882994e+01
4.693715594332417851e+01 4.754602728522428379e+01
4.693715594332417851e+01 5.000092237671312745e+01
4.693715594332417851e+01 4.641448387993679603e+01
4.693715594332417851e+01 4.056394097007574828e+01
4.693715594332417851e+01 4.938550365205670545e+01
4.693715594332417851e+01 4.850563722387543919e+01
4.693715594332417851e+01 5.195485695647671776e+01
4.693715594332417851e+01 4.285560230824891903e+01
4.693715594332417851e+01 4.678643333379235969e+01
4.693715594332417851e+01 4.030489617779400646e+01
4.693715594332417851e+01 4.894783065218277329e+01
4.693715594332417851e+01 4.119916993348545731e+01
4.693715594332417851e+01 4.370631836581631546e+01
4.693715594332417851e+01 4.761000290921413125e+01
4.693715594332417851e+01 4.528882285512099060e+01
4.693715594332417851e+01 4.867759384966890934e+01
4.693715594332417851e+01 4.475392970451586905e+01
4.693715594332417851e+01 4.937451317665014727e+01
4.693715594332417851e+01 4.768050723794415546e+01
4.693715594332417851e+01 4.809673669591872169e+01
4.693715594332417851e+01 4.484100388477332189e+01
4.693715594332417851e+01 4.635542743502871588e+01
4.693715594332417851e+01 5.200210246639126410e+01
4.693715594332417851e+01 4.760901911290027755e+01
4.693715594332417851e+01 4.395364333869611073e+01
4.693715594332417851e+01 5.080035341053592646e+01
4.693715594332417851e+01 4.809805503728650677e+01
4.693715594332417851e+01 4.012959113131404365e+01
4.693715594332417851e+01 3.811475087560077668e+01
4.693715594332417851e+01 4.607512861913738078e+01
4.693715594332417851e+01 4.655122131094795179e+01
4.693715594332417851e+01 4.518736372490279507e+01
4.693715594332417851e+01 4.902660838155707523e+01
4.693715594332417851e+01 4.175347620643403701e+01
4.693715594332417851e+01 4.752544162039018971e+01
4.693715594332417851e+01 4.789130596149058761e+01
4.693715594332417851e+01 4.455864972825744275e+01
4.693715594332417851e+01 4.503375224700211987e+01
4.693715594332417851e+01 4.355859935316001952e+01
4.693715594332417851e+01 4.899801269117097036e+01
4.693715594332417851e+01 4.905213278400965038e+01
4.693715594332417851e+01 4.786613397971770922e+01
4.693715594332417851e+01 4.726384364351229550e+01
4.693715594332417851e+01 4.730490539829290952e+01
4.693715594332417851e+01 4.525058597616887823e+01
4.693715594332417851e+01 4.346692757832023091e+01
4.693715594332417851e+01 4.930560968459608517e+01
4.693715594332417851e+01 4.800554449603348672e+01
4.693715594332417851e+01 4.577217604064826872e+01
4.693715594332417851e+01 4.609600160126441182e+01
4.693715594332417851e+01 4.061102279441245599e+01
4.693715594332417851e+01 5.031244556492813302e+01
4.693715594332417851e+01 4.323910891963407011e+01
4.693715594332417851e+01 4.568624950793876138e+01
4.693715594332417851e+01 4.591646088463757991e+01
4.693715594332417851e+01 4.769532475811342209e+01
4.693715594332417851e+01 4.653356366330660165e+01
4.693715594332417851e+01 4.760787706859463242e+01
4.693715594332417851e+01 4.167944917917383663e+01
4.693715594332417851e+01 4.219390504214071314e+01
4.693715594332417851e+01 4.617147003575037445e+01
4.693715594332417851e+01 4.783901784405338020e+01
4.693715594332417851e+01 4.578671792247423866e+01
4.693715594332417851e+01 5.139937308902656099e+01
4.693715594332417851e+01 4.413691180717979279e+01
4.693715594332417851e+01 4.846636726518639193e+01
4.693715594332417851e+01 4.642952134021233235e+01
4.693715594332417851e+01 5.099646332588149278e+01
4.693715594332417851e+01 4.545368806408969675e+01
4.693715594332417851e+01 4.774629967709592648e+01
4.693715594332417851e+01 4.704709437147907636e+01
4.693715594332417851e+01 4.691043744060894483e+01
4.693715594332417851e+01 4.215944211740238501e+01
4.693715594332417851e+01 4.937382737991487858e+01
4.693715594332417851e+01 4.316276524911549473e+01
4.693715594332417851e+01 4.329408445985723120e+01
4.693715594332417851e+01 4.538621366360206366e+01
4.693715594332417851e+01 4.276293928944483014e+01
4.693715594332417851e+01 4.951409018072534707e+01
4.693715594332417851e+01 4.387574082924734853e+01
4.693715594332417851e+01 4.479670699530536382e+01
4.693715594332417851e+01 5.222378604944828595e+01
4.693715594332417851e+01 4.660756380527047327e+01
4.693715594332417851e+01 4.647226803508549153e+01
4.693715594332417851e+01 4.592665180405728620e+01
4.693715594332417851e+01 4.055078176192736805e+01
4.693715594332417851e+01 4.803531645933867367e+01
4.693715594332417851e+01 4.422197738163139036e+01
4.693715594332417851e+01 4.505931557925486430e+01
4.693715594332417851e+01 4.410184974577398975e+01
4.693715594332417851e+01 4.243575696059331648e+01
4.693715594332417851e+01 4.581602673297647499e+01
4.693715594332417851e+01 4.960285986875048536e+01
4.693715594332417851e+01 4.189625153393496504e+01
4.693715594332417851e+01 4.217792476083003805e+01
4.693715594332417851e+01 4.566298617569366769e+01
4.693715594332417851e+01 4.801634160093067294e+01
4.693715594332417851e+01 4.464348590481672119e+01
4.693715594332417851e+01 5.216883244849329060e+01
