4.693715594332417851e+01 4.776864604173246676e+01
4.693715594332417851e+01 4.950236477420492776e+01
4.693715594332417851e+01 4.808644757773699041e+01
4.693715594332417851e+01 4.401825034873485265e+01
4.693715594332417851e+01 4.226488771203550954e+01
4.693715594332417851e+01 4.685522472038529429e+01
4.693715594332417851e+01 4.412037288718138228e+01
4.693715594332417851e+01 4.603771351989200156e+01
4.693715594332417851e+01 4.765493162854362197e+01
4.693715594332417851e+01 4.791138940228766074e+01
4.693715594332417851e+01 4.599704151019347620e+01
4.693715594332417851e+01 4.341014893613428427e+01
4.693715594332417851e+01 4.961747577968777989e+01
4.693715594332417851e+01 4.786002610116462819e+01
4.693715594332417851e+01 4.614514243469351129e+01
4.693715594332417851e+01 4.213090300331742810e+01
4.693715594332417851e+01 4.222420310895144269e+01
4.693715594332417851e+01 5.051057432093563904e+01
4.693715594332417851e+01 3.727961850433781166e+01
4.693715594332417851e+01 4.156835342779297804e+01
4.693715594332417851e+01 4.968154027913007553e+01
4.693715594332417851e+01 4.665879918190238840e+01
4.693715594332417851e+01 4.486244635834339078e+01
4.693715594332417851e+01 4.696378987949081107e+01
4.693715594332417851e+01 4.875796429876115212e+01
4.693715594332417851e+01 5.042501245755497052e+01
4.693715594332417851e+01 4.450763070433071533e+01
4.693715594332417851e+01 5.084763951934871073e+01
4.693715594332417851e+01 4.387542496452623197e+01
4.693715594332417851e+01 5.476277553579064516e+01
4.693715594332417851e+01 4.312996330058592065e+01
4.693715594332417851e+01 4.537020219311470726e+01
4.693715594332417851e+01 4.874255792755963057e+01
4.693715594332417851e+01 4.419594091156523774e+01
4.693715594332417851e+01 4.934798993044781668e+01
4.693715594332417851e+01 4.876784593908905663e+01
4.693715594332417851e+01 5.111235022868211786e+01
4.693715594332417851e+01 4.828087958688361425e+01
4.693715594332417851e+01 4.810174002380963998e+01
4.693715594332417851e+01 4.844105982124320775e+01
4.693715594332417851e+01 4.370458693152649943e+01
4.693715594332417851e+01 4.566457794760236766e+01
4.693715594332417851e+01 3.990145753548371488e+01
4.693715594332417851e+01 4.928118350337254583e+01
4.693715594332417851e+01 4.479797909209290196e+01
4.693715594332417851e+01 4.853341205174969275e+01
4.693715594332417851e+01 4.514565460170076960e+01
4.693715594332417851e+01 4.520362435245935728e+01
4.693715594332417851e+01 4.212413121579404418e+01
4.693715594332417851e+01 4.192942378920581348e+01
4.693715594332417851e+01 3.902878137575017803e+01
4.693715594332417851e+01 4.075716961306699204e+01
4.693715594332417851e+01 4.935648793933507505e+01
4.693715594332417851e+01 4.416969118058158017e+01
4.693715594332417851e+01 4.659632172373505909e+01
4.693715594332417851e+01 4.724208348991538742e+01
4.693715594332417851e+01 4.253888962368361604e+01
4.693715594332417851e+01 5.825979095751135617e+01
4.693715594332417851e+01 4.725160844924739223e+01
4.693715594332417851e+01 4.552148910356471134e+01
4.693715594332417851e+01 4.420792307154385981e+01
4.693715594332417851e+01 4.290083707793927914e+01
4.693715594332417851e+01 4.337978051386681244e+01
4.693715594332417851e+01 5.167870458964729607e+01
4.693715594332417851e+01 4.121482931941971373e+01
4.693715594332417851e+01 4.566664642852629896e+01
4.693715594332417851e+01 4.027791119111584806e+01
4.693715594332417851e+01 4.064974873950930601e+01
4.693715594332417851e+01 4.878451481015892455e+01
4.693715594332417851e+01 4.838224794125764561e+01
4.693715594332417851e+01 4.348833434593645109e+01
4.693715594332417851e+01 5.363188870177117451e+01
4.693715594332417851e+01 4.531798655254890207e+01
4.693715594332417851e+01 5.052165762522405146e+01
4.693715594332417851e+01 4.916416781250281076e+01
4.693715594332417851e+01 4.724217106180483228e+01
4.693715594332417851e+01 4.491698119480516027e+01
4.693715594332417851e+01 4.683932343025428224e+01
4.693715594332417851e+01 4.826527500137051163e+01
4.693715594332417851e+01 4.310657715362904696e+01
4.693715594332417851e+01 4.497864188862050838e+01
4.693715594332417851e+01 4.651039257582350217e+01
4.693715594332417851e+01 4.294450250181041184e+01
4.693715594332417851e+01 4.906682097646296370e+01
4.693715594332417851e+01 4.442318387235096822e+01
4.693715594332417851e+01 4.546802913832443238e+01
4.693715594332417851e+01 4.848767319655933505e+01
4.693715594332417851e+01 4.413603536935715965e+01
4.693715594332417851e+01 5.028961975843292720e+01
4.693715594332417851e+01 4.392724938377808286e+01
4.693715594332417851e+01 4.588889728026411774e+01
4.693715594332417851e+01 4.839731969853747984e+01
4.693715594332417851e+01 4.269888737675315582e+01
4.693715594332417851e+01 4.312616413266227511e+01
4.693715594332417851e+01 4.434755736020212424e+01
4.693715594332417851e+01 4.663325776490617613e+01
4.693715594332417851e+01 4.515330636932367980e+01
4.693715594332417851e+01 5.088223616685496609e+01
4.693715594332417851e+01 4.739877706665929225e+01
4.693715594332417851e+01 4.479319096307070680e+01
4.693715594332417851e+01 4.713570967658201027e+01
4.693715594332417851e+01 4.579269682123448604e+01
4.693715594332417851e+01 4.955402336620607429e+01
4.693715594332417851e+01 4.283525556476491403e+01
4.693715594332417851e+01 4.519435231938117425e+01
4.693715594332417851e+01 4.485484903596344708e+01
4.693715594332417851e+01 4.563353834859976388e+01
4.693715594332417851e+01 4.561766541656411533e+01
4.693715594332417851e+01 4.450187432313516922e+01
4.693715594332417851e+01 4.468497833271315756e+01
4.693715594332417851e+01 4.303939999417628570e+01
4.693715594332417851e+01 4.177991747125428645e+01
4.693715594332417851e+01 4.775028368111557597e+01
4.693715594332417851e+01 4.898475323846621166e+01
4.693715594332417851e+01 4.695771592548217654e+01
4.693715594332417851e+01 4.333090035632462644e+01
4.693715594332417851e+01 4.694292574634099680e+01
4.693715594332417851e+01 4.508365737633423720e+01
4.693715594332417851e+01 4.143494640484111358e+01
4.693715594332417851e+01 4.953556215534683815e+01
4.693715594332417851e+01 4.205019877168577835e+01
4.693715594332417851e+01 4.861418565213736542e+01
4.693715594332417851e+01 5.161562588236503046e+01
4.693715594332417851e+01 4.370805916578235184e+01
4.693715594332417851e+01 4.429294883306899777e+01
4.693715594332417851e+01 4.846111723873509192e+01
4.693715594332417851e+01 4.891039801909847284e+01
4.693715594332417851e+01 4.536496796959631439e+01
4.693715594332417851e+01 4.919220960329477776e+01
4.693715594332417851e+01 5.067562854897153102e+01
4.693715594332417851e+01 4.828423624025243299e+01
4.693715594332417851e+01 5.339557854411852844e+01
4.693715594332417851e+01 4.756566170677839267e+01
4.693715594332417851e+01 4.728370611018461744e+01
4.693715594332417851e+01 4.754939606147588194e+01
4.693715594332417851e+01 4.751221750982435310e+01
4.693715594332417851e+01 4.664702019931564081e+01
4.693715594332417851e+01 4.155467697698594520e+01
4.693715594332417851e+01 4.692660888927190399e+01
4.693715594332417851e+01 4.214095226221873958e+01
4.693715594332417851e+01 4.563059423408957826e+01
4.693715594332417851e+01 4.757134103839979389e+01
4.693715594332417851e+01 4.715536205276574577e+01
4.693715594332417851e+01 4.759352359225653117e+01
4.693715594332417851e+01 4.933195954229047686e+01
4.693715594332417851e+01 4.306238349627771811e+01
4.693715594332417851e+01 4.713434117015164304e+01
4.693715594332417851e+01 5.244141401694002269e+01
4.693715594332417851e+01 4.397446056701775063e+01
4.693715594332417851e+01 4.415237300598253967e+01
4.693715594332417851e+01 4.722605278585970012e+01
4.693715594332417851e+01 4.865144421792292917e+01
4.693715594332417851e+01 4.254373337132138033e+01
4.693715594332417851e+01 4.576840510612610302e+01
4.693715594332417851e+01 4.214989355780794966e+01
4.693715594332417851e+01 4.686663820860491114e+01
4.693715594332417851e+01 4.476922243957130121e+01
4.693715594332417851e+01 4.704489289468767055e+01
4.693715594332417851e+01 4.929828269327651924e+01
4.693715594332417851e+01 4.459195913580078496e+01
4.693715594332417851e+01 4.431377810779093096e+01
4.693715594332417851e+01 4.631267590080804553e+01
4.693715594332417851e+01 4.452746059929424405e+01
4.693715594332417851e+01 4.910891823793804178e+01
4.693715594332417851e+01 4.597914792975615939e+01
4.693715594332417851e+01 4.647978849061226470e+01
4.693715594332417851e+01 4.829332911093214875e+01
4.693715594332417851e+01 4.455694261156410363e+01
4.693715594332417851e+01 4.286870474641447970e+01
4.693715594332417851e+01 4.558223276236923027e+01
4.693715594332417851e+01 5.530700855492327150e+01
4.693715594332417851e+01 4.308768623260328923e+01
4.693715594332417851e+01 5.125161424007570332e+01
4.693715594332417851e+01 4.705820778732805110e+01
4.693715594332417851e+01 4.699959939483385085e+01
4.693715594332417851e+01 4.739591213497322286e+01
4.693715594332417851e+01 4.710853508944758516e+01
4.693715594332417851e+01 4.435936588773076039e+01
4.693715594332417851e+01 4.499154305551103761e+01
4.693715594332417851e+01 4.635076422111934136e+01
4.693715594332417851e+01 4.505697071143543297e+01
4.693715594332417851e+01 4.587436242251423835e+01
4.693715594332417851e+01 4.971380321524993917e+01
4.693715594332417851e+01 4.120361160648037213e+01
4.693715594332417851e+01 4.888755287412308093e+01
4.693715594332417851e+01 4.350033099248405932e+01
4.693715594332417851e+01 4.812589404458129394e+01
4.693715594332417851e+01 4.442920902470695665e+01
4.693715594332417851e+01 4.420348246601460573e+01
4.693715594332417851e+01 4.974892349234441014e+01
4.693715594332417851e+01 4.317757497439911418e+01
4.693715594332417851e+01 4.853506876642421730e+01
4.693715594332417851e+01 4.601808920454835317e+01
4.693715594332417851e+01 4.169170743425953418e+01
4.693715594332417851e+01 4.493064207377764063e+01
4.693715594332417851e+01 5.296893849184321112e+01
4.693715594332417851e+01 4.379876690424127617e+01
4.693715594332417851e+01 4.046289784434222980e+01
4.693715594332417851e+01 4.620516275897631431e+01
4.693715594332417851e+01 4.723493316163614963e+01
4.693715594332417851e+01 4.048356070941574814e+01
4.693715594332417851e+01 4.764275799840007863e+01
4.693715594332417851e+01 4.596630160070257887e+01
4.693715594332417851e+01 4.480699106288349753e+01
4.693715594332417851e+01 4.422690479330486824e+01
4.693715594332417851e+01 4.365625317257280358e+01
4.693715594332417851e+01 5.044007544019294897e+01
4.693715594332417851e+01 4.499373738033463610e+01
4.693715594332417851e+01 4.309852603902864132e+01
4.693715594332417851e+01 4.641528202073956066e+01
4.693715594332417851e+01 5.066944261645848968e+01
4.693715594332417851e+01 5.043438700900077976e+01
4.693715594332417851e+01 4.554837754943869754e+01
4.693715594332417851e+01 4.589219152179548900e+01
4.693715594332417851e+01 4.063418095160954380e+01
4.693715594332417851e+01 4.524327923410814378e+01
4.693715594332417851e+01 4.456941324458519915e+01
4.693715594332417851e+01 4.937702647187055760e+01
4.693715594332417851e+01 5.368720741150679032e+01
4.693715594332417851e+01 4.302953878281488187e+01
4.693715594332417851e+01 4.067040162971981232e+01
4.693715594332417851e+01 4.588482712304352873e+01
4.693715594332417851e+01 4.811469453424658127e+01
4.693715594332417851e+01 4.070474964900670045e+01
4.693715594332417851e+01 4.334685995073159148e+01
4.693715594332417851e+01 4.733972798984279251e+01
4.693715594332417851e+01 4.093001196368456363e+01
4.693715594332417851e+01 4.840907538974632729e+01
4.693715594332417851e+01 4.361676649166354736e+01
4.693715594332417851e+01 4.778268015421675585e+01
4.693715594332417851e+01 4.308318248993578692e+01
4.693715594332417851e+01 4.160235412850902037e+01
4.693715594332417851e+01 4.448144262713959307e+01
4.693715594332417851e+01 4.989111054478491525e+01
4.693715594332417851e+01 4.882659374433970356e+01
4.693715594332417851e+01 4.255141425557295776e+01
4.693715594332417851e+01 4.705297745426927492e+01
4.693715594332417851e+01 4.037998428070257972e+01
4.693715594332417851e+01 4.746073967437574481e+01
4.693715594332417851e+01 4.135399076705945021e+01
4.693715594332417851e+01 4.457432617610896841e+01
4.693715594332417851e+01 5.012966078826519833e+01
4.693715594332417851e+01 4.870714262917941539e+01
4.693715594332417851e+01 5.398713092162606841e+01
4.693715594332417851e+01 4.417578015839992389e+01
4.693715594332417851e+01 5.010795726159574315e+01
4.693715594332417851e+01 4.802549967382581997e+01
4.693715594332417851e+01 4.374978713977816369e+01
4.693715594332417851e+01 4.358074307909953404e+01
4.693715594332417851e+01 4.613302272634612677e+01
4.693715594332417851e+01 4.352415447617608635e+01
4.693715594332417851e+01 4.449654228243019105e+01
4.693715594332417851e+01 4.237435077542486539e+01
4.693715594332417851e+01 4.878620626097541191e+01
4.693715594332417851e+01 4.157566816304804291e+01
4.693715594332417851e+01 5.307110319713957125e+01
4.693715594332417851e+01 4.165044845393876471e+01
4.693715594332417851e+01 4.480166771477187382e+01
4.693715594332417851e+01 4.510460223562294857e+01
4.693715594332417851e+01 4.326994582641989240e+01
4.693715594332417851e+01 4.333972229478039395e+01
4.693715594332417851e+01 4.693039232219602042e+01
4.693715594332417851e+01 4.237292586105860437e+01
4.693715594332417851e+01 4.919544987920051682e+01
4.693715594332417851e+01 4.465750636096748849e+01
4.693715594332417851e+01 4.186209843485025317e+01
4.693715594332417851e+01 4.078608799633058624e+01
4.693715594332417851e+01 4.751726333993065055e+01
4.693715594332417851e+01 4.865438667309137344e+01
4.693715594332417851e+01 4.711978718350722772e+01
4.693715594332417851e+01 5.557230894042469771e+01
4.693715594332417851e+01 4.734617045546363556e+01
4.693715594332417851e+01 3.793034354037928324e+01
4.693715594332417851e+01 4.217361454150888989e+01
4.693715594332417851e+01 4.415075791717232789e+01
4.693715594332417851e+01 4.355268015126745240e+01
4.693715594332417851e+01 4.377244200800651441e+01
4.693715594332417851e+01 4.256623833316686500e+01
4.693715594332417851e+01 4.839283969917721606e+01
4.693715594332417851e+01 4.708739537410431808e+01
4.693715594332417851e+01 4.659235216709380722e+01
4.693715594332417851e+01 4.421549000086556447e+01
4.693715594332417851e+01 4.398737992437241928e+01
4.693715594332417851e+01 4.463417416228831058e+01
4.693715594332417851e+01 5.225133262244671073e+01
4.693715594332417851e+01 4.494008616963710523e+01
4.693715594332417851e+01 4.799950121435146144e+01
4.693715594332417851e+01 4.712468829705758111e+01
4.693715594332417851e+01 4.314175011696229234e+01
4.693715594332417851e+01 5.087216752799777453e+01
4.693715594332417851e+01 4.483366327397556006e+01
4.693715594332417851e+01 4.685102313020053089e+01
4.693715594332417851e+01 4.295391369098232559e+01
4.693715594332417851e+01 4.386869635723176231e+01
4.693715594332417851e+01 4.603273797713899285e+01
4.693715594332417851e+01 4.459477915974695605e+01
4.693715594332417851e+01 4.327530885502049784e+01
4.693715594332417851e+01 4.522076026927506121e+01
4.693715594332417851e+01 4.456144746294102532e+01
4.693715594332417851e+01 4.025424473841513873e+01
4.693715594332417851e+01 4.748478305111808595e+01
4.693715594332417851e+01 4.737989806146604366e+01
4.693715594332417851e+01 4.896220970817506668e+01
4.693715594332417851e+01 4.119873626025349012e+01
4.693715594332417851e+01 4.337170840227680912e+01
4.693715594332417851e+01 4.168438235625877297e+01
4.693715594332417851e+01 4.278125341812515359e+01
4.693715594332417851e+01 5.069372670496210276e+01
4.693715594332417851e+01 4.625034158485036073e+01
4.693715594332417851e+01 4.669306866883124485e+01
4.693715594332417851e+01 4.380355980468202404e+01
4.693715594332417851e+01 4.419619223659466201e+01
4.693715594332417851e+01 4.724168407708356199e+01
4.693715594332417851e+01 4.934752689047743957e+01
4.693715594332417851e+01 4.370565673379824290e+01
4.693715594332417851e+01 4.838689770361838782e+01
4.693715594332417851e+01 4.757487048558778042e+01
4.693715594332417851e+01 4.638582171057574044e+01
4.693715594332417851e+01 4.996627280465853715e+01
4.693715594332417851e+01 4.712949874953709894e+01
4.693715594332417851e+01 4.824618593291982904e+01
4.693715594332417851e+01 4.791682780544782361e+01
4.693715594332417851e+01 4.667588886901885559e+01
4.693715594332417851e+01 4.214120232095165619e+01
4.693715594332417851e+01 4.452311651189032915e+01
4.693715594332417851e+01 4.814642030509359216e+01
4.693715594332417851e+01 5.015046704790677978e+01
4.693715594332417851e+01 4.600966302528262020e+01
4.693715594332417851e+01 4.178851684839425928e+01
4.693715594332417851e+01 4.258508650626321668e+01
4.693715594332417851e+01 5.399728206438526001e+01
4.693715594332417851e+01 4.309060396781900693e+01
4.693715594332417851e+01 5.153649329168035109e+01
4.693715594332417851e+01 4.447518254092279477e+01
4.693715594332417851e+01 4.606908541209102026e+01
4.693715594332417851e+01 4.340747892161364518e+01
4.693715594332417851e+01 4.174389743500147887e+01
4.693715594332417851e+01 5.421756500153804836e+01
4.693715594332417851e+01 4.779882310606790696e+01
4.693715594332417851e+01 4.558279521991234873e+01
4.693715594332417851e+01 4.762049281718125826e+01
4.693715594332417851e+01 4.282184366391669528e+01
4.693715594332417851e+01 4.895552950717632967e+01
4.693715594332417851e+01 4.893662447154259354e+01
4.693715594332417851e+01 4.883661312105626706e+01
4.693715594332417851e+01 4.735603837308763531e+01
4.693715594332417851e+01 5.266803560296528985e+01
4.693715594332417851e+01 4.872371283616467963e+01
4.693715594332417851e+01 4.628406048955477559e+01
4.693715594332417851e+01 4.533492472679019869e+01
4.693715594332417851e+01 4.384356163741828283e+01
4.693715594332417851e+01 3.941435100246602019e+01
4.693715594332417851e+01 4.376782728884363394e+01
4.693715594332417851e+01 4.613779668055764915e+01
4.693715594332417851e+01 4.560144550893740956e+01
4.693715594332417851e+01 4.697203975847466495e+01
4.693715594332417851e+01 4.308892374343842135e+01
4.693715594332417851e+01 4.738384627731691978e+01
4.693715594332417851e+01 4.655388016012152974e+01
4.693715594332417851e+01 4.232940072376732843e+01
4.693715594332417851e+01 4.675668019593305758e+01
4.693715594332417851e+01 4.923438077409567626e+01
4.693715594332417851e+01 4.236898187286042372e+01
4.693715594332417851e+01 4.843849326158414215e+01
4.693715594332417851e+01 4.984675763559179984e+01
4.693715594332417851e+01 4.767806021068792433e+01
4.693715594332417851e+01 4.664268461174030023e+01
4.693715594332417851e+01 4.341555447029858072e+01
4.693715594332417851e+01 4.040064878915764979e+01
4.693715594332417851e+01 4.801046125662747954e+01
4.693715594332417851e+01 4.998588407839964276e+01
4.693715594332417851e+01 4.392151341281874721e+01
4.693715594332417851e+01 4.282083934807559444e+01
4.693715594332417851e+01 3.923870305635983158e+01
4.693715594332417851e+01 5.068051157740227097e+01
4.693715594332417851e+01 4.183118628183721199e+01
4.693715594332417851e+01 4.635218615060478697e+01
4.693715594332417851e+01 4.633259317401816446e+01
4.693715594332417851e+01 4.273358781780095228e+01
4.693715594332417851e+01 4.477661094594375868e+01
4.693715594332417851e+01 5.456029342586460018e+01
4.693715594332417851e+01 5.268797805442756044e+01
4.693715594332417851e+01 4.927287056089299000e+01
4.693715594332417851e+01 4.855171667034780825e+01
4.693715594332417851e+01 4.539638025115543485e+01
4.693715594332417851e+01 4.185071884438855960e+01
4.693715594332417851e+01 4.711750963794453639e+01
4.693715594332417851e+01 4.478551440119498750e+01
4.693715594332417851e+01 4.991246387381471550e+01
4.693715594332417851e+01 5.052158110261186863e+01
4.693715594332417851e+01 4.492169839753617566e+01
4.693715594332417851e+01 4.345351120732809846e+01
4.693715594332417851e+01 5.199729397049220125e+01
4.693715594332417851e+01 4.183951644217967214e+01
4.693715594332417851e+01 4.424807816738126576e+01
4.693715594332417851e+01 4.663018692660865838e+01
4.693715594332417851e+01 4.637684893096717076e+01
4.693715594332417851e+01 4.840440989324865484e+01
4.693715594332417851e+01 4.863891214228750925e+01
4.693715594332417851e+01 4.899592324576293834e+01
4.693715594332417851e+01 4.776567021952565995e+01
4.693715594332417851e+01 4.515699401500219068e+01
4.693715594332417851e+01 4.665633968126980591e+01
4.693715594332417851e+01 4.397179616692522330e+01
4.693715594332417851e+01 4.827838896375251210e+01
4.693715594332417851e+01 4.579652370491621127e+01
4.693715594332417851e+01 4.838727921459925341e+01
4.693715594332417851e+01 4.302124687988292351e+01
4.693715594332417851e+01 4.977038108391646176e+01
4.693715594332417851e+01 5.045257464914165979e+01
4.693715594332417851e+01 4.301313358658967445e+01
4.693715594332417851e+01 4.850111498804861299e+01
4.693715594332417851e+01 4.803953085159007941e+01
4.693715594332417851e+01 4.809412770757342059e+01
4.693715594332417851e+01 4.217105263231234602e+01
4.693715594332417851e+01 4.418383402334212917e+01
4.693715594332417851e+01 4.377710771585784499e+01
4.693715594332417851e+01 3.918184934672704856e+01
4.693715594332417851e+01 4.624472058632722593e+01
4.693715594332417851e+01 4.808217604167958115e+01
4.693715594332417851e+01 5.030270084513725237e+01
4.693715594332417851e+01 4.679210995281530217e+01
4.693715594332417851e+01 5.257799461709772970e+01
4.693715594332417851e+01 4.513933069745315407e+01
4.693715594332417851e+01 4.663966655831509911e+01
4.693715594332417851e+01 4.345436537161982926e+01
4.693715594332417851e+01 4.447829594123321328e+01
4.693715594332417851e+01 4.472777295168518918e+01
4.693715594332417851e+01 5.098918535860687484e+01
4.693715594332417851e+01 4.890321606850314140e+01
4.693715594332417851e+01 3.800784001874308160e+01
4.693715594332417851e+01 4.072135465635848561e+01
4.693715594332417851e+01 4.739309482354458680e+01
4.693715594332417851e+01 4.340084228793746490e+01
4.693715594332417851e+01 5.070290166391339426e+01
4.693715594332417851e+01 5.113657718858922863e+01
4.693715594332417851e+01 4.579342763625579238e+01
4.693715594332417851e+01 5.046564777364295651e+01
4.693715594332417851e+01 4.432860599777001198e+01
4.693715594332417851e+01 4.779375143803564896e+01
4.693715594332417851e+01 4.562487207020047464e+01
4.693715594332417851e+01 4.985644502123164301e+01
4.693715594332417851e+01 4.603272603616319003e+01
4.693715594332417851e+01 4.408193044494218071e+01
4.693715594332417851e+01 4.832776636618848443e+01
4.693715594332417851e+01 5.238379333929885462e+01
4.693715594332417851e+01 4.944138094899045655e+01
4.693715594332417851e+01 4.175707170128979584e+01
4.693715594332417851e+01 4.975771111156342386e+01
4.693715594332417851e+01 4.562144119689025246e+01
4.693715594332417851e+01 4.984770390646764326e+01
4.693715594332417851e+01 4.306906957155814553e+01
4.693715594332417851e+01 3.866791077251935604e+01
4.693715594332417851e+01 4.707192454672017590e+01
4.693715594332417851e+01 4.737366779501039815e+01
4.693715594332417851e+01 4.600328184153534039e+01
4.693715594332417851e+01 4.600573916064698921e+01
4.693715594332417851e+01 4.445859469661947827e+01
4.693715594332417851e+01 4.709838550220822384e+01
4.693715594332417851e+01 4.581003473342633470e+01
4.693715594332417851e+01 4.471825546231614368e+01
4.693715594332417851e+01 5.037350956334014285e+01
4.693715594332417851e+01 4.830398495277517412e+01
4.693715594332417851e+01 4.636300030152617069e+01
4.693715594332417851e+01 4.666171245027859982e+01
4.693715594332417851e+01 4.742632577847431463e+01
4.693715594332417851e+01 4.468983885175573079e+01
4.693715594332417851e+01 4.913829279875784550e+01
4.693715594332417851e+01 4.353827089698128816e+01
4.693715594332417851e+01 4.140553452327626616e+01
4.693715594332417851e+01 4.425002748267809949e+01
4.693715594332417851e+01 4.330581704253847164e+01
4.693715594332417851e+01 4.662460955962205844e+01
4.693715594332417851e+01 4.799556899672644050e+01
4.693715594332417851e+01 4.094234751884567203e+01
4.693715594332417851e+01 4.961415339804307933e+01
4.693715594332417851e+01 4.560729428054651180e+01
4.693715594332417851e+01 5.066463851711521471e+01
4.693715594332417851e+01 5.146384929816405673e+01
4.693715594332417851e+01 4.862580756441747099e+01
4.693715594332417851e+01 5.133552108896672905e+01
4.693715594332417851e+01 4.525346826898956465e+01
4.693715594332417851e+01 4.232492872046815080e+01
4.693715594332417851e+01 4.747916343664628869e+01
4.693715594332417851e+01 4.205674437003806787e+01
4.693715594332417851e+01 4.592907676980703968e+01
4.693715594332417851e+01 4.372680803129554761e+01
4.693715594332417851e+01 4.167921300469669887e+01
4.693715594332417851e+01 5.019747955092118730e+01
4.693715594332417851e+01 4.679335817389996066e+01
4.693715594332417851e+01 4.625804653453774762e+01
4.693715594332417851e+01 4.421428918150993326e+01
4.693715594332417851e+01 4.557123795009964340e+01
4.693715594332417851e+01 4.540254089132417903e+01
4.693715594332417851e+01 5.380629280656823710e+01
4.693715594332417851e+01 5.220877068501982876e+01
4.693715594332417851e+01 4.538198094123424653e+01
4.693715594332417851e+01 4.539799401081059926e+01
4.693715594332417851e+01 5.195267103246911233e+01
4.693715594332417851e+01 4.387901876809026191e+01
4.693715594332417851e+01 4.482182368119665483e+01
4.693715594332417851e+01 4.304830635651293136e+01
4.693715594332417851e+01 4.514722107161261277e+01
4.693715594332417851e+01 4.873422047375724731e+01
4.693715594332417851e+01 5.046666854186594264e+01
4.693715594332417851e+01 4.428755975341835693e+01
4.693715594332417851e+01 4.680818527954789232e+01
4.693715594332417851e+01 4.359941084832279756e+01
4.693715594332417851e+01 4.465406591813080439e+01
4.693715594332417851e+01 4.498439363962695126e+01
4.693715594332417851e+01 4.505041579366801585e+01
4.693715594332417851e+01 4.472964404891291679e+01
4.693715594332417851e+01 4.577875952059256548e+01
4.693715594332417851e+01 4.648448374755214019e+01
4.693715594332417851e+01 4.272005220834068240e+01
4.693715594332417851e+01 4.771776551139771527e+01
4.693715594332417851e+01 4.781356533493221406e+01
4.693715594332417851e+01 4.236242106738252033e+01
4.693715594332417851e+01 4.138276606681550618e+01
4.693715594332417851e+01 5.163716706504897047e+01
4.693715594332417851e+01 4.697275939459103711e+01
4.693715594332417851e+01 5.477508356339861706e+01
4.693715594332417851e+01 4.958882505527550677e+01
4.693715594332417851e+01 4.427667812698615535e+01
4.693715594332417851e+01 4.546194655303565213e+01
4.693715594332417851e+01 4.595730712475433677e+01
4.693715594332417851e+01 4.520735377543529410e+01
4.693715594332417851e+01 5.387222446248254215e+01
4.693715594332417851e+01 4.480083090418708025e+01
4.693715594332417851e+01 4.416912775874808261e+01
4.693715594332417851e+01 4.540659754058564346e+01
4.693715594332417851e+01 4.411838308481484461e+01
4.693715594332417851e+01 4.831586233328545177e+01
4.693715594332417851e+01 4.363916506042316001e+01
4.693715594332417851e+01 4.687417085193538924e+01
4.693715594332417851e+01 4.499716844232158763e+01
4.693715594332417851e+01 4.360551618567212984e+01
4.693715594332417851e+01 5.167827736331472721e+01
4.693715594332417851e+01 5.145807614976130395e+01
4.693715594332417851e+01 4.078962360410141486e+01
4.693715594332417851e+01 4.510733765517424132e+01
4.693715594332417851e+01 3.906479763542979811e+01
4.693715594332417851e+01 4.902061163815994149e+01
4.693715594332417851e+01 4.715015893061973884e+01
4.693715594332417851e+01 4.513120751506269812e+01
4.693715594332417851e+01 4.367134518765236351e+01
4.693715594332417851e+01 5.176353531893999360e+01
4.693715594332417851e+01 4.290712014011260322e+01
4.693715594332417851e+01 5.437497771314542661e+01
4.693715594332417851e+01 5.368112394214593763e+01
4.693715594332417851e+01 4.920145662773001760e+01
4.693715594332417851e+01 4.394684336543372893e+01
4.693715594332417851e+01 4.479377524889775941e+01
4.693715594332417851e+01 4.235836298508542797e+01
4.693715594332417851e+01 4.287449323124626233e+01
4.693715594332417851e+01 4.727346590938758908e+01
4.693715594332417851e+01 4.392759399450982016e+01
4.693715594332417851e+01 4.507242263560634399e+01
4.693715594332417851e+01 4.608097001741614207e+01
4.693715594332417851e+01 4.610859525842050743e+01
4.693715594332417851e+01 4.745673003188499450e+01
4.693715594332417851e+01 4.269341887421025916e+01
4.693715594332417851e+01 5.003303702685681742e+01
4.693715594332417851e+01 4.058804745509082323e+01
4.693715594332417851e+01 4.303533067289592395e+01
4.693715594332417851e+01 4.805880240372665213e+01
4.693715594332417851e+01 5.202398773750920213e+01
4.693715594332417851e+01 4.225362284832542770e+01
4.693715594332417851e+01 4.836837376510671760e+01
4.693715594332417851e+01 4.459934885640495139e+01
4.693715594332417851e+01 4.158721470630299422e+01
4.693715594332417851e+01 4.871894356546528115e+01
4.693715594332417851e+01 4.478963220495234765e+01
4.693715594332417851e+01 5.072742320693717488e+01
4.693715594332417851e+01 4.029312829964670328e+01
4.693715594332417851e+01 4.381602911486919538e+01
4.693715594332417851e+01 4.696060674614670205e+01
4.693715594332417851e+01 4.397059903388174718e+01
4.693715594332417851e+01 4.446346306372330304e+01
4.693715594332417851e+01 4.292623122675018976e+01
4.693715594332417851e+01 4.460676120670200362e+01
4.693715594332417851e+01 4.238620846084651106e+01
4.693715594332417851e+01 4.327259848662754393e+01
4.693715594332417851e+01 4.856785298880662793e+01
4.693715594332417851e+01 5.026930137277854271e+01
4.693715594332417851e+01 5.080024278637006319e+01
4.693715594332417851e+01 5.321858661001216717e+01
4.693715594332417851e+01 5.230474387965277572e+01
4.693715594332417851e+01 4.731155337393744986e+01
4.693715594332417851e+01 4.522980915087443776e+01
4.693715594332417851e+01 5.326695697046907441e+01
4.693715594332417851e+01 4.536697449480654853e+01
4.693715594332417851e+01 4.315724293823177504e+01
4.693715594332417851e+01 4.858340747716095365e+01
4.693715594332417851e+01 4.559276796397227116e+01
4.693715594332417851e+01 4.426161138125867467e+01
4.693715594332417851e+01 4.755280655517821486e+01
4.693715594332417851e+01 4.863362240738286602e+01
4.693715594332417851e+01 4.807139296581956955e+01
4.693715594332417851e+01 4.680362203104805019e+01
4.693715594332417851e+01 4.740622496415712561e+01
4.693715594332417851e+01 4.054639828154837744e+01
4.693715594332417851e+01 4.033821075050451554e+01
4.693715594332417851e+01 4.298458164210482124e+01
4.693715594332417851e+01 4.325758676906144728e+01
4.693715594332417851e+01 4.454265134677767435e+01
4.693715594332417851e+01 4.082358688854156270e+01
4.693715594332417851e+01 4.819132318413522853e+01
4.693715594332417851e+01 4.501148070455258932e+01
4.693715594332417851e+01 4.396438909628008673e+01
4.693715594332417851e+01 4.160024523085456138e+01
4.693715594332417851e+01 4.651098220021614793e+01
4.693715594332417851e+01 4.664923406997581878e+01
4.693715594332417851e+01 4.861504538357087313e+01
4.693715594332417851e+01 4.434678257514106292e+01
4.693715594332417851e+01 4.651428183706598674e+01
4.693715594332417851e+01 4.547068745034742676e+01
4.693715594332417851e+01 5.091370542149385869e+01
4.693715594332417851e+01 3.895833714589291930e+01
4.693715594332417851e+01 5.163759257172388573e+01
4.693715594332417851e+01 4.276486676973203771e+01
4.693715594332417851e+01 4.102063461567848179e+01
4.693715594332417851e+01 4.619405272119862360e+01
4.693715594332417851e+01 4.851719648746197322e+01
4.693715594332417851e+01 4.725226655147250199e+01
4.693715594332417851e+01 4.823068587344965152e+01
4.693715594332417851e+01 4.193471538397912468e+01
4.693715594332417851e+01 4.556612864344428715e+01
4.693715594332417851e+01 4.735610483571100815e+01
4.693715594332417851e+01 4.665452018822114866e+01
4.693715594332417851e+01 4.409994769344357479e+01
4.693715594332417851e+01 5.036762630808110686e+01
4.693715594332417851e+01 4.724366844424962153e+01
4.693715594332417851e+01 5.006724688055279415e+01
4.693715594332417851e+01 4.888456074201599222e+01
4.693715594332417851e+01 4.599728022495056479e+01
4.693715594332417851e+01 4.380069897739691243e+01
4.693715594332417851e+01 4.649907928474464569e+01
4.693715594332417851e+01 5.122781244629814523e+01
4.693715594332417851e+01 4.073131209375462447e+01
4.693715594332417851e+01 4.203981283182160666e+01
4.693715594332417851e+01 5.036995582110529313e+01
4.693715594332417851e+01 4.936698190057128954e+01
4.693715594332417851e+01 4.325063301456310683e+01
4.693715594332417851e+01 5.597605502045247050e+01
4.693715594332417851e+01 4.416097104067918622e+01
4.693715594332417851e+01 4.657831900359869337e+01
4.693715594332417851e+01 4.357548974344312143e+01
4.693715594332417851e+01 4.711632300404982487e+01
4.693715594332417851e+01 4.597286367059923862e+01
4.693715594332417851e+01 5.201905916426146348e+01
4.693715594332417851e+01 4.296275355527753703e+01
4.693715594332417851e+01 4.876748733427095317e+01
4.693715594332417851e+01 4.779349631413950306e+01
4.693715594332417851e+01 4.263453069570402221e+01
4.693715594332417851e+01 4.482463614670174934e+01
4.693715594332417851e+01 4.964133812840491089e+01
4.693715594332417851e+01 4.816848789321086599e+01
4.693715594332417851e+01 4.380601446660108422e+01
4.693715594332417851e+01 4.481561906987140986e+01
4.693715594332417851e+01 4.539407807126647754e+01
4.693715594332417851e+01 4.701418122338435523e+01
4.693715594332417851e+01 4.590197875520773607e+01
4.693715594332417851e+01 4.707132634336969090e+01
4.693715594332417851e+01 4.593948224329966479e+01
4.693715594332417851e+01 4.628022501728343485e+01
4.693715594332417851e+01 4.924977927781145581e+01
4.693715594332417851e+01 4.729776157581024876e+01
4.693715594332417851e+01 4.467772086747459070e+01
4.693715594332417851e+01 4.971124468641473726e+01
4.693715594332417851e+01 4.210589289011635827e+01
4.693715594332417851e+01 4.605199977616466356e+01
4.693715594332417851e+01 4.113571658744460535e+01
4.693715594332417851e+01 4.977263622421774869e+01
4.693715594332417851e+01 4.514198487185288400e+01
4.693715594332417851e+01 4.853692200276674384e+01
4.693715594332417851e+01 5.190006498443835881e+01
4.693715594332417851e+01 3.972455838314949972e+01
4.693715594332417851e+01 5.264856167234555784e+01
4.693715594332417851e+01 4.894946963410639995e+01
4.693715594332417851e+01 5.111592789799730241e+01
4.693715594332417851e+01 5.202901377858808729e+01
4.693715594332417851e+01 4.895583716185361567e+01
4.693715594332417851e+01 4.684459986830719203e+01
4.693715594332417851e+01 4.695565346846164090e+01
4.693715594332417851e+01 4.517455269134266160e+01
4.693715594332417851e+01 4.565885526388573368e+01
4.693715594332417851e+01 4.701955838951253241e+01
4.693715594332417851e+01 4.544256873559964305e+01
4.693715594332417851e+01 3.978823058988759698e+01
4.693715594332417851e+01 4.707880363686411584e+01
4.693715594332417851e+01 4.764302253016667521e+01
4.693715594332417851e+01 4.742453398740034487e+01
4.693715594332417851e+01 5.543434236562304562e+01
4.693715594332417851e+01 5.113858200505281815e+01
4.693715594332417851e+01 4.342736498137770695e+01
4.693715594332417851e+01 4.334482381536349749e+01
4.693715594332417851e+01 4.974518393743466760e+01
4.693715594332417851e+01 4.927898815045134029e+01
4.693715594332417851e+01 4.822035304094885078e+01
4.693715594332417851e+01 4.347659868133104055e+01
4.693715594332417851e+01 4.549557073925632977e+01
4.693715594332417851e+01 4.976313372466478313e+01
4.693715594332417851e+01 4.378405638400714395e+01
4.693715594332417851e+01 4.856730228263364779e+01
4.693715594332417851e+01 4.616072045325897477e+01
4.693715594332417851e+01 4.308096730268058394e+01
4.693715594332417851e+01 4.599161769251009702e+01
4.693715594332417851e+01 5.188640419271072091e+01
4.693715594332417851e+01 4.411117223244355756e+01
4.693715594332417851e+01 4.998709642789413721e+01
4.693715594332417851e+01 4.609818010601543392e+01
4.693715594332417851e+01 5.075890873878914533e+01
4.693715594332417851e+01 5.191084546717491577e+01
4.693715594332417851e+01 4.505696704771936822e+01
4.693715594332417851e+01 4.766529391969847751e+01
4.693715594332417851e+01 4.959829506856908665e+01
4.693715594332417851e+01 4.267512079007367021e+01
4.693715594332417851e+01 4.829192821673256475e+01
4.693715594332417851e+01 4.891632401239395023e+01
4.693715594332417851e+01 4.736551173920809532e+01
4.693715594332417851e+01 4.336342927889594989e+01
4.693715594332417851e+01 4.424789952960743733e+01
4.693715594332417851e+01 5.011574987300934936e+01
4.693715594332417851e+01 4.489969223567108969e+01
4.693715594332417851e+01 4.365408675915976033e+01
4.693715594332417851e+01 4.968544603993579756e+01
4.693715594332417851e+01 4.320993032806397594e+01
4.693715594332417851e+01 4.825995227861289294e+01
4.693715594332417851e+01 5.082941038007336942e+01
4.693715594332417851e+01 5.284937280162449724e+01
4.693715594332417851e+01 5.670728962895783098e+01
4.693715594332417851e+01 4.340722821679766241e+01
4.693715594332417851e+01 3.888107166026708228e+01
4.693715594332417851e+01 4.953410330582249088e+01
4.693715594332417851e+01 4.184228335054767456e+01
4.693715594332417851e+01 4.827561074466967028e+01
4.693715594332417851e+01 5.001545451249579344e+01
4.693715594332417851e+01 4.634495055747945003e+01
4.693715594332417851e+01 4.494599591363646596e+01
4.693715594332417851e+01 4.751743001452274484e+01
4.693715594332417851e+01 4.242796532953988020e+01
4.693715594332417851e+01 4.318948878997533569e+01
4.693715594332417851e+01 4.902752600423931995e+01
4.693715594332417851e+01 4.859762416160392462e+01
4.693715594332417851e+01 4.317239617521857298e+01
4.693715594332417851e+01 4.740048463498364129e+01
4.693715594332417851e+01 4.246536496034249808e+01
4.693715594332417851e+01 4.105273774527402253e+01
4.693715594332417851e+01 4.355138009505142094e+01
4.693715594332417851e+01 4.884495406152251462e+01
4.693715594332417851e+01 4.140370191522728760e+01
4.693715594332417851e+01 4.776324518282161335e+01
4.693715594332417851e+01 4.199730627850421882e+01
4.693715594332417851e+01 5.125529939517916489e+01
4.693715594332417851e+01 4.670425402105303192e+01
4.693715594332417851e+01 4.832793599073966107e+01
4.693715594332417851e+01 4.885081994468451683e+01
4.693715594332417851e+01 4.378010890307771774e+01
4.693715594332417851e+01 4.813753210332126287e+01
4.693715594332417851e+01 4.560106895565655805e+01
4.693715594332417851e+01 4.247946931057072106e+01
4.693715594332417851e+01 4.525465773536826930e+01
4.693715594332417851e+01 4.981014563097895831e+01
4.693715594332417851e+01 4.738323825800726041e+01
4.693715594332417851e+01 5.140888909066378432e+01
4.693715594332417851e+01 4.622611659344643442e+01
4.693715594332417851e+01 4.718601054376049575e+01
4.693715594332417851e+01 4.228486485003187312e+01
4.693715594332417851e+01 5.027465135906305704e+01
4.693715594332417851e+01 4.518973481776047407e+01
4.693715594332417851e+01 4.014041642510711227e+01
4.693715594332417851e+01 4.928210599926831748e+01
4.693715594332417851e+01 4.246252524587462318e+01
4.693715594332417851e+01 4.165096395578077448e+01
4.693715594332417851e+01 4.965137863303787924e+01
4.693715594332417851e+01 3.986916082691584506e+01
4.693715594332417851e+01 4.451290538548425246e+01
4.693715594332417851e+01 4.970736643834062818e+01
4.693715594332417851e+01 4.773032626956292290e+01
4.693715594332417851e+01 4.707675000449891911e+01
4.693715594332417851e+01 4.847163272248877064e+01
4.693715594332417851e+01 4.818054677571689126e+01
4.693715594332417851e+01 4.873042757853020390e+01
4.693715594332417851e+01 4.225426396656171590e+01
4.693715594332417851e+01 5.156885072395535730e+01
4.693715594332417851e+01 4.553774383594035413e+01
4.693715594332417851e+01 4.350762722580049058e+01
4.693715594332417851e+01 4.848656044017024414e+01
4.693715594332417851e+01 4.428551118753355098e+01
4.693715594332417851e+01 4.920145457533374156e+01
4.693715594332417851e+01 4.363564161494194593e+01
4.693715594332417851e+01 5.281076951406960518e+01
4.693715594332417851e+01 4.317590127955907775e+01
4.693715594332417851e+01 4.777418410674776794e+01
4.693715594332417851e+01 4.709629175567194181e+01
4.693715594332417851e+01 4.385364349915254678e+01
4.693715594332417851e+01 4.944062997267238302e+01
4.693715594332417851e+01 4.341752467335459187e+01
4.693715594332417851e+01 4.080301983288872947e+01
4.693715594332417851e+01 4.689954802463239503e+01
4.693715594332417851e+01 4.998999164483335278e+01
4.693715594332417851e+01 4.183394536021796029e+01
4.693715594332417851e+01 4.237086705876642156e+01
4.693715594332417851e+01 4.758211819666584574e+01
4.693715594332417851e+01 4.589614398600013345e+01
4.693715594332417851e+01 4.602626517694761787e+01
4.693715594332417851e+01 5.219149474202301064e+01
4.693715594332417851e+01 4.211606079267542668e+01
4.693715594332417851e+01 4.922025713040931549e+01
4.693715594332417851e+01 4.946704140502100699e+01
4.693715594332417851e+01 4.390405576478492833e+01
4.693715594332417851e+01 5.131828692473099807e+01
4.693715594332417851e+01 4.490092530201207666e+01
4.693715594332417851e+01 4.303419614983240393e+01
4.693715594332417851e+01 4.421753366225971149e+01
4.693715594332417851e+01 4.474655567928010669e+01
4.693715594332417851e+01 4.455998145174367409e+01
4.693715594332417851e+01 4.186815140054181938e+01
4.693715594332417851e+01 4.840716721489243923e+01
4.693715594332417851e+01 5.116090948659969939e+01
4.693715594332417851e+01 5.475518884764181138e+01
4.693715594332417851e+01 4.277037351621996919e+01
4.693715594332417851e+01 4.884383506334725666e+01
4.693715594332417851e+01 4.765897325524084494e+01
4.693715594332417851e+01 4.707534639319620595e+01
4.693715594332417851e+01 5.310003902116056906e+01
4.693715594332417851e+01 4.524330671183336960e+01
4.693715594332417851e+01 5.035296453185838317e+01
4.693715594332417851e+01 4.338542702197703704e+01
4.693715594332417851e+01 5.409535761057897929e+01
4.693715594332417851e+01 4.366035425357231503e+01
4.693715594332417851e+01 4.160526534429269674e+01
4.693715594332417851e+01 4.762736949174061607e+01
4.693715594332417851e+01 4.310353345113315982e+01
4.693715594332417851e+01 4.658246258624596692e+01
4.693715594332417851e+01 4.683586348041867353e+01
4.693715594332417851e+01 4.639938569721410033e+01
4.693715594332417851e+01 4.484534333337548873e+01
4.693715594332417851e+01 4.508171115659900607e+01
4.693715594332417851e+01 4.152460787214354099e+01
4.693715594332417851e+01 4.622612304738711941e+01
4.693715594332417851e+01 4.570741492521244709e+01
4.693715594332417851e+01 4.484571610873710057e+01
4.693715594332417851e+01 4.447118981633590096e+01
4.693715594332417851e+01 4.431966177853671951e+01
4.693715594332417851e+01 4.524168932540091959e+01
4.693715594332417851e+01 4.669289534616059711e+01
4.693715594332417851e+01 5.185477400646579582e+01
4.693715594332417851e+01 4.164189789824450827e+01
4.693715594332417851e+01 5.094968725751012784e+01
4.693715594332417851e+01 4.563655017214968979e+01
4.693715594332417851e+01 4.743097420361306149e+01
4.693715594332417851e+01 5.185666768504489710e+01
4.693715594332417851e+01 4.570927463060446172e+01
4.693715594332417851e+01 4.356311737723154920e+01
4.693715594332417851e+01 5.045507635090227438e+01
4.693715594332417851e+01 4.367660453604750614e+01
4.693715594332417851e+01 4.416893792777963057e+01
4.693715594332417851e+01 4.211995726670011209e+01
4.693715594332417851e+01 4.532890776714882008e+01
4.693715594332417851e+01 5.273587456344805702e+01
4.693715594332417851e+01 4.444271577427554831e+01
4.693715594332417851e+01 4.846449052611156105e+01
4.693715594332417851e+01 4.840795937434779717e+01
4.693715594332417851e+01 4.395640949412261733e+01
4.693715594332417851e+01 5.017661404163249017e+01
4.693715594332417851e+01 4.734399799477369442e+01
4.693715594332417851e+01 4.980116607075983381e+01
4.693715594332417851e+01 4.789311971541611257e+01
4.693715594332417851e+01 4.049648198737310167e+01
4.693715594332417851e+01 4.804149300059332717e+01
4.693715594332417851e+01 4.740978304148597289e+01
4.693715594332417851e+01 5.146798594615389533e+01
4.693715594332417851e+01 4.337723998246303125e+01
4.693715594332417851e+01 4.565352922522686896e+01
4.693715594332417851e+01 3.870880905299656405e+01
4.693715594332417851e+01 3.847778675688120842e+01
4.693715594332417851e+01 4.545677034878904976e+01
4.693715594332417851e+01 5.063844545239115291e+01
4.693715594332417851e+01 4.807104601551547063e+01
4.693715594332417851e+01 4.431568811426679133e+01
4.693715594332417851e+01 4.204935856291231033e+01
4.693715594332417851e+01 4.579918265089480656e+01
4.693715594332417851e+01 4.742928044045890346e+01
4.693715594332417851e+01 4.291585920628441642e+01
4.693715594332417851e+01 5.021766653073765951e+01
4.693715594332417851e+01 4.307991888196276875e+01
4.693715594332417851e+01 4.123095858711340611e+01
4.693715594332417851e+01 4.704952866624572749e+01
4.693715594332417851e+01 4.954582965737824196e+01
4.693715594332417851e+01 4.178907013815101834e+01
4.693715594332417851e+01 4.727652293456522159e+01
4.693715594332417851e+01 4.674337427030806680e+01
4.693715594332417851e+01 5.231979702725739401e+01
4.693715594332417851e+01 4.378082204138206635e+01
4.693715594332417851e+01 4.729043062671492947e+01
4.693715594332417851e+01 4.929529542727407687e+01
4.693715594332417851e+01 4.913997598115499699e+01
4.693715594332417851e+01 5.415568801245595409e+01
4.693715594332417851e+01 4.080506894327029244e+01
4.693715594332417851e+01 4.368654308883649406e+01
4.693715594332417851e+01 4.814735918846106699e+01
4.693715594332417851e+01 4.734496991057125825e+01
4.693715594332417851e+01 4.438925700135511931e+01
4.693715594332417851e+01 4.597595528351742900e+01
4.693715594332417851e+01 4.487221554100639054e+01
4.693715594332417851e+01 5.753706732058648754e+01
4.693715594332417851e+01 5.139127559018866265e+01
4.693715594332417851e+01 4.785598375994283771e+01
4.693715594332417851e+01 4.429084533990033634e+01
4.693715594332417851e+01 4.432180518350626386e+01
4.693715594332417851e+01 4.833592997054611118e+01
4.693715594332417851e+01 4.008925437669274316e+01
4.693715594332417851e+01 4.182826134992541256e+01
4.693715594332417851e+01 5.835864464567437437e+01
4.693715594332417851e+01 4.652046512476133699e+01
4.693715594332417851e+01 4.535951316571391345e+01
4.693715594332417851e+01 4.974049286605321640e+01
4.693715594332417851e+01 4.612486371840778077e+01
4.693715594332417851e+01 4.898559219555610156e+01
4.693715594332417851e+01 4.428238850804974192e+01
4.693715594332417851e+01 4.459064499173744167e+01
4.693715594332417851e+01 4.614206204510761467e+01
4.693715594332417851e+01 4.942574380901528031e+01
4.693715594332417851e+01 4.844959968213957779e+01
4.693715594332417851e+01 4.352997906522740834e+01
4.693715594332417851e+01 4.607832801940295298e+01
4.693715594332417851e+01 4.303872790528302517e+01
4.693715594332417851e+01 4.113709586208558022e+01
4.693715594332417851e+01 4.630385821977048977e+01
4.693715594332417851e+01 4.687225191605075025e+01
4.693715594332417851e+01 4.473535553649129781e+01
4.693715594332417851e+01 4.650510374166058369e+01
4.693715594332417851e+01 5.064366615031934771e+01
4.693715594332417851e+01 4.526050293035589789e+01
4.693715594332417851e+01 4.679927271937869904e+01
4.693715594332417851e+01 4.678857749850293857e+01
4.693715594332417851e+01 4.691015868199178129e+01
4.693715594332417851e+01 4.324259050938099591e+01
4.693715594332417851e+01 4.033040933921956395e+01
4.693715594332417851e+01 4.855181997407345307e+01
4.693715594332417851e+01 4.388026893992281430e+01
4.693715594332417851e+01 4.522479327572190755e+01
4.693715594332417851e+01 4.950645492127569725e+01
4.693715594332417851e+01 4.336874579874362468e+01
4.693715594332417851e+01 4.485203245534885497e+01
4.693715594332417851e+01 4.461088933827465297e+01
4.693715594332417851e+01 4.391649061848963953e+01
4.693715594332417851e+01 4.053084822768756368e+01
4.693715594332417851e+01 4.865578102339829769e+01
4.693715594332417851e+01 4.726068844778096434e+01
4.693715594332417851e+01 5.254035522622818632e+01
4.693715594332417851e+01 4.441990537526731941e+01
4.693715594332417851e+01 4.537996702012623018e+01
4.693715594332417851e+01 5.001060751767841595e+01
4.693715594332417851e+01 4.192872348114570258e+01
4.693715594332417851e+01 4.880272587099877057e+01
4.693715594332417851e+01 4.723944599501201225e+01
4.693715594332417851e+01 5.044330331720147598e+01
4.693715594332417851e+01 4.593109385236692077e+01
4.693715594332417851e+01 4.802485050423015167e+01
4.693715594332417851e+01 4.965672200757399679e+01
4.693715594332417851e+01 4.125516254589403076e+01
4.693715594332417851e+01 5.106365598333220390e+01
4.693715594332417851e+01 4.979332348153677401e+01
4.693715594332417851e+01 4.781752482395920367e+01
4.693715594332417851e+01 4.159771794341071427e+01
4.693715594332417851e+01 4.992376153573137998e+01
4.693715594332417851e+01 5.087964401405086079e+01
4.693715594332417851e+01 4.448771316320988944e+01
4.693715594332417851e+01 4.332977074896956537e+01
4.693715594332417851e+01 4.607289077782080966e+01
4.693715594332417851e+01 4.784925393215330303e+01
4.693715594332417851e+01 4.607837803964979884e+01
4.693715594332417851e+01 4.829486096276310292e+01
4.693715594332417851e+01 4.767654685481186050e+01
4.693715594332417851e+01 4.789936178572261838e+01
4.693715594332417851e+01 4.151508234298181321e+01
4.693715594332417851e+01 4.885728731971681071e+01
4.693715594332417851e+01 4.551710319913616587e+01
4.693715594332417851e+01 4.495858855505204588e+01
4.693715594332417851e+01 4.600553216494201791e+01
4.693715594332417851e+01 5.338139384745697669e+01
4.693715594332417851e+01 5.309765947612631010e+01
4.693715594332417851e+01 4.729158441285261461e+01
4.693715594332417851e+01 4.531966845714463688e+01
4.693715594332417851e+01 4.054023615181262130e+01
4.693715594332417851e+01 4.879160058580209380e+01
4.693715594332417851e+01 5.000616088161875439e+01
4.693715594332417851e+01 4.840949739995565437e+01
4.693715594332417851e+01 4.653879104297750047e+01
4.693715594332417851e+01 4.227897160206408245e+01
4.693715594332417851e+01 4.927813273140198191e+01
4.693715594332417851e+01 4.621057214352438791e+01
4.693715594332417851e+01 4.356283667633708490e+01
4.693715594332417851e+01 4.721406763770922765e+01
4.693715594332417851e+01 4.558591190536152027e+01
4.693715594332417851e+01 4.534871564311313108e+01
4.693715594332417851e+01 4.794813968031649409e+01
