4.693715594332417851e+01 4.021388223460067479e+01
4.693715594332417851e+01 5.209243383230608515e+01
4.693715594332417851e+01 5.131802838309685200e+01
4.693715594332417851e+01 4.505340434566457475e+01
4.693715594332417851e+01 4.664061425540150907e+01
4.693715594332417851e+01 4.785497782602762840e+01
4.693715594332417851e+01 4.634746645006631383e+01
4.693715594332417851e+01 4.457291748541273080e+01
4.693715594332417851e+01 4.907541436507110433e+01
4.693715594332417851e+01 4.447225680165946216e+01
4.693715594332417851e+01 4.902514142567220290e+01
4.693715594332417851e+01 4.497932129612146213e+01
4.693715594332417851e+01 4.855174566233979760e+01
4.693715594332417851e+01 4.321751804675969311e+01
4.693715594332417851e+01 4.719748578867955047e+01
4.693715594332417851e+01 4.479133319846008021e+01
4.693715594332417851e+01 4.276254633235386393e+01
4.693715594332417851e+01 4.984057852162909086e+01
4.693715594332417851e+01 4.849250686032019786e+01
4.693715594332417851e+01 4.912295716601663997e+01
4.693715594332417851e+01 4.580164144235976664e+01
4.693715594332417851e+01 4.682653169334611931e+01
4.693715594332417851e+01 4.310559566094773487e+01
4.693715594332417851e+01 3.995191841181407000e+01
4.693715594332417851e+01 4.266261996677290824e+01
4.693715594332417851e+01 4.702212375831931723e+01
4.693715594332417851e+01 4.403205747955906446e+01
4.693715594332417851e+01 5.250502127873892988e+01
4.693715594332417851e+01 4.274556105485223156e+01
4.693715594332417851e+01 4.658443974696115220e+01
4.693715594332417851e+01 4.636585548163218817e+01
4.693715594332417851e+01 4.160658057474919502e+01
4.693715594332417851e+01 5.529481916919197459e+01
4.693715594332417851e+01 4.394451854420563564e+01
4.693715594332417851e+01 4.826876074752175327e+01
4.693715594332417851e+01 4.675702991624600457e+01
4.693715594332417851e+01 4.313095200234346294e+01
4.693715594332417851e+01 4.690347617837784355e+01
4.693715594332417851e+01 4.497054724064116016e+01
4.693715594332417851e+01 5.040017881588957493e+01
4.693715594332417851e+01 4.281786815109180822e+01
4.693715594332417851e+01 4.342305099217263376e+01
4.693715594332417851e+01 4.410514858949893124e+01
4.693715594332417851e+01 4.081195307366868263e+01
4.693715594332417851e+01 4.628196783618246002e+01
4.693715594332417851e+01 4.494935294425705052e+01
4.693715594332417851e+01 4.971760139173830595e+01
4.693715594332417851e+01 4.556016404265019304e+01
4.693715594332417851e+01 4.568774244018602104e+01
4.693715594332417851e+01 4.557452020615802724e+01
4.693715594332417851e+01 4.498568190324567695e+01
4.693715594332417851e+01 4.701280236296150861e+01
4.693715594332417851e+01 4.729473427110180239e+01
4.693715594332417851e+01 4.758064629789635092e+01
4.693715594332417851e+01 4.589078522309297625e+01
4.693715594332417851e+01 4.474057807836588552e+01
4.693715594332417851e+01 4.269814936654622528e+01
4.693715594332417851e+01 4.484220627776558388e+01
4.693715594332417851e+01 4.256536465467234365e+01
4.693715594332417851e+01 4.534525328807675493e+01
4.693715594332417851e+01 4.812149516481275668e+01
4.693715594332417851e+01 4.176859606152265059e+01
4.693715594332417851e+01 3.912324546009125470e+01
4.693715594332417851e+01 4.475288295653444237e+01
4.693715594332417851e+01 5.212279954322885800e+01
4.693715594332417851e+01 4.767641025640144647e+01
4.693715594332417851e+01 4.349357183895038048e+01
4.693715594332417851e+01 5.043701418297342798e+01
4.693715594332417851e+01 4.315326137806344065e+01
4.693715594332417851e+01 4.116481617218803990e+01
4.693715594332417851e+01 4.089171241532498158e+01
4.693715594332417851e+01 5.012592064271882464e+01
4.693715594332417851e+01 4.561993519484352788e+01
4.693715594332417851e+01 4.669546675540810554e+01
4.693715594332417851e+01 4.204688573922191352e+01
4.693715594332417851e+01 4.837709913423218211e+01
4.693715594332417851e+01 4.540860880089528706e+01
4.693715594332417851e+01 4.385056470831951003e+01
4.693715594332417851e+01 4.661080405093645140e+01
4.693715594332417851e+01 4.514794346448908868e+01
4.693715594332417851e+01 4.384539154311643472e+01
4.693715594332417851e+01 4.504800610025071705e+01
4.693715594332417851e+01 4.151754472277196584e+01
4.693715594332417851e+01 5.100416357336980155e+01
4.693715594332417851e+01 4.691177295507537792e+01
4.693715594332417851e+01 4.396335794681372278e+01
4.693715594332417851e+01 4.619186104526527714e+01
4.693715594332417851e+01 4.843533036700844008e+01
4.693715594332417851e+01 4.069304210372562380e+01
4.693715594332417851e+01 4.398822820712032211e+01
4.693715594332417851e+01 5.085178227836181719e+01
4.693715594332417851e+01 5.115530218909633220e+01
4.693715594332417851e+01 4.649951746800490326e+01
4.693715594332417851e+01 4.730407327119804251e+01
4.693715594332417851e+01 5.035963392626169366e+01
4.693715594332417851e+01 4.741486798013668391e+01
4.693715594332417851e+01 4.616622452142837574e+01
4.693715594332417851e+01 5.477107454261830810e+01
4.693715594332417851e+01 4.866554094801421115e+01
4.693715594332417851e+01 4.363619812175403467e+01
4.693715594332417851e+01 4.319450541025240398e+01
4.693715594332417851e+01 4.803818765896920695e+01
4.693715594332417851e+01 4.407276809788243099e+01
4.693715594332417851e+01 4.935880616362313589e+01
4.693715594332417851e+01 4.772832555043970615e+01
4.693715594332417851e+01 4.488434133862277520e+01
4.693715594332417851e+01 4.431095373455369213e+01
4.693715594332417851e+01 4.840479624012711923e+01
4.693715594332417851e+01 4.510482491407031347e+01
4.693715594332417851e+01 4.798344793910398920e+01
4.693715594332417851e+01 4.859255480646831415e+01
4.693715594332417851e+01 4.809201581530970060e+01
4.693715594332417851e+01 4.505812622508791776e+01
4.693715594332417851e+01 3.978213331256409191e+01
4.693715594332417851e+01 4.836185247480339910e+01
4.693715594332417851e+01 4.586889955777848371e+01
4.693715594332417851e+01 4.577419534084497599e+01
4.693715594332417851e+01 4.357435243621544174e+01
4.693715594332417851e+01 4.551439789461543484e+01
4.693715594332417851e+01 4.488455365752323445e+01
4.693715594332417851e+01 4.478795069790575667e+01
4.693715594332417851e+01 4.562508278127709360e+01
4.693715594332417851e+01 4.338098071974940950e+01
4.693715594332417851e+01 4.755804377334309407e+01
4.693715594332417851e+01 4.878374556596492084e+01
4.693715594332417851e+01 4.591113721514789603e+01
4.693715594332417851e+01 4.478544956186119919e+01
4.693715594332417851e+01 4.354671376263704730e+01
4.693715594332417851e+01 4.602664934596488422e+01
4.693715594332417851e+01 4.207574941045945138e+01
4.693715594332417851e+01 4.771410068887015399e+01
4.693715594332417851e+01 4.865608859049773827e+01
4.693715594332417851e+01 5.263030721177069893e+01
4.693715594332417851e+01 4.773850184296037469e+01
4.693715594332417851e+01 4.703820222755044256e+01
4.693715594332417851e+01 4.635931237712336639e+01
4.693715594332417851e+01 4.480661189424732527e+01
4.693715594332417851e+01 4.643509705372611052e+01
4.693715594332417851e+01 4.734141566456352734e+01
4.693715594332417851e+01 4.489507161596196738e+01
4.693715594332417851e+01 4.186278876255411063e+01
4.693715594332417851e+01 4.395168468563645092e+01
4.693715594332417851e+01 4.070467314562807815e+01
4.693715594332417851e+01 5.310842637309900027e+01
4.693715594332417851e+01 5.149891317667498924e+01
4.693715594332417851e+01 4.685303199020054166e+01
4.693715594332417851e+01 5.028654648822733009e+01
4.693715594332417851e+01 4.397483186980876724e+01
4.693715594332417851e+01 4.803491797682185194e+01
4.693715594332417851e+01 4.857639882731954373e+01
4.693715594332417851e+01 4.611887149688580934e+01
4.693715594332417851e+01 4.114204994444448715e+01
4.693715594332417851e+01 4.428202664290856916e+01
4.693715594332417851e+01 4.652830990560551072e+01
4.693715594332417851e+01 4.958016950489584929e+01
4.693715594332417851e+01 4.797093502968304790e+01
4.693715594332417851e+01 4.520738269013046562e+01
4.693715594332417851e+01 4.537416306515132902e+01
4.693715594332417851e+01 4.963778037414802924e+01
4.693715594332417851e+01 4.513884902948603184e+01
4.693715594332417851e+01 4.829944996417042802e+01
4.693715594332417851e+01 4.196656405530338674e+01
4.693715594332417851e+01 4.409621452748165638e+01
4.693715594332417851e+01 4.426267996080300549e+01
4.693715594332417851e+01 4.983634570651032192e+01
4.693715594332417851e+01 4.672459544162255440e+01
4.693715594332417851e+01 4.514675247709796935e+01
4.693715594332417851e+01 3.834015452149196079e+01
4.693715594332417851e+01 4.302169323386919331e+01
4.693715594332417851e+01 4.949630058822013723e+01
4.693715594332417851e+01 4.537413150911650916e+01
4.693715594332417851e+01 3.789656041061981284e+01
4.693715594332417851e+01 5.103809490481108924e+01
4.693715594332417851e+01 4.866171339869326573e+01
4.693715594332417851e+01 5.518747699593501466e+01
4.693715594332417851e+01 4.573305326264367920e+01
4.693715594332417851e+01 4.567300343881521485e+01
4.693715594332417851e+01 5.221247672295397990e+01
4.693715594332417851e+01 4.452860162781773568e+01
4.693715594332417851e+01 4.596527115457449497e+01
4.693715594332417851e+01 4.962823888836025077e+01
4.693715594332417851e+01 4.633606327415105852e+01
4.693715594332417851e+01 4.886403840021492329e+01
4.693715594332417851e+01 4.801018453098294003e+01
4.693715594332417851e+01 4.427545753759687130e+01
4.693715594332417851e+01 4.287139129892803169e+01
4.693715594332417851e+01 4.602781584160260309e+01
4.693715594332417851e+01 4.548271757589244402e+01
4.693715594332417851e+01 4.669292862643369801e+01
4.693715594332417851e+01 4.268246347305382216e+01
4.693715594332417851e+01 4.731291530593941275e+01
4.693715594332417851e+01 4.560146271121361394e+01
4.693715594332417851e+01 5.056712963991143539e+01
4.693715594332417851e+01 3.857747185815713209e+01
4.693715594332417851e+01 4.841446797422157999e+01
4.693715594332417851e+01 4.617983287245647972e+01
4.693715594332417851e+01 4.276269763445862537e+01
4.693715594332417851e+01 4.297838694079521815e+01
4.693715594332417851e+01 4.813044180394282989e+01
4.693715594332417851e+01 4.103374756164197379e+01
4.693715594332417851e+01 4.960275885760136561e+01
4.693715594332417851e+01 4.338232966861373541e+01
4.693715594332417851e+01 4.538622756190302709e+01
4.693715594332417851e+01 4.586880953505058045e+01
4.693715594332417851e+01 4.032614092438874565e+01
4.693715594332417851e+01 4.444736169719811869e+01
4.693715594332417851e+01 4.324087792986804857e+01
4.693715594332417851e+01 4.765923489448157113e+01
4.693715594332417851e+01 4.730580408714437368e+01
4.693715594332417851e+01 4.265759095687133140e+01
4.693715594332417851e+01 4.709618895721377640e+01
4.693715594332417851e+01 5.115972567156941864e+01
4.693715594332417851e+01 4.816870181987271593e+01
4.693715594332417851e+01 5.449711131206323955e+01
4.693715594332417851e+01 4.486000321817864744e+01
4.693715594332417851e+01 4.777170368603940886e+01
4.693715594332417851e+01 4.819678342591384279e+01
4.693715594332417851e+01 4.211742396097284313e+01
4.693715594332417851e+01 4.657241033934968044e+01
4.693715594332417851e+01 4.583105830662911728e+01
4.693715594332417851e+01 4.387436269773994724e+01
4.693715594332417851e+01 3.872306520073239255e+01
4.693715594332417851e+01 4.640189793566884191e+01
4.693715594332417851e+01 4.732392546132653877e+01
4.693715594332417851e+01 4.657889897539102009e+01
4.693715594332417851e+01 5.384874154768721155e+01
4.693715594332417851e+01 4.057539704126161695e+01
4.693715594332417851e+01 4.404372005598591500e+01
4.693715594332417851e+01 4.603474882892124498e+01
4.693715594332417851e+01 5.282058777237472924e+01
4.693715594332417851e+01 5.297792263060904361e+01
4.693715594332417851e+01 5.145727984540549471e+01
4.693715594332417851e+01 5.113301846112595683e+01
4.693715594332417851e+01 4.646645010297128664e+01
4.693715594332417851e+01 4.534686147181439964e+01
4.693715594332417851e+01 4.247611470602908668e+01
4.693715594332417851e+01 5.196922894203616039e+01
4.693715594332417851e+01 4.904113119904930329e+01
4.693715594332417851e+01 3.979474015796910180e+01
4.693715594332417851e+01 4.126596682784628456e+01
4.693715594332417851e+01 4.269391014984278598e+01
4.693715594332417851e+01 4.704343998480631939e+01
4.693715594332417851e+01 5.424605246832598482e+01
4.693715594332417851e+01 4.652469595073056041e+01
4.693715594332417851e+01 4.574902878331546674e+01
4.693715594332417851e+01 4.677464413316990033e+01
4.693715594332417851e+01 4.882002817115930071e+01
4.693715594332417851e+01 5.188410133365396604e+01
4.693715594332417851e+01 4.408286475220477030e+01
4.693715594332417851e+01 5.118985101945940386e+01
4.693715594332417851e+01 4.646438096546879848e+01
4.693715594332417851e+01 4.889690797878963480e+01
4.693715594332417851e+01 4.282994087467843514e+01
4.693715594332417851e+01 4.382717968763964933e+01
4.693715594332417851e+01 4.978600781916164664e+01
4.693715594332417851e+01 4.233308179517493386e+01
4.693715594332417851e+01 4.716554888951838365e+01
4.693715594332417851e+01 4.480467202155486461e+01
4.693715594332417851e+01 4.243850196214945925e+01
4.693715594332417851e+01 4.119766022055225108e+01
4.693715594332417851e+01 4.875776818531455348e+01
4.693715594332417851e+01 4.497810051646758467e+01
4.693715594332417851e+01 3.963186702706346409e+01
4.693715594332417851e+01 4.252681393645972463e+01
4.693715594332417851e+01 4.574173946159017845e+01
4.693715594332417851e+01 4.779356286595697867e+01
4.693715594332417851e+01 5.290561552946987689e+01
4.693715594332417851e+01 4.976853288478511672e+01
4.693715594332417851e+01 4.629436267161470653e+01
4.693715594332417851e+01 4.509441349869777582e+01
4.693715594332417851e+01 4.158140722134909595e+01
4.693715594332417851e+01 4.361380264375852533e+01
4.693715594332417851e+01 5.041184331039333699e+01
4.693715594332417851e+01 4.511694790991553106e+01
4.693715594332417851e+01 4.703827047900323066e+01
4.693715594332417851e+01 4.997189237423307162e+01
4.693715594332417851e+01 5.104632807313686271e+01
4.693715594332417851e+01 4.562832142865036644e+01
4.693715594332417851e+01 4.413077676941192351e+01
4.693715594332417851e+01 4.643551568669042240e+01
4.693715594332417851e+01 3.897133862219759948e+01
4.693715594332417851e+01 4.212140796033740742e+01
4.693715594332417851e+01 4.392326348241682155e+01
4.693715594332417851e+01 4.956245046768376739e+01
4.693715594332417851e+01 4.691074797384116835e+01
4.693715594332417851e+01 4.341244565025368729e+01
4.693715594332417851e+01 4.679367238125775685e+01
4.693715594332417851e+01 4.817841954415226979e+01
4.693715594332417851e+01 4.930377226796849044e+01
4.693715594332417851e+01 5.124985090558434564e+01
4.693715594332417851e+01 4.533271642318356953e+01
4.693715594332417851e+01 4.552956555599298127e+01
4.693715594332417851e+01 4.526673711041647152e+01
4.693715594332417851e+01 4.677741081948211388e+01
4.693715594332417851e+01 4.517077199882913874e+01
4.693715594332417851e+01 4.886449975798432632e+01
4.693715594332417851e+01 5.110635038193055379e+01
4.693715594332417851e+01 4.662855547782677945e+01
4.693715594332417851e+01 3.945108247898956222e+01
4.693715594332417851e+01 4.300320286372897272e+01
4.693715594332417851e+01 4.204253558369764932e+01
4.693715594332417851e+01 4.902154101762408800e+01
4.693715594332417851e+01 4.097901349029126550e+01
4.693715594332417851e+01 4.894820265014604388e+01
4.693715594332417851e+01 4.428229160976028567e+01
4.693715594332417851e+01 4.544364132961886327e+01
4.693715594332417851e+01 5.141399415888000135e+01
4.693715594332417851e+01 4.859224776973525195e+01
4.693715594332417851e+01 4.515939957460044241e+01
4.693715594332417851e+01 4.941499972512616523e+01
4.693715594332417851e+01 4.289892248996280699e+01
4.693715594332417851e+01 4.419624481573827524e+01
4.693715594332417851e+01 4.479334630234892245e+01
4.693715594332417851e+01 3.837945967302488270e+01
4.693715594332417851e+01 4.308996490208613750e+01
4.693715594332417851e+01 4.644785517362574012e+01
4.693715594332417851e+01 4.927055954964905027e+01
4.693715594332417851e+01 4.683587098503234358e+01
4.693715594332417851e+01 4.305261077271273251e+01
4.693715594332417851e+01 4.836032620340148469e+01
4.693715594332417851e+01 4.638652308664143931e+01
4.693715594332417851e+01 5.081171066758063404e+01
4.693715594332417851e+01 4.250119019947764087e+01
4.693715594332417851e+01 4.651152148123796337e+01
4.693715594332417851e+01 5.070954157655784655e+01
4.693715594332417851e+01 4.774693649902392423e+01
4.693715594332417851e+01 4.755960740163660461e+01
4.693715594332417851e+01 4.957837938891317009e+01
4.693715594332417851e+01 4.388406578499716915e+01
4.693715594332417851e+01 4.128109117077254098e+01
4.693715594332417851e+01 4.333364903919218136e+01
4.693715594332417851e+01 4.701223890353034562e+01
4.693715594332417851e+01 4.194015958041901371e+01
4.693715594332417851e+01 4.808593368755142450e+01
4.693715594332417851e+01 4.674043382050791706e+01
4.693715594332417851e+01 4.945382453071925966e+01
4.693715594332417851e+01 4.583748142088922606e+01
4.693715594332417851e+01 4.386046732456173203e+01
4.693715594332417851e+01 4.761778200897406066e+01
4.693715594332417851e+01 5.151939430261318620e+01
4.693715594332417851e+01 4.060711046327050155e+01
4.693715594332417851e+01 3.841509642145864234e+01
4.693715594332417851e+01 5.032526159430344137e+01
4.693715594332417851e+01 4.655220279672388983e+01
4.693715594332417851e+01 4.647484114996127147e+01
4.693715594332417851e+01 4.364190182384506045e+01
4.693715594332417851e+01 4.438163311399374322e+01
4.693715594332417851e+01 4.888984949463756635e+01
4.693715594332417851e+01 4.747579579690837193e+01
4.693715594332417851e+01 4.779388662850777791e+01
4.693715594332417851e+01 5.188195253129962481e+01
4.693715594332417851e+01 4.238694045951507405e+01
4.693715594332417851e+01 4.401752272973676128e+01
4.693715594332417851e+01 4.266121259702066482e+01
4.693715594332417851e+01 3.886679959543887009e+01
4.693715594332417851e+01 4.313437014647981016e+01
4.693715594332417851e+01 4.683334029920694519e+01
4.693715594332417851e+01 3.987953988849108811e+01
4.693715594332417851e+01 4.517796009581903149e+01
4.693715594332417851e+01 4.306454862100196124e+01
4.693715594332417851e+01 4.749816854149310075e+01
4.693715594332417851e+01 4.674180274678870717e+01
4.693715594332417851e+01 4.999360377722508986e+01
4.693715594332417851e+01 5.140111291544502592e+01
4.693715594332417851e+01 4.674733188798283123e+01
4.693715594332417851e+01 4.571991766882634067e+01
4.693715594332417851e+01 4.253429237955941034e+01
4.693715594332417851e+01 5.044535242017869336e+01
4.693715594332417851e+01 3.801570571007672328e+01
4.693715594332417851e+01 4.771156982338744967e+01
4.693715594332417851e+01 4.803130279392723878e+01
4.693715594332417851e+01 4.772318444727973485e+01
4.693715594332417851e+01 4.733482634995429095e+01
4.693715594332417851e+01 4.376884837749139479e+01
4.693715594332417851e+01 4.780675453167144440e+01
4.693715594332417851e+01 4.147765526651789258e+01
4.693715594332417851e+01 5.182621783466768051e+01
4.693715594332417851e+01 4.096170979502663556e+01
4.693715594332417851e+01 5.035668113422303804e+01
4.693715594332417851e+01 5.003129186182212607e+01
4.693715594332417851e+01 4.564766430328760549e+01
4.693715594332417851e+01 4.481100081850896544e+01
4.693715594332417851e+01 5.127838033346758095e+01
4.693715594332417851e+01 4.713178525170707189e+01
4.693715594332417851e+01 4.609523847812378250e+01
4.693715594332417851e+01 4.360526183999103012e+01
4.693715594332417851e+01 4.963888476764628166e+01
4.693715594332417851e+01 4.610296556990040528e+01
4.693715594332417851e+01 4.673554618756283219e+01
4.693715594332417851e+01 4.010970186563081796e+01
4.693715594332417851e+01 4.791222855952638326e+01
4.693715594332417851e+01 4.525698304908193137e+01
4.693715594332417851e+01 3.973583287740990500e+01
4.693715594332417851e+01 4.881612283979525557e+01
4.693715594332417851e+01 4.850042989764932599e+01
4.693715594332417851e+01 4.506127954957029402e+01
4.693715594332417851e+01 4.811617001369707225e+01
4.693715594332417851e+01 4.304758323811561382e+01
4.693715594332417851e+01 4.500754438236021571e+01
4.693715594332417851e+01 4.805370296181511947e+01
4.693715594332417851e+01 5.004871661843424135e+01
4.693715594332417851e+01 4.244062091315869623e+01
4.693715594332417851e+01 4.824890747545358494e+01
4.693715594332417851e+01 4.467525015176254755e+01
4.693715594332417851e+01 4.880645035409785493e+01
4.693715594332417851e+01 4.697641852463193146e+01
4.693715594332417851e+01 5.024293363622112452e+01
4.693715594332417851e+01 4.755813077073193540e+01
4.693715594332417851e+01 4.523462099810596015e+01
4.693715594332417851e+01 4.116035944524247725e+01
4.693715594332417851e+01 5.058592452826770369e+01
4.693715594332417851e+01 4.381681231843370483e+01
4.693715594332417851e+01 4.994707953965885849e+01
4.693715594332417851e+01 4.524386565942045024e+01
4.693715594332417851e+01 4.520029005609988815e+01
4.693715594332417851e+01 4.633610260579573037e+01
4.693715594332417851e+01 4.415879755172370125e+01
4.693715594332417851e+01 4.578062371497627936e+01
4.693715594332417851e+01 4.129007902333202651e+01
4.693715594332417851e+01 4.121848682309401823e+01
4.693715594332417851e+01 4.582138409711625826e+01
4.693715594332417851e+01 4.870462317076127334e+01
4.693715594332417851e+01 4.535940640027124005e+01
4.693715594332417851e+01 4.664711620279817339e+01
4.693715594332417851e+01 4.787270088039819882e+01
4.693715594332417851e+01 4.311915339078003484e+01
4.693715594332417851e+01 4.662657706447272687e+01
4.693715594332417851e+01 4.357449541549062388e+01
4.693715594332417851e+01 4.136555339999154768e+01
4.693715594332417851e+01 4.330220835401540569e+01
4.693715594332417851e+01 4.676122436615693090e+01
4.693715594332417851e+01 4.423609704327157743e+01
4.693715594332417851e+01 4.509347282433304827e+01
4.693715594332417851e+01 4.588346195430878538e+01
4.693715594332417851e+01 5.093023327689064672e+01
4.693715594332417851e+01 4.759174169243318886e+01
4.693715594332417851e+01 4.403153675790706245e+01
4.693715594332417851e+01 4.783131363333255592e+01
4.693715594332417851e+01 4.258400291747920363e+01
4.693715594332417851e+01 4.057211353395020126e+01
4.693715594332417851e+01 4.566611810343252387e+01
4.693715594332417851e+01 4.518101634818945200e+01
4.693715594332417851e+01 4.193150127828281626e+01
4.693715594332417851e+01 4.760866656015708287e+01
4.693715594332417851e+01 4.632997156779181580e+01
4.693715594332417851e+01 4.093387657346313802e+01
4.693715594332417851e+01 4.778683269043195025e+01
4.693715594332417851e+01 4.199031591685810838e+01
4.693715594332417851e+01 4.625304718772935786e+01
4.693715594332417851e+01 4.428390535001773287e+01
4.693715594332417851e+01 4.377858964304191147e+01
4.693715594332417851e+01 4.706638755399656304e+01
4.693715594332417851e+01 4.372796835735211829e+01
4.693715594332417851e+01 4.347892128833634473e+01
4.693715594332417851e+01 4.627907998693920888e+01
4.693715594332417851e+01 4.675635249821645090e+01
4.693715594332417851e+01 4.866982513897773543e+01
4.693715594332417851e+01 4.423213444766875568e+01
4.693715594332417851e+01 4.912322056183241159e+01
4.693715594332417851e+01 4.140877890958805807e+01
4.693715594332417851e+01 3.660607123802185470e+01
4.693715594332417851e+01 4.639823064012126963e+01
4.693715594332417851e+01 5.141368697958637313e+01
4.693715594332417851e+01 4.596877506141441927e+01
4.693715594332417851e+01 4.300129639592395847e+01
4.693715594332417851e+01 4.622144692278699551e+01
4.693715594332417851e+01 5.295951633649763579e+01
4.693715594332417851e+01 4.788179127246470301e+01
4.693715594332417851e+01 4.661673176008257968e+01
4.693715594332417851e+01 4.810918037781804202e+01
4.693715594332417851e+01 4.755989537617571017e+01
4.693715594332417851e+01 4.723256719267183712e+01
4.693715594332417851e+01 4.698400851548890955e+01
4.693715594332417851e+01 4.817137100345914291e+01
4.693715594332417851e+01 5.684829215135022196e+01
4.693715594332417851e+01 4.104733719108554624e+01
4.693715594332417851e+01 4.857685867533945157e+01
4.693715594332417851e+01 4.214444382775763387e+01
4.693715594332417851e+01 4.313441035849206173e+01
4.693715594332417851e+01 4.225962037317521691e+01
4.693715594332417851e+01 4.557619712803792567e+01
4.693715594332417851e+01 5.025382557075789691e+01
4.693715594332417851e+01 3.977394287790124849e+01
4.693715594332417851e+01 4.346468862917225096e+01
4.693715594332417851e+01 5.393099570274512899e+01
4.693715594332417851e+01 4.596701112955940260e+01
4.693715594332417851e+01 4.452439185235576247e+01
4.693715594332417851e+01 4.885541468043346924e+01
4.693715594332417851e+01 4.554547568052120710e+01
4.693715594332417851e+01 4.542684131653342661e+01
4.693715594332417851e+01 4.613781677843330442e+01
4.693715594332417851e+01 4.414830648710500327e+01
4.693715594332417851e+01 4.858309973778394664e+01
4.693715594332417851e+01 4.556678420324620049e+01
4.693715594332417851e+01 5.030461716838161834e+01
4.693715594332417851e+01 4.656152619564463180e+01
4.693715594332417851e+01 4.776965795851850771e+01
4.693715594332417851e+01 4.593209998361857060e+01
4.693715594332417851e+01 4.868265408764058577e+01
4.693715594332417851e+01 5.270216805861047504e+01
4.693715594332417851e+01 4.821467943039434090e+01
4.693715594332417851e+01 3.871328453663193159e+01
4.693715594332417851e+01 4.877826685201340240e+01
4.693715594332417851e+01 4.601956241784930768e+01
4.693715594332417851e+01 4.570425038634641624e+01
4.693715594332417851e+01 4.662351395115536690e+01
4.693715594332417851e+01 4.281197244156519588e+01
4.693715594332417851e+01 4.887473632270569368e+01
4.693715594332417851e+01 3.826397552252335998e+01
4.693715594332417851e+01 3.696417896422406812e+01
4.693715594332417851e+01 4.416048302451718399e+01
4.693715594332417851e+01 4.668625212054912765e+01
4.693715594332417851e+01 4.656337116928488484e+01
4.693715594332417851e+01 4.026006182472821138e+01
4.693715594332417851e+01 4.708479211836937139e+01
4.693715594332417851e+01 4.449098014500658138e+01
4.693715594332417851e+01 4.719562073149007375e+01
4.693715594332417851e+01 4.347026318431194625e+01
4.693715594332417851e+01 5.378357355386743421e+01
4.693715594332417851e+01 4.677444007182555907e+01
4.693715594332417851e+01 4.689878451725582664e+01
4.693715594332417851e+01 4.726114198787443854e+01
4.693715594332417851e+01 4.355277636911493033e+01
4.693715594332417851e+01 4.387081505961291583e+01
4.693715594332417851e+01 4.694153244753793075e+01
4.693715594332417851e+01 4.602626779146684299e+01
4.693715594332417851e+01 5.133181559156084006e+01
4.693715594332417851e+01 4.387092045188634160e+01
4.693715594332417851e+01 4.436819970280041758e+01
4.693715594332417851e+01 4.433820795650882474e+01
4.693715594332417851e+01 4.780986041776315432e+01
4.693715594332417851e+01 4.803176941725534732e+01
4.693715594332417851e+01 3.640088372125256200e+01
4.693715594332417851e+01 4.595010322989107721e+01
4.693715594332417851e+01 4.378127528224613485e+01
4.693715594332417851e+01 4.715705286312815048e+01
4.693715594332417851e+01 5.441217115886225031e+01
4.693715594332417851e+01 5.072906875080407474e+01
4.693715594332417851e+01 4.181825545116915777e+01
4.693715594332417851e+01 4.601323841290756178e+01
4.693715594332417851e+01 4.313168970590525930e+01
4.693715594332417851e+01 4.421786962835664525e+01
4.693715594332417851e+01 4.220352028064884564e+01
4.693715594332417851e+01 4.267614173745704420e+01
4.693715594332417851e+01 4.479304858921111787e+01
4.693715594332417851e+01 3.714994909485726282e+01
4.693715594332417851e+01 4.848509630807853199e+01
4.693715594332417851e+01 5.301029295103270300e+01
4.693715594332417851e+01 3.936295641794806954e+01
4.693715594332417851e+01 5.088188544805987590e+01
4.693715594332417851e+01 4.613207328493080439e+01
4.693715594332417851e+01 4.528409844341221913e+01
4.693715594332417851e+01 5.091620354172681573e+01
4.693715594332417851e+01 4.411292721668764472e+01
4.693715594332417851e+01 4.386716082197626321e+01
4.693715594332417851e+01 4.141714302243340029e+01
4.693715594332417851e+01 4.260644440096822905e+01
4.693715594332417851e+01 4.810277192381293077e+01
4.693715594332417851e+01 4.308888088502359182e+01
4.693715594332417851e+01 4.368145209231210657e+01
4.693715594332417851e+01 4.214566739530277317e+01
4.693715594332417851e+01 4.275145055132071548e+01
4.693715594332417851e+01 4.551990579737373821e+01
4.693715594332417851e+01 4.827393812141580298e+01
4.693715594332417851e+01 5.016101257794755242e+01
4.693715594332417851e+01 5.048886575384000963e+01
4.693715594332417851e+01 5.015223299637467136e+01
4.693715594332417851e+01 4.434554158923274514e+01
4.693715594332417851e+01 4.016231924493089167e+01
4.693715594332417851e+01 4.198228797891787423e+01
4.693715594332417851e+01 4.530115263939495662e+01
4.693715594332417851e+01 4.753529704879581885e+01
4.693715594332417851e+01 4.965563349915493774e+01
4.693715594332417851e+01 4.528257514543616225e+01
4.693715594332417851e+01 3.883795885275523574e+01
4.693715594332417851e+01 5.095764641761667235e+01
4.693715594332417851e+01 4.261521168417095851e+01
4.693715594332417851e+01 4.260606380473137733e+01
4.693715594332417851e+01 4.379544045585709000e+01
4.693715594332417851e+01 4.972573966980905169e+01
4.693715594332417851e+01 4.276122636044652126e+01
4.693715594332417851e+01 4.061083556672638650e+01
4.693715594332417851e+01 4.259605752920947452e+01
4.693715594332417851e+01 4.753274739117643577e+01
4.693715594332417851e+01 4.359758949849621246e+01
4.693715594332417851e+01 4.459675111611586118e+01
4.693715594332417851e+01 4.945697660450151290e+01
4.693715594332417851e+01 5.062007876285960606e+01
4.693715594332417851e+01 4.950304889870328395e+01
4.693715594332417851e+01 4.893088914279150003e+01
4.693715594332417851e+01 4.782504800509864396e+01
4.693715594332417851e+01 4.544225702400384392e+01
4.693715594332417851e+01 4.585523809023378305e+01
4.693715594332417851e+01 4.104514307964387854e+01
4.693715594332417851e+01 4.506563158092295396e+01
4.693715594332417851e+01 4.204945410715362186e+01
4.693715594332417851e+01 5.124349689344956715e+01
4.693715594332417851e+01 4.166291260691284748e+01
4.693715594332417851e+01 5.049755867979105517e+01
4.693715594332417851e+01 4.005321652238408348e+01
4.693715594332417851e+01 4.847203060705677302e+01
4.693715594332417851e+01 5.004493473841915829e+01
4.693715594332417851e+01 4.166086327368808639e+01
4.693715594332417851e+01 4.459140748678747457e+01
4.693715594332417851e+01 4.914751996069112749e+01
4.693715594332417851e+01 4.822621975628781854e+01
4.693715594332417851e+01 4.866246185616363107e+01
4.693715594332417851e+01 4.854709602167493898e+01
4.693715594332417851e+01 4.634617910121769313e+01
4.693715594332417851e+01 4.828303349977610281e+01
4.693715594332417851e+01 4.594629654386789497e+01
4.693715594332417851e+01 4.679275909560035274e+01
4.693715594332417851e+01 4.455629514333185881e+01
4.693715594332417851e+01 4.448275931673682493e+01
4.693715594332417851e+01 5.263892720221365806e+01
4.693715594332417851e+01 4.440024570418103167e+01
4.693715594332417851e+01 4.884872822753317934e+01
4.693715594332417851e+01 4.611231746189851322e+01
4.693715594332417851e+01 4.459053289694099931e+01
4.693715594332417851e+01 5.443014871089170015e+01
4.693715594332417851e+01 4.208657527342489146e+01
4.693715594332417851e+01 4.406798974014320436e+01
4.693715594332417851e+01 4.321940261459041466e+01
4.693715594332417851e+01 4.875117649325128610e+01
4.693715594332417851e+01 4.407278079590302156e+01
4.693715594332417851e+01 4.356430376611145761e+01
4.693715594332417851e+01 4.552764042115404663e+01
4.693715594332417851e+01 4.309130445500061768e+01
4.693715594332417851e+01 4.441417249596059236e+01
4.693715594332417851e+01 4.769409245761640648e+01
4.693715594332417851e+01 4.837977418291293219e+01
4.693715594332417851e+01 5.127470440524776762e+01
4.693715594332417851e+01 4.372808759470137119e+01
4.693715594332417851e+01 4.975847768937470761e+01
4.693715594332417851e+01 4.410627886746679849e+01
4.693715594332417851e+01 4.413495364544741051e+01
4.693715594332417851e+01 4.804125685712363492e+01
4.693715594332417851e+01 4.214435788286532159e+01
4.693715594332417851e+01 4.786881263280820065e+01
4.693715594332417851e+01 4.647116071032186824e+01
4.693715594332417851e+01 4.198149054591306850e+01
4.693715594332417851e+01 4.283831684308614740e+01
4.693715594332417851e+01 4.685071867441126159e+01
4.693715594332417851e+01 4.491372748024389239e+01
4.693715594332417851e+01 4.704350093748994510e+01
4.693715594332417851e+01 4.931519762644236948e+01
4.693715594332417851e+01 4.923725272615025261e+01
4.693715594332417851e+01 4.630617529057153092e+01
4.693715594332417851e+01 4.435056897196771786e+01
4.693715594332417851e+01 4.415934325642475500e+01
4.693715594332417851e+01 4.632534774668535249e+01
4.693715594332417851e+01 4.877979050936139060e+01
4.693715594332417851e+01 4.514447048720218447e+01
4.693715594332417851e+01 4.503123495018518696e+01
4.693715594332417851e+01 4.821711114498340578e+01
4.693715594332417851e+01 4.649851952423413337e+01
4.693715594332417851e+01 5.177998662941699592e+01
4.693715594332417851e+01 4.275838905917457566e+01
4.693715594332417851e+01 4.990380602551871192e+01
4.693715594332417851e+01 4.793695913577163736e+01
4.693715594332417851e+01 4.779176969041441936e+01
4.693715594332417851e+01 4.451615701348321608e+01
4.693715594332417851e+01 4.803716147466808195e+01
4.693715594332417851e+01 5.090086494241834458e+01
4.693715594332417851e+01 4.073225645677791817e+01
4.693715594332417851e+01 4.749422857181305346e+01
4.693715594332417851e+01 4.547076565584688268e+01
4.693715594332417851e+01 5.047529325307077386e+01
4.693715594332417851e+01 4.847336725436788640e+01
4.693715594332417851e+01 4.631454633938886900e+01
4.693715594332417851e+01 4.060251119781749907e+01
4.693715594332417851e+01 4.386491020802438356e+01
4.693715594332417851e+01 5.028895135981053244e+01
4.693715594332417851e+01 4.773418709910794178e+01
4.693715594332417851e+01 4.381020458020467601e+01
4.693715594332417851e+01 4.325760715405687762e+01
4.693715594332417851e+01 4.358396623801802860e+01
4.693715594332417851e+01 4.445131439332889300e+01
4.693715594332417851e+01 4.018241214346214463e+01
4.693715594332417851e+01 5.088886945758949309e+01
4.693715594332417851e+01 4.295508585727063888e+01
4.693715594332417851e+01 4.486336371554607183e+01
4.693715594332417851e+01 4.376364077066894964e+01
4.693715594332417851e+01 4.546898850660904401e+01
4.693715594332417851e+01 4.626675660895030973e+01
4.693715594332417851e+01 4.345146632246913754e+01
4.693715594332417851e+01 4.268174374790839920e+01
4.693715594332417851e+01 4.001447638568967591e+01
4.693715594332417851e+01 5.413306224381836529e+01
4.693715594332417851e+01 4.737584165340108910e+01
4.693715594332417851e+01 4.575260128008014249e+01
4.693715594332417851e+01 4.977817414141541263e+01
4.693715594332417851e+01 4.365997282051501571e+01
4.693715594332417851e+01 4.359627748361381094e+01
4.693715594332417851e+01 4.609124658883933989e+01
4.693715594332417851e+01 5.104785768303849380e+01
4.693715594332417851e+01 4.365572675380649059e+01
4.693715594332417851e+01 4.940462921161626753e+01
4.693715594332417851e+01 4.494479809306100293e+01
4.693715594332417851e+01 4.487280742806393619e+01
4.693715594332417851e+01 4.059817488678886122e+01
4.693715594332417851e+01 4.343345386199158753e+01
4.693715594332417851e+01 4.617083568860850562e+01
4.693715594332417851e+01 4.320191353303002302e+01
4.693715594332417851e+01 4.454172226304012838e+01
4.693715594332417851e+01 4.496159935465189506e+01
4.693715594332417851e+01 4.288796318750828362e+01
4.693715594332417851e+01 4.908909025866486076e+01
4.693715594332417851e+01 4.364601342233590486e+01
4.693715594332417851e+01 4.685205980738545151e+01
4.693715594332417851e+01 4.827771994868862748e+01
4.693715594332417851e+01 4.669392966572158343e+01
4.693715594332417851e+01 4.432442824048148111e+01
4.693715594332417851e+01 5.305546259436408008e+01
4.693715594332417851e+01 4.534748283027904137e+01
4.693715594332417851e+01 4.596324788905241121e+01
4.693715594332417851e+01 4.351805473555713633e+01
4.693715594332417851e+01 4.489173550118182021e+01
4.693715594332417851e+01 4.213915179620352802e+01
4.693715594332417851e+01 4.271797913997601626e+01
4.693715594332417851e+01 4.770277369321487271e+01
4.693715594332417851e+01 4.472052428816091663e+01
4.693715594332417851e+01 4.539806178282086790e+01
4.693715594332417851e+01 4.897803989984186757e+01
4.693715594332417851e+01 4.716474635227022105e+01
4.693715594332417851e+01 4.143267291982949274e+01
4.693715594332417851e+01 4.748253807144003957e+01
4.693715594332417851e+01 4.909794313971357838e+01
4.693715594332417851e+01 5.319248936623395707e+01
4.693715594332417851e+01 4.528688303594181974e+01
4.693715594332417851e+01 4.428132015137454403e+01
4.693715594332417851e+01 4.899830969917178436e+01
4.693715594332417851e+01 4.258961568800506825e+01
4.693715594332417851e+01 4.239150081836947948e+01
4.693715594332417851e+01 4.343092333324263876e+01
4.693715594332417851e+01 4.928183454313960965e+01
4.693715594332417851e+01 4.682495970353777892e+01
4.693715594332417851e+01 4.731452563221017726e+01
4.693715594332417851e+01 4.988371864495432106e+01
4.693715594332417851e+01 4.048871384248581506e+01
4.693715594332417851e+01 5.150954504950176727e+01
4.693715594332417851e+01 4.393697597157898826e+01
4.693715594332417851e+01 4.809485251027348340e+01
4.693715594332417851e+01 4.814825709095132567e+01
4.693715594332417851e+01 4.228277360204592838e+01
4.693715594332417851e+01 4.419946322348820189e+01
4.693715594332417851e+01 4.705777626552702486e+01
4.693715594332417851e+01 4.853467934286563690e+01
4.693715594332417851e+01 4.797117444986929513e+01
4.693715594332417851e+01 4.619007506646584460e+01
4.693715594332417851e+01 4.454111862623190632e+01
4.693715594332417851e+01 4.949645074015433721e+01
4.693715594332417851e+01 4.979100500280325292e+01
4.693715594332417851e+01 4.296049732913859742e+01
4.693715594332417851e+01 4.693177075191494652e+01
4.693715594332417851e+01 4.401136679055725409e+01
4.693715594332417851e+01 4.824627193326344354e+01
4.693715594332417851e+01 4.176114746143723977e+01
4.693715594332417851e+01 4.895647635342560733e+01
4.693715594332417851e+01 4.100462354540701426e+01
4.693715594332417851e+01 4.553926249052810959e+01
4.693715594332417851e+01 5.246481055924842707e+01
4.693715594332417851e+01 4.664512414270516416e+01
4.693715594332417851e+01 4.679318381742486110e+01
4.693715594332417851e+01 5.014456267220418084e+01
4.693715594332417851e+01 4.922310974158487795e+01
4.693715594332417851e+01 4.833748497427260560e+01
4.693715594332417851e+01 4.867601685730217298e+01
4.693715594332417851e+01 4.443847726167756917e+01
4.693715594332417851e+01 4.671079254826985050e+01
4.693715594332417851e+01 4.565159959770969067e+01
4.693715594332417851e+01 4.319001577929219593e+01
4.693715594332417851e+01 4.347913303839198562e+01
4.693715594332417851e+01 4.253504208942322862e+01
4.693715594332417851e+01 5.075943031537137529e+01
4.693715594332417851e+01 3.951938695576063765e+01
4.693715594332417851e+01 4.403307521317794482e+01
4.693715594332417851e+01 4.940114983371194768e+01
4.693715594332417851e+01 4.366331821953832559e+01
4.693715594332417851e+01 4.567485336526968354e+01
4.693715594332417851e+01 4.685984920427632971e+01
4.693715594332417851e+01 4.399400319105271251e+01
4.693715594332417851e+01 4.555998789706715257e+01
4.693715594332417851e+01 4.409872972232864186e+01
4.693715594332417851e+01 4.739075664338442095e+01
4.693715594332417851e+01 4.820057415910783760e+01
4.693715594332417851e+01 4.254903610501856548e+01
4.693715594332417851e+01 4.134518834242495444e+01
4.693715594332417851e+01 4.739862519035689559e+01
4.693715594332417851e+01 5.594813486442750161e+01
4.693715594332417851e+01 4.712725490570362297e+01
4.693715594332417851e+01 4.493652412785925776e+01
4.693715594332417851e+01 4.681515423238500517e+01
4.693715594332417851e+01 4.658169700354473974e+01
4.693715594332417851e+01 4.411701525579890415e+01
4.693715594332417851e+01 4.708198496736620342e+01
4.693715594332417851e+01 4.198224441320883926e+01
4.693715594332417851e+01 4.263297150368538269e+01
4.693715594332417851e+01 4.246191574005948866e+01
4.693715594332417851e+01 4.650854924217322406e+01
4.693715594332417851e+01 4.831651018104883377e+01
4.693715594332417851e+01 4.356940433286280268e+01
4.693715594332417851e+01 4.989878190866491536e+01
4.693715594332417851e+01 4.450701249874845189e+01
4.693715594332417851e+01 4.728359906984479721e+01
4.693715594332417851e+01 4.737504958791002707e+01
4.693715594332417851e+01 4.768762172882477302e+01
4.693715594332417851e+01 4.552699104421014908e+01
4.693715594332417851e+01 4.857765675155273755e+01
4.693715594332417851e+01 4.792229187469170171e+01
4.693715594332417851e+01 4.548972144656739403e+01
4.693715594332417851e+01 4.994137478182432943e+01
4.693715594332417851e+01 4.906296623840134430e+01
4.693715594332417851e+01 4.207850094849715106e+01
4.693715594332417851e+01 4.211466988168742631e+01
4.693715594332417851e+01 5.532271456739006510e+01
4.693715594332417851e+01 4.753501348997663456e+01
4.693715594332417851e+01 4.935468111686802928e+01
4.693715594332417851e+01 4.730381416491242419e+01
4.693715594332417851e+01 5.085699691653948662e+01
4.693715594332417851e+01 5.039449268473782695e+01
4.693715594332417851e+01 5.160303256903045366e+01
4.693715594332417851e+01 4.208359999156368048e+01
4.693715594332417851e+01 4.015059606297661077e+01
4.693715594332417851e+01 4.595477092894669369e+01
4.693715594332417851e+01 5.369548697665634052e+01
4.693715594332417851e+01 4.113158399830432899e+01
4.693715594332417851e+01 4.260671421919752788e+01
4.693715594332417851e+01 5.048013666537168120e+01
4.693715594332417851e+01 4.489202743321853006e+01
4.693715594332417851e+01 4.656188313259340816e+01
4.693715594332417851e+01 4.433992841711975075e+01
4.693715594332417851e+01 4.641866644967286248e+01
4.693715594332417851e+01 5.028799283624856287e+01
4.693715594332417851e+01 4.907364678997718954e+01
4.693715594332417851e+01 4.015220911578800411e+01
4.693715594332417851e+01 4.488318166657999342e+01
4.693715594332417851e+01 4.830789646069068510e+01
4.693715594332417851e+01 4.212314195943169182e+01
4.693715594332417851e+01 5.235035881163000226e+01
4.693715594332417851e+01 4.398099910563844617e+01
4.693715594332417851e+01 4.948574607841201356e+01
4.693715594332417851e+01 4.969407868973202369e+01
4.693715594332417851e+01 5.114971136174238353e+01
4.693715594332417851e+01 4.614422222102386684e+01
4.693715594332417851e+01 4.548832603703518629e+01
4.693715594332417851e+01 5.002020742159930933e+01
4.693715594332417851e+01 5.127582230496565785e+01
4.693715594332417851e+01 4.298042622625749942e+01
4.693715594332417851e+01 4.518117063401287226e+01
4.693715594332417851e+01 3.978450639983886816e+01
4.693715594332417851e+01 5.089299629225430266e+01
4.693715594332417851e+01 4.993980221558810229e+01
4.693715594332417851e+01 4.582586962636612071e+01
4.693715594332417851e+01 4.392083818606111834e+01
4.693715594332417851e+01 5.576337857086095084e+01
4.693715594332417851e+01 4.483358439029251485e+01
4.693715594332417851e+01 4.617867908712469927e+01
4.693715594332417851e+01 4.147445891174911026e+01
4.693715594332417851e+01 5.047253322910611217e+01
4.693715594332417851e+01 4.696122596359745671e+01
4.693715594332417851e+01 4.877010669431096090e+01
4.693715594332417851e+01 4.414853314830627085e+01
4.693715594332417851e+01 4.436260270791949978e+01
4.693715594332417851e+01 4.588136283621548728e+01
4.693715594332417851e+01 4.401217870580003222e+01
4.693715594332417851e+01 4.113729105547472642e+01
4.693715594332417851e+01 4.566984528704395530e+01
4.693715594332417851e+01 4.227864027496123356e+01
4.693715594332417851e+01 4.396317485183516283e+01
4.693715594332417851e+01 4.978273808889915131e+01
4.693715594332417851e+01 5.088031726269888111e+01
4.693715594332417851e+01 5.052594007520359298e+01
4.693715594332417851e+01 4.817412414087553429e+01
4.693715594332417851e+01 4.959019236089129379e+01
4.693715594332417851e+01 4.012741573324626643e+01
4.693715594332417851e+01 4.359969325530759932e+01
4.693715594332417851e+01 4.736907724687856103e+01
4.693715594332417851e+01 4.602814890315573138e+01
4.693715594332417851e+01 4.601723671055852805e+01
4.693715594332417851e+01 4.645042833911226410e+01
4.693715594332417851e+01 4.114870190923643634e+01
4.693715594332417851e+01 4.951842844441311087e+01
4.693715594332417851e+01 4.466042299444331576e+01
4.693715594332417851e+01 4.558980987153531572e+01
4.693715594332417851e+01 4.879724839968164218e+01
4.693715594332417851e+01 4.648860084646850055e+01
4.693715594332417851e+01 4.479120395878930339e+01
4.693715594332417851e+01 4.416888724041167791e+01
4.693715594332417851e+01 4.918338355974687914e+01
4.693715594332417851e+01 4.834590367311813708e+01
4.693715594332417851e+01 4.533313636307639172e+01
4.693715594332417851e+01 4.504485064645031400e+01
4.693715594332417851e+01 4.521563280920081240e+01
4.693715594332417851e+01 4.470065855908727315e+01
4.693715594332417851e+01 5.061089105430572488e+01
4.693715594332417851e+01 4.583679560765453687e+01
4.693715594332417851e+01 4.529880038476756710e+01
4.693715594332417851e+01 4.331475509727658846e+01
4.693715594332417851e+01 5.017502800801926099e+01
4.693715594332417851e+01 5.305645868333704840e+01
4.693715594332417851e+01 4.335803716744376146e+01
4.693715594332417851e+01 4.779437695987728318e+01
4.693715594332417851e+01 4.790748608722538648e+01
4.693715594332417851e+01 4.372939752450498929e+01
4.693715594332417851e+01 4.805374153150925309e+01
4.693715594332417851e+01 4.208665183939291410e+01
4.693715594332417851e+01 4.685098472025855898e+01
4.693715594332417851e+01 4.476787794138869714e+01
4.693715594332417851e+01 4.340021018928923979e+01
4.693715594332417851e+01 4.276101526750500170e+01
4.693715594332417851e+01 4.251291536527875081e+01
4.693715594332417851e+01 4.624960057286732251e+01
4.693715594332417851e+01 4.279444930749190235e+01
4.693715594332417851e+01 4.195209272968305925e+01
4.693715594332417851e+01 5.122015856542871148e+01
4.693715594332417851e+01 4.661907939336830964e+01
4.693715594332417851e+01 5.028466535709594609e+01
4.693715594332417851e+01 4.532486272841505581e+01
4.693715594332417851e+01 4.576060724732507623e+01
4.693715594332417851e+01 4.267949645366309142e+01
4.693715594332417851e+01 4.067721444527943930e+01
4.693715594332417851e+01 4.303581205554163347e+01
4.693715594332417851e+01 4.498933520508268913e+01
4.693715594332417851e+01 4.681907946935233866e+01
4.693715594332417851e+01 4.860138913516706083e+01
4.693715594332417851e+01 4.597523705101439617e+01
4.693715594332417851e+01 4.491928636975974598e+01
4.693715594332417851e+01 5.116538119237070958e+01
4.693715594332417851e+01 4.928254152487374995e+01
4.693715594332417851e+01 4.393258777378264313e+01
4.693715594332417851e+01 4.671857969162292079e+01
4.693715594332417851e+01 5.000574145885721578e+01
4.693715594332417851e+01 4.856707708983545757e+01
4.693715594332417851e+01 4.364275861736138040e+01
4.693715594332417851e+01 5.027149758922708855e+01
4.693715594332417851e+01 4.763740549163400573e+01
4.693715594332417851e+01 4.742048401970566118e+01
4.693715594332417851e+01 4.084133812957740872e+01
4.693715594332417851e+01 4.909027207586371588e+01
4.693715594332417851e+01 4.308990432812355209e+01
4.693715594332417851e+01 4.975774899303672072e+01
4.693715594332417851e+01 4.932906734915014368e+01
4.693715594332417851e+01 4.455687495512806606e+01
4.693715594332417851e+01 4.476117925918930496e+01
4.693715594332417851e+01 5.574773919732117378e+01
4.693715594332417851e+01 4.970781782876196075e+01
4.693715594332417851e+01 4.763641860310742260e+01
4.693715594332417851e+01 4.083688906482456815e+01
4.693715594332417851e+01 4.859746490215181325e+01
4.693715594332417851e+01 4.114926650085389070e+01
4.693715594332417851e+01 4.503425617195070174e+01
4.693715594332417851e+01 4.108965562825814999e+01
4.693715594332417851e+01 4.479567830587904353e+01
4.693715594332417851e+01 4.388863889294378851e+01
4.693715594332417851e+01 5.096282921305913050e+01
4.693715594332417851e+01 4.265714518332246996e+01
4.693715594332417851e+01 4.807501748130474795e+01
4.693715594332417851e+01 5.037568785257761306e+01
4.693715594332417851e+01 5.174478033566168023e+01
4.693715594332417851e+01 5.026674133314340764e+01
4.693715594332417851e+01 5.243998301757577707e+01
4.693715594332417851e+01 4.446607889404282332e+01
4.693715594332417851e+01 4.472802490062765912e+01
4.693715594332417851e+01 4.558796157365222967e+01
4.693715594332417851e+01 5.165841888837086771e+01
4.693715594332417851e+01 4.345253161598685665e+01
4.693715594332417851e+01 4.509095831983546532e+01
4.693715594332417851e+01 4.613078095637705189e+01
4.693715594332417851e+01 4.947627842696937250e+01
4.693715594332417851e+01 4.697576918591956741e+01
4.693715594332417851e+01 4.549437560726114071e+01
4.693715594332417851e+01 4.453835407510403854e+01
4.693715594332417851e+01 4.819858304743821265e+01
4.693715594332417851e+01 4.605997160025278703e+01
4.693715594332417851e+01 4.106267647350340155e+01
4.693715594332417851e+01 4.471498091252560414e+01
4.693715594332417851e+01 4.211427543282450614e+01
4.693715594332417851e+01 4.312555404783051927e+01
4.693715594332417851e+01 4.531305872516794153e+01
4.693715594332417851e+01 4.847933269876946127e+01
4.693715594332417851e+01 4.462312845903880287e+01
4.693715594332417851e+01 4.144739308267774192e+01
4.693715594332417851e+01 4.708575528174255709e+01
4.693715594332417851e+01 5.086315737667209902e+01
4.693715594332417851e+01 4.776944920069148992e+01
4.693715594332417851e+01 4.039991656290848709e+01
4.693715594332417851e+01 4.735428976128049783e+01
4.693715594332417851e+01 4.714643426608037657e+01
4.693715594332417851e+01 4.425558953069885604e+01
4.693715594332417851e+01 4.936414996087866314e+01
4.693715594332417851e+01 4.742178261575708120e+01
4.693715594332417851e+01 4.659821753350396278e+01
4.693715594332417851e+01 4.702313558405904814e+01
4.693715594332417851e+01 4.841650980877370358e+01
4.693715594332417851e+01 4.670424497126275298e+01
4.693715594332417851e+01 4.324155703105181914e+01
4.693715594332417851e+01 4.491556166424597052e+01
4.693715594332417851e+01 3.699136660313022418e+01
4.693715594332417851e+01 4.794606273498236249e+01
