4.693715594332417851e+01 5.123588985031771159e+01
4.693715594332417851e+01 5.254887319355253794e+01
4.693715594332417851e+01 4.454711157911427222e+01
4.693715594332417851e+01 4.342457230748782138e+01
4.693715594332417851e+01 4.409951227507013982e+01
4.693715594332417851e+01 4.674169200485681586e+01
4.693715594332417851e+01 4.282286583443179495e+01
4.693715594332417851e+01 4.725748423723832303e+01
4.693715594332417851e+01 5.335203775573927487e+01
4.693715594332417851e+01 4.332239559992540734e+01
4.693715594332417851e+01 4.561994461605296181e+01
4.693715594332417851e+01 4.458774729111706137e+01
4.693715594332417851e+01 4.580867149057208820e+01
4.693715594332417851e+01 5.086854689653360140e+01
4.693715594332417851e+01 4.743530000590712348e+01
4.693715594332417851e+01 4.781306097951085832e+01
4.693715594332417851e+01 4.595411383757619461e+01
4.693715594332417851e+01 4.691350196396674477e+01
4.693715594332417851e+01 4.620000239047638502e+01
4.693715594332417851e+01 4.264903485722810217e+01
4.693715594332417851e+01 5.041026484315707989e+01
4.693715594332417851e+01 4.582253741333020969e+01
4.693715594332417851e+01 4.278485506481473521e+01
4.693715594332417851e+01 4.826628440059835157e+01
4.693715594332417851e+01 4.683018510271032397e+01
4.693715594332417851e+01 4.713000790039983912e+01
4.693715594332417851e+01 4.199593351918556294e+01
4.693715594332417851e+01 4.417778044441948282e+01
4.693715594332417851e+01 4.120724812299912543e+01
4.693715594332417851e+01 5.324747609360674971e+01
4.693715594332417851e+01 4.876470924820574027e+01
4.693715594332417851e+01 4.896672490830843572e+01
4.693715594332417851e+01 4.277847298007181820e+01
4.693715594332417851e+01 4.229192987177433594e+01
4.693715594332417851e+01 4.463269215929123135e+01
4.693715594332417851e+01 4.457130053115666612e+01
4.693715594332417851e+01 4.761489990259198635e+01
4.693715594332417851e+01 4.769211867442664499e+01
4.693715594332417851e+01 4.861456519786221264e+01
4.693715594332417851e+01 4.348139924121016975e+01
4.693715594332417851e+01 4.383973124002358190e+01
4.693715594332417851e+01 4.394514533417932967e+01
4.693715594332417851e+01 4.872618052880881123e+01
4.693715594332417851e+01 5.113465586930332307e+01
4.693715594332417851e+01 4.206518958980104372e+01
4.693715594332417851e+01 4.834597187339073798e+01
4.693715594332417851e+01 4.238238836161480094e+01
4.693715594332417851e+01 4.678176141649023378e+01
4.693715594332417851e+01 4.608134001389633738e+01
4.693715594332417851e+01 4.085459475956729847e+01
4.693715594332417851e+01 5.272863830464392976e+01
4.693715594332417851e+01 5.065016729816074559e+01
4.693715594332417851e+01 4.953988389341618159e+01
4.693715594332417851e+01 4.478447816043559726e+01
4.693715594332417851e+01 4.477253801049628379e+01
4.693715594332417851e+01 4.564677919641830073e+01
4.693715594332417851e+01 5.343831410734255627e+01
4.693715594332417851e+01 4.281623092252320362e+01
4.693715594332417851e+01 4.677612623112878509e+01
4.693715594332417851e+01 4.984907223975777413e+01
4.693715594332417851e+01 4.527112155108726199e+01
4.693715594332417851e+01 4.485986925270169934e+01
4.693715594332417851e+01 4.423614042841311544e+01
4.693715594332417851e+01 3.691797735862765961e+01
4.693715594332417851e+01 4.327836749773548775e+01
4.693715594332417851e+01 4.643868179382256756e+01
4.693715594332417851e+01 4.530370939204918557e+01
4.693715594332417851e+01 4.998676704663824921e+01
4.693715594332417851e+01 4.752676337343851998e+01
4.693715594332417851e+01 4.804263079751395082e+01
4.693715594332417851e+01 4.634893438899624130e+01
4.693715594332417851e+01 4.391535349576523828e+01
4.693715594332417851e+01 4.656876378577078412e+01
4.693715594332417851e+01 4.799045990498400016e+01
4.693715594332417851e+01 4.663239378567544691e+01
4.693715594332417851e+01 4.799117164083906317e+01
4.693715594332417851e+01 4.425442042335145487e+01
4.693715594332417851e+01 4.685677672643657132e+01
4.693715594332417851e+01 4.827537340184298387e+01
4.693715594332417851e+01 4.682236635417003612e+01
4.693715594332417851e+01 4.315803740449378978e+01
4.693715594332417851e+01 5.392564046037011138e+01
4.693715594332417851e+01 5.298454975380229826e+01
4.693715594332417851e+01 4.853249655358947479e+01
4.693715594332417851e+01 5.405571138560952704e+01
4.693715594332417851e+01 4.747825429368945294e+01
4.693715594332417851e+01 4.938089914846745643e+01
4.693715594332417851e+01 4.679599724911700775e+01
4.693715594332417851e+01 4.512571509906948819e+01
4.693715594332417851e+01 5.329587442199180458e+01
4.693715594332417851e+01 4.873029508865820247e+01
4.693715594332417851e+01 4.891227066737366158e+01
4.693715594332417851e+01 4.456298194458196349e+01
4.693715594332417851e+01 4.575770956293238356e+01
4.693715594332417851e+01 4.209621300657958898e+01
4.693715594332417851e+01 4.879698430669303377e+01
4.693715594332417851e+01 4.360187258332675242e+01
4.693715594332417851e+01 4.595911076347240964e+01
4.693715594332417851e+01 4.865681183857644498e+01
4.693715594332417851e+01 4.387823970498159554e+01
4.693715594332417851e+01 4.765144339181019717e+01
4.693715594332417851e+01 4.592424875389137640e+01
4.693715594332417851e+01 4.786125425823664870e+01
4.693715594332417851e+01 5.066734082030896502e+01
4.693715594332417851e+01 4.358483226085646578e+01
4.693715594332417851e+01 4.845102626606502838e+01
4.693715594332417851e+01 5.048025185793345315e+01
4.693715594332417851e+01 4.688767066626868285e+01
4.693715594332417851e+01 4.283146686746334098e+01
4.693715594332417851e+01 4.821137702014447513e+01
4.693715594332417851e+01 5.130621433976058654e+01
4.693715594332417851e+01 4.468754619805653050e+01
4.693715594332417851e+01 4.379434774023701493e+01
4.693715594332417851e+01 4.585905533827405378e+01
4.693715594332417851e+01 4.740543466638909109e+01
4.693715594332417851e+01 4.354600007718048715e+01
4.693715594332417851e+01 4.661577507591393044e+01
4.693715594332417851e+01 4.758888042397325080e+01
4.693715594332417851e+01 4.876403603752283544e+01
4.693715594332417851e+01 4.736366127545544913e+01
4.693715594332417851e+01 4.738157850588726205e+01
4.693715594332417851e+01 4.937689353581902196e+01
4.693715594332417851e+01 5.038492026128466250e+01
4.693715594332417851e+01 4.454918158475108925e+01
4.693715594332417851e+01 4.615896594672621234e+01
4.693715594332417851e+01 4.424190730439448771e+01
4.693715594332417851e+01 4.421690784929919715e+01
4.693715594332417851e+01 4.590020303910274890e+01
4.693715594332417851e+01 4.358148305619896945e+01
4.693715594332417851e+01 4.929981016607382571e+01
4.693715594332417851e+01 4.288287479740299801e+01
4.693715594332417851e+01 4.610346697464727583e+01
4.693715594332417851e+01 4.476588479708894397e+01
4.693715594332417851e+01 4.434418681069056589e+01
4.693715594332417851e+01 4.862480033223705078e+01
4.693715594332417851e+01 5.088152828327100252e+01
4.693715594332417851e+01 4.394311177538956770e+01
4.693715594332417851e+01 5.012264215537908996e+01
4.693715594332417851e+01 4.504096659702491934e+01
4.693715594332417851e+01 4.539966137673803814e+01
4.693715594332417851e+01 5.299688431574956837e+01
4.693715594332417851e+01 4.255695194586139962e+01
4.693715594332417851e+01 4.916074270376230970e+01
4.693715594332417851e+01 4.177169198550864593e+01
4.693715594332417851e+01 4.681197672723499181e+01
4.693715594332417851e+01 4.317993830038102487e+01
4.693715594332417851e+01 4.491980725149387865e+01
4.693715594332417851e+01 4.399193021256629521e+01
4.693715594332417851e+01 4.566650840835839631e+01
4.693715594332417851e+01 5.353391028798137086e+01
4.693715594332417851e+01 4.085485798290810067e+01
4.693715594332417851e+01 4.300657008892099498e+01
4.693715594332417851e+01 4.410180294489227748e+01
4.693715594332417851e+01 4.615819105995721827e+01
4.693715594332417851e+01 3.989308150020136168e+01
4.693715594332417851e+01 4.667921631809878136e+01
4.693715594332417851e+01 4.292677366087137614e+01
4.693715594332417851e+01 4.992153318236652382e+01
4.693715594332417851e+01 4.771226666071606815e+01
4.693715594332417851e+01 4.984396542959387943e+01
4.693715594332417851e+01 4.504694151659018786e+01
4.693715594332417851e+01 5.040809250976105460e+01
4.693715594332417851e+01 4.534288428908018886e+01
4.693715594332417851e+01 4.729715836572318466e+01
4.693715594332417851e+01 4.444162641517212364e+01
4.693715594332417851e+01 4.462502854282215026e+01
4.693715594332417851e+01 4.513677096945352218e+01
4.693715594332417851e+01 5.028794227630525882e+01
4.693715594332417851e+01 4.764302923330065198e+01
4.693715594332417851e+01 4.490724398029360742e+01
4.693715594332417851e+01 4.519634332616474381e+01
4.693715594332417851e+01 4.291936838717521141e+01
4.693715594332417851e+01 4.270962693057034443e+01
4.693715594332417851e+01 4.438136306748796756e+01
4.693715594332417851e+01 4.646124582412637949e+01
4.693715594332417851e+01 4.894471802591654352e+01
4.693715594332417851e+01 4.707007044655494354e+01
4.693715594332417851e+01 4.806594512724594637e+01
4.693715594332417851e+01 4.684438547411569687e+01
4.693715594332417851e+01 4.405965211538850923e+01
4.693715594332417851e+01 4.882021754629516153e+01
4.693715594332417851e+01 5.046265512153291866e+01
4.693715594332417851e+01 4.171871591202562257e+01
4.693715594332417851e+01 4.290018829472857220e+01
4.693715594332417851e+01 4.820272066379112630e+01
4.693715594332417851e+01 4.578146991384159037e+01
4.693715594332417851e+01 4.506944563433891915e+01
4.693715594332417851e+01 4.848464547839881789e+01
4.693715594332417851e+01 4.923280756688251358e+01
4.693715594332417851e+01 4.474572557474527201e+01
4.693715594332417851e+01 4.593305008923756816e+01
4.693715594332417851e+01 4.348459974595142796e+01
4.693715594332417851e+01 5.115644295836860067e+01
4.693715594332417851e+01 4.786355618260232347e+01
4.693715594332417851e+01 4.840108891982575301e+01
4.693715594332417851e+01 4.232274801353330673e+01
4.693715594332417851e+01 4.093970060686984880e+01
4.693715594332417851e+01 5.154207175224067328e+01
4.693715594332417851e+01 4.025923730914995957e+01
4.693715594332417851e+01 4.596102796202439578e+01
4.693715594332417851e+01 4.894739494637165933e+01
4.693715594332417851e+01 4.830506800136527801e+01
4.693715594332417851e+01 4.664101054496235577e+01
4.693715594332417851e+01 4.336821420415611783e+01
4.693715594332417851e+01 4.391424147444727311e+01
4.693715594332417851e+01 4.515516561603268286e+01
4.693715594332417851e+01 5.366748552619960577e+01
4.693715594332417851e+01 4.797214422275217771e+01
4.693715594332417851e+01 4.466262376027336956e+01
4.693715594332417851e+01 4.347287392163762121e+01
4.693715594332417851e+01 4.949563956351149585e+01
4.693715594332417851e+01 4.437699671738570828e+01
4.693715594332417851e+01 4.914702153811066410e+01
4.693715594332417851e+01 4.401395204989481869e+01
4.693715594332417851e+01 4.855142473235166989e+01
4.693715594332417851e+01 4.277110277765719815e+01
4.693715594332417851e+01 4.984064186314202516e+01
4.693715594332417851e+01 4.292931962686401448e+01
4.693715594332417851e+01 4.875365146522320003e+01
4.693715594332417851e+01 4.867062315540637485e+01
4.693715594332417851e+01 4.660609936513739626e+01
4.693715594332417851e+01 4.629269820159605331e+01
4.693715594332417851e+01 4.461148338341167374e+01
4.693715594332417851e+01 4.717253288642577758e+01
4.693715594332417851e+01 4.419752719052721091e+01
4.693715594332417851e+01 5.007673732167398839e+01
4.693715594332417851e+01 4.901037610347574969e+01
4.693715594332417851e+01 4.004395672994618849e+01
4.693715594332417851e+01 4.433304555057064533e+01
4.693715594332417851e+01 4.799732337823032680e+01
4.693715594332417851e+01 4.546180992061983517e+01
4.693715594332417851e+01 4.189663574514893440e+01
4.693715594332417851e+01 4.570780521000016705e+01
4.693715594332417851e+01 4.350377726164696668e+01
4.693715594332417851e+01 4.103244600738673142e+01
4.693715594332417851e+01 4.918863065402617707e+01
4.693715594332417851e+01 4.577879054529787339e+01
4.693715594332417851e+01 4.755905274896680623e+01
4.693715594332417851e+01 5.383132422500525394e+01
4.693715594332417851e+01 4.687116705431214569e+01
4.693715594332417851e+01 4.674242775621349466e+01
4.693715594332417851e+01 4.289241433694259342e+01
4.693715594332417851e+01 5.121010011733034872e+01
4.693715594332417851e+01 5.361389334671054741e+01
4.693715594332417851e+01 5.341552933350689614e+01
4.693715594332417851e+01 4.641710367210413324e+01
4.693715594332417851e+01 4.375720104801786903e+01
4.693715594332417851e+01 4.419175444566228350e+01
4.693715594332417851e+01 4.429107249515976008e+01
4.693715594332417851e+01 4.455551905371534360e+01
4.693715594332417851e+01 5.195451582158108295e+01
4.693715594332417851e+01 5.380846918226612274e+01
4.693715594332417851e+01 4.857234347542036090e+01
4.693715594332417851e+01 4.967187624252871814e+01
4.693715594332417851e+01 4.137274406484800693e+01
4.693715594332417851e+01 4.296027257062690552e+01
4.693715594332417851e+01 5.131518337890616266e+01
4.693715594332417851e+01 4.279883562360534199e+01
4.693715594332417851e+01 4.576293480405396252e+01
4.693715594332417851e+01 4.220537531672290044e+01
4.693715594332417851e+01 4.361518280488409971e+01
4.693715594332417851e+01 4.172084516651690933e+01
4.693715594332417851e+01 4.905804867839634653e+01
4.693715594332417851e+01 4.219405851701452548e+01
4.693715594332417851e+01 4.375633637684813948e+01
4.693715594332417851e+01 4.945350828610460070e+01
4.693715594332417851e+01 4.543525468424473956e+01
4.693715594332417851e+01 4.921069184345866887e+01
4.693715594332417851e+01 4.232915694079396474e+01
4.693715594332417851e+01 4.494250467641115421e+01
4.693715594332417851e+01 4.587379486471070322e+01
4.693715594332417851e+01 4.941775335969495586e+01
4.693715594332417851e+01 4.749048983628155440e+01
4.693715594332417851e+01 4.973101340698296013e+01
4.693715594332417851e+01 3.924119021187765100e+01
4.693715594332417851e+01 4.612884409500949801e+01
4.693715594332417851e+01 4.700252607644951297e+01
4.693715594332417851e+01 4.265243261429516508e+01
4.693715594332417851e+01 4.315957327249584807e+01
4.693715594332417851e+01 3.913945084338716640e+01
4.693715594332417851e+01 4.548494122006082563e+01
4.693715594332417851e+01 4.161861707595429749e+01
4.693715594332417851e+01 5.016283166409942851e+01
4.693715594332417851e+01 4.567952610417560066e+01
4.693715594332417851e+01 4.183388336965053611e+01
4.693715594332417851e+01 4.616973404326707708e+01
4.693715594332417851e+01 4.937863959329423835e+01
4.693715594332417851e+01 5.161948535211232780e+01
4.693715594332417851e+01 4.630546104512410466e+01
4.693715594332417851e+01 5.215696778425314051e+01
4.693715594332417851e+01 4.647327379042560835e+01
4.693715594332417851e+01 4.666631673300604177e+01
4.693715594332417851e+01 4.688477594381522096e+01
4.693715594332417851e+01 4.527665716391467754e+01
4.693715594332417851e+01 4.718813478033897724e+01
4.693715594332417851e+01 4.349128517348677292e+01
4.693715594332417851e+01 5.093219876288848980e+01
4.693715594332417851e+01 4.136284639762923376e+01
4.693715594332417851e+01 4.839512388034587076e+01
4.693715594332417851e+01 4.172787917876571129e+01
4.693715594332417851e+01 4.745022174331262477e+01
4.693715594332417851e+01 4.227471841572534572e+01
4.693715594332417851e+01 4.157594877849972903e+01
4.693715594332417851e+01 4.884926368713456668e+01
4.693715594332417851e+01 4.217851540856862869e+01
4.693715594332417851e+01 4.462856258634863593e+01
4.693715594332417851e+01 4.926755019552203407e+01
4.693715594332417851e+01 4.676717624595593747e+01
4.693715594332417851e+01 4.002898266074379308e+01
4.693715594332417851e+01 4.545966884847554468e+01
4.693715594332417851e+01 5.133897440220619046e+01
4.693715594332417851e+01 5.110843670298589814e+01
4.693715594332417851e+01 4.829850971453848985e+01
4.693715594332417851e+01 4.627334210449130580e+01
4.693715594332417851e+01 4.970774694481783484e+01
4.693715594332417851e+01 4.609210202237242981e+01
4.693715594332417851e+01 4.946315704814861647e+01
4.693715594332417851e+01 4.916321184483763318e+01
4.693715594332417851e+01 4.935340816946003173e+01
4.693715594332417851e+01 4.248461260297750641e+01
4.693715594332417851e+01 5.169082897320111414e+01
4.693715594332417851e+01 4.098437029241078022e+01
4.693715594332417851e+01 4.645161551135637978e+01
4.693715594332417851e+01 4.851293094131087713e+01
4.693715594332417851e+01 4.550354613647792945e+01
4.693715594332417851e+01 4.166502859683092197e+01
4.693715594332417851e+01 4.749879543703007556e+01
4.693715594332417851e+01 5.072803005269328480e+01
4.693715594332417851e+01 4.087138030095974983e+01
4.693715594332417851e+01 5.495826948092764042e+01
4.693715594332417851e+01 5.070872575655359782e+01
4.693715594332417851e+01 3.980196628971466311e+01
4.693715594332417851e+01 4.927254224644473624e+01
4.693715594332417851e+01 4.167718318971483171e+01
4.693715594332417851e+01 4.458528435606599771e+01
4.693715594332417851e+01 4.734471877909579263e+01
4.693715594332417851e+01 4.465476385859636821e+01
4.693715594332417851e+01 4.381910899018174632e+01
4.693715594332417851e+01 4.662101890097275003e+01
4.693715594332417851e+01 4.178271875706039395e+01
4.693715594332417851e+01 4.304335880486729593e+01
4.693715594332417851e+01 4.586540476144944734e+01
4.693715594332417851e+01 4.388873158650841333e+01
4.693715594332417851e+01 4.776569083419879291e+01
4.693715594332417851e+01 4.423273933908166100e+01
4.693715594332417851e+01 5.217075159341964508e+01
4.693715594332417851e+01 4.822397473461595041e+01
4.693715594332417851e+01 4.442973991658563193e+01
4.693715594332417851e+01 4.949543084162120010e+01
4.693715594332417851e+01 4.598780559138639035e+01
4.693715594332417851e+01 4.427790173543351671e+01
4.693715594332417851e+01 5.003726710019619617e+01
4.693715594332417851e+01 4.070562338031726313e+01
4.693715594332417851e+01 4.576956701514233572e+01
4.693715594332417851e+01 4.878070736215972403e+01
4.693715594332417851e+01 4.772074357245479348e+01
4.693715594332417851e+01 4.918262491539773151e+01
4.693715594332417851e+01 4.862695867095197855e+01
4.693715594332417851e+01 4.768839394898276396e+01
4.693715594332417851e+01 4.757300231105931232e+01
4.693715594332417851e+01 4.381241494441486850e+01
4.693715594332417851e+01 4.822223491596704292e+01
4.693715594332417851e+01 5.061676445390120449e+01
4.693715594332417851e+01 4.582143412827184648e+01
4.693715594332417851e+01 4.313927577301375038e+01
4.693715594332417851e+01 5.233149089473378268e+01
4.693715594332417851e+01 4.155512093063536838e+01
4.693715594332417851e+01 4.606746491000432542e+01
4.693715594332417851e+01 4.775800488246316888e+01
4.693715594332417851e+01 5.611379759083199303e+01
4.693715594332417851e+01 4.435375176468206604e+01
4.693715594332417851e+01 4.863903876833443718e+01
4.693715594332417851e+01 4.904801904735705165e+01
4.693715594332417851e+01 4.728553635501090469e+01
4.693715594332417851e+01 4.224741903925017539e+01
4.693715594332417851e+01 4.502240537409712573e+01
4.693715594332417851e+01 4.521999107427024001e+01
4.693715594332417851e+01 5.530382357669298443e+01
4.693715594332417851e+01 4.864829297202335567e+01
4.693715594332417851e+01 4.806361253385325938e+01
4.693715594332417851e+01 4.311611206096159776e+01
4.693715594332417851e+01 4.452821132612213972e+01
4.693715594332417851e+01 4.188040846853824206e+01
4.693715594332417851e+01 5.241885188605762380e+01
4.693715594332417851e+01 4.196542314070268986e+01
4.693715594332417851e+01 4.611320276954734254e+01
4.693715594332417851e+01 4.946989600003280430e+01
4.693715594332417851e+01 4.321076141022115280e+01
4.693715594332417851e+01 4.418797626683561930e+01
4.693715594332417851e+01 4.356299565079491032e+01
4.693715594332417851e+01 5.017639475129983140e+01
4.693715594332417851e+01 4.348475027359997824e+01
4.693715594332417851e+01 4.716272048821725349e+01
4.693715594332417851e+01 4.578160464613133485e+01
4.693715594332417851e+01 4.693178653450849680e+01
4.693715594332417851e+01 4.371438412808669227e+01
4.693715594332417851e+01 4.502841451698715503e+01
4.693715594332417851e+01 4.464551231708334456e+01
4.693715594332417851e+01 4.549665029935686533e+01
4.693715594332417851e+01 4.123970980985976809e+01
4.693715594332417851e+01 4.476837703398952328e+01
4.693715594332417851e+01 5.288367149743078954e+01
4.693715594332417851e+01 5.299307904320809115e+01
4.693715594332417851e+01 5.231297157882768545e+01
4.693715594332417851e+01 5.008415009191862310e+01
4.693715594332417851e+01 4.822363403969328743e+01
4.693715594332417851e+01 4.190355619335476689e+01
4.693715594332417851e+01 4.563045124414961862e+01
4.693715594332417851e+01 4.410541614970554747e+01
4.693715594332417851e+01 4.270480508294792799e+01
4.693715594332417851e+01 4.335654256052574596e+01
4.693715594332417851e+01 4.533127146824236320e+01
4.693715594332417851e+01 4.541750438649449961e+01
4.693715594332417851e+01 4.173810397712381359e+01
4.693715594332417851e+01 4.865888535196316411e+01
4.693715594332417851e+01 4.791265668867391270e+01
4.693715594332417851e+01 4.458555396392157633e+01
4.693715594332417851e+01 4.655522710998949520e+01
4.693715594332417851e+01 4.725066623122324216e+01
4.693715594332417851e+01 5.516300354120387084e+01
4.693715594332417851e+01 5.117429476400003097e+01
4.693715594332417851e+01 4.568616623787173125e+01
4.693715594332417851e+01 4.550876800640248376e+01
4.693715594332417851e+01 4.149259843988353680e+01
4.693715594332417851e+01 4.506560215962596772e+01
4.693715594332417851e+01 4.675524825059097367e+01
4.693715594332417851e+01 4.609080478262026759e+01
4.693715594332417851e+01 4.212115787658233756e+01
4.693715594332417851e+01 4.170209132331646629e+01
4.693715594332417851e+01 4.539753873446870358e+01
4.693715594332417851e+01 4.766159712155621264e+01
4.693715594332417851e+01 4.589598595167983319e+01
4.693715594332417851e+01 4.235063722941493580e+01
4.693715594332417851e+01 4.979253873831427768e+01
4.693715594332417851e+01 5.099668671247123086e+01
4.693715594332417851e+01 4.570857902167053766e+01
4.693715594332417851e+01 5.027656559782329992e+01
4.693715594332417851e+01 4.234741136953348217e+01
4.693715594332417851e+01 4.862641753927957922e+01
4.693715594332417851e+01 4.405537132922395926e+01
4.693715594332417851e+01 4.628092333395638036e+01
4.693715594332417851e+01 4.390697140384651220e+01
4.693715594332417851e+01 4.768275184329429806e+01
4.693715594332417851e+01 4.264523424545436825e+01
4.693715594332417851e+01 4.254143787094086804e+01
4.693715594332417851e+01 4.495747920315778856e+01
4.693715594332417851e+01 4.596630651926562194e+01
4.693715594332417851e+01 4.283415955952185072e+01
4.693715594332417851e+01 4.399073047016847227e+01
4.693715594332417851e+01 4.414619674242580061e+01
4.693715594332417851e+01 4.524473271347761028e+01
4.693715594332417851e+01 4.360610792206786357e+01
4.693715594332417851e+01 4.781756492570151096e+01
4.693715594332417851e+01 4.495850186048162556e+01
4.693715594332417851e+01 4.416202685891432367e+01
4.693715594332417851e+01 4.570971718392168270e+01
4.693715594332417851e+01 4.807715006066206342e+01
4.693715594332417851e+01 5.136082706459455238e+01
4.693715594332417851e+01 4.204877282491895585e+01
4.693715594332417851e+01 4.373415959703152112e+01
4.693715594332417851e+01 4.310361899142827724e+01
4.693715594332417851e+01 4.446519680635569216e+01
4.693715594332417851e+01 4.586527633609176746e+01
4.693715594332417851e+01 4.963288037774118777e+01
4.693715594332417851e+01 4.391517913404604911e+01
4.693715594332417851e+01 4.610307031452842352e+01
4.693715594332417851e+01 4.897693751002764628e+01
4.693715594332417851e+01 4.872042434330369076e+01
4.693715594332417851e+01 4.553913319172815477e+01
4.693715594332417851e+01 4.830408708660666406e+01
4.693715594332417851e+01 4.772211113040802388e+01
4.693715594332417851e+01 4.562140162664644549e+01
4.693715594332417851e+01 4.976877773224799029e+01
4.693715594332417851e+01 4.624490213548562423e+01
4.693715594332417851e+01 4.372741765940935466e+01
4.693715594332417851e+01 5.011442696404114372e+01
4.693715594332417851e+01 4.735986181117043969e+01
4.693715594332417851e+01 4.161715061510003011e+01
4.693715594332417851e+01 4.093823390417334451e+01
4.693715594332417851e+01 4.571956742328661960e+01
4.693715594332417851e+01 5.273288602048157969e+01
4.693715594332417851e+01 4.483489552256722988e+01
4.693715594332417851e+01 5.061857938505492172e+01
4.693715594332417851e+01 4.872287270481101018e+01
4.693715594332417851e+01 4.886365031863433472e+01
4.693715594332417851e+01 4.886272346674122957e+01
4.693715594332417851e+01 4.771994278831190428e+01
4.693715594332417851e+01 4.484404394325225951e+01
4.693715594332417851e+01 4.573236131912223357e+01
4.693715594332417851e+01 4.742021210758068861e+01
4.693715594332417851e+01 4.534667491221004099e+01
4.693715594332417851e+01 4.877818318161529021e+01
4.693715594332417851e+01 4.405574269784886354e+01
4.693715594332417851e+01 4.138166962458443265e+01
4.693715594332417851e+01 5.111239889409004888e+01
4.693715594332417851e+01 4.555401380443672821e+01
4.693715594332417851e+01 4.631600131525472364e+01
4.693715594332417851e+01 4.324916550439995433e+01
4.693715594332417851e+01 4.839555905634352939e+01
4.693715594332417851e+01 4.178329260167340209e+01
4.693715594332417851e+01 3.763375769417853434e+01
4.693715594332417851e+01 4.965205641680982751e+01
4.693715594332417851e+01 4.740978967107724884e+01
4.693715594332417851e+01 4.627813553049746531e+01
4.693715594332417851e+01 4.783281212552441275e+01
4.693715594332417851e+01 4.305709912316892485e+01
4.693715594332417851e+01 4.309369196168952953e+01
4.693715594332417851e+01 4.543425356217948519e+01
4.693715594332417851e+01 4.522861242233961576e+01
4.693715594332417851e+01 4.080363979606769931e+01
4.693715594332417851e+01 4.545617798398828313e+01
4.693715594332417851e+01 4.402560493324704538e+01
4.693715594332417851e+01 4.194756717542813362e+01
4.693715594332417851e+01 4.564891789336266470e+01
4.693715594332417851e+01 4.495754319051511061e+01
4.693715594332417851e+01 4.800920874699577467e+01
4.693715594332417851e+01 4.030638031501820251e+01
4.693715594332417851e+01 4.272242725560333554e+01
4.693715594332417851e+01 4.718384446057165604e+01
4.693715594332417851e+01 4.782462938526649765e+01
4.693715594332417851e+01 4.672858253600557532e+01
4.693715594332417851e+01 4.755206768111957416e+01
4.693715594332417851e+01 5.213969097377497519e+01
4.693715594332417851e+01 4.929782005724237592e+01
4.693715594332417851e+01 4.209851379942821126e+01
4.693715594332417851e+01 4.726423873639096485e+01
4.693715594332417851e+01 4.367889535975913162e+01
4.693715594332417851e+01 4.361776272765296625e+01
4.693715594332417851e+01 4.613989243746704716e+01
4.693715594332417851e+01 4.897118643483297262e+01
4.693715594332417851e+01 4.384016959502994837e+01
4.693715594332417851e+01 4.936463626900168578e+01
4.693715594332417851e+01 4.718141275730614836e+01
4.693715594332417851e+01 4.291534835458237751e+01
4.693715594332417851e+01 4.437382758616597300e+01
4.693715594332417851e+01 4.924463287642635123e+01
4.693715594332417851e+01 4.614487013997305809e+01
4.693715594332417851e+01 4.967291074277180485e+01
4.693715594332417851e+01 4.612269601944858266e+01
4.693715594332417851e+01 4.639087107539685206e+01
4.693715594332417851e+01 4.501063614385637379e+01
4.693715594332417851e+01 4.786827366630398473e+01
4.693715594332417851e+01 4.246888188856220125e+01
4.693715594332417851e+01 4.929050019778059522e+01
4.693715594332417851e+01 4.243969029360463452e+01
4.693715594332417851e+01 4.912583213046541886e+01
4.693715594332417851e+01 4.703440702286662400e+01
4.693715594332417851e+01 4.343195406898900046e+01
4.693715594332417851e+01 5.036783103637752390e+01
4.693715594332417851e+01 4.337009693104992181e+01
4.693715594332417851e+01 5.058424121907661686e+01
4.693715594332417851e+01 4.546638112883107397e+01
4.693715594332417851e+01 4.756977451719131977e+01
4.693715594332417851e+01 3.931791857829091441e+01
4.693715594332417851e+01 4.457948536755942115e+01
4.693715594332417851e+01 4.288930456301976335e+01
4.693715594332417851e+01 4.685468167475282542e+01
4.693715594332417851e+01 4.490529287675878578e+01
4.693715594332417851e+01 4.134157512851557925e+01
4.693715594332417851e+01 4.523983204716012096e+01
4.693715594332417851e+01 4.214185667241755340e+01
4.693715594332417851e+01 5.077466042733749418e+01
4.693715594332417851e+01 4.579405889735109270e+01
4.693715594332417851e+01 4.685889175488726011e+01
4.693715594332417851e+01 4.633556734326195681e+01
4.693715594332417851e+01 4.357498011705019536e+01
4.693715594332417851e+01 4.647057164350822944e+01
4.693715594332417851e+01 4.547627935612482730e+01
4.693715594332417851e+01 4.369959031515425352e+01
4.693715594332417851e+01 4.294950142404336901e+01
4.693715594332417851e+01 4.627156252179048579e+01
4.693715594332417851e+01 5.361993126238491669e+01
4.693715594332417851e+01 4.874806878181676240e+01
4.693715594332417851e+01 4.761426577575238639e+01
4.693715594332417851e+01 4.609827207459420606e+01
4.693715594332417851e+01 4.821706559217444266e+01
4.693715594332417851e+01 4.328631537058419809e+01
4.693715594332417851e+01 5.137653040190864573e+01
4.693715594332417851e+01 4.638226767453254240e+01
4.693715594332417851e+01 4.583492775272458175e+01
4.693715594332417851e+01 4.477137626310620533e+01
4.693715594332417851e+01 4.795469402450428476e+01
4.693715594332417851e+01 5.146812176685224927e+01
4.693715594332417851e+01 4.164826609947392200e+01
4.693715594332417851e+01 5.262795172954307787e+01
4.693715594332417851e+01 4.503867617853397576e+01
4.693715594332417851e+01 4.746736122134254288e+01
4.693715594332417851e+01 4.443305727053274268e+01
4.693715594332417851e+01 4.480578316274608142e+01
4.693715594332417851e+01 5.321994505569947620e+01
4.693715594332417851e+01 4.027756449943834127e+01
4.693715594332417851e+01 4.903314121904087131e+01
4.693715594332417851e+01 4.348478522205543584e+01
4.693715594332417851e+01 4.990744859097306119e+01
4.693715594332417851e+01 4.998263335405650309e+01
4.693715594332417851e+01 4.259806480898701153e+01
4.693715594332417851e+01 5.171360441959974708e+01
4.693715594332417851e+01 4.282853044108323814e+01
4.693715594332417851e+01 4.344428677819188778e+01
4.693715594332417851e+01 4.310156542199532481e+01
4.693715594332417851e+01 4.111619273472006597e+01
4.693715594332417851e+01 4.696526521961978062e+01
4.693715594332417851e+01 5.284163366510355786e+01
4.693715594332417851e+01 4.430635447299289353e+01
4.693715594332417851e+01 5.316352488420166367e+01
4.693715594332417851e+01 4.881731870621008085e+01
4.693715594332417851e+01 3.866047253809828277e+01
4.693715594332417851e+01 5.210347878413514167e+01
4.693715594332417851e+01 4.636231393044668181e+01
4.693715594332417851e+01 4.797922434050062179e+01
4.693715594332417851e+01 4.155768415923949988e+01
4.693715594332417851e+01 4.612570219444456399e+01
4.693715594332417851e+01 4.601483658016601197e+01
4.693715594332417851e+01 4.126126017295888460e+01
4.693715594332417851e+01 4.099854221608834592e+01
4.693715594332417851e+01 4.570820213057971415e+01
4.693715594332417851e+01 4.903925921705185687e+01
4.693715594332417851e+01 4.496592485883999046e+01
4.693715594332417851e+01 4.728097053124128024e+01
4.693715594332417851e+01 5.026581131370286926e+01
4.693715594332417851e+01 4.782844732195449922e+01
4.693715594332417851e+01 4.540868151481157611e+01
4.693715594332417851e+01 4.649304494179703795e+01
4.693715594332417851e+01 4.730374121296264178e+01
4.693715594332417851e+01 4.895323456336846135e+01
4.693715594332417851e+01 5.350725521734104717e+01
4.693715594332417851e+01 4.727835631463836563e+01
4.693715594332417851e+01 4.845362161453835625e+01
4.693715594332417851e+01 4.559089819050173276e+01
4.693715594332417851e+01 4.730025450780443919e+01
4.693715594332417851e+01 5.057727500683935773e+01
4.693715594332417851e+01 5.331226993965113081e+01
4.693715594332417851e+01 4.241969514021191401e+01
4.693715594332417851e+01 4.679557881538502784e+01
4.693715594332417851e+01 4.436821630208611822e+01
4.693715594332417851e+01 4.278534213704203637e+01
4.693715594332417851e+01 4.925239181892808915e+01
4.693715594332417851e+01 4.407191511569921261e+01
4.693715594332417851e+01 4.006040738935679002e+01
4.693715594332417851e+01 4.686924167780084360e+01
4.693715594332417851e+01 4.554282139176853406e+01
4.693715594332417851e+01 4.736483128427628486e+01
4.693715594332417851e+01 4.727417958873438408e+01
4.693715594332417851e+01 3.969126212754461847e+01
4.693715594332417851e+01 4.305762220784351513e+01
4.693715594332417851e+01 4.631566071714713928e+01
4.693715594332417851e+01 4.588755088620875711e+01
4.693715594332417851e+01 4.567504535458837722e+01
4.693715594332417851e+01 4.643566169002944122e+01
4.693715594332417851e+01 5.233385885990730912e+01
4.693715594332417851e+01 4.758312560289919446e+01
4.693715594332417851e+01 5.160408761890229812e+01
4.693715594332417851e+01 4.350271349666802934e+01
4.693715594332417851e+01 4.718479338058749306e+01
4.693715594332417851e+01 4.607436489761447973e+01
4.693715594332417851e+01 4.263923220389320079e+01
4.693715594332417851e+01 4.531813931452582977e+01
4.693715594332417851e+01 5.040498846534471511e+01
4.693715594332417851e+01 4.704666468355900122e+01
4.693715594332417851e+01 4.810021091666748561e+01
4.693715594332417851e+01 4.765425387397679202e+01
4.693715594332417851e+01 4.765971136993712776e+01
4.693715594332417851e+01 4.569641449730846716e+01
4.693715594332417851e+01 4.416056210392009973e+01
4.693715594332417851e+01 4.598327967434352814e+01
4.693715594332417851e+01 5.079365150153802233e+01
4.693715594332417851e+01 4.754390086608124477e+01
4.693715594332417851e+01 4.475585286803662655e+01
4.693715594332417851e+01 4.663957627097661884e+01
4.693715594332417851e+01 5.009800115741388993e+01
4.693715594332417851e+01 4.277728857570154730e+01
4.693715594332417851e+01 3.976971810503892613e+01
4.693715594332417851e+01 4.678960042535446462e+01
4.693715594332417851e+01 4.462509423752798199e+01
4.693715594332417851e+01 4.438187381946071497e+01
4.693715594332417851e+01 4.723045526256126436e+01
4.693715594332417851e+01 4.243844625694508466e+01
4.693715594332417851e+01 4.707616880518909852e+01
4.693715594332417851e+01 4.929180366737529084e+01
4.693715594332417851e+01 4.422847718549010665e+01
4.693715594332417851e+01 4.451810641932155477e+01
4.693715594332417851e+01 4.967634819247042088e+01
4.693715594332417851e+01 4.425531378199340082e+01
4.693715594332417851e+01 3.983453868553829835e+01
4.693715594332417851e+01 4.597853689388847442e+01
4.693715594332417851e+01 4.042569501974413981e+01
4.693715594332417851e+01 4.517123631536746586e+01
4.693715594332417851e+01 4.809012904301801683e+01
4.693715594332417851e+01 4.749472306564999968e+01
4.693715594332417851e+01 4.409644673227867173e+01
4.693715594332417851e+01 4.338709049550518415e+01
4.693715594332417851e+01 4.215532193889041679e+01
4.693715594332417851e+01 5.284543640643461515e+01
4.693715594332417851e+01 4.481122879609768006e+01
4.693715594332417851e+01 4.681301594664717669e+01
4.693715594332417851e+01 4.926668131148425545e+01
4.693715594332417851e+01 4.410831581910510835e+01
4.693715594332417851e+01 5.096253083354503133e+01
4.693715594332417851e+01 4.511477533810484175e+01
4.693715594332417851e+01 4.430569436294887709e+01
4.693715594332417851e+01 4.570355337483822922e+01
4.693715594332417851e+01 5.007426295406300198e+01
4.693715594332417851e+01 4.378935567430035292e+01
4.693715594332417851e+01 4.704349969949746679e+01
4.693715594332417851e+01 4.645621797483983784e+01
4.693715594332417851e+01 4.891101327684135924e+01
4.693715594332417851e+01 4.554295960122629339e+01
4.693715594332417851e+01 4.715623464549927490e+01
4.693715594332417851e+01 4.564034772336054857e+01
4.693715594332417851e+01 4.864914152090323540e+01
4.693715594332417851e+01 4.632282116966782581e+01
4.693715594332417851e+01 4.313761160051137722e+01
4.693715594332417851e+01 5.049035971590876670e+01
4.693715594332417851e+01 4.754349759412456677e+01
4.693715594332417851e+01 4.557907937853610036e+01
4.693715594332417851e+01 4.734347261148757013e+01
4.693715594332417851e+01 4.408978448664259986e+01
4.693715594332417851e+01 4.478825057079968985e+01
4.693715594332417851e+01 3.814942936210034929e+01
4.693715594332417851e+01 5.162734849215524946e+01
4.693715594332417851e+01 4.688635359229068200e+01
4.693715594332417851e+01 4.533351782983385903e+01
4.693715594332417851e+01 5.214381664492891844e+01
4.693715594332417851e+01 4.537053996917682497e+01
4.693715594332417851e+01 3.946373743359510655e+01
4.693715594332417851e+01 4.497284446029782856e+01
4.693715594332417851e+01 4.315367009922903208e+01
4.693715594332417851e+01 4.338955815670882288e+01
4.693715594332417851e+01 5.054278627728316309e+01
4.693715594332417851e+01 4.852841864092302160e+01
4.693715594332417851e+01 5.224160304670165544e+01
4.693715594332417851e+01 4.509740182104325612e+01
4.693715594332417851e+01 4.997895472065216893e+01
4.693715594332417851e+01 4.828994614160099275e+01
4.693715594332417851e+01 4.308656005575624448e+01
4.693715594332417851e+01 4.425315872683658824e+01
4.693715594332417851e+01 5.125813782494377335e+01
4.693715594332417851e+01 4.884697741353031830e+01
4.693715594332417851e+01 4.476186626848988226e+01
4.693715594332417851e+01 4.132867841319015412e+01
4.693715594332417851e+01 4.770191708062665725e+01
4.693715594332417851e+01 4.308921001839144083e+01
4.693715594332417851e+01 5.076727272794919799e+01
4.693715594332417851e+01 4.598204775579299053e+01
4.693715594332417851e+01 4.844873443388845402e+01
4.693715594332417851e+01 4.238211484992962141e+01
4.693715594332417851e+01 4.481351340660484084e+01
4.693715594332417851e+01 4.793146991990310113e+01
4.693715594332417851e+01 4.212375770416483078e+01
4.693715594332417851e+01 4.280751484248539640e+01
4.693715594332417851e+01 4.808703844623443047e+01
4.693715594332417851e+01 4.932341282265974058e+01
4.693715594332417851e+01 4.485826014442501730e+01
4.693715594332417851e+01 4.798164223529514771e+01
4.693715594332417851e+01 4.830075654602006097e+01
4.693715594332417851e+01 4.844166819679816172e+01
4.693715594332417851e+01 4.505786004976197745e+01
4.693715594332417851e+01 4.942252712706127937e+01
4.693715594332417851e+01 4.701109292238039927e+01
4.693715594332417851e+01 4.826103328015568650e+01
4.693715594332417851e+01 4.891288977354556522e+01
4.693715594332417851e+01 4.575743722951663983e+01
4.693715594332417851e+01 4.934831391707380277e+01
4.693715594332417851e+01 4.966660949501736155e+01
4.693715594332417851e+01 4.506721280789268036e+01
4.693715594332417851e+01 4.618068267956557804e+01
4.693715594332417851e+01 4.838127083293293396e+01
4.693715594332417851e+01 5.148626559981374839e+01
4.693715594332417851e+01 4.186942702119179671e+01
4.693715594332417851e+01 4.824400371145338795e+01
4.693715594332417851e+01 4.684490219823184276e+01
4.693715594332417851e+01 4.940761691576807380e+01
4.693715594332417851e+01 4.756674291052659953e+01
4.693715594332417851e+01 4.384039342883290402e+01
4.693715594332417851e+01 4.815256734907357838e+01
4.693715594332417851e+01 4.398742485714391393e+01
4.693715594332417851e+01 4.619450971533492378e+01
4.693715594332417851e+01 4.516764592531214362e+01
4.693715594332417851e+01 5.104683563907864396e+01
4.693715594332417851e+01 5.232914007286487390e+01
4.693715594332417851e+01 4.274278184985066531e+01
4.693715594332417851e+01 4.865299118547391544e+01
4.693715594332417851e+01 4.525820893923953037e+01
4.693715594332417851e+01 4.380873461392351231e+01
4.693715594332417851e+01 4.944817355578635443e+01
4.693715594332417851e+01 4.189569664949141981e+01
4.693715594332417851e+01 4.364566393043543258e+01
4.693715594332417851e+01 4.104610563154113834e+01
4.693715594332417851e+01 4.520890329119727369e+01
4.693715594332417851e+01 4.686412800316023919e+01
4.693715594332417851e+01 4.586402818658002190e+01
4.693715594332417851e+01 4.855075334398553366e+01
4.693715594332417851e+01 4.166154722919971931e+01
4.693715594332417851e+01 4.151565192055578279e+01
4.693715594332417851e+01 4.388625149592137831e+01
4.693715594332417851e+01 5.071343020512455269e+01
4.693715594332417851e+01 4.839972345044807867e+01
4.693715594332417851e+01 4.915055968335792613e+01
4.693715594332417851e+01 4.888392102479019030e+01
4.693715594332417851e+01 4.314509167271918244e+01
4.693715594332417851e+01 3.945282031315799287e+01
4.693715594332417851e+01 4.603835698486950889e+01
4.693715594332417851e+01 4.492246678371063950e+01
4.693715594332417851e+01 4.897106387443685804e+01
4.693715594332417851e+01 4.726770529071770710e+01
4.693715594332417851e+01 4.680522642537015088e+01
4.693715594332417851e+01 4.651571838290460192e+01
4.693715594332417851e+01 4.277975861403768221e+01
4.693715594332417851e+01 4.758834274494093108e+01
4.693715594332417851e+01 4.648036294861847040e+01
4.693715594332417851e+01 4.391101201491387229e+01
4.693715594332417851e+01 4.962003809896577167e+01
4.693715594332417851e+01 4.054779833608368733e+01
4.693715594332417851e+01 4.111591098846400882e+01
4.693715594332417851e+01 4.678338508723609834e+01
4.693715594332417851e+01 4.413685439266055965e+01
4.693715594332417851e+01 5.077777651273292747e+01
4.693715594332417851e+01 5.008528428687565537e+01
4.693715594332417851e+01 4.752182842027639254e+01
4.693715594332417851e+01 4.284053854011959572e+01
4.693715594332417851e+01 4.809432643129999718e+01
4.693715594332417851e+01 4.765884088422395592e+01
4.693715594332417851e+01 3.988787435455100905e+01
4.693715594332417851e+01 4.303977975062992556e+01
4.693715594332417851e+01 4.566214542092853179e+01
4.693715594332417851e+01 5.038940356456552649e+01
4.693715594332417851e+01 4.520457589869273818e+01
4.693715594332417851e+01 4.398920980456543361e+01
4.693715594332417851e+01 4.775511310761516626e+01
4.693715594332417851e+01 4.019406637123586279e+01
4.693715594332417851e+01 4.362422126825546798e+01
4.693715594332417851e+01 4.740249737517840600e+01
4.693715594332417851e+01 4.848358633883021440e+01
4.693715594332417851e+01 4.447862633903088891e+01
4.693715594332417851e+01 4.263478250593413321e+01
4.693715594332417851e+01 4.566095220025572843e+01
4.693715594332417851e+01 4.714498190666911626e+01
4.693715594332417851e+01 5.099832998632247438e+01
4.693715594332417851e+01 4.755564300163224090e+01
4.693715594332417851e+01 4.772344088696269893e+01
4.693715594332417851e+01 4.805991020455149965e+01
4.693715594332417851e+01 4.697117710065532492e+01
4.693715594332417851e+01 4.366886618967657796e+01
4.693715594332417851e+01 4.729935354266653036e+01
4.693715594332417851e+01 5.054628902959617420e+01
4.693715594332417851e+01 4.733507771783816764e+01
4.693715594332417851e+01 4.652045924968146551e+01
4.693715594332417851e+01 5.340772329631991511e+01
4.693715594332417851e+01 4.156327497740947763e+01
4.693715594332417851e+01 4.605717725423604492e+01
4.693715594332417851e+01 4.427423994930600770e+01
4.693715594332417851e+01 4.388453236509396049e+01
4.693715594332417851e+01 4.409182735023752997e+01
4.693715594332417851e+01 4.579173666201278792e+01
4.693715594332417851e+01 4.718115025201535673e+01
4.693715594332417851e+01 4.943220576598406524e+01
4.693715594332417851e+01 4.983861452524691771e+01
4.693715594332417851e+01 4.187001844778865944e+01
4.693715594332417851e+01 4.845528915900816713e+01
4.693715594332417851e+01 5.065832360683623392e+01
4.693715594332417851e+01 4.242663511249882902e+01
4.693715594332417851e+01 4.831135347038326699e+01
4.693715594332417851e+01 4.793502006984185471e+01
4.693715594332417851e+01 5.248393022936638630e+01
4.693715594332417851e+01 4.231897581026090904e+01
4.693715594332417851e+01 4.567739682031466231e+01
4.693715594332417851e+01 4.741061600973470291e+01
4.693715594332417851e+01 4.565329691381262478e+01
4.693715594332417851e+01 4.878168168890464074e+01
4.693715594332417851e+01 4.123620762652059568e+01
4.693715594332417851e+01 4.384862304815023037e+01
4.693715594332417851e+01 4.581689571941041095e+01
4.693715594332417851e+01 5.046349936932299585e+01
4.693715594332417851e+01 4.810166029800497967e+01
4.693715594332417851e+01 4.574472607679398095e+01
4.693715594332417851e+01 4.530259177451958408e+01
4.693715594332417851e+01 4.857589806995250825e+01
4.693715594332417851e+01 4.796703179640339698e+01
4.693715594332417851e+01 4.689367420928881103e+01
4.693715594332417851e+01 4.716788922512112947e+01
4.693715594332417851e+01 4.500254590858387616e+01
4.693715594332417851e+01 4.900428133498996175e+01
4.693715594332417851e+01 4.300145233756097696e+01
4.693715594332417851e+01 4.885049904751528516e+01
4.693715594332417851e+01 4.290306770610393983e+01
4.693715594332417851e+01 4.314053507680865351e+01
4.693715594332417851e+01 4.614674816422870407e+01
4.693715594332417851e+01 4.759677259737186006e+01
4.693715594332417851e+01 4.553242226608053045e+01
4.693715594332417851e+01 4.195154058190101409e+01
4.693715594332417851e+01 4.578892425190730364e+01
4.693715594332417851e+01 4.790915290136992866e+01
4.693715594332417851e+01 4.785625124114228868e+01
4.693715594332417851e+01 5.222840276546423155e+01
4.693715594332417851e+01 4.461508782170548670e+01
4.693715594332417851e+01 4.892355432433502926e+01
4.693715594332417851e+01 4.714607404534268653e+01
4.693715594332417851e+01 4.288192902338585100e+01
4.693715594332417851e+01 4.182148539737325166e+01
4.693715594332417851e+01 4.706755239990501849e+01
4.693715594332417851e+01 4.283384692190944065e+01
4.693715594332417851e+01 4.437978311871766834e+01
4.693715594332417851e+01 4.846678010940086523e+01
4.693715594332417851e+01 4.483523241350641797e+01
4.693715594332417851e+01 4.273489196866919571e+01
4.693715594332417851e+01 4.335939453165089219e+01
4.693715594332417851e+01 4.283233326339549052e+01
4.693715594332417851e+01 4.832879510369045306e+01
4.693715594332417851e+01 4.162547221417428744e+01
4.693715594332417851e+01 4.753351158296384682e+01
4.693715594332417851e+01 5.097649650709806224e+01
4.693715594332417851e+01 4.419332483886775265e+01
4.693715594332417851e+01 4.490629679706054844e+01
4.693715594332417851e+01 4.705353325894642325e+01
4.693715594332417851e+01 5.255699286010251114e+01
4.693715594332417851e+01 4.131426156379173875e+01
4.693715594332417851e+01 4.925232236922796147e+01
4.693715594332417851e+01 4.900116292141080976e+01
4.693715594332417851e+01 5.446620008580296712e+01
4.693715594332417851e+01 4.025418219911035322e+01
4.693715594332417851e+01 4.495255502416473092e+01
4.693715594332417851e+01 4.516482884377656148e+01
4.693715594332417851e+01 4.014923854900467859e+01
4.693715594332417851e+01 4.512470106637919542e+01
4.693715594332417851e+01 4.883703504855245114e+01
4.693715594332417851e+01 5.133340964379469540e+01
4.693715594332417851e+01 4.446165229580926592e+01
4.693715594332417851e+01 4.868396195448224262e+01
4.693715594332417851e+01 4.242978476147766997e+01
4.693715594332417851e+01 4.540980622811681400e+01
4.693715594332417851e+01 3.794638837592750491e+01
4.693715594332417851e+01 4.666578376533770722e+01
4.693715594332417851e+01 4.748997484497523658e+01
4.693715594332417851e+01 5.080621632317545533e+01
4.693715594332417851e+01 4.773915411749948134e+01
4.693715594332417851e+01 4.506253530697200915e+01
4.693715594332417851e+01 4.125623349892949676e+01
4.693715594332417851e+01 3.907315130537239156e+01
4.693715594332417851e+01 4.170259264327256687e+01
4.693715594332417851e+01 4.776665374278886134e+01
4.693715594332417851e+01 4.758392310255759838e+01
4.693715594332417851e+01 4.584097051692593539e+01
4.693715594332417851e+01 4.680711147211520284e+01
4.693715594332417851e+01 4.428837428390691855e+01
4.693715594332417851e+01 4.769917997444899527e+01
4.693715594332417851e+01 4.717972146939538192e+01
4.693715594332417851e+01 4.335081534327102304e+01
4.693715594332417851e+01 4.334652624135328836e+01
4.693715594332417851e+01 5.108480101076410307e+01
4.693715594332417851e+01 4.965017994494697007e+01
4.693715594332417851e+01 5.032503616668730473e+01
4.693715594332417851e+01 4.628384265444432089e+01
4.693715594332417851e+01 4.164302240287022272e+01
4.693715594332417851e+01 4.471327200776335076e+01
4.693715594332417851e+01 4.279869606486942502e+01
4.693715594332417851e+01 4.839454934749623050e+01
4.693715594332417851e+01 4.688203234871026837e+01
4.693715594332417851e+01 4.070737880799248387e+01
4.693715594332417851e+01 4.955003882711012153e+01
4.693715594332417851e+01 4.681930637175540966e+01
4.693715594332417851e+01 4.813826948558567409e+01
4.693715594332417851e+01 4.739768524246853332e+01
4.693715594332417851e+01 4.829819537675849972e+01
4.693715594332417851e+01 5.052278965923260046e+01
4.693715594332417851e+01 4.572443921100060038e+01
4.693715594332417851e+01 4.802355936450096863e+01
4.693715594332417851e+01 4.483164145994113170e+01
4.693715594332417851e+01 4.720167912004013999e+01
4.693715594332417851e+01 5.099906448757778321e+01
4.693715594332417851e+01 4.356959948785512893e+01
4.693715594332417851e+01 4.997458282891481218e+01
4.693715594332417851e+01 4.500406198629639931e+01
4.693715594332417851e+01 5.249499966400827589e+01
4.693715594332417851e+01 4.352934988675178118e+01
4.693715594332417851e+01 4.350363643314725692e+01
4.693715594332417851e+01 5.364683424621802033e+01
4.693715594332417851e+01 4.969532723143662167e+01
4.693715594332417851e+01 4.936880672440015161e+01
4.693715594332417851e+01 4.564716419718052265e+01
4.693715594332417851e+01 4.591105180289901000e+01
4.693715594332417851e+01 4.594307199243282014e+01
4.693715594332417851e+01 4.110738816336422019e+01
4.693715594332417851e+01 4.777160775002829496e+01
4.693715594332417851e+01 4.376619351223015286e+01
4.693715594332417851e+01 4.270418665256767810e+01
4.693715594332417851e+01 4.327020418295715842e+01
4.693715594332417851e+01 4.477499438206974958e+01
4.693715594332417851e+01 4.667895377393438849e+01
4.693715594332417851e+01 4.435836480868164244e+01
4.693715594332417851e+01 4.533184333570418545e+01
4.693715594332417851e+01 4.838385521767560249e+01
4.693715594332417851e+01 4.653539517018462135e+01
4.693715594332417851e+01 4.584509681357819488e+01
4.693715594332417851e+01 4.473728739112038966e+01
4.693715594332417851e+01 5.158987282509427530e+01
4.693715594332417851e+01 5.029895084078025036e+01
4.693715594332417851e+01 4.619269315893181016e+01
4.693715594332417851e+01 4.712559367423725831e+01
4.693715594332417851e+01 4.864219364959288328e+01
4.693715594332417851e+01 4.491608958403548968e+01
