4.693715594332417851e+01 4.038141666572625610e+01
4.693715594332417851e+01 4.345592262967221586e+01
4.693715594332417851e+01 4.331573931303169900e+01
4.693715594332417851e+01 4.837216002101976642e+01
4.693715594332417851e+01 5.030410951581783507e+01
4.693715594332417851e+01 4.672147648150655641e+01
4.693715594332417851e+01 5.015028370471238617e+01
4.693715594332417851e+01 4.741011736198006332e+01
4.693715594332417851e+01 5.242691778020640214e+01
4.693715594332417851e+01 4.535284753695509607e+01
4.693715594332417851e+01 4.966814721924704656e+01
4.693715594332417851e+01 4.501701094423702187e+01
4.693715594332417851e+01 4.708676874985330585e+01
4.693715594332417851e+01 4.227939491625838286e+01
4.693715594332417851e+01 4.224004609199558047e+01
4.693715594332417851e+01 4.261745388804840928e+01
4.693715594332417851e+01 5.018340989615202830e+01
4.693715594332417851e+01 5.307970150660504771e+01
4.693715594332417851e+01 4.900969252788850383e+01
4.693715594332417851e+01 4.908525844930403537e+01
4.693715594332417851e+01 4.389706035877237156e+01
4.693715594332417851e+01 4.448562855035264363e+01
4.693715594332417851e+01 5.019503036032333654e+01
4.693715594332417851e+01 4.548417812627344858e+01
4.693715594332417851e+01 5.366574070557829401e+01
4.693715594332417851e+01 4.627057855947390408e+01
4.693715594332417851e+01 4.603107475594072184e+01
4.693715594332417851e+01 5.010656105115304371e+01
4.693715594332417851e+01 5.132499415921289909e+01
4.693715594332417851e+01 4.621983802807992703e+01
4.693715594332417851e+01 5.023159809197331072e+01
4.693715594332417851e+01 4.591521652905466766e+01
4.693715594332417851e+01 4.381797889741238805e+01
4.693715594332417851e+01 4.714174886624425653e+01
4.693715594332417851e+01 4.883939857407610674e+01
4.693715594332417851e+01 4.658206214471494633e+01
4.693715594332417851e+01 4.281229500886087891e+01
4.693715594332417851e+01 4.480246432262974565e+01
4.693715594332417851e+01 4.004191766931000984e+01
4.693715594332417851e+01 4.706751251398105751e+01
4.693715594332417851e+01 4.291425095169236670e+01
4.693715594332417851e+01 4.285944601334876580e+01
4.693715594332417851e+01 4.617083136664700049e+01
4.693715594332417851e+01 5.084114004660447961e+01
4.693715594332417851e+01 5.206978141004492500e+01
4.693715594332417851e+01 5.029108727769825293e+01
4.693715594332417851e+01 4.451331982284993671e+01
4.693715594332417851e+01 5.535740017897945364e+01
4.693715594332417851e+01 4.204222860686902408e+01
4.693715594332417851e+01 4.803899287536748375e+01
4.693715594332417851e+01 4.810165040308617534e+01
4.693715594332417851e+01 4.464179773076852342e+01
4.693715594332417851e+01 4.383521573933155224e+01
4.693715594332417851e+01 4.966550911134569191e+01
4.693715594332417851e+01 4.717569475873884954e+01
4.693715594332417851e+01 4.417671841009558875e+01
4.693715594332417851e+01 4.541177753940826989e+01
4.693715594332417851e+01 4.896247627076864006e+01
4.693715594332417851e+01 4.144191990641959222e+01
4.693715594332417851e+01 4.675928739895223885e+01
4.693715594332417851e+01 4.880997505467534836e+01
4.693715594332417851e+01 5.330307438901954953e+01
4.693715594332417851e+01 4.918651383369173402e+01
4.693715594332417851e+01 3.942427303526938687e+01
4.693715594332417851e+01 4.651994323532170483e+01
4.693715594332417851e+01 4.063360428202303609e+01
4.693715594332417851e+01 5.096626460889330446e+01
4.693715594332417851e+01 4.271941411689493862e+01
4.693715594332417851e+01 4.298893471172181080e+01
4.693715594332417851e+01 4.550821846810956828e+01
4.693715594332417851e+01 4.374292650493840284e+01
4.693715594332417851e+01 4.291288719593943313e+01
4.693715594332417851e+01 4.831366703732543755e+01
4.693715594332417851e+01 4.934768640786751348e+01
4.693715594332417851e+01 4.881567070504941341e+01
4.693715594332417851e+01 5.005695729119424442e+01
4.693715594332417851e+01 4.319153735783380199e+01
4.693715594332417851e+01 4.042455225798796903e+01
4.693715594332417851e+01 4.252191015650919326e+01
4.693715594332417851e+01 4.934650798723415477e+01
4.693715594332417851e+01 4.415466847389944860e+01
4.693715594332417851e+01 4.674042617227705421e+01
4.693715594332417851e+01 4.168282521298368692e+01
4.693715594332417851e+01 4.283456303443995239e+01
4.693715594332417851e+01 4.324182455141254877e+01
4.693715594332417851e+01 4.463297753332067686e+01
4.693715594332417851e+01 4.734693367666655206e+01
4.693715594332417851e+01 4.561032290764862296e+01
4.693715594332417851e+01 4.664019607034893511e+01
4.693715594332417851e+01 4.737978584398839388e+01
4.693715594332417851e+01 4.585081755118148550e+01
4.693715594332417851e+01 4.510610983138658980e+01
4.693715594332417851e+01 4.632009173967735904e+01
4.693715594332417851e+01 4.795765156343357916e+01
4.693715594332417851e+01 4.219303792288727806e+01
4.693715594332417851e+01 4.990015464891460795e+01
4.693715594332417851e+01 4.267019381972841074e+01
4.693715594332417851e+01 4.573457778360321413e+01
4.693715594332417851e+01 4.605877068804911545e+01
4.693715594332417851e+01 5.006701414459481470e+01
4.693715594332417851e+01 4.239696542644455235e+01
4.693715594332417851e+01 4.609386676241257419e+01
4.693715594332417851e+01 4.756677085716654574e+01
4.693715594332417851e+01 4.715664524685276149e+01
4.693715594332417851e+01 4.391634693964277858e+01
4.693715594332417851e+01 4.137709041250533915e+01
4.693715594332417851e+01 4.314642491362466359e+01
4.693715594332417851e+01 4.465194963053506427e+01
4.693715594332417851e+01 5.093238689320737222e+01
4.693715594332417851e+01 4.627014359025618262e+01
4.693715594332417851e+01 5.040776153618856625e+01
4.693715594332417851e+01 4.535554492953254879e+01
4.693715594332417851e+01 4.230964389488259769e+01
4.693715594332417851e+01 4.175262284148683989e+01
4.693715594332417851e+01 4.626541852315440906e+01
4.693715594332417851e+01 4.322002342904986705e+01
4.693715594332417851e+01 4.883266011376932880e+01
4.693715594332417851e+01 4.892899151234647803e+01
4.693715594332417851e+01 4.634452779299621739e+01
4.693715594332417851e+01 4.173348333138623900e+01
4.693715594332417851e+01 4.313104246397011821e+01
4.693715594332417851e+01 4.371622694648001328e+01
4.693715594332417851e+01 4.662859209562610374e+01
4.693715594332417851e+01 5.300555612597168675e+01
4.693715594332417851e+01 4.785988929905380473e+01
4.693715594332417851e+01 4.969771006379846057e+01
4.693715594332417851e+01 4.554362430199619638e+01
4.693715594332417851e+01 5.266925479600330817e+01
4.693715594332417851e+01 4.468924963957429952e+01
4.693715594332417851e+01 4.995274018390293946e+01
4.693715594332417851e+01 4.854517833075313149e+01
4.693715594332417851e+01 4.251102125696255030e+01
4.693715594332417851e+01 4.884959621927834661e+01
4.693715594332417851e+01 4.822763868044048507e+01
4.693715594332417851e+01 4.796003572480633892e+01
4.693715594332417851e+01 4.329472728358594935e+01
4.693715594332417851e+01 4.627518922621379005e+01
4.693715594332417851e+01 4.395078721563307056e+01
4.693715594332417851e+01 4.427164400786670484e+01
4.693715594332417851e+01 4.934916672675694826e+01
4.693715594332417851e+01 4.675558382805031243e+01
4.693715594332417851e+01 4.149836273010647147e+01
4.693715594332417851e+01 4.449406977927824158e+01
4.693715594332417851e+01 4.637931815905290733e+01
4.693715594332417851e+01 4.694139922329587478e+01
4.693715594332417851e+01 4.644831469383188249e+01
4.693715594332417851e+01 4.201885284541595666e+01
4.693715594332417851e+01 4.797900290841725024e+01
4.693715594332417851e+01 4.303934816909197991e+01
4.693715594332417851e+01 4.724073175130569524e+01
4.693715594332417851e+01 4.422903984653703446e+01
4.693715594332417851e+01 4.911454699119841649e+01
4.693715594332417851e+01 4.275733897377590864e+01
4.693715594332417851e+01 4.608518685993552566e+01
4.693715594332417851e+01 4.611763192410958823e+01
4.693715594332417851e+01 4.268319332128492505e+01
4.693715594332417851e+01 4.184065143551389099e+01
4.693715594332417851e+01 4.358485065722663876e+01
4.693715594332417851e+01 4.311257867405649336e+01
4.693715594332417851e+01 4.147885488437222534e+01
4.693715594332417851e+01 4.347225984675481669e+01
4.693715594332417851e+01 4.714084795196925626e+01
4.693715594332417851e+01 3.929476813520970779e+01
4.693715594332417851e+01 4.665163579168237362e+01
4.693715594332417851e+01 4.684348190373439280e+01
4.693715594332417851e+01 4.582486653129806342e+01
4.693715594332417851e+01 4.131436455835723365e+01
4.693715594332417851e+01 4.548406838281822218e+01
4.693715594332417851e+01 5.063662464013743403e+01
4.693715594332417851e+01 4.800280983514328170e+01
4.693715594332417851e+01 4.960896767790035256e+01
4.693715594332417851e+01 5.113471832376060178e+01
4.693715594332417851e+01 4.725767646026044133e+01
4.693715594332417851e+01 4.847206227506331544e+01
4.693715594332417851e+01 4.493350445086250033e+01
4.693715594332417851e+01 5.149259389581283841e+01
4.693715594332417851e+01 4.401434877363721654e+01
4.693715594332417851e+01 4.477043149707606062e+01
4.693715594332417851e+01 4.252611368350001442e+01
4.693715594332417851e+01 4.560559089534599764e+01
4.693715594332417851e+01 4.614148827706414124e+01
4.693715594332417851e+01 4.593394323865927475e+01
4.693715594332417851e+01 4.773051503646632199e+01
4.693715594332417851e+01 4.575570401500760909e+01
4.693715594332417851e+01 4.168087379515458224e+01
4.693715594332417851e+01 4.959120408510959521e+01
4.693715594332417851e+01 4.600107734293420236e+01
4.693715594332417851e+01 4.471921732748993605e+01
4.693715594332417851e+01 4.453251054551132171e+01
4.693715594332417851e+01 4.760272066004944236e+01
4.693715594332417851e+01 4.351620147450238818e+01
4.693715594332417851e+01 4.479245919074610782e+01
4.693715594332417851e+01 4.707032430930677691e+01
4.693715594332417851e+01 3.750657650620794215e+01
4.693715594332417851e+01 5.061017749612057770e+01
4.693715594332417851e+01 4.438745948411563802e+01
4.693715594332417851e+01 4.821724839127709572e+01
4.693715594332417851e+01 4.376261569466232970e+01
4.693715594332417851e+01 4.362093540060609342e+01
4.693715594332417851e+01 4.755346008918422029e+01
4.693715594332417851e+01 4.546943153632186352e+01
4.693715594332417851e+01 4.558793106710527354e+01
4.693715594332417851e+01 5.049011598907901543e+01
4.693715594332417851e+01 4.732121509818839655e+01
4.693715594332417851e+01 4.921695148459264146e+01
4.693715594332417851e+01 5.510513473895350245e+01
4.693715594332417851e+01 4.959614480499507749e+01
4.693715594332417851e+01 4.169622742801220738e+01
4.693715594332417851e+01 5.164880251267478428e+01
4.693715594332417851e+01 4.666216782908048089e+01
4.693715594332417851e+01 4.488602652090466449e+01
4.693715594332417851e+01 4.005965413410990550e+01
4.693715594332417851e+01 4.811323030376778576e+01
4.693715594332417851e+01 4.516924529908452257e+01
4.693715594332417851e+01 5.241098360536022227e+01
4.693715594332417851e+01 4.480215122356337076e+01
4.693715594332417851e+01 4.881962724269109088e+01
4.693715594332417851e+01 4.254715151074560708e+01
4.693715594332417851e+01 5.357645823475993296e+01
4.693715594332417851e+01 5.053614133585868018e+01
4.693715594332417851e+01 4.082996469076587687e+01
4.693715594332417851e+01 4.758179984331147239e+01
4.693715594332417851e+01 4.821326645345613571e+01
4.693715594332417851e+01 4.871797027338894281e+01
4.693715594332417851e+01 5.254900135513945258e+01
4.693715594332417851e+01 5.001709869669554820e+01
4.693715594332417851e+01 4.494679252512137424e+01
4.693715594332417851e+01 5.297128385710343679e+01
4.693715594332417851e+01 4.907945972320744943e+01
4.693715594332417851e+01 4.636762804309935149e+01
4.693715594332417851e+01 4.160183512064869404e+01
4.693715594332417851e+01 4.510940393098024259e+01
4.693715594332417851e+01 4.459027803757000896e+01
4.693715594332417851e+01 4.269082232523882681e+01
4.693715594332417851e+01 4.552624744303733451e+01
4.693715594332417851e+01 5.006988570307277797e+01
4.693715594332417851e+01 4.484604443030174536e+01
4.693715594332417851e+01 4.007842342144087411e+01
4.693715594332417851e+01 5.170941045494254951e+01
4.693715594332417851e+01 3.960269830719882123e+01
4.693715594332417851e+01 4.401112204938682027e+01
4.693715594332417851e+01 4.827856804153316261e+01
4.693715594332417851e+01 3.952158473996167487e+01
4.693715594332417851e+01 4.587375656228718412e+01
4.693715594332417851e+01 4.594555159191233429e+01
4.693715594332417851e+01 4.906788299845919710e+01
4.693715594332417851e+01 4.244394567494970261e+01
4.693715594332417851e+01 5.453117965851740223e+01
4.693715594332417851e+01 4.290878404798360179e+01
4.693715594332417851e+01 4.872835685353864221e+01
4.693715594332417851e+01 4.739394978929581725e+01
4.693715594332417851e+01 4.881394491050784978e+01
4.693715594332417851e+01 4.645366119937467886e+01
4.693715594332417851e+01 4.047318227793275724e+01
4.693715594332417851e+01 4.530445590270858247e+01
4.693715594332417851e+01 5.034955831000814896e+01
4.693715594332417851e+01 4.828675360844762565e+01
4.693715594332417851e+01 4.577133458131446275e+01
4.693715594332417851e+01 4.370513835715339468e+01
4.693715594332417851e+01 4.518591090829239221e+01
4.693715594332417851e+01 4.720249283564556464e+01
4.693715594332417851e+01 4.430954817060228379e+01
4.693715594332417851e+01 4.685138767413881311e+01
4.693715594332417851e+01 4.906361250405374363e+01
4.693715594332417851e+01 4.263199773736631215e+01
4.693715594332417851e+01 4.734633167883728078e+01
4.693715594332417851e+01 5.085364792630673492e+01
4.693715594332417851e+01 4.372862822527172710e+01
4.693715594332417851e+01 5.030212519594613951e+01
4.693715594332417851e+01 5.118456518285323398e+01
4.693715594332417851e+01 4.664776575808285486e+01
4.693715594332417851e+01 3.972591345271627716e+01
4.693715594332417851e+01 4.174104752862106693e+01
4.693715594332417851e+01 4.577950440869290816e+01
4.693715594332417851e+01 4.809611702092135488e+01
4.693715594332417851e+01 4.461752688813992762e+01
4.693715594332417851e+01 4.239542888991078939e+01
4.693715594332417851e+01 4.267761600841282643e+01
4.693715594332417851e+01 4.114613479753884207e+01
4.693715594332417851e+01 4.410789038114049987e+01
4.693715594332417851e+01 4.922131102617328224e+01
4.693715594332417851e+01 4.408819697487442113e+01
4.693715594332417851e+01 4.954008453810841672e+01
4.693715594332417851e+01 4.873006293877627115e+01
4.693715594332417851e+01 4.764068613380401018e+01
4.693715594332417851e+01 4.537366634290793144e+01
4.693715594332417851e+01 4.732731420203727168e+01
4.693715594332417851e+01 4.612198044799748686e+01
4.693715594332417851e+01 4.563781179823580914e+01
4.693715594332417851e+01 4.872261370912886491e+01
4.693715594332417851e+01 4.744891600655513031e+01
4.693715594332417851e+01 4.278874794132985926e+01
4.693715594332417851e+01 5.149594798836062637e+01
4.693715594332417851e+01 5.134749569378633538e+01
4.693715594332417851e+01 4.470025356091246493e+01
4.693715594332417851e+01 4.745690322935280392e+01
4.693715594332417851e+01 4.276255725897497229e+01
4.693715594332417851e+01 4.807416903601470182e+01
4.693715594332417851e+01 4.674439570545123246e+01
4.693715594332417851e+01 4.982004142101767030e+01
4.693715594332417851e+01 4.121372523152089684e+01
4.693715594332417851e+01 4.957417409786760487e+01
4.693715594332417851e+01 4.454767578559147267e+01
4.693715594332417851e+01 4.188059551022494986e+01
4.693715594332417851e+01 4.785147699315945147e+01
4.693715594332417851e+01 4.468708459189612370e+01
4.693715594332417851e+01 4.424924569146384101e+01
4.693715594332417851e+01 4.726813268589179984e+01
4.693715594332417851e+01 4.651937383425098460e+01
4.693715594332417851e+01 4.534236444954301248e+01
4.693715594332417851e+01 4.209972507424694754e+01
4.693715594332417851e+01 5.002823225972409915e+01
4.693715594332417851e+01 4.610578140350072829e+01
4.693715594332417851e+01 4.545118377098220463e+01
4.693715594332417851e+01 4.160029673785635396e+01
4.693715594332417851e+01 4.456988897809572592e+01
4.693715594332417851e+01 4.559951941397540764e+01
4.693715594332417851e+01 5.049887633600219061e+01
4.693715594332417851e+01 4.949875061859447101e+01
4.693715594332417851e+01 4.666466179865377484e+01
4.693715594332417851e+01 4.716826970189830348e+01
4.693715594332417851e+01 4.511833494751118678e+01
4.693715594332417851e+01 4.546036266201399911e+01
4.693715594332417851e+01 5.027224368859681647e+01
4.693715594332417851e+01 4.699613868968509678e+01
4.693715594332417851e+01 4.929822792642943341e+01
4.693715594332417851e+01 4.004363604736244753e+01
4.693715594332417851e+01 4.164249214561235135e+01
4.693715594332417851e+01 4.494208233969990118e+01
4.693715594332417851e+01 4.181904570788889686e+01
4.693715594332417851e+01 4.813573269420651712e+01
4.693715594332417851e+01 4.873931413282447522e+01
4.693715594332417851e+01 4.525109948911134694e+01
4.693715594332417851e+01 5.278341560380421527e+01
4.693715594332417851e+01 4.640705302225933337e+01
4.693715594332417851e+01 4.881337635797680008e+01
4.693715594332417851e+01 4.710350622661564302e+01
4.693715594332417851e+01 4.791889888089987437e+01
4.693715594332417851e+01 4.952132366150514287e+01
4.693715594332417851e+01 4.674118769657042094e+01
4.693715594332417851e+01 4.730550595536444547e+01
4.693715594332417851e+01 5.362528736052907874e+01
4.693715594332417851e+01 4.611594725007530116e+01
4.693715594332417851e+01 5.332665461949806485e+01
4.693715594332417851e+01 5.010939626615538600e+01
4.693715594332417851e+01 4.612615883260092886e+01
4.693715594332417851e+01 4.445260758398418233e+01
4.693715594332417851e+01 4.243690671969238792e+01
4.693715594332417851e+01 4.423886938150724291e+01
4.693715594332417851e+01 4.811171918877467846e+01
4.693715594332417851e+01 4.698794992112108559e+01
4.693715594332417851e+01 4.624712248430299866e+01
4.693715594332417851e+01 4.991112250543726248e+01
4.693715594332417851e+01 4.927998592027928737e+01
4.693715594332417851e+01 4.757768500656086275e+01
4.693715594332417851e+01 4.784003074143672762e+01
4.693715594332417851e+01 4.522100057949585050e+01
4.693715594332417851e+01 4.931591118419879649e+01
4.693715594332417851e+01 4.773354634633441407e+01
4.693715594332417851e+01 4.426709929343133609e+01
4.693715594332417851e+01 4.052755452983934248e+01
4.693715594332417851e+01 4.393549747635028524e+01
4.693715594332417851e+01 4.672184307811021853e+01
4.693715594332417851e+01 4.485906548089670309e+01
4.693715594332417851e+01 4.751979933076404450e+01
4.693715594332417851e+01 5.810275259839090012e+01
4.693715594332417851e+01 4.519268621853778711e+01
4.693715594332417851e+01 4.486907064634308995e+01
4.693715594332417851e+01 4.397744684539006244e+01
4.693715594332417851e+01 4.796676207659889712e+01
4.693715594332417851e+01 5.090841609652905930e+01
4.693715594332417851e+01 4.159562421455484582e+01
4.693715594332417851e+01 5.169003682850618020e+01
4.693715594332417851e+01 4.862039048620547277e+01
4.693715594332417851e+01 4.884798734196877490e+01
4.693715594332417851e+01 3.779334577807270534e+01
4.693715594332417851e+01 4.844690146141743270e+01
4.693715594332417851e+01 4.947373547752933121e+01
4.693715594332417851e+01 4.376527894408721409e+01
4.693715594332417851e+01 4.626132554392810192e+01
4.693715594332417851e+01 4.054995224637973905e+01
4.693715594332417851e+01 4.603041496116442488e+01
4.693715594332417851e+01 4.683174064450571450e+01
4.693715594332417851e+01 4.375507028540344123e+01
4.693715594332417851e+01 4.808528135876770193e+01
4.693715594332417851e+01 5.035773870150838150e+01
4.693715594332417851e+01 4.937933001314519288e+01
4.693715594332417851e+01 4.471911801142440623e+01
4.693715594332417851e+01 5.044544760201065259e+01
4.693715594332417851e+01 4.025918329387751271e+01
4.693715594332417851e+01 4.370167812102699401e+01
4.693715594332417851e+01 4.503929284983964720e+01
4.693715594332417851e+01 4.688484862841225720e+01
4.693715594332417851e+01 4.561123091802886620e+01
4.693715594332417851e+01 4.545883636960256524e+01
4.693715594332417851e+01 4.285845434747192684e+01
4.693715594332417851e+01 4.184606821066049775e+01
4.693715594332417851e+01 4.160567087878768433e+01
4.693715594332417851e+01 4.401084431709922029e+01
4.693715594332417851e+01 4.250314464071018961e+01
4.693715594332417851e+01 4.351981721457065078e+01
4.693715594332417851e+01 4.102867756267702504e+01
4.693715594332417851e+01 4.698554323832500046e+01
4.693715594332417851e+01 4.612850089907095708e+01
4.693715594332417851e+01 5.241414412991377247e+01
4.693715594332417851e+01 4.046279929170023593e+01
4.693715594332417851e+01 4.907845963089354058e+01
4.693715594332417851e+01 4.534232027269680287e+01
4.693715594332417851e+01 4.188134099007326938e+01
4.693715594332417851e+01 4.393394857431584910e+01
4.693715594332417851e+01 4.358030653430071766e+01
4.693715594332417851e+01 4.822332695938661118e+01
4.693715594332417851e+01 4.564467133698332901e+01
4.693715594332417851e+01 4.662319507317291567e+01
4.693715594332417851e+01 4.269175880047242799e+01
4.693715594332417851e+01 4.334143471151409699e+01
4.693715594332417851e+01 4.522008778730815948e+01
4.693715594332417851e+01 4.521747777784004541e+01
4.693715594332417851e+01 4.605240384332960701e+01
4.693715594332417851e+01 4.697778519185077073e+01
4.693715594332417851e+01 4.518660805183524332e+01
4.693715594332417851e+01 4.315165553345698157e+01
4.693715594332417851e+01 4.290841969832025882e+01
4.693715594332417851e+01 5.128193961882235641e+01
4.693715594332417851e+01 4.259355159506336008e+01
4.693715594332417851e+01 4.326047606743698992e+01
4.693715594332417851e+01 4.911180778913878697e+01
4.693715594332417851e+01 4.853262232064551540e+01
4.693715594332417851e+01 4.584715935251490748e+01
4.693715594332417851e+01 4.622292721380890157e+01
4.693715594332417851e+01 3.911717254923836862e+01
4.693715594332417851e+01 4.231663075474930480e+01
4.693715594332417851e+01 3.870604796714526685e+01
4.693715594332417851e+01 4.691310341751341184e+01
4.693715594332417851e+01 4.346944788034740270e+01
4.693715594332417851e+01 4.284294913954281725e+01
4.693715594332417851e+01 4.724527689855076318e+01
4.693715594332417851e+01 4.184550530507280541e+01
4.693715594332417851e+01 4.542830685888025499e+01
4.693715594332417851e+01 5.107306464141005620e+01
4.693715594332417851e+01 4.974555799088006580e+01
4.693715594332417851e+01 4.230782136727970055e+01
4.693715594332417851e+01 4.541924328977717096e+01
4.693715594332417851e+01 5.260990598094171844e+01
4.693715594332417851e+01 4.732459248425453779e+01
4.693715594332417851e+01 4.909296590666338744e+01
4.693715594332417851e+01 4.857803027869675816e+01
4.693715594332417851e+01 4.137844572730707426e+01
4.693715594332417851e+01 4.519742022870899945e+01
4.693715594332417851e+01 4.746155524671083725e+01
4.693715594332417851e+01 4.799484285784384952e+01
4.693715594332417851e+01 5.190012276045126072e+01
4.693715594332417851e+01 4.303532799809163123e+01
4.693715594332417851e+01 4.517927069424385422e+01
4.693715594332417851e+01 4.430629043917723919e+01
4.693715594332417851e+01 4.518627998134154211e+01
4.693715594332417851e+01 4.893623763243550684e+01
4.693715594332417851e+01 4.246750048984851134e+01
4.693715594332417851e+01 4.551892906889683132e+01
4.693715594332417851e+01 4.575796045816170476e+01
4.693715594332417851e+01 4.460828547047053405e+01
4.693715594332417851e+01 4.554455977130837852e+01
4.693715594332417851e+01 4.531622739124124877e+01
4.693715594332417851e+01 4.912456890191707259e+01
4.693715594332417851e+01 4.267322326863463644e+01
4.693715594332417851e+01 4.498714089350801970e+01
4.693715594332417851e+01 5.333654018780678996e+01
4.693715594332417851e+01 4.314220099946262366e+01
4.693715594332417851e+01 4.856941925446215436e+01
4.693715594332417851e+01 4.653156471471744027e+01
4.693715594332417851e+01 4.574795179772608833e+01
4.693715594332417851e+01 5.089794256741627976e+01
4.693715594332417851e+01 4.242752318208341933e+01
4.693715594332417851e+01 4.757736243193773618e+01
4.693715594332417851e+01 4.705221761400049729e+01
4.693715594332417851e+01 4.970819896667045867e+01
4.693715594332417851e+01 4.616423988966297998e+01
4.693715594332417851e+01 4.611041364534833065e+01
4.693715594332417851e+01 4.918536530662478157e+01
4.693715594332417851e+01 4.244692993920146762e+01
4.693715594332417851e+01 4.745671678952007966e+01
4.693715594332417851e+01 4.836580403076109747e+01
4.693715594332417851e+01 4.584737320382645720e+01
4.693715594332417851e+01 4.594131183314237887e+01
4.693715594332417851e+01 4.569808660229408304e+01
4.693715594332417851e+01 5.050823818517161357e+01
4.693715594332417851e+01 4.371247831544771856e+01
4.693715594332417851e+01 4.491749778748398114e+01
4.693715594332417851e+01 5.003773542477117076e+01
4.693715594332417851e+01 6.004668442850380217e+01
4.693715594332417851e+01 4.558738130031863989e+01
4.693715594332417851e+01 4.111142188236050288e+01
4.693715594332417851e+01 4.583320232738814326e+01
4.693715594332417851e+01 4.657334013694342900e+01
4.693715594332417851e+01 4.450861366875703595e+01
4.693715594332417851e+01 5.337244028156254672e+01
4.693715594332417851e+01 5.155636569185205076e+01
4.693715594332417851e+01 4.846101207668269240e+01
4.693715594332417851e+01 5.188075965876448237e+01
4.693715594332417851e+01 4.351954369193533267e+01
4.693715594332417851e+01 4.796692729602592919e+01
4.693715594332417851e+01 4.787193558434911722e+01
4.693715594332417851e+01 4.503240666841560369e+01
4.693715594332417851e+01 4.864228484642115546e+01
4.693715594332417851e+01 5.156657369693720483e+01
4.693715594332417851e+01 4.012033520879202797e+01
4.693715594332417851e+01 4.412461097153432377e+01
4.693715594332417851e+01 4.936615258470106937e+01
4.693715594332417851e+01 4.493191269008823951e+01
4.693715594332417851e+01 4.355576134632708829e+01
4.693715594332417851e+01 4.902889984034891313e+01
4.693715594332417851e+01 4.000548982779319118e+01
4.693715594332417851e+01 5.308229729044122536e+01
4.693715594332417851e+01 4.263772247400269322e+01
4.693715594332417851e+01 4.876572253211661945e+01
4.693715594332417851e+01 4.880959016652237636e+01
4.693715594332417851e+01 4.830357037122698216e+01
4.693715594332417851e+01 4.574397006768587914e+01
4.693715594332417851e+01 5.019147827291135400e+01
4.693715594332417851e+01 4.922942566945771858e+01
4.693715594332417851e+01 4.163427342042678703e+01
4.693715594332417851e+01 3.899887043234208051e+01
4.693715594332417851e+01 4.705091910325647575e+01
4.693715594332417851e+01 4.338525192014738963e+01
4.693715594332417851e+01 4.605846604902933450e+01
4.693715594332417851e+01 4.043507903827907768e+01
4.693715594332417851e+01 4.486314180387302031e+01
4.693715594332417851e+01 4.868751114865310825e+01
4.693715594332417851e+01 4.227195352339006718e+01
4.693715594332417851e+01 4.532327082790145312e+01
4.693715594332417851e+01 4.980809773987554934e+01
4.693715594332417851e+01 4.253916523949831685e+01
4.693715594332417851e+01 4.842570649101008939e+01
4.693715594332417851e+01 4.291374209670416207e+01
4.693715594332417851e+01 4.984042102445356903e+01
4.693715594332417851e+01 4.763879343161750057e+01
4.693715594332417851e+01 4.685452148401083861e+01
4.693715594332417851e+01 4.402753731188993669e+01
4.693715594332417851e+01 4.720724990460420400e+01
4.693715594332417851e+01 4.297893290017576362e+01
4.693715594332417851e+01 4.146685425378627343e+01
4.693715594332417851e+01 5.028159573637812230e+01
4.693715594332417851e+01 5.120509073562629965e+01
4.693715594332417851e+01 4.886737602096563649e+01
4.693715594332417851e+01 4.378539644473850245e+01
4.693715594332417851e+01 4.746743942052464149e+01
4.693715594332417851e+01 4.354005484420817140e+01
4.693715594332417851e+01 4.591377075982154565e+01
4.693715594332417851e+01 4.836333702913825761e+01
4.693715594332417851e+01 4.369076221314587372e+01
4.693715594332417851e+01 4.316659336465588837e+01
4.693715594332417851e+01 3.617323015274391196e+01
4.693715594332417851e+01 4.644304209358487867e+01
4.693715594332417851e+01 4.234447665739629940e+01
4.693715594332417851e+01 4.004555320729326695e+01
4.693715594332417851e+01 4.404817880847929246e+01
4.693715594332417851e+01 4.836674195901296258e+01
4.693715594332417851e+01 5.026806287779334781e+01
4.693715594332417851e+01 4.493529840709913969e+01
4.693715594332417851e+01 4.564845119171553023e+01
4.693715594332417851e+01 4.186375397015262223e+01
4.693715594332417851e+01 4.425660634928286896e+01
4.693715594332417851e+01 4.420096859832541014e+01
4.693715594332417851e+01 5.367347496757686542e+01
4.693715594332417851e+01 4.091530273779687832e+01
4.693715594332417851e+01 4.746253735718960343e+01
4.693715594332417851e+01 4.408938620225438854e+01
4.693715594332417851e+01 4.284263998003183360e+01
4.693715594332417851e+01 4.542830142237923496e+01
4.693715594332417851e+01 4.687048065875166714e+01
4.693715594332417851e+01 5.184465449208612142e+01
4.693715594332417851e+01 5.378728690830438097e+01
4.693715594332417851e+01 4.789075644941253529e+01
4.693715594332417851e+01 4.588098229935185657e+01
4.693715594332417851e+01 4.449254672166795643e+01
4.693715594332417851e+01 4.259650613511138317e+01
4.693715594332417851e+01 4.965701293552081808e+01
4.693715594332417851e+01 4.554369613644188775e+01
4.693715594332417851e+01 4.475885866105415545e+01
4.693715594332417851e+01 4.665334055102980670e+01
4.693715594332417851e+01 5.086891376181630164e+01
4.693715594332417851e+01 4.776560773381218183e+01
4.693715594332417851e+01 4.562946911056703669e+01
4.693715594332417851e+01 4.799173210687973778e+01
4.693715594332417851e+01 4.282316980555938812e+01
4.693715594332417851e+01 4.600983436783081970e+01
4.693715594332417851e+01 4.139597393856224272e+01
4.693715594332417851e+01 4.329262486787150266e+01
4.693715594332417851e+01 4.598421142001421913e+01
4.693715594332417851e+01 4.487056712210428344e+01
4.693715594332417851e+01 4.474680826374165576e+01
4.693715594332417851e+01 4.934598807593830827e+01
4.693715594332417851e+01 4.544229790716077844e+01
4.693715594332417851e+01 4.266077689002354134e+01
4.693715594332417851e+01 5.041944959449804031e+01
4.693715594332417851e+01 5.046032550734888389e+01
4.693715594332417851e+01 4.820499372077365763e+01
4.693715594332417851e+01 4.631536814652868372e+01
4.693715594332417851e+01 5.001910902159966810e+01
4.693715594332417851e+01 4.562095569388889515e+01
4.693715594332417851e+01 5.527651307594227603e+01
4.693715594332417851e+01 4.737764169654764146e+01
4.693715594332417851e+01 4.320517513319337866e+01
4.693715594332417851e+01 4.234504478991333087e+01
4.693715594332417851e+01 4.258761055829949527e+01
4.693715594332417851e+01 4.853982465802113921e+01
4.693715594332417851e+01 4.679121508845126698e+01
4.693715594332417851e+01 4.310489550380917478e+01
4.693715594332417851e+01 4.268802573371608844e+01
4.693715594332417851e+01 4.380796532649353736e+01
4.693715594332417851e+01 5.027783507923675188e+01
4.693715594332417851e+01 3.871947916923085131e+01
4.693715594332417851e+01 4.601818822232548456e+01
4.693715594332417851e+01 4.772012492333110600e+01
4.693715594332417851e+01 4.436713326856775552e+01
4.693715594332417851e+01 4.649835217058784309e+01
4.693715594332417851e+01 5.234724340808248400e+01
4.693715594332417851e+01 4.467557587505628192e+01
4.693715594332417851e+01 5.172867788689603685e+01
4.693715594332417851e+01 4.238722399672777641e+01
4.693715594332417851e+01 4.531368144214621907e+01
4.693715594332417851e+01 5.165705905763235251e+01
4.693715594332417851e+01 4.296402813908602525e+01
4.693715594332417851e+01 4.464170484908635217e+01
4.693715594332417851e+01 4.778610919176502847e+01
4.693715594332417851e+01 5.341883796179779864e+01
4.693715594332417851e+01 4.391972654722376745e+01
4.693715594332417851e+01 4.617091741590405007e+01
4.693715594332417851e+01 4.619220549205039106e+01
4.693715594332417851e+01 4.044717707014335417e+01
4.693715594332417851e+01 4.805294946821727819e+01
4.693715594332417851e+01 4.297723074594604498e+01
4.693715594332417851e+01 4.369946272859777991e+01
4.693715594332417851e+01 4.607881534873401819e+01
4.693715594332417851e+01 4.593724560680294644e+01
4.693715594332417851e+01 3.980994890428248567e+01
4.693715594332417851e+01 4.017696507199443090e+01
4.693715594332417851e+01 4.699405443519989234e+01
4.693715594332417851e+01 4.609335939738767962e+01
4.693715594332417851e+01 4.765512585359920195e+01
4.693715594332417851e+01 4.940053973504006279e+01
4.693715594332417851e+01 5.075573210376986566e+01
4.693715594332417851e+01 3.991896837170801859e+01
4.693715594332417851e+01 4.246916694320118779e+01
4.693715594332417851e+01 4.409729140598542330e+01
4.693715594332417851e+01 4.880480162376878894e+01
4.693715594332417851e+01 4.934539450437682007e+01
4.693715594332417851e+01 4.479204065707359916e+01
4.693715594332417851e+01 5.074848102650393855e+01
4.693715594332417851e+01 5.011968677103186565e+01
4.693715594332417851e+01 4.943860236494994354e+01
4.693715594332417851e+01 4.590328890593728062e+01
4.693715594332417851e+01 4.561883889281349980e+01
4.693715594332417851e+01 4.519889905474139624e+01
4.693715594332417851e+01 4.483590834929803748e+01
4.693715594332417851e+01 4.789561627050118631e+01
4.693715594332417851e+01 4.415059702695856458e+01
4.693715594332417851e+01 4.505693204529573137e+01
4.693715594332417851e+01 4.427032063080220325e+01
4.693715594332417851e+01 4.487569926598945358e+01
4.693715594332417851e+01 4.677787000993275512e+01
4.693715594332417851e+01 4.639583239317905594e+01
4.693715594332417851e+01 5.243507983694146191e+01
4.693715594332417851e+01 4.476289966434259071e+01
4.693715594332417851e+01 4.359650076274561314e+01
4.693715594332417851e+01 4.431401328500712111e+01
4.693715594332417851e+01 4.693205907754647654e+01
4.693715594332417851e+01 4.967354778785829694e+01
4.693715594332417851e+01 4.915232590262438350e+01
4.693715594332417851e+01 4.028343119906974579e+01
4.693715594332417851e+01 4.476774623572861600e+01
4.693715594332417851e+01 4.767160286728417162e+01
4.693715594332417851e+01 4.763252678808036933e+01
4.693715594332417851e+01 5.058717015400765860e+01
4.693715594332417851e+01 4.361489089626246596e+01
4.693715594332417851e+01 4.572444170154400211e+01
4.693715594332417851e+01 4.989797394035920775e+01
4.693715594332417851e+01 5.541962614340176430e+01
4.693715594332417851e+01 5.396613250910871784e+01
4.693715594332417851e+01 4.495805293788994561e+01
4.693715594332417851e+01 4.379780612441339827e+01
4.693715594332417851e+01 3.975929797378680775e+01
4.693715594332417851e+01 4.560579277183510527e+01
4.693715594332417851e+01 4.128096233994656217e+01
4.693715594332417851e+01 4.915611841588926723e+01
4.693715594332417851e+01 4.109297963190132208e+01
4.693715594332417851e+01 4.832088806680331317e+01
4.693715594332417851e+01 4.713226742900953781e+01
4.693715594332417851e+01 5.412678884192844464e+01
4.693715594332417851e+01 4.354995411522423865e+01
4.693715594332417851e+01 4.557837834293243162e+01
4.693715594332417851e+01 5.239834728861271174e+01
4.693715594332417851e+01 4.967180105647573640e+01
4.693715594332417851e+01 4.852857291071197920e+01
4.693715594332417851e+01 4.813250824955703422e+01
4.693715594332417851e+01 4.614329333707156877e+01
4.693715594332417851e+01 5.850412789411486614e+01
4.693715594332417851e+01 4.745146058014977797e+01
4.693715594332417851e+01 4.804477871381966025e+01
4.693715594332417851e+01 4.776446771228405908e+01
4.693715594332417851e+01 5.189850657004301127e+01
4.693715594332417851e+01 4.407183894547600289e+01
4.693715594332417851e+01 4.874906903310410655e+01
4.693715594332417851e+01 4.838562308722602978e+01
4.693715594332417851e+01 4.708396366422065427e+01
4.693715594332417851e+01 4.171571359778389620e+01
4.693715594332417851e+01 5.584379729020906069e+01
4.693715594332417851e+01 4.399240755067317110e+01
4.693715594332417851e+01 5.064941096312366398e+01
4.693715594332417851e+01 4.364643700423808070e+01
4.693715594332417851e+01 4.328535988152876968e+01
4.693715594332417851e+01 4.724447372784441512e+01
4.693715594332417851e+01 4.527994553243884468e+01
4.693715594332417851e+01 4.778573310370343563e+01
4.693715594332417851e+01 5.196092956194920021e+01
4.693715594332417851e+01 4.589606375160905571e+01
4.693715594332417851e+01 4.891471656578379879e+01
4.693715594332417851e+01 4.076682019050579697e+01
4.693715594332417851e+01 5.146206204766994574e+01
4.693715594332417851e+01 4.440450987272214434e+01
4.693715594332417851e+01 4.363716239199965941e+01
4.693715594332417851e+01 4.325851713259354625e+01
4.693715594332417851e+01 5.087723475687272412e+01
4.693715594332417851e+01 4.689637749174112002e+01
4.693715594332417851e+01 4.564103615464721031e+01
4.693715594332417851e+01 5.252642488475278526e+01
4.693715594332417851e+01 4.482018349988180717e+01
4.693715594332417851e+01 4.308196112123419397e+01
4.693715594332417851e+01 4.833624012731939956e+01
4.693715594332417851e+01 5.062973702572092805e+01
4.693715594332417851e+01 4.579907845929510302e+01
4.693715594332417851e+01 4.553359464357545505e+01
4.693715594332417851e+01 4.672239022906944683e+01
4.693715594332417851e+01 3.709556782988218515e+01
4.693715594332417851e+01 4.576777220637617916e+01
4.693715594332417851e+01 5.125228060104146977e+01
4.693715594332417851e+01 4.532038055149899947e+01
4.693715594332417851e+01 4.911601433671575734e+01
4.693715594332417851e+01 4.231793478061926095e+01
4.693715594332417851e+01 4.601744593894778745e+01
4.693715594332417851e+01 4.903420009428185722e+01
4.693715594332417851e+01 4.412434738117934074e+01
4.693715594332417851e+01 4.769903945499119402e+01
4.693715594332417851e+01 4.758964038879739178e+01
4.693715594332417851e+01 4.155701680320758840e+01
4.693715594332417851e+01 4.114040236462334121e+01
4.693715594332417851e+01 5.026201583325982369e+01
4.693715594332417851e+01 4.963993595954818261e+01
4.693715594332417851e+01 4.108667573830955888e+01
4.693715594332417851e+01 4.795261763346439210e+01
4.693715594332417851e+01 4.340080735707524440e+01
4.693715594332417851e+01 4.339549759822902075e+01
4.693715594332417851e+01 5.085255907679479037e+01
4.693715594332417851e+01 5.207657834306326095e+01
4.693715594332417851e+01 4.571162396717337373e+01
4.693715594332417851e+01 4.671434206593466598e+01
4.693715594332417851e+01 4.731114158132486835e+01
4.693715594332417851e+01 4.437111191445512048e+01
4.693715594332417851e+01 4.669032945215915476e+01
4.693715594332417851e+01 5.136109905703667522e+01
4.693715594332417851e+01 4.995008151111948536e+01
4.693715594332417851e+01 4.875388856943919080e+01
4.693715594332417851e+01 4.288241099300574888e+01
4.693715594332417851e+01 4.931558384207534118e+01
4.693715594332417851e+01 4.634800471419400480e+01
4.693715594332417851e+01 4.243868443659324186e+01
4.693715594332417851e+01 4.271251028108110859e+01
4.693715594332417851e+01 4.345157350835885524e+01
4.693715594332417851e+01 4.825486905935198223e+01
4.693715594332417851e+01 4.874400459262830054e+01
4.693715594332417851e+01 4.628760393864186540e+01
4.693715594332417851e+01 4.550288120786025559e+01
4.693715594332417851e+01 4.464335214163901355e+01
4.693715594332417851e+01 4.574994101397789592e+01
4.693715594332417851e+01 3.990948062391962026e+01
4.693715594332417851e+01 4.148961873240171627e+01
4.693715594332417851e+01 4.563546191994267787e+01
4.693715594332417851e+01 4.442413568470953322e+01
4.693715594332417851e+01 4.947375826417627565e+01
4.693715594332417851e+01 4.230315085590132185e+01
4.693715594332417851e+01 4.727182978209727793e+01
4.693715594332417851e+01 4.518359879120746569e+01
4.693715594332417851e+01 4.409509862019555015e+01
4.693715594332417851e+01 4.262444025062126940e+01
4.693715594332417851e+01 4.775933059538666470e+01
4.693715594332417851e+01 4.842234902730547930e+01
4.693715594332417851e+01 5.100639414653843318e+01
4.693715594332417851e+01 4.288002449632298863e+01
4.693715594332417851e+01 4.956403861196624661e+01
4.693715594332417851e+01 5.085232429431162871e+01
4.693715594332417851e+01 5.103719299732015457e+01
4.693715594332417851e+01 5.037302582223338021e+01
4.693715594332417851e+01 4.063531190991662356e+01
4.693715594332417851e+01 4.882737169351869255e+01
4.693715594332417851e+01 4.618767382951283196e+01
4.693715594332417851e+01 4.621466193506814335e+01
4.693715594332417851e+01 4.331998574274314961e+01
4.693715594332417851e+01 4.506215393528444935e+01
4.693715594332417851e+01 4.831783566790031159e+01
4.693715594332417851e+01 4.488696596987102794e+01
4.693715594332417851e+01 4.885054003961675306e+01
4.693715594332417851e+01 4.783968549721554808e+01
4.693715594332417851e+01 4.813578481898115768e+01
4.693715594332417851e+01 4.671288686281830138e+01
4.693715594332417851e+01 4.847357345494506831e+01
4.693715594332417851e+01 4.671155724544290422e+01
4.693715594332417851e+01 4.268478231232262488e+01
4.693715594332417851e+01 4.376923418296502888e+01
4.693715594332417851e+01 3.701456743756485679e+01
4.693715594332417851e+01 4.332390716741193870e+01
4.693715594332417851e+01 4.236559709884828351e+01
4.693715594332417851e+01 4.721618580830328682e+01
4.693715594332417851e+01 4.302168894775326180e+01
4.693715594332417851e+01 4.539490516320188362e+01
4.693715594332417851e+01 4.589620121263698849e+01
4.693715594332417851e+01 4.801022789740557073e+01
4.693715594332417851e+01 4.552516492920447178e+01
4.693715594332417851e+01 4.667663008244514344e+01
4.693715594332417851e+01 4.840452220998768951e+01
4.693715594332417851e+01 4.996263959182492442e+01
4.693715594332417851e+01 4.238674620205218702e+01
4.693715594332417851e+01 4.440250679352957519e+01
4.693715594332417851e+01 5.034748693231496475e+01
4.693715594332417851e+01 4.246224697882916388e+01
4.693715594332417851e+01 4.656645253471035062e+01
4.693715594332417851e+01 4.679541086735364530e+01
4.693715594332417851e+01 4.668195187189316187e+01
4.693715594332417851e+01 4.323036238700533573e+01
4.693715594332417851e+01 4.147739311950219587e+01
4.693715594332417851e+01 3.874222439867929779e+01
4.693715594332417851e+01 4.837042950809225061e+01
4.693715594332417851e+01 4.553253662437990812e+01
4.693715594332417851e+01 4.629667821633026392e+01
4.693715594332417851e+01 4.063261415614220340e+01
4.693715594332417851e+01 4.273029257799156966e+01
4.693715594332417851e+01 4.603604132348947786e+01
4.693715594332417851e+01 4.344258155759952444e+01
4.693715594332417851e+01 5.022715991194417029e+01
4.693715594332417851e+01 4.786007453778012177e+01
4.693715594332417851e+01 4.463802599519492276e+01
4.693715594332417851e+01 4.170859970888059109e+01
4.693715594332417851e+01 4.389690331568831994e+01
4.693715594332417851e+01 4.856282614043158929e+01
4.693715594332417851e+01 3.928913654489004870e+01
4.693715594332417851e+01 4.844861686674443035e+01
4.693715594332417851e+01 4.994186297894853510e+01
4.693715594332417851e+01 5.004599337345887022e+01
4.693715594332417851e+01 4.676895415818826507e+01
4.693715594332417851e+01 4.928538067597043693e+01
4.693715594332417851e+01 4.612331703268509386e+01
4.693715594332417851e+01 4.585842712357114692e+01
4.693715594332417851e+01 4.671491293385041388e+01
4.693715594332417851e+01 4.057172762119773068e+01
4.693715594332417851e+01 4.664049203320814030e+01
4.693715594332417851e+01 4.898731280677549194e+01
4.693715594332417851e+01 4.394283613416906320e+01
4.693715594332417851e+01 4.644186183166613802e+01
4.693715594332417851e+01 4.081367339820072715e+01
4.693715594332417851e+01 4.426788761002859474e+01
4.693715594332417851e+01 4.690152953910279621e+01
4.693715594332417851e+01 4.993722205005532544e+01
4.693715594332417851e+01 4.510835905615094532e+01
4.693715594332417851e+01 4.464394581952100793e+01
4.693715594332417851e+01 4.473862426512897628e+01
4.693715594332417851e+01 4.827880686270748356e+01
4.693715594332417851e+01 4.688197762264125856e+01
4.693715594332417851e+01 4.563730076318471163e+01
4.693715594332417851e+01 4.833108690509182281e+01
4.693715594332417851e+01 4.659551897104225304e+01
4.693715594332417851e+01 4.388654996318223311e+01
4.693715594332417851e+01 4.800205622758503665e+01
4.693715594332417851e+01 4.382677578106481064e+01
4.693715594332417851e+01 4.242645582849156227e+01
4.693715594332417851e+01 4.901544206962014982e+01
4.693715594332417851e+01 4.503749634419294523e+01
4.693715594332417851e+01 4.284312919696473188e+01
4.693715594332417851e+01 4.121311008299913681e+01
4.693715594332417851e+01 4.897051218732383404e+01
4.693715594332417851e+01 4.811011076799615438e+01
4.693715594332417851e+01 4.500967813006062812e+01
4.693715594332417851e+01 4.840969618624319537e+01
4.693715594332417851e+01 4.014794783445652371e+01
4.693715594332417851e+01 4.958285542391209333e+01
4.693715594332417851e+01 4.294919687881490233e+01
4.693715594332417851e+01 4.465607011679912830e+01
4.693715594332417851e+01 4.860174093997181188e+01
4.693715594332417851e+01 4.655907733516916380e+01
4.693715594332417851e+01 4.814136127382263908e+01
4.693715594332417851e+01 4.544776572175600649e+01
4.693715594332417851e+01 4.758043942177334884e+01
4.693715594332417851e+01 4.310615337065215869e+01
4.693715594332417851e+01 4.615299905993921925e+01
4.693715594332417851e+01 4.833797504697352565e+01
4.693715594332417851e+01 5.132442210120949255e+01
4.693715594332417851e+01 4.589812990522435143e+01
4.693715594332417851e+01 4.362200255850822117e+01
4.693715594332417851e+01 5.047183794083008479e+01
4.693715594332417851e+01 4.582986676295437434e+01
4.693715594332417851e+01 4.817707228704232847e+01
4.693715594332417851e+01 4.405824878735950278e+01
4.693715594332417851e+01 4.599510274556679690e+01
4.693715594332417851e+01 4.740930078384268143e+01
4.693715594332417851e+01 4.254573887739039151e+01
4.693715594332417851e+01 4.458937848822226613e+01
4.693715594332417851e+01 4.074085426423561529e+01
4.693715594332417851e+01 4.821835352433305388e+01
4.693715594332417851e+01 4.305058209937266867e+01
4.693715594332417851e+01 4.712278178934557360e+01
4.693715594332417851e+01 4.213031454243310492e+01
4.693715594332417851e+01 4.704091578191416545e+01
4.693715594332417851e+01 4.138483168583363891e+01
4.693715594332417851e+01 4.116043600116903889e+01
4.693715594332417851e+01 4.449535523995890429e+01
4.693715594332417851e+01 4.085351888961014311e+01
4.693715594332417851e+01 4.249662362766842705e+01
4.693715594332417851e+01 4.629521441756356381e+01
4.693715594332417851e+01 4.580578307980382391e+01
4.693715594332417851e+01 4.700510786873292091e+01
4.693715594332417851e+01 4.139118691230237346e+01
4.693715594332417851e+01 5.404363085317817195e+01
4.693715594332417851e+01 4.273299426075415397e+01
4.693715594332417851e+01 4.964468051915061864e+01
4.693715594332417851e+01 4.668494725375427379e+01
4.693715594332417851e+01 4.409931085278626739e+01
4.693715594332417851e+01 4.185815860993844240e+01
4.693715594332417851e+01 4.604522326127280962e+01
4.693715594332417851e+01 4.591175959244336013e+01
4.693715594332417851e+01 4.781253407923695420e+01
4.693715594332417851e+01 4.865630324700410370e+01
4.693715594332417851e+01 5.273386716311421196e+01
4.693715594332417851e+01 4.432523750627677117e+01
4.693715594332417851e+01 4.644341713299198204e+01
4.693715594332417851e+01 4.592559911999598654e+01
4.693715594332417851e+01 4.476475580984676128e+01
4.693715594332417851e+01 4.347243844944485858e+01
4.693715594332417851e+01 4.789470665385442061e+01
4.693715594332417851e+01 4.992649511432879450e+01
4.693715594332417851e+01 4.865932168256961177e+01
4.693715594332417851e+01 4.393479892241102647e+01
4.693715594332417851e+01 4.830428001932666859e+01
4.693715594332417851e+01 4.008712222946682857e+01
4.693715594332417851e+01 4.703901206186626638e+01
4.693715594332417851e+01 5.451994310116138109e+01
4.693715594332417851e+01 4.302653532888373888e+01
4.693715594332417851e+01 4.566026642890251708e+01
4.693715594332417851e+01 4.577584656833873566e+01
4.693715594332417851e+01 4.699407789489981724e+01
4.693715594332417851e+01 5.035177132077105711e+01
4.693715594332417851e+01 4.522951080079627673e+01
4.693715594332417851e+01 4.573863420382695466e+01
4.693715594332417851e+01 4.105956247335929277e+01
4.693715594332417851e+01 4.442387074026579796e+01
4.693715594332417851e+01 4.406877795002129972e+01
4.693715594332417851e+01 4.636961635176941599e+01
4.693715594332417851e+01 4.543407128960542707e+01
4.693715594332417851e+01 4.401259621198080652e+01
4.693715594332417851e+01 4.287457956464908193e+01
4.693715594332417851e+01 5.182529431796870512e+01
4.693715594332417851e+01 5.278367642843785745e+01
4.693715594332417851e+01 4.922839923252086436e+01
4.693715594332417851e+01 4.969308076298085552e+01
4.693715594332417851e+01 4.570394764439385682e+01
4.693715594332417851e+01 4.411029139040880409e+01
4.693715594332417851e+01 4.046188509081955686e+01
4.693715594332417851e+01 3.996818670095927217e+01
4.693715594332417851e+01 4.963408267172261645e+01
4.693715594332417851e+01 4.301173088823380652e+01
4.693715594332417851e+01 5.154958844989134548e+01
4.693715594332417851e+01 4.380313282483611914e+01
4.693715594332417851e+01 4.275727489372883383e+01
4.693715594332417851e+01 5.221108245228175804e+01
4.693715594332417851e+01 4.447824076501967738e+01
4.693715594332417851e+01 4.338911943434497687e+01
4.693715594332417851e+01 4.757188166781380545e+01
4.693715594332417851e+01 4.915315834752243518e+01
4.693715594332417851e+01 4.281258051106693330e+01
4.693715594332417851e+01 4.945385586299931902e+01
4.693715594332417851e+01 4.469926434884004607e+01
4.693715594332417851e+01 4.703656785735154244e+01
4.693715594332417851e+01 4.342291958534917029e+01
4.693715594332417851e+01 5.203097517486185808e+01
4.693715594332417851e+01 4.481200990628551750e+01
4.693715594332417851e+01 5.407144368211718444e+01
4.693715594332417851e+01 4.167264339352085045e+01
4.693715594332417851e+01 4.647171191908201138e+01
4.693715594332417851e+01 4.330892183206733392e+01
4.693715594332417851e+01 4.633681585214569765e+01
4.693715594332417851e+01 4.617682473709970026e+01
4.693715594332417851e+01 4.649014832460143509e+01
4.693715594332417851e+01 4.642547803416127294e+01
4.693715594332417851e+01 4.235965484954903104e+01
4.693715594332417851e+01 4.499078978892968905e+01
4.693715594332417851e+01 4.295429329141379071e+01
4.693715594332417851e+01 4.849402220770891603e+01
4.693715594332417851e+01 4.915871029768793221e+01
4.693715594332417851e+01 4.400799444928745885e+01
4.693715594332417851e+01 5.323401602690804424e+01
4.693715594332417851e+01 4.160118819676177537e+01
4.693715594332417851e+01 5.071674890009063574e+01
4.693715594332417851e+01 4.735481323171825352e+01
