4.693715594332417851e+01 4.176105505882434699e+01
4.693715594332417851e+01 5.125707226260870897e+01
4.693715594332417851e+01 4.541629353388170642e+01
4.693715594332417851e+01 4.609690528560787470e+01
4.693715594332417851e+01 4.359534031204587023e+01
4.693715594332417851e+01 5.138900222295921338e+01
4.693715594332417851e+01 4.392335132818953269e+01
4.693715594332417851e+01 5.082915951321865577e+01
4.693715594332417851e+01 5.142157367747670094e+01
4.693715594332417851e+01 4.740949011805447100e+01
4.693715594332417851e+01 4.906456312407252085e+01
4.693715594332417851e+01 4.404230579729036066e+01
4.693715594332417851e+01 4.956788982737629823e+01
4.693715594332417851e+01 4.822554374640466790e+01
4.693715594332417851e+01 5.032711071642516742e+01
4.693715594332417851e+01 4.683917155697267987e+01
4.693715594332417851e+01 4.340924160941339238e+01
4.693715594332417851e+01 4.818049757058908256e+01
4.693715594332417851e+01 5.247939086347441418e+01
4.693715594332417851e+01 4.190912568792040105e+01
4.693715594332417851e+01 5.102342760401986510e+01
4.693715594332417851e+01 4.363732151021199712e+01
4.693715594332417851e+01 4.379920136735941583e+01
4.693715594332417851e+01 4.571195027882592399e+01
4.693715594332417851e+01 4.706587117981693780e+01
4.693715594332417851e+01 4.589968795309192018e+01
4.693715594332417851e+01 5.415433521341602585e+01
4.693715594332417851e+01 4.113949429548234349e+01
4.693715594332417851e+01 4.815055805868373540e+01
4.693715594332417851e+01 4.112536691648772802e+01
4.693715594332417851e+01 4.932941414610186825e+01
4.693715594332417851e+01 4.352416959413484676e+01
4.693715594332417851e+01 4.967997016998835136e+01
4.693715594332417851e+01 4.482469765951395146e+01
4.693715594332417851e+01 4.205893677883153003e+01
4.693715594332417851e+01 4.938929180530599439e+01
4.693715594332417851e+01 4.481958963504342819e+01
4.693715594332417851e+01 4.788702652278565353e+01
4.693715594332417851e+01 4.335014373808225230e+01
4.693715594332417851e+01 4.332163755394296345e+01
4.693715594332417851e+01 5.325514628859609445e+01
4.693715594332417851e+01 5.119916646051703424e+01
4.693715594332417851e+01 4.956860686494785284e+01
4.693715594332417851e+01 4.759951536006938255e+01
4.693715594332417851e+01 4.282996747478289024e+01
4.693715594332417851e+01 3.949624957812126524e+01
4.693715594332417851e+01 4.695520584627398364e+01
4.693715594332417851e+01 4.415539808821231560e+01
4.693715594332417851e+01 4.499449883646619952e+01
4.693715594332417851e+01 4.688350288965427382e+01
4.693715594332417851e+01 4.396375737594971156e+01
4.693715594332417851e+01 3.853122587025141854e+01
4.693715594332417851e+01 4.874281539448600853e+01
4.693715594332417851e+01 4.588550493619376169e+01
4.693715594332417851e+01 5.084869303900628523e+01
4.693715594332417851e+01 4.831553833810986021e+01
4.693715594332417851e+01 4.322504072440926137e+01
4.693715594332417851e+01 4.575280944769293967e+01
4.693715594332417851e+01 4.020973935319744186e+01
4.693715594332417851e+01 4.362065977127476657e+01
4.693715594332417851e+01 4.423409419444714530e+01
4.693715594332417851e+01 4.299949249800004480e+01
4.693715594332417851e+01 4.480865040843327307e+01
4.693715594332417851e+01 4.676113368438242190e+01
4.693715594332417851e+01 4.914852594625911308e+01
4.693715594332417851e+01 4.818342501389624033e+01
4.693715594332417851e+01 4.692414966954430611e+01
4.693715594332417851e+01 4.923066811694201306e+01
4.693715594332417851e+01 4.366107557777187509e+01
4.693715594332417851e+01 4.426578108557826852e+01
4.693715594332417851e+01 4.750986562239529576e+01
4.693715594332417851e+01 4.246764131643928408e+01
4.693715594332417851e+01 4.848604558974636802e+01
4.693715594332417851e+01 4.417809656749366809e+01
4.693715594332417851e+01 4.306319852966706918e+01
4.693715594332417851e+01 4.921672269175430614e+01
4.693715594332417851e+01 4.792637394574134646e+01
4.693715594332417851e+01 4.606979122555166839e+01
4.693715594332417851e+01 4.861778320814867271e+01
4.693715594332417851e+01 5.348196927245565035e+01
4.693715594332417851e+01 3.931289220941598472e+01
4.693715594332417851e+01 4.661293908364048377e+01
4.693715594332417851e+01 4.592345536491221480e+01
4.693715594332417851e+01 4.694154920813986820e+01
4.693715594332417851e+01 3.932538498877852362e+01
4.693715594332417851e+01 4.658442635688530942e+01
4.693715594332417851e+01 5.459368206885749686e+01
4.693715594332417851e+01 4.538315427682928771e+01
4.693715594332417851e+01 4.550761749571029213e+01
4.693715594332417851e+01 4.418188669532160873e+01
4.693715594332417851e+01 5.051127935331930985e+01
4.693715594332417851e+01 5.042199775618765045e+01
4.693715594332417851e+01 4.438068332403771166e+01
4.693715594332417851e+01 4.838044599131150392e+01
4.693715594332417851e+01 4.607080785529299050e+01
4.693715594332417851e+01 4.687350393150699546e+01
4.693715594332417851e+01 4.359450017596325466e+01
4.693715594332417851e+01 4.118451669722963970e+01
4.693715594332417851e+01 4.357565857501493412e+01
4.693715594332417851e+01 4.892945359275741168e+01
4.693715594332417851e+01 4.691275542789934860e+01
4.693715594332417851e+01 4.153441180155996193e+01
4.693715594332417851e+01 4.590627355019587696e+01
4.693715594332417851e+01 4.522283405749779917e+01
4.693715594332417851e+01 4.853217873932617721e+01
4.693715594332417851e+01 4.872222554164036978e+01
4.693715594332417851e+01 4.840416115667824926e+01
4.693715594332417851e+01 4.796859696032581866e+01
4.693715594332417851e+01 4.421234080740622119e+01
4.693715594332417851e+01 4.730895446488192846e+01
4.693715594332417851e+01 4.574225743474070072e+01
4.693715594332417851e+01 3.990552937502848607e+01
4.693715594332417851e+01 4.878892575866075987e+01
4.693715594332417851e+01 4.319683268794659625e+01
4.693715594332417851e+01 4.217444616128695856e+01
4.693715594332417851e+01 4.388819809269976702e+01
4.693715594332417851e+01 4.510962493118783101e+01
4.693715594332417851e+01 4.569013800246465706e+01
4.693715594332417851e+01 4.198860942107632610e+01
4.693715594332417851e+01 4.846591427201483526e+01
4.693715594332417851e+01 4.778921167785967583e+01
4.693715594332417851e+01 4.847776430499136779e+01
4.693715594332417851e+01 4.549273742945429433e+01
4.693715594332417851e+01 4.469345526048153516e+01
4.693715594332417851e+01 4.713117682176804379e+01
4.693715594332417851e+01 5.260546811855158467e+01
4.693715594332417851e+01 4.494608450945857214e+01
4.693715594332417851e+01 4.397872941751812448e+01
4.693715594332417851e+01 4.670011121785066166e+01
4.693715594332417851e+01 4.247776278357758173e+01
4.693715594332417851e+01 4.585714731778901410e+01
4.693715594332417851e+01 4.422766729593460155e+01
4.693715594332417851e+01 5.336419525335038117e+01
4.693715594332417851e+01 4.688296557421534771e+01
4.693715594332417851e+01 4.677689672134253840e+01
4.693715594332417851e+01 4.399763052504567185e+01
4.693715594332417851e+01 4.695849533825209221e+01
4.693715594332417851e+01 4.174795258104450824e+01
4.693715594332417851e+01 5.172808811643352556e+01
4.693715594332417851e+01 4.107172748927293782e+01
4.693715594332417851e+01 4.578013665255509324e+01
4.693715594332417851e+01 4.715438265168880605e+01
4.693715594332417851e+01 4.622568646009997195e+01
4.693715594332417851e+01 5.077913200563642704e+01
4.693715594332417851e+01 4.715445431503402318e+01
4.693715594332417851e+01 4.341172797393362259e+01
4.693715594332417851e+01 4.336135946758973603e+01
4.693715594332417851e+01 4.749462573104750618e+01
4.693715594332417851e+01 4.553576581332286821e+01
4.693715594332417851e+01 4.802049021534404005e+01
4.693715594332417851e+01 4.985739183796027874e+01
4.693715594332417851e+01 4.581023651732002122e+01
4.693715594332417851e+01 4.815783386127610299e+01
4.693715594332417851e+01 4.236181766206828314e+01
4.693715594332417851e+01 4.537658628499125513e+01
4.693715594332417851e+01 4.108520153401035202e+01
4.693715594332417851e+01 4.307019431971009737e+01
4.693715594332417851e+01 4.420354799807217461e+01
4.693715594332417851e+01 4.314053786270680746e+01
4.693715594332417851e+01 4.855671992280037585e+01
4.693715594332417851e+01 3.914592985700048899e+01
4.693715594332417851e+01 4.115901994876237779e+01
4.693715594332417851e+01 4.677959321399796977e+01
4.693715594332417851e+01 4.480927974172518446e+01
4.693715594332417851e+01 4.599093669585263910e+01
4.693715594332417851e+01 4.288792440452014887e+01
4.693715594332417851e+01 4.394879577915504143e+01
4.693715594332417851e+01 3.944874099848187399e+01
4.693715594332417851e+01 4.508256536390864255e+01
4.693715594332417851e+01 4.408715697242423914e+01
4.693715594332417851e+01 4.975696848945030837e+01
4.693715594332417851e+01 4.519226430219563184e+01
4.693715594332417851e+01 4.573503646054567184e+01
4.693715594332417851e+01 4.572853017338063353e+01
4.693715594332417851e+01 4.269211482688904624e+01
4.693715594332417851e+01 4.687434054995873112e+01
4.693715594332417851e+01 4.653298090576782187e+01
4.693715594332417851e+01 4.798126852982307611e+01
4.693715594332417851e+01 4.460673372357641142e+01
4.693715594332417851e+01 4.235744263412360766e+01
4.693715594332417851e+01 4.559239976356967361e+01
4.693715594332417851e+01 4.354613619705356342e+01
4.693715594332417851e+01 4.774096191964381575e+01
4.693715594332417851e+01 4.375717648901684953e+01
4.693715594332417851e+01 4.433750547816189425e+01
4.693715594332417851e+01 4.847633018817141703e+01
4.693715594332417851e+01 4.551083611661633910e+01
4.693715594332417851e+01 4.525604016773473859e+01
4.693715594332417851e+01 4.423011596561554626e+01
4.693715594332417851e+01 4.753323739861266972e+01
4.693715594332417851e+01 4.290650784054382427e+01
4.693715594332417851e+01 4.374531278135504664e+01
4.693715594332417851e+01 4.869926204241288303e+01
4.693715594332417851e+01 5.429820706893568172e+01
4.693715594332417851e+01 5.346968574517850215e+01
4.693715594332417851e+01 4.165973211671958154e+01
4.693715594332417851e+01 4.899336085417850484e+01
4.693715594332417851e+01 4.737705644017332673e+01
4.693715594332417851e+01 4.391978030266466249e+01
4.693715594332417851e+01 3.833178700918330151e+01
4.693715594332417851e+01 4.626878713707200319e+01
4.693715594332417851e+01 4.725031249774774267e+01
4.693715594332417851e+01 3.895758532835706944e+01
4.693715594332417851e+01 4.674463535551269189e+01
4.693715594332417851e+01 4.571442794481748706e+01
4.693715594332417851e+01 4.455221623788982299e+01
4.693715594332417851e+01 4.710980269590803005e+01
4.693715594332417851e+01 4.932978942070896977e+01
4.693715594332417851e+01 4.005060135846773051e+01
4.693715594332417851e+01 4.514123481308892138e+01
4.693715594332417851e+01 4.480302809905752781e+01
4.693715594332417851e+01 4.826893765284479088e+01
4.693715594332417851e+01 4.796261207700064233e+01
4.693715594332417851e+01 4.120047853453938558e+01
4.693715594332417851e+01 4.722267066794814383e+01
4.693715594332417851e+01 4.384839608749800277e+01
4.693715594332417851e+01 4.457774492775354247e+01
4.693715594332417851e+01 4.653753720651899783e+01
4.693715594332417851e+01 4.648475088730079818e+01
4.693715594332417851e+01 4.822579566563222642e+01
4.693715594332417851e+01 4.526924398719171450e+01
4.693715594332417851e+01 4.411393991125644476e+01
4.693715594332417851e+01 4.511080594075826866e+01
4.693715594332417851e+01 5.050793039694871567e+01
4.693715594332417851e+01 5.059518669741488139e+01
4.693715594332417851e+01 4.151831364472444363e+01
4.693715594332417851e+01 4.522115212061033418e+01
4.693715594332417851e+01 4.946151415084085556e+01
4.693715594332417851e+01 4.147496133841497112e+01
4.693715594332417851e+01 4.889266768390044859e+01
4.693715594332417851e+01 4.315775382398590665e+01
4.693715594332417851e+01 4.302110861763312499e+01
4.693715594332417851e+01 3.999561102018748926e+01
4.693715594332417851e+01 4.181425974340339735e+01
4.693715594332417851e+01 4.661612973554299089e+01
4.693715594332417851e+01 4.003226386189622588e+01
4.693715594332417851e+01 4.730821101855287480e+01
4.693715594332417851e+01 4.611716189980586478e+01
4.693715594332417851e+01 4.117623050226455206e+01
4.693715594332417851e+01 4.790359814120792237e+01
4.693715594332417851e+01 4.350242399074028299e+01
4.693715594332417851e+01 4.412033501051275408e+01
4.693715594332417851e+01 4.585528983846587181e+01
4.693715594332417851e+01 4.872534472259929572e+01
4.693715594332417851e+01 4.699922256288982680e+01
4.693715594332417851e+01 4.572706396611047097e+01
4.693715594332417851e+01 4.385328965228896436e+01
4.693715594332417851e+01 4.607320584850484835e+01
4.693715594332417851e+01 4.782119756453153769e+01
4.693715594332417851e+01 4.530590287999487487e+01
4.693715594332417851e+01 4.266849670993308052e+01
4.693715594332417851e+01 5.004959581115241463e+01
4.693715594332417851e+01 5.104061440931084803e+01
4.693715594332417851e+01 4.373748206905167990e+01
4.693715594332417851e+01 4.517015758837165862e+01
4.693715594332417851e+01 4.254960419868964294e+01
4.693715594332417851e+01 4.210953467537642325e+01
4.693715594332417851e+01 4.519795339626038810e+01
4.693715594332417851e+01 4.384791000661892468e+01
4.693715594332417851e+01 4.422067293386776754e+01
4.693715594332417851e+01 4.565945500168376725e+01
4.693715594332417851e+01 4.767896127811311402e+01
4.693715594332417851e+01 3.985285285811468015e+01
4.693715594332417851e+01 4.325004857240944034e+01
4.693715594332417851e+01 4.625305174396368102e+01
4.693715594332417851e+01 4.161018090515042900e+01
4.693715594332417851e+01 4.250226806881735087e+01
4.693715594332417851e+01 4.333300705061912339e+01
4.693715594332417851e+01 4.262223811368053816e+01
4.693715594332417851e+01 4.801703856168823137e+01
4.693715594332417851e+01 4.514057511184281424e+01
4.693715594332417851e+01 4.294497644635339384e+01
4.693715594332417851e+01 4.966720655667731421e+01
4.693715594332417851e+01 4.286037176944867610e+01
4.693715594332417851e+01 4.372805747843365509e+01
4.693715594332417851e+01 4.835696568343346513e+01
4.693715594332417851e+01 4.566574292245576316e+01
4.693715594332417851e+01 4.560377704900245988e+01
4.693715594332417851e+01 4.209981552733693633e+01
4.693715594332417851e+01 4.870341842597260040e+01
4.693715594332417851e+01 4.150869253939065828e+01
4.693715594332417851e+01 4.533342550676678684e+01
4.693715594332417851e+01 4.159904156747177950e+01
4.693715594332417851e+01 4.466011087523295942e+01
4.693715594332417851e+01 4.792773554879566689e+01
4.693715594332417851e+01 4.727825172180335045e+01
4.693715594332417851e+01 5.471078140694429237e+01
4.693715594332417851e+01 5.160508794853045345e+01
4.693715594332417851e+01 5.410296469267706243e+01
4.693715594332417851e+01 4.753056793424290305e+01
4.693715594332417851e+01 5.105970948260366526e+01
4.693715594332417851e+01 4.350896235797320344e+01
4.693715594332417851e+01 5.077698262958989517e+01
4.693715594332417851e+01 4.813468763766365299e+01
4.693715594332417851e+01 4.501734108838524406e+01
4.693715594332417851e+01 4.678432188151491289e+01
4.693715594332417851e+01 4.053704886161565213e+01
4.693715594332417851e+01 3.905197142813862854e+01
4.693715594332417851e+01 4.527045350152234704e+01
4.693715594332417851e+01 4.098730018145983678e+01
4.693715594332417851e+01 4.373935330477655725e+01
4.693715594332417851e+01 4.331961747473635427e+01
4.693715594332417851e+01 5.042740934413934184e+01
4.693715594332417851e+01 4.276061467207512834e+01
4.693715594332417851e+01 4.663226230842359854e+01
4.693715594332417851e+01 4.187391141844995701e+01
4.693715594332417851e+01 4.124336983699672032e+01
4.693715594332417851e+01 5.001654584550912830e+01
4.693715594332417851e+01 4.822381177376867356e+01
4.693715594332417851e+01 4.627420936819153496e+01
4.693715594332417851e+01 4.830108629921219432e+01
4.693715594332417851e+01 5.306743235367159173e+01
4.693715594332417851e+01 4.652410351198353311e+01
4.693715594332417851e+01 4.595047908561557648e+01
4.693715594332417851e+01 4.373915060844806391e+01
4.693715594332417851e+01 4.237687702841373039e+01
4.693715594332417851e+01 4.441362925314543020e+01
4.693715594332417851e+01 4.565273752172808486e+01
4.693715594332417851e+01 4.047204782033760750e+01
4.693715594332417851e+01 5.457403470268618406e+01
4.693715594332417851e+01 4.514663326586939007e+01
4.693715594332417851e+01 4.975885650780764280e+01
4.693715594332417851e+01 4.273611863031102587e+01
4.693715594332417851e+01 4.402627032763542303e+01
4.693715594332417851e+01 4.514064889136198389e+01
4.693715594332417851e+01 4.981455820454824845e+01
4.693715594332417851e+01 4.694055562738692799e+01
4.693715594332417851e+01 4.813180667235499044e+01
4.693715594332417851e+01 4.310936536040043165e+01
4.693715594332417851e+01 4.736891288405805511e+01
4.693715594332417851e+01 4.435575415019268064e+01
4.693715594332417851e+01 4.963155444277313677e+01
4.693715594332417851e+01 5.363380769552411209e+01
4.693715594332417851e+01 5.059584277477338787e+01
4.693715594332417851e+01 4.555875594423580566e+01
4.693715594332417851e+01 5.099091956171035633e+01
4.693715594332417851e+01 5.008950912632183616e+01
4.693715594332417851e+01 4.542809446967410736e+01
4.693715594332417851e+01 5.036243406702893566e+01
4.693715594332417851e+01 5.141724396475816405e+01
4.693715594332417851e+01 4.519699179733540007e+01
4.693715594332417851e+01 4.502737449391310065e+01
4.693715594332417851e+01 4.057619660116564830e+01
4.693715594332417851e+01 4.495415466632478996e+01
4.693715594332417851e+01 4.176704989114438860e+01
4.693715594332417851e+01 3.995722820806819442e+01
4.693715594332417851e+01 4.705518223659001364e+01
4.693715594332417851e+01 4.778359518254843863e+01
4.693715594332417851e+01 4.258378043646040823e+01
4.693715594332417851e+01 4.954895854436215785e+01
4.693715594332417851e+01 4.670722015437200270e+01
4.693715594332417851e+01 4.186768720478269756e+01
4.693715594332417851e+01 3.999019309825374080e+01
4.693715594332417851e+01 4.736879532635374801e+01
4.693715594332417851e+01 4.367228406326233880e+01
4.693715594332417851e+01 4.762824745048822450e+01
4.693715594332417851e+01 3.998486814725373506e+01
4.693715594332417851e+01 4.383828611543873421e+01
4.693715594332417851e+01 4.480876573925446849e+01
4.693715594332417851e+01 4.794340594933527910e+01
4.693715594332417851e+01 5.296204150924580745e+01
4.693715594332417851e+01 4.801926745198191782e+01
4.693715594332417851e+01 5.010264764623793354e+01
4.693715594332417851e+01 4.368907392198962469e+01
4.693715594332417851e+01 4.594970133039452520e+01
4.693715594332417851e+01 4.767648143536773375e+01
4.693715594332417851e+01 4.204013734324725249e+01
4.693715594332417851e+01 4.690803800046888483e+01
4.693715594332417851e+01 4.543385248805571308e+01
4.693715594332417851e+01 4.577165102682753428e+01
4.693715594332417851e+01 4.270959806920438240e+01
4.693715594332417851e+01 5.224585058107017232e+01
4.693715594332417851e+01 4.610848436112293314e+01
4.693715594332417851e+01 4.846363911853507744e+01
4.693715594332417851e+01 4.421421932591641735e+01
4.693715594332417851e+01 4.495456318305478760e+01
4.693715594332417851e+01 4.153323170914023876e+01
4.693715594332417851e+01 4.660678843423340822e+01
4.693715594332417851e+01 4.771597140938252579e+01
4.693715594332417851e+01 4.349310406227350967e+01
4.693715594332417851e+01 4.878795048692170155e+01
4.693715594332417851e+01 4.318695915700532595e+01
4.693715594332417851e+01 4.455500181786785419e+01
4.693715594332417851e+01 4.889483395608868932e+01
4.693715594332417851e+01 4.414360497873954614e+01
4.693715594332417851e+01 4.620215607606457553e+01
4.693715594332417851e+01 5.209958544869382990e+01
4.693715594332417851e+01 4.574968388690874832e+01
4.693715594332417851e+01 3.977997257678556053e+01
4.693715594332417851e+01 4.865387979916039285e+01
4.693715594332417851e+01 5.142895834252755094e+01
4.693715594332417851e+01 5.173290094475137835e+01
4.693715594332417851e+01 4.166494333480923729e+01
4.693715594332417851e+01 4.850859870430132048e+01
4.693715594332417851e+01 4.651753449451932454e+01
4.693715594332417851e+01 4.466247692402114922e+01
4.693715594332417851e+01 4.500254327683851585e+01
4.693715594332417851e+01 4.750384156012046333e+01
4.693715594332417851e+01 4.760049640745059918e+01
4.693715594332417851e+01 4.183665099905011431e+01
4.693715594332417851e+01 4.151418203251751748e+01
4.693715594332417851e+01 4.828148496394126710e+01
4.693715594332417851e+01 4.624358166996348984e+01
4.693715594332417851e+01 4.707802939106140627e+01
4.693715594332417851e+01 5.060955212063385034e+01
4.693715594332417851e+01 4.839665931546245758e+01
4.693715594332417851e+01 4.878237312187053476e+01
4.693715594332417851e+01 4.212669570480911574e+01
4.693715594332417851e+01 4.336717479837029998e+01
4.693715594332417851e+01 4.623808380048397026e+01
4.693715594332417851e+01 4.488805055032114666e+01
4.693715594332417851e+01 4.874729905244162609e+01
4.693715594332417851e+01 4.695575373755820436e+01
4.693715594332417851e+01 4.716371847091497216e+01
4.693715594332417851e+01 4.355345497194303306e+01
4.693715594332417851e+01 4.072191797429924520e+01
4.693715594332417851e+01 4.360430319676723343e+01
4.693715594332417851e+01 4.189940635794663137e+01
4.693715594332417851e+01 4.475534546937571179e+01
4.693715594332417851e+01 5.178596486811482436e+01
4.693715594332417851e+01 5.275473789359347165e+01
4.693715594332417851e+01 4.632841272074329453e+01
4.693715594332417851e+01 4.371903677300628033e+01
4.693715594332417851e+01 5.012126439139068168e+01
4.693715594332417851e+01 4.152187516108392629e+01
4.693715594332417851e+01 4.970355214023376078e+01
4.693715594332417851e+01 4.759049193833259039e+01
4.693715594332417851e+01 4.396455163850015424e+01
4.693715594332417851e+01 4.355924104839434818e+01
4.693715594332417851e+01 4.409989262631491158e+01
4.693715594332417851e+01 4.842652259433847917e+01
4.693715594332417851e+01 4.251147058074624141e+01
4.693715594332417851e+01 4.289231288983128110e+01
4.693715594332417851e+01 4.504457207505311089e+01
4.693715594332417851e+01 4.177310983778518505e+01
4.693715594332417851e+01 4.523508227272689908e+01
4.693715594332417851e+01 4.183515171122581933e+01
4.693715594332417851e+01 4.451252663315602121e+01
4.693715594332417851e+01 4.501018545338652643e+01
4.693715594332417851e+01 4.203956777341806372e+01
4.693715594332417851e+01 3.975254325275470535e+01
4.693715594332417851e+01 4.888584378124478746e+01
4.693715594332417851e+01 4.523122678076171610e+01
4.693715594332417851e+01 4.140736717856553639e+01
4.693715594332417851e+01 4.327436931889867822e+01
4.693715594332417851e+01 4.827961977230891222e+01
4.693715594332417851e+01 4.400100848139584286e+01
4.693715594332417851e+01 4.555822830630989984e+01
4.693715594332417851e+01 4.491763994323283526e+01
4.693715594332417851e+01 4.508560339651217674e+01
4.693715594332417851e+01 4.576866018093138422e+01
4.693715594332417851e+01 4.639628200798047430e+01
4.693715594332417851e+01 4.546115634387168569e+01
4.693715594332417851e+01 4.399815098717797923e+01
4.693715594332417851e+01 4.833626103235879157e+01
4.693715594332417851e+01 4.985528711869609708e+01
4.693715594332417851e+01 4.268212763654422304e+01
4.693715594332417851e+01 4.816501193132853587e+01
4.693715594332417851e+01 4.532376502772836346e+01
4.693715594332417851e+01 4.488298389354466877e+01
4.693715594332417851e+01 5.345792100087280829e+01
4.693715594332417851e+01 4.741029197243652504e+01
4.693715594332417851e+01 4.904433937911620944e+01
4.693715594332417851e+01 4.523598598261895631e+01
4.693715594332417851e+01 4.709101288768794547e+01
4.693715594332417851e+01 4.928325741466657917e+01
4.693715594332417851e+01 4.594049255699138712e+01
4.693715594332417851e+01 4.516173665406249427e+01
4.693715594332417851e+01 4.563934823235815230e+01
4.693715594332417851e+01 4.132243863199500566e+01
4.693715594332417851e+01 4.779528842788039356e+01
4.693715594332417851e+01 4.622377951171432642e+01
4.693715594332417851e+01 5.377436456839389933e+01
4.693715594332417851e+01 4.393428577222584153e+01
4.693715594332417851e+01 4.245598388008279755e+01
4.693715594332417851e+01 4.924711067646202878e+01
4.693715594332417851e+01 4.252802626597669899e+01
4.693715594332417851e+01 3.821712520778933708e+01
4.693715594332417851e+01 4.723756624472180476e+01
4.693715594332417851e+01 4.501827822085853370e+01
4.693715594332417851e+01 4.806116467161105277e+01
4.693715594332417851e+01 4.567062582852727104e+01
4.693715594332417851e+01 5.138075884987648578e+01
4.693715594332417851e+01 4.763953172199656905e+01
4.693715594332417851e+01 4.421767300719349691e+01
4.693715594332417851e+01 4.718275074967588978e+01
4.693715594332417851e+01 4.210298332076259697e+01
4.693715594332417851e+01 5.490033017599188980e+01
4.693715594332417851e+01 4.311593536429692364e+01
4.693715594332417851e+01 4.463605457790269782e+01
4.693715594332417851e+01 4.322075629648685435e+01
4.693715594332417851e+01 4.561386915835946354e+01
4.693715594332417851e+01 5.363567269933817983e+01
4.693715594332417851e+01 4.511992627367639841e+01
4.693715594332417851e+01 4.599960128098462775e+01
4.693715594332417851e+01 4.385703886088491998e+01
4.693715594332417851e+01 4.437878995093197432e+01
4.693715594332417851e+01 4.656779602273649488e+01
4.693715594332417851e+01 4.910110129864914796e+01
4.693715594332417851e+01 4.677862151820388448e+01
4.693715594332417851e+01 4.809601199605859989e+01
4.693715594332417851e+01 5.874816110999316265e+01
4.693715594332417851e+01 4.554192804719981780e+01
4.693715594332417851e+01 4.292063791756670099e+01
4.693715594332417851e+01 4.417470628174299918e+01
4.693715594332417851e+01 4.423404376663449256e+01
4.693715594332417851e+01 4.667165785853373450e+01
4.693715594332417851e+01 5.058996544573263066e+01
4.693715594332417851e+01 4.268319230099709927e+01
4.693715594332417851e+01 4.657895410597229358e+01
4.693715594332417851e+01 4.779192693577093820e+01
4.693715594332417851e+01 4.646667922717567478e+01
4.693715594332417851e+01 4.871217440370364926e+01
4.693715594332417851e+01 4.836494981871766896e+01
4.693715594332417851e+01 4.366004213978562376e+01
4.693715594332417851e+01 4.488526007400067641e+01
4.693715594332417851e+01 4.541002918516658582e+01
4.693715594332417851e+01 4.179949927825328615e+01
4.693715594332417851e+01 4.443985057894121127e+01
4.693715594332417851e+01 4.300109156773607566e+01
4.693715594332417851e+01 5.022138668533587946e+01
4.693715594332417851e+01 4.855996008564542166e+01
4.693715594332417851e+01 4.907364601737270249e+01
4.693715594332417851e+01 4.746957399949872070e+01
4.693715594332417851e+01 4.632999706507209225e+01
4.693715594332417851e+01 4.652082446247310088e+01
4.693715594332417851e+01 4.696986244007710809e+01
4.693715594332417851e+01 5.108433899331028272e+01
4.693715594332417851e+01 4.176345888827297159e+01
4.693715594332417851e+01 4.472090264774664803e+01
4.693715594332417851e+01 4.241868329974992946e+01
4.693715594332417851e+01 4.418898970041013996e+01
4.693715594332417851e+01 4.419733805427834028e+01
4.693715594332417851e+01 4.784558419489243164e+01
4.693715594332417851e+01 4.684019160747411092e+01
4.693715594332417851e+01 4.394610605810362358e+01
4.693715594332417851e+01 4.132861242692637660e+01
4.693715594332417851e+01 4.844141228309449332e+01
4.693715594332417851e+01 5.003131678056345777e+01
4.693715594332417851e+01 4.952164691046661460e+01
4.693715594332417851e+01 4.693599872846530019e+01
4.693715594332417851e+01 4.772687265783366684e+01
4.693715594332417851e+01 4.767437295003011144e+01
4.693715594332417851e+01 4.727896508406682585e+01
4.693715594332417851e+01 5.049190067987099440e+01
4.693715594332417851e+01 4.728173456903111571e+01
4.693715594332417851e+01 4.556303426767961895e+01
4.693715594332417851e+01 4.707210876726629323e+01
4.693715594332417851e+01 4.992565882945696387e+01
4.693715594332417851e+01 4.730866753491638832e+01
4.693715594332417851e+01 4.128479864222337170e+01
4.693715594332417851e+01 4.975525622543752746e+01
4.693715594332417851e+01 4.446490340522456108e+01
4.693715594332417851e+01 4.486432989894716883e+01
4.693715594332417851e+01 4.727740312937750389e+01
4.693715594332417851e+01 4.658709851637303245e+01
4.693715594332417851e+01 4.524911624156774081e+01
4.693715594332417851e+01 4.870762440464720555e+01
4.693715594332417851e+01 3.926030897039516532e+01
4.693715594332417851e+01 4.576605838075462884e+01
4.693715594332417851e+01 4.717830658997073812e+01
4.693715594332417851e+01 4.489708596818735487e+01
4.693715594332417851e+01 4.811769961801103079e+01
4.693715594332417851e+01 4.799646291895871286e+01
4.693715594332417851e+01 5.193106282862868284e+01
4.693715594332417851e+01 4.978942451915894907e+01
4.693715594332417851e+01 5.056714270057894112e+01
4.693715594332417851e+01 4.297917774975486793e+01
4.693715594332417851e+01 5.023892538658555651e+01
4.693715594332417851e+01 4.448657979398370088e+01
4.693715594332417851e+01 4.319926012708561558e+01
4.693715594332417851e+01 4.547899288781760418e+01
4.693715594332417851e+01 4.540314600913648491e+01
4.693715594332417851e+01 4.204736522761417206e+01
4.693715594332417851e+01 4.477419829461547351e+01
4.693715594332417851e+01 4.858938748245621042e+01
4.693715594332417851e+01 5.072617149013893822e+01
4.693715594332417851e+01 4.939900046455962013e+01
4.693715594332417851e+01 4.039902618835825621e+01
4.693715594332417851e+01 4.449420496058939278e+01
4.693715594332417851e+01 5.255637011531470648e+01
4.693715594332417851e+01 4.248610553171062776e+01
4.693715594332417851e+01 5.177057723167953895e+01
4.693715594332417851e+01 4.454458991152709046e+01
4.693715594332417851e+01 4.587594073079964829e+01
4.693715594332417851e+01 4.834969740928244875e+01
4.693715594332417851e+01 4.922541446941674081e+01
4.693715594332417851e+01 4.258917530782741778e+01
4.693715594332417851e+01 4.898197896602046342e+01
4.693715594332417851e+01 4.102843330647748132e+01
4.693715594332417851e+01 4.524109852235761764e+01
4.693715594332417851e+01 5.408907975468851959e+01
4.693715594332417851e+01 4.485677146604840715e+01
4.693715594332417851e+01 4.489466655659259686e+01
4.693715594332417851e+01 5.087599241969406449e+01
4.693715594332417851e+01 4.736746589629762383e+01
4.693715594332417851e+01 4.840772054493286447e+01
4.693715594332417851e+01 4.828045204833279769e+01
4.693715594332417851e+01 4.671533176582350677e+01
4.693715594332417851e+01 4.054279560040167496e+01
4.693715594332417851e+01 4.717412473848536081e+01
4.693715594332417851e+01 5.018303005011272688e+01
4.693715594332417851e+01 4.177718046165007593e+01
4.693715594332417851e+01 4.791621947441127105e+01
4.693715594332417851e+01 4.725590754729564225e+01
4.693715594332417851e+01 4.794559954278867764e+01
4.693715594332417851e+01 4.992523875384907228e+01
4.693715594332417851e+01 4.361852170372943505e+01
4.693715594332417851e+01 4.961585289928513021e+01
4.693715594332417851e+01 4.534986641816639974e+01
4.693715594332417851e+01 4.443567328620562051e+01
4.693715594332417851e+01 4.292153923513308200e+01
4.693715594332417851e+01 4.267382367898801476e+01
4.693715594332417851e+01 5.075014041897995298e+01
4.693715594332417851e+01 5.284537121349370636e+01
4.693715594332417851e+01 4.694186792070870951e+01
4.693715594332417851e+01 4.779709571190363704e+01
4.693715594332417851e+01 4.419959231625179541e+01
4.693715594332417851e+01 5.097442081848014794e+01
4.693715594332417851e+01 4.689807778906774161e+01
4.693715594332417851e+01 4.976707016672455097e+01
4.693715594332417851e+01 4.569560610684301594e+01
4.693715594332417851e+01 5.051734289223418273e+01
4.693715594332417851e+01 4.834201194004533164e+01
4.693715594332417851e+01 4.364200643900439047e+01
4.693715594332417851e+01 4.295102552848246091e+01
4.693715594332417851e+01 4.799148099215477004e+01
4.693715594332417851e+01 4.446229651664421567e+01
4.693715594332417851e+01 4.144113443846774203e+01
4.693715594332417851e+01 4.323447245083455925e+01
4.693715594332417851e+01 4.503624415106477130e+01
4.693715594332417851e+01 4.425440577786455520e+01
4.693715594332417851e+01 4.935176458781269559e+01
4.693715594332417851e+01 5.002138353979847807e+01
4.693715594332417851e+01 4.533823259286088359e+01
4.693715594332417851e+01 4.883709540964279938e+01
4.693715594332417851e+01 4.149410941198502201e+01
4.693715594332417851e+01 4.381981909453587321e+01
4.693715594332417851e+01 4.538556437646280273e+01
4.693715594332417851e+01 4.966781558990388135e+01
4.693715594332417851e+01 4.693138868942287445e+01
4.693715594332417851e+01 4.350404527912915142e+01
4.693715594332417851e+01 4.758425780201542210e+01
4.693715594332417851e+01 4.649984113032709843e+01
4.693715594332417851e+01 4.960881528610688207e+01
4.693715594332417851e+01 4.560154870190398668e+01
4.693715594332417851e+01 4.276304038805154306e+01
4.693715594332417851e+01 4.399346626902194402e+01
4.693715594332417851e+01 4.840755799850462182e+01
4.693715594332417851e+01 5.194647908252262170e+01
4.693715594332417851e+01 4.234120204433844492e+01
4.693715594332417851e+01 4.497106799584565096e+01
4.693715594332417851e+01 4.119521086349092798e+01
4.693715594332417851e+01 4.644090018170900436e+01
4.693715594332417851e+01 4.115753910464810161e+01
4.693715594332417851e+01 4.151221695525756417e+01
4.693715594332417851e+01 4.999054749297989275e+01
4.693715594332417851e+01 4.598565935406647753e+01
4.693715594332417851e+01 4.569712647533633287e+01
4.693715594332417851e+01 4.368917274421689712e+01
4.693715594332417851e+01 4.701206065630248787e+01
4.693715594332417851e+01 4.839384449606899352e+01
4.693715594332417851e+01 4.774630671808061777e+01
4.693715594332417851e+01 4.678813992565753921e+01
4.693715594332417851e+01 5.007317522794831177e+01
4.693715594332417851e+01 4.556263816023065516e+01
4.693715594332417851e+01 4.785090218818478291e+01
4.693715594332417851e+01 4.276859231822287200e+01
4.693715594332417851e+01 4.477329077940775903e+01
4.693715594332417851e+01 4.662930992220395865e+01
4.693715594332417851e+01 4.733464390303564073e+01
4.693715594332417851e+01 4.848691895364539306e+01
4.693715594332417851e+01 4.811099303140898797e+01
4.693715594332417851e+01 4.508067704163747891e+01
4.693715594332417851e+01 4.878251972167434758e+01
4.693715594332417851e+01 4.632538763061364762e+01
4.693715594332417851e+01 4.416753127136036028e+01
4.693715594332417851e+01 4.513385092305154700e+01
4.693715594332417851e+01 4.660377496672020214e+01
4.693715594332417851e+01 4.587055846647889723e+01
4.693715594332417851e+01 5.106421923781999084e+01
4.693715594332417851e+01 4.697195093839643221e+01
4.693715594332417851e+01 4.619669474759488281e+01
4.693715594332417851e+01 5.171085347517879427e+01
4.693715594332417851e+01 5.206046850694648498e+01
4.693715594332417851e+01 4.253585780773835978e+01
4.693715594332417851e+01 4.433867883810210486e+01
4.693715594332417851e+01 4.214578934758378637e+01
4.693715594332417851e+01 4.079990059716329398e+01
4.693715594332417851e+01 4.370730864936601989e+01
4.693715594332417851e+01 4.677242345277867486e+01
4.693715594332417851e+01 5.022593108631463110e+01
4.693715594332417851e+01 4.629988905725105752e+01
4.693715594332417851e+01 5.460984458953127074e+01
4.693715594332417851e+01 5.123022072482068268e+01
4.693715594332417851e+01 4.827538669070678168e+01
4.693715594332417851e+01 4.743272046081500548e+01
4.693715594332417851e+01 4.812333007258526152e+01
4.693715594332417851e+01 4.985882312007920802e+01
4.693715594332417851e+01 4.159631631445493127e+01
4.693715594332417851e+01 4.526117114810391939e+01
4.693715594332417851e+01 4.448913459768728984e+01
4.693715594332417851e+01 4.797790768323130095e+01
4.693715594332417851e+01 4.480816961229830753e+01
4.693715594332417851e+01 4.449315920779739741e+01
4.693715594332417851e+01 4.350597278914028010e+01
4.693715594332417851e+01 4.888482231955552493e+01
4.693715594332417851e+01 4.703382900983068282e+01
4.693715594332417851e+01 5.083436150721754387e+01
4.693715594332417851e+01 4.876462063757884380e+01
4.693715594332417851e+01 4.126130370858723495e+01
4.693715594332417851e+01 4.366376175228751322e+01
4.693715594332417851e+01 4.435970558980583434e+01
4.693715594332417851e+01 4.688667563203034661e+01
4.693715594332417851e+01 4.634294622080707171e+01
4.693715594332417851e+01 4.631510768780886877e+01
4.693715594332417851e+01 4.025789091514948126e+01
4.693715594332417851e+01 4.440208282128747896e+01
4.693715594332417851e+01 5.057285984891321817e+01
4.693715594332417851e+01 4.666287115071172309e+01
4.693715594332417851e+01 4.411035624601074545e+01
4.693715594332417851e+01 4.734116303222989330e+01
4.693715594332417851e+01 4.629100307886727705e+01
4.693715594332417851e+01 4.341266936064604920e+01
4.693715594332417851e+01 4.329746701609163750e+01
4.693715594332417851e+01 4.557230165836754310e+01
4.693715594332417851e+01 4.662358622821318477e+01
4.693715594332417851e+01 4.476331193597444980e+01
4.693715594332417851e+01 4.719450227055455116e+01
4.693715594332417851e+01 4.346392607849651313e+01
4.693715594332417851e+01 4.484313493803531969e+01
4.693715594332417851e+01 4.160865031012098569e+01
4.693715594332417851e+01 4.755498407886782530e+01
4.693715594332417851e+01 4.405260005418866598e+01
4.693715594332417851e+01 4.725862196966457418e+01
4.693715594332417851e+01 4.202182196251920487e+01
4.693715594332417851e+01 4.120058050851119447e+01
4.693715594332417851e+01 4.133525819230654008e+01
4.693715594332417851e+01 5.080382007502482367e+01
4.693715594332417851e+01 4.568081525454953606e+01
4.693715594332417851e+01 4.531259376923553361e+01
4.693715594332417851e+01 4.906990573357254704e+01
4.693715594332417851e+01 4.247298764627078071e+01
4.693715594332417851e+01 4.528723934754602709e+01
4.693715594332417851e+01 4.778484922511812982e+01
4.693715594332417851e+01 4.612933715041145177e+01
4.693715594332417851e+01 4.519467041861179979e+01
4.693715594332417851e+01 4.354572787626828756e+01
4.693715594332417851e+01 4.580965433913078044e+01
4.693715594332417851e+01 4.275293995018768101e+01
4.693715594332417851e+01 4.445670640614559943e+01
4.693715594332417851e+01 4.510361888092857896e+01
4.693715594332417851e+01 4.337784155465663360e+01
4.693715594332417851e+01 4.469001200300318288e+01
4.693715594332417851e+01 4.348727400707920054e+01
4.693715594332417851e+01 4.043613408706544732e+01
4.693715594332417851e+01 4.870660671901080718e+01
4.693715594332417851e+01 4.453421780491384396e+01
4.693715594332417851e+01 4.073626176750387629e+01
4.693715594332417851e+01 4.766152643165941072e+01
4.693715594332417851e+01 5.099899965890592313e+01
4.693715594332417851e+01 4.361941222079355640e+01
4.693715594332417851e+01 5.001546367145789418e+01
4.693715594332417851e+01 4.605359281646851599e+01
4.693715594332417851e+01 4.773884265206748978e+01
4.693715594332417851e+01 4.240906447137940916e+01
4.693715594332417851e+01 4.609607073333011584e+01
4.693715594332417851e+01 4.850721435571533391e+01
4.693715594332417851e+01 4.589129207120134168e+01
4.693715594332417851e+01 4.821323122297079067e+01
4.693715594332417851e+01 4.213564555576578385e+01
4.693715594332417851e+01 5.171331493067149410e+01
4.693715594332417851e+01 4.764626173196748482e+01
4.693715594332417851e+01 4.661679111850733648e+01
4.693715594332417851e+01 4.734680061204708323e+01
4.693715594332417851e+01 4.008856440167615887e+01
4.693715594332417851e+01 4.962600761093064250e+01
4.693715594332417851e+01 4.687807437935701671e+01
4.693715594332417851e+01 4.690662227987792221e+01
4.693715594332417851e+01 4.991314845999876582e+01
4.693715594332417851e+01 4.902576558105494087e+01
4.693715594332417851e+01 5.452771108410345136e+01
4.693715594332417851e+01 4.321832601281244735e+01
4.693715594332417851e+01 4.715558468641703627e+01
4.693715594332417851e+01 4.597297540652242276e+01
4.693715594332417851e+01 4.766622313417957457e+01
4.693715594332417851e+01 4.899320748467549436e+01
4.693715594332417851e+01 4.310794806858775985e+01
4.693715594332417851e+01 4.309272149958798082e+01
4.693715594332417851e+01 4.548389979027425767e+01
4.693715594332417851e+01 5.143658306023984750e+01
4.693715594332417851e+01 4.237177067436064704e+01
4.693715594332417851e+01 4.944873383999361494e+01
4.693715594332417851e+01 4.578584178462338627e+01
4.693715594332417851e+01 4.406766025676057552e+01
4.693715594332417851e+01 4.466872341133456814e+01
4.693715594332417851e+01 4.814765213738888860e+01
4.693715594332417851e+01 4.759779174813359504e+01
4.693715594332417851e+01 4.372823854023580026e+01
4.693715594332417851e+01 4.343899034740921650e+01
4.693715594332417851e+01 4.519160616808979114e+01
4.693715594332417851e+01 4.748357556568487325e+01
4.693715594332417851e+01 4.323859481623284751e+01
4.693715594332417851e+01 4.426626858972266376e+01
4.693715594332417851e+01 4.821019575547119729e+01
4.693715594332417851e+01 4.456042992755451593e+01
4.693715594332417851e+01 4.306925313771119335e+01
4.693715594332417851e+01 4.156406644714108722e+01
4.693715594332417851e+01 4.445603756016010522e+01
4.693715594332417851e+01 4.505815334708620412e+01
4.693715594332417851e+01 4.326069566201356054e+01
4.693715594332417851e+01 4.778480957277646723e+01
4.693715594332417851e+01 4.474217940197303278e+01
4.693715594332417851e+01 4.831219099586720489e+01
4.693715594332417851e+01 3.992618245400606014e+01
4.693715594332417851e+01 4.349125356409450660e+01
4.693715594332417851e+01 4.573209140628228653e+01
4.693715594332417851e+01 4.430327206505138093e+01
4.693715594332417851e+01 4.319209495737275262e+01
4.693715594332417851e+01 4.751848570213976330e+01
4.693715594332417851e+01 4.544078881200983488e+01
4.693715594332417851e+01 4.271777826800209255e+01
4.693715594332417851e+01 4.302352471574840109e+01
4.693715594332417851e+01 4.492498643490869625e+01
4.693715594332417851e+01 4.477840848812044072e+01
4.693715594332417851e+01 4.479017251808949851e+01
4.693715594332417851e+01 4.802410158297509923e+01
4.693715594332417851e+01 4.718163681270156218e+01
4.693715594332417851e+01 4.282222573894774342e+01
4.693715594332417851e+01 4.997362992435967044e+01
4.693715594332417851e+01 4.265688486905187915e+01
4.693715594332417851e+01 4.537954429969321524e+01
4.693715594332417851e+01 4.151684589274032078e+01
4.693715594332417851e+01 4.847010202002454093e+01
4.693715594332417851e+01 4.392374162985714747e+01
4.693715594332417851e+01 4.937939387330089858e+01
4.693715594332417851e+01 5.113441852556330502e+01
4.693715594332417851e+01 4.913435793661572148e+01
4.693715594332417851e+01 4.786874553507211516e+01
4.693715594332417851e+01 4.966023566546220991e+01
4.693715594332417851e+01 4.369145983229526564e+01
4.693715594332417851e+01 4.600901098807247536e+01
4.693715594332417851e+01 4.880472298923798036e+01
4.693715594332417851e+01 4.717902503782575963e+01
4.693715594332417851e+01 4.811253009397158564e+01
4.693715594332417851e+01 5.185262142427074394e+01
4.693715594332417851e+01 4.277307743039828125e+01
4.693715594332417851e+01 4.706098146578322883e+01
4.693715594332417851e+01 5.186758858842148356e+01
4.693715594332417851e+01 4.351377053398384476e+01
4.693715594332417851e+01 4.243383689099108835e+01
4.693715594332417851e+01 4.327370447034718381e+01
4.693715594332417851e+01 4.297113173194936309e+01
4.693715594332417851e+01 4.451334303503666945e+01
4.693715594332417851e+01 4.914217153281011008e+01
4.693715594332417851e+01 4.962895105998570955e+01
4.693715594332417851e+01 4.392399159260902053e+01
4.693715594332417851e+01 3.865464115758454255e+01
4.693715594332417851e+01 4.657875309063632585e+01
4.693715594332417851e+01 4.816628250801650779e+01
4.693715594332417851e+01 4.758155185259806785e+01
4.693715594332417851e+01 4.441114795131313286e+01
4.693715594332417851e+01 4.410900092451833387e+01
4.693715594332417851e+01 4.526420241830575719e+01
4.693715594332417851e+01 4.718742637807407903e+01
4.693715594332417851e+01 5.325056550268272559e+01
4.693715594332417851e+01 4.562483373579743073e+01
4.693715594332417851e+01 5.051803764843880629e+01
4.693715594332417851e+01 5.083015404052618180e+01
4.693715594332417851e+01 4.766958419158718385e+01
4.693715594332417851e+01 4.548946539510478715e+01
4.693715594332417851e+01 4.973453987456988301e+01
4.693715594332417851e+01 4.246372664942037289e+01
4.693715594332417851e+01 5.026571255979263952e+01
4.693715594332417851e+01 4.377975296828452656e+01
4.693715594332417851e+01 4.873156125139384187e+01
4.693715594332417851e+01 4.596675674943230661e+01
4.693715594332417851e+01 4.736631291054067816e+01
4.693715594332417851e+01 4.380045822022092494e+01
4.693715594332417851e+01 4.513388759737214428e+01
4.693715594332417851e+01 4.329133665907335171e+01
4.693715594332417851e+01 4.478549919057137885e+01
4.693715594332417851e+01 4.486122792666350279e+01
4.693715594332417851e+01 4.564424687553491822e+01
4.693715594332417851e+01 5.002703100848594886e+01
4.693715594332417851e+01 4.610382852587397196e+01
4.693715594332417851e+01 5.076576896326776023e+01
4.693715594332417851e+01 4.390986584540378601e+01
4.693715594332417851e+01 4.305305620574058167e+01
4.693715594332417851e+01 4.238817813895258269e+01
4.693715594332417851e+01 4.593590073405487573e+01
4.693715594332417851e+01 4.673385374329114939e+01
4.693715594332417851e+01 4.601725710588330287e+01
4.693715594332417851e+01 4.226478221551106174e+01
4.693715594332417851e+01 5.224699839146495606e+01
4.693715594332417851e+01 4.676594696794696659e+01
4.693715594332417851e+01 4.765189236942102724e+01
4.693715594332417851e+01 5.142751422716907683e+01
4.693715594332417851e+01 4.202995947425262813e+01
4.693715594332417851e+01 4.786377308281436171e+01
4.693715594332417851e+01 4.698617931522879587e+01
4.693715594332417851e+01 4.490049929219038205e+01
4.693715594332417851e+01 4.646814405436909112e+01
4.693715594332417851e+01 4.349579925509281964e+01
4.693715594332417851e+01 4.245461299120034937e+01
4.693715594332417851e+01 5.141795523653414079e+01
4.693715594332417851e+01 4.081293382695701411e+01
4.693715594332417851e+01 4.524221123869401850e+01
4.693715594332417851e+01 4.824718660047264507e+01
4.693715594332417851e+01 4.819966705177996857e+01
4.693715594332417851e+01 4.977046324475177386e+01
4.693715594332417851e+01 4.638794021018607339e+01
4.693715594332417851e+01 4.393058727127165497e+01
4.693715594332417851e+01 4.610294857592878515e+01
4.693715594332417851e+01 4.461554073747036853e+01
4.693715594332417851e+01 5.043546329540551199e+01
4.693715594332417851e+01 4.736658733548899392e+01
4.693715594332417851e+01 4.290264469745509501e+01
4.693715594332417851e+01 3.810861244060961184e+01
4.693715594332417851e+01 4.737072889351725280e+01
4.693715594332417851e+01 4.242793208313712938e+01
4.693715594332417851e+01 4.287814864906291490e+01
4.693715594332417851e+01 4.873698842446285795e+01
4.693715594332417851e+01 4.460508860460623026e+01
4.693715594332417851e+01 3.902284963582091848e+01
4.693715594332417851e+01 4.046109307100095975e+01
4.693715594332417851e+01 4.748776156619969413e+01
4.693715594332417851e+01 4.642668539322708909e+01
4.693715594332417851e+01 4.673665093133901394e+01
4.693715594332417851e+01 4.478334222222205341e+01
4.693715594332417851e+01 4.585945550911153390e+01
4.693715594332417851e+01 5.339515282724057954e+01
4.693715594332417851e+01 4.271458180064944798e+01
4.693715594332417851e+01 4.677012857214428010e+01
4.693715594332417851e+01 4.762556892589024926e+01
4.693715594332417851e+01 4.292804512746209866e+01
4.693715594332417851e+01 4.182149128106710378e+01
4.693715594332417851e+01 4.540205020890045517e+01
4.693715594332417851e+01 4.384238320743106243e+01
4.693715594332417851e+01 4.454678628580720812e+01
4.693715594332417851e+01 4.517380844532969064e+01
4.693715594332417851e+01 4.499191039529193858e+01
4.693715594332417851e+01 4.940586141750561922e+01
4.693715594332417851e+01 5.142724323837425970e+01
4.693715594332417851e+01 4.546548665641254416e+01
4.693715594332417851e+01 4.818575567939302573e+01
4.693715594332417851e+01 4.886526494907847251e+01
4.693715594332417851e+01 4.570865308700170004e+01
4.693715594332417851e+01 4.257635075744249775e+01
4.693715594332417851e+01 4.661084614892055811e+01
4.693715594332417851e+01 4.848764951957011959e+01
4.693715594332417851e+01 5.072952520583010738e+01
4.693715594332417851e+01 4.680181190352034548e+01
4.693715594332417851e+01 4.576275149278514931e+01
4.693715594332417851e+01 4.938088630079188590e+01
4.693715594332417851e+01 4.420845183877804629e+01
4.693715594332417851e+01 4.849587005022527819e+01
4.693715594332417851e+01 4.662286830556710981e+01
4.693715594332417851e+01 5.314475669128957946e+01
4.693715594332417851e+01 4.913817188048670204e+01
4.693715594332417851e+01 4.942803050922262997e+01
4.693715594332417851e+01 4.323503204110993892e+01
4.693715594332417851e+01 5.105012340580012875e+01
4.693715594332417851e+01 5.076235833568910749e+01
4.693715594332417851e+01 5.246595566982666270e+01
4.693715594332417851e+01 4.668147617493111312e+01
4.693715594332417851e+01 5.062526168990193298e+01
4.693715594332417851e+01 5.051268374784538651e+01
4.693715594332417851e+01 4.413748278612860076e+01
4.693715594332417851e+01 5.063886725593380334e+01
4.693715594332417851e+01 3.920678305493780158e+01
4.693715594332417851e+01 5.116395812151802858e+01
4.693715594332417851e+01 4.054655650484842511e+01
4.693715594332417851e+01 4.118930821806550568e+01
4.693715594332417851e+01 4.798562774989836299e+01
4.693715594332417851e+01 4.332466753091796363e+01
4.693715594332417851e+01 4.584376453685463559e+01
4.693715594332417851e+01 4.540623456722970275e+01
4.693715594332417851e+01 4.189613656347410142e+01
4.693715594332417851e+01 5.111953417222897400e+01
4.693715594332417851e+01 4.445421010060217526e+01
4.693715594332417851e+01 4.618557802382570543e+01
4.693715594332417851e+01 4.703028789839990509e+01
4.693715594332417851e+01 4.569039589793997180e+01
4.693715594332417851e+01 4.185547108602857946e+01
4.693715594332417851e+01 4.162290295573234289e+01
4.693715594332417851e+01 4.415746753725581897e+01
4.693715594332417851e+01 4.936931696197423491e+01
4.693715594332417851e+01 4.668620145429490265e+01
4.693715594332417851e+01 4.214063232020748728e+01
4.693715594332417851e+01 4.230625797855288539e+01
4.693715594332417851e+01 4.895959817057752872e+01
4.693715594332417851e+01 4.917760863145717565e+01
4.693715594332417851e+01 4.111508224622459551e+01
4.693715594332417851e+01 4.034075634102819663e+01
4.693715594332417851e+01 4.551633240518797408e+01
4.693715594332417851e+01 4.444563771352880366e+01
4.693715594332417851e+01 3.888083047702512829e+01
4.693715594332417851e+01 4.694188993762321616e+01
4.693715594332417851e+01 5.175100011056009919e+01
