4.693715594332417851e+01 4.935136399667857887e+01
4.693715594332417851e+01 4.556987235774786882e+01
4.693715594332417851e+01 4.578202264978001068e+01
4.693715594332417851e+01 4.837772114767147968e+01
4.693715594332417851e+01 4.843884629647112661e+01
4.693715594332417851e+01 4.398782304745287064e+01
4.693715594332417851e+01 4.599677690384633877e+01
4.693715594332417851e+01 4.763562997014425093e+01
4.693715594332417851e+01 4.941167063344835952e+01
4.693715594332417851e+01 4.864394679405828725e+01
4.693715594332417851e+01 4.655574445230612923e+01
4.693715594332417851e+01 4.600364176052164566e+01
4.693715594332417851e+01 4.269865246475457354e+01
4.693715594332417851e+01 4.864697660710357496e+01
4.693715594332417851e+01 5.202387324967348547e+01
4.693715594332417851e+01 4.310997365140810444e+01
4.693715594332417851e+01 4.738766193999592247e+01
4.693715594332417851e+01 4.399116984646720852e+01
4.693715594332417851e+01 4.983119545332040445e+01
4.693715594332417851e+01 4.715976672582604579e+01
4.693715594332417851e+01 4.365124808206407181e+01
4.693715594332417851e+01 4.633846388699142693e+01
4.693715594332417851e+01 4.075533695571547099e+01
4.693715594332417851e+01 4.620372979888760057e+01
4.693715594332417851e+01 4.598566411160258838e+01
4.693715594332417851e+01 4.556148136179276520e+01
4.693715594332417851e+01 4.614741727648605263e+01
4.693715594332417851e+01 4.779836731883482059e+01
4.693715594332417851e+01 4.364873293069998539e+01
4.693715594332417851e+01 4.346307841618914125e+01
4.693715594332417851e+01 4.517182084297949274e+01
4.693715594332417851e+01 5.011319128120300093e+01
4.693715594332417851e+01 4.395316800800937074e+01
4.693715594332417851e+01 4.652635647847970546e+01
4.693715594332417851e+01 4.582421483755642555e+01
4.693715594332417851e+01 4.868326327908666684e+01
4.693715594332417851e+01 5.292366466452551066e+01
4.693715594332417851e+01 4.570876547514335186e+01
4.693715594332417851e+01 4.683959744531954783e+01
4.693715594332417851e+01 4.746684825481820269e+01
4.693715594332417851e+01 4.896448284689447661e+01
4.693715594332417851e+01 4.466031547051792217e+01
4.693715594332417851e+01 4.068117012874612470e+01
4.693715594332417851e+01 4.698320938477324660e+01
4.693715594332417851e+01 4.531769719926504081e+01
4.693715594332417851e+01 4.607858469699672810e+01
4.693715594332417851e+01 4.886403809320341907e+01
4.693715594332417851e+01 4.956102851278134125e+01
4.693715594332417851e+01 4.545470183559907440e+01
4.693715594332417851e+01 4.658542477900227397e+01
4.693715594332417851e+01 4.654365263861247115e+01
4.693715594332417851e+01 4.826887970373726944e+01
4.693715594332417851e+01 5.169107834141927071e+01
4.693715594332417851e+01 4.753931649143021332e+01
4.693715594332417851e+01 5.049784672396707919e+01
4.693715594332417851e+01 4.375771104552756441e+01
4.693715594332417851e+01 4.337911904907593907e+01
4.693715594332417851e+01 4.487496397806191339e+01
4.693715594332417851e+01 4.750879698779702665e+01
4.693715594332417851e+01 4.558549403365877595e+01
4.693715594332417851e+01 4.655024501701012696e+01
4.693715594332417851e+01 5.595136118178052698e+01
4.693715594332417851e+01 5.169819946453743853e+01
4.693715594332417851e+01 4.458534449407299149e+01
4.693715594332417851e+01 5.047138642029010214e+01
4.693715594332417851e+01 4.786791036469116989e+01
4.693715594332417851e+01 4.384408057687162596e+01
4.693715594332417851e+01 4.869271081264772505e+01
4.693715594332417851e+01 4.374168354830769090e+01
4.693715594332417851e+01 4.519759248773463156e+01
4.693715594332417851e+01 4.708698630101739724e+01
4.693715594332417851e+01 5.066435706524480054e+01
4.693715594332417851e+01 4.928364127642410608e+01
4.693715594332417851e+01 5.211859485012098503e+01
4.693715594332417851e+01 4.534396864282318518e+01
4.693715594332417851e+01 4.668312635665007804e+01
4.693715594332417851e+01 4.471787287361215135e+01
4.693715594332417851e+01 4.411995123818093845e+01
4.693715594332417851e+01 4.543853449548954160e+01
4.693715594332417851e+01 4.501779555266689670e+01
4.693715594332417851e+01 4.293823902250282742e+01
4.693715594332417851e+01 4.903320538577572307e+01
4.693715594332417851e+01 4.891024375078519881e+01
4.693715594332417851e+01 5.024800550304595248e+01
4.693715594332417851e+01 4.636198586189223647e+01
4.693715594332417851e+01 4.736341749075481289e+01
4.693715594332417851e+01 4.962343132380375721e+01
4.693715594332417851e+01 3.940110225429851454e+01
4.693715594332417851e+01 4.685403065092389596e+01
4.693715594332417851e+01 4.421314292607341656e+01
4.693715594332417851e+01 4.632833937894598364e+01
4.693715594332417851e+01 4.264458139968800765e+01
4.693715594332417851e+01 4.099943539928738545e+01
4.693715594332417851e+01 5.051255873586679712e+01
4.693715594332417851e+01 4.478828536547920436e+01
4.693715594332417851e+01 4.432900460083405392e+01
4.693715594332417851e+01 4.222254878189836802e+01
4.693715594332417851e+01 4.593674839348354055e+01
4.693715594332417851e+01 4.926285356997037468e+01
4.693715594332417851e+01 4.888513650350002848e+01
4.693715594332417851e+01 4.589921196787029345e+01
4.693715594332417851e+01 4.582677439793303620e+01
4.693715594332417851e+01 4.777123310437448822e+01
4.693715594332417851e+01 4.206450234603789085e+01
4.693715594332417851e+01 4.770557169361119776e+01
4.693715594332417851e+01 4.526130747854996628e+01
4.693715594332417851e+01 4.657096028016503908e+01
4.693715594332417851e+01 4.515757864073178496e+01
4.693715594332417851e+01 5.108302351898660021e+01
4.693715594332417851e+01 4.625254991266662330e+01
4.693715594332417851e+01 4.390127111108184721e+01
4.693715594332417851e+01 4.466172746181238296e+01
4.693715594332417851e+01 4.878463660071037111e+01
4.693715594332417851e+01 5.019072386760367266e+01
4.693715594332417851e+01 4.412808075229897753e+01
4.693715594332417851e+01 4.669556648750435812e+01
4.693715594332417851e+01 4.479042130820968026e+01
4.693715594332417851e+01 4.311714890311304060e+01
4.693715594332417851e+01 4.082238705239485910e+01
4.693715594332417851e+01 4.171396256541412129e+01
4.693715594332417851e+01 4.644199319052548702e+01
4.693715594332417851e+01 4.320432336372250148e+01
4.693715594332417851e+01 4.154673634896631995e+01
4.693715594332417851e+01 4.761111399948463685e+01
4.693715594332417851e+01 4.749403016994904192e+01
4.693715594332417851e+01 4.037178848088870353e+01
4.693715594332417851e+01 4.432958847522984058e+01
4.693715594332417851e+01 4.865331075147113182e+01
4.693715594332417851e+01 4.853345980759284828e+01
4.693715594332417851e+01 4.863714499047433293e+01
4.693715594332417851e+01 4.768271907349553373e+01
4.693715594332417851e+01 4.135956574924679074e+01
4.693715594332417851e+01 4.843693725353753621e+01
4.693715594332417851e+01 4.395368008621638722e+01
4.693715594332417851e+01 4.925289988831745802e+01
4.693715594332417851e+01 5.187570144363890989e+01
4.693715594332417851e+01 4.944493497736758059e+01
4.693715594332417851e+01 4.441239956333054550e+01
4.693715594332417851e+01 4.875180039442582824e+01
4.693715594332417851e+01 5.179725482801647729e+01
4.693715594332417851e+01 4.632519331168611387e+01
4.693715594332417851e+01 4.940098488091912543e+01
4.693715594332417851e+01 4.356453008902492741e+01
4.693715594332417851e+01 5.004851852989824579e+01
4.693715594332417851e+01 4.736877088525272228e+01
4.693715594332417851e+01 4.826257743563097335e+01
4.693715594332417851e+01 4.976467877055112154e+01
4.693715594332417851e+01 4.308918256610574105e+01
4.693715594332417851e+01 4.716233069434817082e+01
4.693715594332417851e+01 4.469458266144585679e+01
4.693715594332417851e+01 5.018863360490360037e+01
4.693715594332417851e+01 4.676412540200790602e+01
4.693715594332417851e+01 5.180003464628011045e+01
4.693715594332417851e+01 3.839108777353335711e+01
4.693715594332417851e+01 4.585054785693126433e+01
4.693715594332417851e+01 4.641046153752432701e+01
4.693715594332417851e+01 4.378375561402824445e+01
4.693715594332417851e+01 4.869057761673064988e+01
4.693715594332417851e+01 4.488308219123042164e+01
4.693715594332417851e+01 4.743484861473032765e+01
4.693715594332417851e+01 4.505945756095610477e+01
4.693715594332417851e+01 4.060149161464011058e+01
4.693715594332417851e+01 4.298265929742655089e+01
4.693715594332417851e+01 3.850585163408484135e+01
4.693715594332417851e+01 4.425556616265610188e+01
4.693715594332417851e+01 4.315533379709756900e+01
4.693715594332417851e+01 4.296798280643029955e+01
4.693715594332417851e+01 4.852735291224184522e+01
4.693715594332417851e+01 4.919190069699998702e+01
4.693715594332417851e+01 4.691873626207807746e+01
4.693715594332417851e+01 4.826554054543429118e+01
4.693715594332417851e+01 4.396023997998501898e+01
4.693715594332417851e+01 4.695768706161135952e+01
4.693715594332417851e+01 4.004121773067680579e+01
4.693715594332417851e+01 5.279809737203726172e+01
4.693715594332417851e+01 4.773689144058932499e+01
4.693715594332417851e+01 4.378309593436822666e+01
4.693715594332417851e+01 4.146616849405578620e+01
4.693715594332417851e+01 5.724897785447193854e+01
4.693715594332417851e+01 4.733674777807289047e+01
4.693715594332417851e+01 5.066998294103793654e+01
4.693715594332417851e+01 4.254993343691438668e+01
4.693715594332417851e+01 5.403663550859459974e+01
4.693715594332417851e+01 4.357738152350973593e+01
4.693715594332417851e+01 4.360924942039272167e+01
4.693715594332417851e+01 5.093226294792810194e+01
4.693715594332417851e+01 4.867267288102844702e+01
4.693715594332417851e+01 4.604768683820885400e+01
4.693715594332417851e+01 4.777857180210618537e+01
4.693715594332417851e+01 4.527008488100545947e+01
4.693715594332417851e+01 4.500380721463984912e+01
4.693715594332417851e+01 4.922834666821638194e+01
4.693715594332417851e+01 4.774209910243426691e+01
4.693715594332417851e+01 4.182079040163748118e+01
4.693715594332417851e+01 5.150930133168616010e+01
4.693715594332417851e+01 4.271473324598944288e+01
4.693715594332417851e+01 4.617121687842993083e+01
4.693715594332417851e+01 4.467909972443608524e+01
4.693715594332417851e+01 5.028681392885619061e+01
4.693715594332417851e+01 4.264605480401501580e+01
4.693715594332417851e+01 4.773676476761072252e+01
4.693715594332417851e+01 4.743073212688133111e+01
4.693715594332417851e+01 4.183545010073028436e+01
4.693715594332417851e+01 4.493934943852580943e+01
4.693715594332417851e+01 4.619826981693449142e+01
4.693715594332417851e+01 4.623522514739641309e+01
4.693715594332417851e+01 4.246875553695666383e+01
4.693715594332417851e+01 4.673039191591314534e+01
4.693715594332417851e+01 4.656192224515189082e+01
4.693715594332417851e+01 4.929314189565639737e+01
4.693715594332417851e+01 4.912142735248171022e+01
4.693715594332417851e+01 4.887680994844147619e+01
4.693715594332417851e+01 4.894665963406546894e+01
4.693715594332417851e+01 5.049831806857952898e+01
4.693715594332417851e+01 4.792120346698711586e+01
4.693715594332417851e+01 4.936244733514867278e+01
4.693715594332417851e+01 4.701995966282909478e+01
4.693715594332417851e+01 4.508498184765026906e+01
4.693715594332417851e+01 4.380495907240536013e+01
4.693715594332417851e+01 5.155546239324129942e+01
4.693715594332417851e+01 4.751347356898166652e+01
4.693715594332417851e+01 5.370445402268617840e+01
4.693715594332417851e+01 4.790170587227730437e+01
4.693715594332417851e+01 4.182975481416194441e+01
4.693715594332417851e+01 4.911401453702818287e+01
4.693715594332417851e+01 5.224404098234785465e+01
4.693715594332417851e+01 4.416671143529550392e+01
4.693715594332417851e+01 4.716252962090823786e+01
4.693715594332417851e+01 4.693836282367357171e+01
4.693715594332417851e+01 4.737748235831937649e+01
4.693715594332417851e+01 4.296031437171081535e+01
4.693715594332417851e+01 4.623669728085673114e+01
4.693715594332417851e+01 5.031450006599650493e+01
4.693715594332417851e+01 4.383244081900460287e+01
4.693715594332417851e+01 4.364073824386576916e+01
4.693715594332417851e+01 4.721429371284841636e+01
4.693715594332417851e+01 3.983759963574589591e+01
4.693715594332417851e+01 4.437939901020084221e+01
4.693715594332417851e+01 4.491228346107998703e+01
4.693715594332417851e+01 4.538193947408222328e+01
4.693715594332417851e+01 5.301369460716423276e+01
4.693715594332417851e+01 4.836850996846618500e+01
4.693715594332417851e+01 4.740240480089173047e+01
4.693715594332417851e+01 4.825643519876260967e+01
4.693715594332417851e+01 4.304008145966906085e+01
4.693715594332417851e+01 4.732981952395840608e+01
4.693715594332417851e+01 4.726453646076781467e+01
4.693715594332417851e+01 4.993784783498648494e+01
4.693715594332417851e+01 4.674911339273736388e+01
4.693715594332417851e+01 4.596628099374424181e+01
4.693715594332417851e+01 4.330100776231692095e+01
4.693715594332417851e+01 5.190193702335282921e+01
4.693715594332417851e+01 4.516151086589896124e+01
4.693715594332417851e+01 4.626560890116235214e+01
4.693715594332417851e+01 4.948309656481576724e+01
4.693715594332417851e+01 4.427917659145538209e+01
4.693715594332417851e+01 4.638244907009470808e+01
4.693715594332417851e+01 4.288292006291819547e+01
4.693715594332417851e+01 4.961311964990299117e+01
4.693715594332417851e+01 4.676223064257469986e+01
4.693715594332417851e+01 4.732423067878179523e+01
4.693715594332417851e+01 5.182235140300697651e+01
4.693715594332417851e+01 5.008919385489716092e+01
4.693715594332417851e+01 5.208878137630914296e+01
4.693715594332417851e+01 5.100140593895449825e+01
4.693715594332417851e+01 4.780496162307018437e+01
4.693715594332417851e+01 4.938349185264390684e+01
4.693715594332417851e+01 5.587266036585579343e+01
4.693715594332417851e+01 4.545323808351607653e+01
4.693715594332417851e+01 5.045222785257710996e+01
4.693715594332417851e+01 4.734063129700024319e+01
4.693715594332417851e+01 4.496103376145298824e+01
4.693715594332417851e+01 5.410252199237726245e+01
4.693715594332417851e+01 4.257939591909943999e+01
4.693715594332417851e+01 4.456456445167525260e+01
4.693715594332417851e+01 5.159725168021369512e+01
4.693715594332417851e+01 4.374684718000319350e+01
4.693715594332417851e+01 4.200178005822329652e+01
4.693715594332417851e+01 5.219700588799161523e+01
4.693715594332417851e+01 4.727391526393511612e+01
4.693715594332417851e+01 4.477768116437914614e+01
4.693715594332417851e+01 4.284394082679948923e+01
4.693715594332417851e+01 4.040725184399460090e+01
4.693715594332417851e+01 4.679703916934015950e+01
4.693715594332417851e+01 4.184218657615333825e+01
4.693715594332417851e+01 4.824813696892154979e+01
4.693715594332417851e+01 4.953080686485784412e+01
4.693715594332417851e+01 3.725789452018472758e+01
4.693715594332417851e+01 4.783776694230349591e+01
4.693715594332417851e+01 4.105242212153186898e+01
4.693715594332417851e+01 4.654742269803674048e+01
4.693715594332417851e+01 4.445703926079199420e+01
4.693715594332417851e+01 4.408598389532757977e+01
4.693715594332417851e+01 4.626531624436119472e+01
4.693715594332417851e+01 4.734208883018296632e+01
4.693715594332417851e+01 5.128475126646155502e+01
4.693715594332417851e+01 4.349485013779408860e+01
4.693715594332417851e+01 5.042234735086488229e+01
4.693715594332417851e+01 4.535359189228859123e+01
4.693715594332417851e+01 4.535469544900865912e+01
4.693715594332417851e+01 4.440956244046153500e+01
4.693715594332417851e+01 4.071971474729895135e+01
4.693715594332417851e+01 4.762494478268159526e+01
4.693715594332417851e+01 4.619103634229487909e+01
4.693715594332417851e+01 5.119289293488678538e+01
4.693715594332417851e+01 5.342092706225226095e+01
4.693715594332417851e+01 4.328907467703638190e+01
4.693715594332417851e+01 4.151224442896334210e+01
4.693715594332417851e+01 4.873348401315682565e+01
4.693715594332417851e+01 4.456315271835572389e+01
4.693715594332417851e+01 4.815420992561427482e+01
4.693715594332417851e+01 5.131564162972672705e+01
4.693715594332417851e+01 4.391764305363341947e+01
4.693715594332417851e+01 4.553005397019636291e+01
4.693715594332417851e+01 5.069148327845243074e+01
4.693715594332417851e+01 4.296698717195590689e+01
4.693715594332417851e+01 4.804779047464251818e+01
4.693715594332417851e+01 4.357112056828835733e+01
4.693715594332417851e+01 4.626593831907490539e+01
4.693715594332417851e+01 4.556063961539157958e+01
4.693715594332417851e+01 4.880226454835683825e+01
4.693715594332417851e+01 4.302701865800613490e+01
4.693715594332417851e+01 4.319249771633784718e+01
4.693715594332417851e+01 5.005302686512121113e+01
4.693715594332417851e+01 5.043179006084669425e+01
4.693715594332417851e+01 5.770426369203654104e+01
4.693715594332417851e+01 5.054337813915818600e+01
4.693715594332417851e+01 4.118717448991024099e+01
4.693715594332417851e+01 4.384442147905539144e+01
4.693715594332417851e+01 3.909269305381472037e+01
4.693715594332417851e+01 4.543292345119031239e+01
4.693715594332417851e+01 4.943703931630037829e+01
4.693715594332417851e+01 4.213619892731269800e+01
4.693715594332417851e+01 4.883612274134863185e+01
4.693715594332417851e+01 5.202112177589560105e+01
4.693715594332417851e+01 4.717606722454230805e+01
4.693715594332417851e+01 4.652055764198187404e+01
4.693715594332417851e+01 4.491583213930343277e+01
4.693715594332417851e+01 4.520902846182524115e+01
4.693715594332417851e+01 4.426377431063143320e+01
4.693715594332417851e+01 4.289526416988613278e+01
4.693715594332417851e+01 4.936842600361099187e+01
4.693715594332417851e+01 4.818905966885495218e+01
4.693715594332417851e+01 4.415320192669468469e+01
4.693715594332417851e+01 4.436643028082159645e+01
4.693715594332417851e+01 4.958892273398731732e+01
4.693715594332417851e+01 4.153305922655906812e+01
4.693715594332417851e+01 4.715379558773884128e+01
4.693715594332417851e+01 4.395589437155634016e+01
4.693715594332417851e+01 4.084000020735140168e+01
4.693715594332417851e+01 4.889214710006461928e+01
4.693715594332417851e+01 4.339661864390568269e+01
4.693715594332417851e+01 4.941799660665088822e+01
4.693715594332417851e+01 5.160432538569365590e+01
4.693715594332417851e+01 4.932779038305568520e+01
4.693715594332417851e+01 5.022072036728372524e+01
4.693715594332417851e+01 4.371966869010037016e+01
4.693715594332417851e+01 4.849905643706190972e+01
4.693715594332417851e+01 4.466756551397777741e+01
4.693715594332417851e+01 4.665086552263728947e+01
4.693715594332417851e+01 4.608623506233251277e+01
4.693715594332417851e+01 4.506164687427434501e+01
4.693715594332417851e+01 4.352913533672768409e+01
4.693715594332417851e+01 5.101920049075260977e+01
4.693715594332417851e+01 4.785831553133228056e+01
4.693715594332417851e+01 4.500770153370198301e+01
4.693715594332417851e+01 4.730506012709827957e+01
4.693715594332417851e+01 4.856188355781979737e+01
4.693715594332417851e+01 4.916885878794089138e+01
4.693715594332417851e+01 4.984400386843840636e+01
4.693715594332417851e+01 4.520375656059303537e+01
4.693715594332417851e+01 4.179420876881310676e+01
4.693715594332417851e+01 4.272379167657901178e+01
4.693715594332417851e+01 4.474497385110039005e+01
4.693715594332417851e+01 4.154289560403977788e+01
4.693715594332417851e+01 4.463756327384143674e+01
4.693715594332417851e+01 4.755291721238076974e+01
4.693715594332417851e+01 4.599571899368706340e+01
4.693715594332417851e+01 4.525195360221433560e+01
4.693715594332417851e+01 4.197505449728583216e+01
4.693715594332417851e+01 4.606955172406209442e+01
4.693715594332417851e+01 3.775657595070783401e+01
4.693715594332417851e+01 4.745003542388877804e+01
4.693715594332417851e+01 4.906323297085459245e+01
4.693715594332417851e+01 5.046082074857920929e+01
4.693715594332417851e+01 4.533398425331707671e+01
4.693715594332417851e+01 4.495444644231379527e+01
4.693715594332417851e+01 4.600724363311375953e+01
4.693715594332417851e+01 4.885555357518236264e+01
4.693715594332417851e+01 4.205091536803364249e+01
4.693715594332417851e+01 4.199969054751966269e+01
4.693715594332417851e+01 4.426185954027988601e+01
4.693715594332417851e+01 4.553823583729104740e+01
4.693715594332417851e+01 4.469472444644004838e+01
4.693715594332417851e+01 4.238371571297835771e+01
4.693715594332417851e+01 4.608169672738537770e+01
4.693715594332417851e+01 4.277766697614305969e+01
4.693715594332417851e+01 4.714546254532434943e+01
4.693715594332417851e+01 4.889434344491957063e+01
4.693715594332417851e+01 4.932339975425780665e+01
4.693715594332417851e+01 4.476448430081881469e+01
4.693715594332417851e+01 4.689951341440676202e+01
4.693715594332417851e+01 4.972758494720496003e+01
4.693715594332417851e+01 5.167474153578046980e+01
4.693715594332417851e+01 4.368777426391000773e+01
4.693715594332417851e+01 4.593762043742833612e+01
4.693715594332417851e+01 4.418974605449558624e+01
4.693715594332417851e+01 4.494743994077307292e+01
4.693715594332417851e+01 4.960698357569715711e+01
4.693715594332417851e+01 4.400646182156834385e+01
4.693715594332417851e+01 4.305289311130822227e+01
4.693715594332417851e+01 4.143004663249632102e+01
4.693715594332417851e+01 4.821253753649755680e+01
4.693715594332417851e+01 4.983627729439105281e+01
4.693715594332417851e+01 4.075061976929988106e+01
4.693715594332417851e+01 4.561729116198062428e+01
4.693715594332417851e+01 4.519068152720379317e+01
4.693715594332417851e+01 5.831120110163882941e+01
4.693715594332417851e+01 4.936014725286128879e+01
4.693715594332417851e+01 4.671976616486325184e+01
4.693715594332417851e+01 4.824589322109552114e+01
4.693715594332417851e+01 4.800957166978192703e+01
4.693715594332417851e+01 4.359431945081086468e+01
4.693715594332417851e+01 4.916805291885593476e+01
4.693715594332417851e+01 4.916544303116621961e+01
4.693715594332417851e+01 4.489064201642471374e+01
4.693715594332417851e+01 4.408327800780089234e+01
4.693715594332417851e+01 5.299350548823841223e+01
4.693715594332417851e+01 4.413049089590662533e+01
4.693715594332417851e+01 5.403596487688844974e+01
4.693715594332417851e+01 4.555798409356278000e+01
4.693715594332417851e+01 4.407611524344746101e+01
4.693715594332417851e+01 4.628389156399213533e+01
4.693715594332417851e+01 3.941633130312716560e+01
4.693715594332417851e+01 4.073526291328047222e+01
4.693715594332417851e+01 4.351847176471807188e+01
4.693715594332417851e+01 4.533573039127007576e+01
4.693715594332417851e+01 4.453899031256128183e+01
4.693715594332417851e+01 4.667112734358980930e+01
4.693715594332417851e+01 4.928646636400986836e+01
4.693715594332417851e+01 5.157046391317339129e+01
4.693715594332417851e+01 4.443889190994428162e+01
4.693715594332417851e+01 5.000315894056012667e+01
4.693715594332417851e+01 4.567942569148993215e+01
4.693715594332417851e+01 5.482596823217333082e+01
4.693715594332417851e+01 4.512757588442032386e+01
4.693715594332417851e+01 5.207674030323186543e+01
4.693715594332417851e+01 4.691929006964067383e+01
4.693715594332417851e+01 4.307238308161771556e+01
4.693715594332417851e+01 4.992197822960559961e+01
4.693715594332417851e+01 4.405679179197930040e+01
4.693715594332417851e+01 4.666537314182157559e+01
4.693715594332417851e+01 4.495293087038713509e+01
4.693715594332417851e+01 4.745390589895611555e+01
4.693715594332417851e+01 4.797323748898679696e+01
4.693715594332417851e+01 4.704479753999930125e+01
4.693715594332417851e+01 4.015174641880153672e+01
4.693715594332417851e+01 4.892169876622089930e+01
4.693715594332417851e+01 4.655042826928709587e+01
4.693715594332417851e+01 4.303394281574742308e+01
4.693715594332417851e+01 4.705485868429988727e+01
4.693715594332417851e+01 4.862986440121843401e+01
4.693715594332417851e+01 4.358565768052693556e+01
4.693715594332417851e+01 5.066683101405804734e+01
4.693715594332417851e+01 4.937541974702737946e+01
4.693715594332417851e+01 5.072533116177298496e+01
4.693715594332417851e+01 4.696501865839503864e+01
4.693715594332417851e+01 5.199796388375639822e+01
4.693715594332417851e+01 4.722977983798146084e+01
4.693715594332417851e+01 4.804405322941834555e+01
4.693715594332417851e+01 4.869687240061363553e+01
4.693715594332417851e+01 4.753692827623788020e+01
4.693715594332417851e+01 4.352902105638515451e+01
4.693715594332417851e+01 4.062902211093989280e+01
4.693715594332417851e+01 4.469956189440552663e+01
4.693715594332417851e+01 5.025519078179139143e+01
4.693715594332417851e+01 4.427605077179746473e+01
4.693715594332417851e+01 4.643532296306843676e+01
4.693715594332417851e+01 4.934333291038770142e+01
4.693715594332417851e+01 4.820484794927477168e+01
4.693715594332417851e+01 4.458362332024389474e+01
4.693715594332417851e+01 4.748361240887406609e+01
4.693715594332417851e+01 5.017028898120327796e+01
4.693715594332417851e+01 5.114635789232563923e+01
4.693715594332417851e+01 4.584101001419357857e+01
4.693715594332417851e+01 5.046099539234085540e+01
4.693715594332417851e+01 5.013817727904186228e+01
4.693715594332417851e+01 4.265410836009952078e+01
4.693715594332417851e+01 4.123230074812425983e+01
4.693715594332417851e+01 4.507081925651295506e+01
4.693715594332417851e+01 4.679236819174111162e+01
4.693715594332417851e+01 4.598634818832884008e+01
4.693715594332417851e+01 4.784405891360087537e+01
4.693715594332417851e+01 4.616988420415833616e+01
4.693715594332417851e+01 4.685257413932306036e+01
4.693715594332417851e+01 4.585719294643678978e+01
4.693715594332417851e+01 4.405012006504155408e+01
4.693715594332417851e+01 5.288814192460679209e+01
4.693715594332417851e+01 4.481989736711208394e+01
4.693715594332417851e+01 4.408440532660481637e+01
4.693715594332417851e+01 5.002183689017801527e+01
4.693715594332417851e+01 5.000917042192852335e+01
4.693715594332417851e+01 4.384280830060520628e+01
4.693715594332417851e+01 5.081496038561503070e+01
4.693715594332417851e+01 4.833412191890198528e+01
4.693715594332417851e+01 4.267952774446923314e+01
4.693715594332417851e+01 4.522782477861714057e+01
4.693715594332417851e+01 4.452475982994673842e+01
4.693715594332417851e+01 4.423254617745048023e+01
4.693715594332417851e+01 5.083415204542728816e+01
4.693715594332417851e+01 4.669240470445825508e+01
4.693715594332417851e+01 4.951896319123606105e+01
4.693715594332417851e+01 4.986149478802379775e+01
4.693715594332417851e+01 5.045199154935338726e+01
4.693715594332417851e+01 4.956579854201773117e+01
4.693715594332417851e+01 4.511373470868753088e+01
4.693715594332417851e+01 5.077446811118872461e+01
4.693715594332417851e+01 5.326750597235547957e+01
4.693715594332417851e+01 4.795708306314758573e+01
4.693715594332417851e+01 3.979794260546714213e+01
4.693715594332417851e+01 4.591434006706413840e+01
4.693715594332417851e+01 4.473358929822574481e+01
4.693715594332417851e+01 4.545522017128338632e+01
4.693715594332417851e+01 4.775600556182788381e+01
4.693715594332417851e+01 4.859094242134102615e+01
4.693715594332417851e+01 4.350052611200970887e+01
4.693715594332417851e+01 4.697398633640030852e+01
4.693715594332417851e+01 4.670587243607793937e+01
4.693715594332417851e+01 4.148289815801589953e+01
4.693715594332417851e+01 4.545716030170303412e+01
4.693715594332417851e+01 4.488865195013293885e+01
4.693715594332417851e+01 4.680258291880907251e+01
4.693715594332417851e+01 4.244483610662877737e+01
4.693715594332417851e+01 4.016695341651315232e+01
4.693715594332417851e+01 4.756777593199925747e+01
4.693715594332417851e+01 4.854673762435747619e+01
4.693715594332417851e+01 4.671535566290494046e+01
4.693715594332417851e+01 4.174593866060524761e+01
4.693715594332417851e+01 4.649236562831532638e+01
4.693715594332417851e+01 4.392068130588040020e+01
4.693715594332417851e+01 4.302859942871139509e+01
4.693715594332417851e+01 4.918125378294425332e+01
4.693715594332417851e+01 4.861049282451836717e+01
4.693715594332417851e+01 4.135274369206584311e+01
4.693715594332417851e+01 4.632347952099250676e+01
4.693715594332417851e+01 4.110790088792351327e+01
4.693715594332417851e+01 3.992652863149670139e+01
4.693715594332417851e+01 4.623926219418933670e+01
4.693715594332417851e+01 4.277393343032455419e+01
4.693715594332417851e+01 4.379765231200590847e+01
4.693715594332417851e+01 4.229637279576760278e+01
4.693715594332417851e+01 4.812174981026511489e+01
4.693715594332417851e+01 4.108757204865781887e+01
4.693715594332417851e+01 4.728146159601671883e+01
4.693715594332417851e+01 4.877705355719547953e+01
4.693715594332417851e+01 4.516932860028322239e+01
4.693715594332417851e+01 4.337003850949850658e+01
4.693715594332417851e+01 5.119047138223447035e+01
4.693715594332417851e+01 4.791206749248431151e+01
4.693715594332417851e+01 4.926617422897819409e+01
4.693715594332417851e+01 4.677727515440372486e+01
4.693715594332417851e+01 5.001301969011721837e+01
4.693715594332417851e+01 4.868795155184382395e+01
4.693715594332417851e+01 4.923130576164818706e+01
4.693715594332417851e+01 4.841356529169500078e+01
4.693715594332417851e+01 4.796629360689603772e+01
4.693715594332417851e+01 4.610753768986547385e+01
4.693715594332417851e+01 4.878460716557853516e+01
4.693715594332417851e+01 4.799427226438075422e+01
4.693715594332417851e+01 5.122682161417961311e+01
4.693715594332417851e+01 4.374544070197352141e+01
4.693715594332417851e+01 4.740106920011336200e+01
4.693715594332417851e+01 4.382110680639158318e+01
4.693715594332417851e+01 4.643194926140449041e+01
4.693715594332417851e+01 4.475964291892503155e+01
4.693715594332417851e+01 4.858220013414572946e+01
4.693715594332417851e+01 4.810765977933635895e+01
4.693715594332417851e+01 4.322589205238987375e+01
4.693715594332417851e+01 4.759848976732128278e+01
4.693715594332417851e+01 4.449435100914456598e+01
4.693715594332417851e+01 4.587059932948237417e+01
4.693715594332417851e+01 4.659609627286461375e+01
4.693715594332417851e+01 5.084075104694924363e+01
4.693715594332417851e+01 4.587998041333247556e+01
4.693715594332417851e+01 4.189350945951733962e+01
4.693715594332417851e+01 4.757566542472028459e+01
4.693715594332417851e+01 4.412424059527054965e+01
4.693715594332417851e+01 4.148840241735884860e+01
4.693715594332417851e+01 4.836745919331585242e+01
4.693715594332417851e+01 4.188112951583965327e+01
4.693715594332417851e+01 4.382051572938632944e+01
4.693715594332417851e+01 4.686366949305778462e+01
4.693715594332417851e+01 5.493939679631734663e+01
4.693715594332417851e+01 5.185734553099491251e+01
4.693715594332417851e+01 5.061081322230955948e+01
4.693715594332417851e+01 4.106806474030921095e+01
4.693715594332417851e+01 4.672667328518542007e+01
4.693715594332417851e+01 4.658220674272862283e+01
4.693715594332417851e+01 5.313757701102694142e+01
4.693715594332417851e+01 4.349864056789580502e+01
4.693715594332417851e+01 4.236736579851020679e+01
4.693715594332417851e+01 4.983425283535782313e+01
4.693715594332417851e+01 4.540580535324375688e+01
4.693715594332417851e+01 4.363785173403752538e+01
4.693715594332417851e+01 4.466551259916263916e+01
4.693715594332417851e+01 4.627874399895808466e+01
4.693715594332417851e+01 4.537655369029027241e+01
4.693715594332417851e+01 4.577968514218635221e+01
4.693715594332417851e+01 4.253099711437383235e+01
4.693715594332417851e+01 4.406835314305709517e+01
4.693715594332417851e+01 4.829830229337925829e+01
4.693715594332417851e+01 4.446138495346107078e+01
4.693715594332417851e+01 3.959320668308840396e+01
4.693715594332417851e+01 4.184394342435288650e+01
4.693715594332417851e+01 4.139079040965300038e+01
4.693715594332417851e+01 4.205559250755636924e+01
4.693715594332417851e+01 4.455756183396631087e+01
4.693715594332417851e+01 4.182725554414695779e+01
4.693715594332417851e+01 5.006167558915738169e+01
4.693715594332417851e+01 4.255154646281798136e+01
4.693715594332417851e+01 4.967833498794347236e+01
4.693715594332417851e+01 4.486009894707018475e+01
4.693715594332417851e+01 4.645839681412565625e+01
4.693715594332417851e+01 4.132968492508263836e+01
4.693715594332417851e+01 4.905459382941763380e+01
4.693715594332417851e+01 4.312050988515412087e+01
4.693715594332417851e+01 5.400049645826484834e+01
4.693715594332417851e+01 4.251090854394757912e+01
4.693715594332417851e+01 4.148729065094249790e+01
4.693715594332417851e+01 4.391343673893687338e+01
4.693715594332417851e+01 4.617214732578468528e+01
4.693715594332417851e+01 4.537836689091040654e+01
4.693715594332417851e+01 4.371689290577619147e+01
4.693715594332417851e+01 4.512270916347220862e+01
4.693715594332417851e+01 4.684525637885933236e+01
4.693715594332417851e+01 4.695002177279508970e+01
4.693715594332417851e+01 4.710174059466923069e+01
4.693715594332417851e+01 4.231713950015663528e+01
4.693715594332417851e+01 4.808479303367894886e+01
4.693715594332417851e+01 4.574707791797266765e+01
4.693715594332417851e+01 4.296354709444670306e+01
4.693715594332417851e+01 4.386531293537642284e+01
4.693715594332417851e+01 4.720257072782897723e+01
4.693715594332417851e+01 4.676774533325895078e+01
4.693715594332417851e+01 4.438991769591939374e+01
4.693715594332417851e+01 4.064035968149730138e+01
4.693715594332417851e+01 4.571342883952280545e+01
4.693715594332417851e+01 4.681457021932107665e+01
4.693715594332417851e+01 4.569042337069897997e+01
4.693715594332417851e+01 4.445145822951016612e+01
4.693715594332417851e+01 4.551606541627220537e+01
4.693715594332417851e+01 4.990058267769995837e+01
4.693715594332417851e+01 4.964967286026950433e+01
4.693715594332417851e+01 5.003059019467738011e+01
4.693715594332417851e+01 4.577339602151914022e+01
4.693715594332417851e+01 4.730470271901680945e+01
4.693715594332417851e+01 4.888309927866746563e+01
4.693715594332417851e+01 4.610947654046707811e+01
4.693715594332417851e+01 4.685342693375530132e+01
4.693715594332417851e+01 4.451577692706798928e+01
4.693715594332417851e+01 4.145701054627573967e+01
4.693715594332417851e+01 4.538429279333152522e+01
4.693715594332417851e+01 4.482352094375304574e+01
4.693715594332417851e+01 5.061903806868873090e+01
4.693715594332417851e+01 4.229071472387584407e+01
4.693715594332417851e+01 4.964077941955071083e+01
4.693715594332417851e+01 4.196411368721405921e+01
4.693715594332417851e+01 4.542220211909452132e+01
4.693715594332417851e+01 4.050858251141021782e+01
4.693715594332417851e+01 4.764353740322089692e+01
4.693715594332417851e+01 4.307184324683785093e+01
4.693715594332417851e+01 4.885728295521339959e+01
4.693715594332417851e+01 4.605487501946805651e+01
4.693715594332417851e+01 4.551307255366540261e+01
4.693715594332417851e+01 5.002833820607842341e+01
4.693715594332417851e+01 4.998257618220581122e+01
4.693715594332417851e+01 4.412946577972755335e+01
4.693715594332417851e+01 5.337464436224868791e+01
4.693715594332417851e+01 4.227324841775940456e+01
4.693715594332417851e+01 4.169275735548083617e+01
4.693715594332417851e+01 4.798827159271782250e+01
4.693715594332417851e+01 4.060458013011882628e+01
4.693715594332417851e+01 4.439785318459765051e+01
4.693715594332417851e+01 3.823557878917281982e+01
4.693715594332417851e+01 4.680143057825107888e+01
4.693715594332417851e+01 5.162826480269490048e+01
4.693715594332417851e+01 4.779708174568309431e+01
4.693715594332417851e+01 4.321520660921839863e+01
4.693715594332417851e+01 4.567340216034337885e+01
4.693715594332417851e+01 4.590556894141455757e+01
4.693715594332417851e+01 4.708776079551260807e+01
4.693715594332417851e+01 4.814806041443248574e+01
4.693715594332417851e+01 4.954689802843667223e+01
4.693715594332417851e+01 4.242201634859130621e+01
4.693715594332417851e+01 4.164454783149114547e+01
4.693715594332417851e+01 4.252267364461980037e+01
4.693715594332417851e+01 4.537829912672393107e+01
4.693715594332417851e+01 4.416463801615235241e+01
4.693715594332417851e+01 4.128988391238011957e+01
4.693715594332417851e+01 4.894788282727402162e+01
4.693715594332417851e+01 4.692117014426806776e+01
4.693715594332417851e+01 4.249761608496879717e+01
4.693715594332417851e+01 4.283713163048714279e+01
4.693715594332417851e+01 4.182928708092754277e+01
4.693715594332417851e+01 4.614875487638773421e+01
4.693715594332417851e+01 4.998175824287664426e+01
4.693715594332417851e+01 4.457367933061307497e+01
4.693715594332417851e+01 4.678175883780705391e+01
4.693715594332417851e+01 4.668769855112395106e+01
4.693715594332417851e+01 4.964546326387126385e+01
4.693715594332417851e+01 3.983903208544494845e+01
4.693715594332417851e+01 4.639920726592275457e+01
4.693715594332417851e+01 4.169043139653858532e+01
4.693715594332417851e+01 4.518224996128179782e+01
4.693715594332417851e+01 5.063941203315390993e+01
4.693715594332417851e+01 4.519858923700854092e+01
4.693715594332417851e+01 4.783538029923104062e+01
4.693715594332417851e+01 4.672281658090702194e+01
4.693715594332417851e+01 4.680745273538528295e+01
4.693715594332417851e+01 3.889696927958656403e+01
4.693715594332417851e+01 5.224827349254550057e+01
4.693715594332417851e+01 4.228874571902246515e+01
4.693715594332417851e+01 4.064965489417728861e+01
4.693715594332417851e+01 4.201253735052478078e+01
4.693715594332417851e+01 4.687958984126238704e+01
4.693715594332417851e+01 4.567248817531944383e+01
4.693715594332417851e+01 4.348888845882824938e+01
4.693715594332417851e+01 4.501906587452180730e+01
4.693715594332417851e+01 5.011546027336039799e+01
4.693715594332417851e+01 4.649936402611817243e+01
4.693715594332417851e+01 4.872323118286360000e+01
4.693715594332417851e+01 4.724684178017933789e+01
4.693715594332417851e+01 4.691341816577738655e+01
4.693715594332417851e+01 5.009185286386864533e+01
4.693715594332417851e+01 4.122183887267041058e+01
4.693715594332417851e+01 4.806356866323379506e+01
4.693715594332417851e+01 5.351104858031125389e+01
4.693715594332417851e+01 4.142413831747259678e+01
4.693715594332417851e+01 4.663391495912978257e+01
4.693715594332417851e+01 4.766160127243376365e+01
4.693715594332417851e+01 4.379751019979682525e+01
4.693715594332417851e+01 4.559699554022439827e+01
4.693715594332417851e+01 4.684223933471853485e+01
4.693715594332417851e+01 4.622758529127755622e+01
4.693715594332417851e+01 4.250578245737240479e+01
4.693715594332417851e+01 4.663352550826130738e+01
4.693715594332417851e+01 5.230564964280014806e+01
4.693715594332417851e+01 4.538718062518709218e+01
4.693715594332417851e+01 4.761019902270937365e+01
4.693715594332417851e+01 4.768645416431755990e+01
4.693715594332417851e+01 4.381752066131883794e+01
4.693715594332417851e+01 5.037374288263426791e+01
4.693715594332417851e+01 4.552384607440468756e+01
4.693715594332417851e+01 4.710532988324661829e+01
4.693715594332417851e+01 4.164726400528336114e+01
4.693715594332417851e+01 4.080433605023457488e+01
4.693715594332417851e+01 4.280756301822677301e+01
4.693715594332417851e+01 4.674419237944155014e+01
4.693715594332417851e+01 4.623552196753604449e+01
4.693715594332417851e+01 4.404070129716185988e+01
4.693715594332417851e+01 4.720406438920020520e+01
4.693715594332417851e+01 4.298789229943724877e+01
4.693715594332417851e+01 4.451119326265298781e+01
4.693715594332417851e+01 5.539168388182351066e+01
4.693715594332417851e+01 5.097820226368580165e+01
4.693715594332417851e+01 4.942744923405949464e+01
4.693715594332417851e+01 4.094029458133233845e+01
4.693715594332417851e+01 5.237101601772790360e+01
4.693715594332417851e+01 4.480728232963199531e+01
4.693715594332417851e+01 4.433714114453407973e+01
4.693715594332417851e+01 4.069311359564930797e+01
4.693715594332417851e+01 4.532234761714503435e+01
4.693715594332417851e+01 4.142882698823601828e+01
4.693715594332417851e+01 4.520456852745736853e+01
4.693715594332417851e+01 4.536448741997475764e+01
4.693715594332417851e+01 4.906766613303525304e+01
4.693715594332417851e+01 5.017244643020526951e+01
4.693715594332417851e+01 4.632420543934987478e+01
4.693715594332417851e+01 4.746820732916430075e+01
4.693715594332417851e+01 4.591899541513869565e+01
4.693715594332417851e+01 5.151303451333502892e+01
4.693715594332417851e+01 5.100402213354740155e+01
4.693715594332417851e+01 4.807908057633577670e+01
4.693715594332417851e+01 4.260623681502707427e+01
4.693715594332417851e+01 3.931825668795232076e+01
4.693715594332417851e+01 4.296384167261449250e+01
4.693715594332417851e+01 4.622653471060937136e+01
4.693715594332417851e+01 4.755736732231520136e+01
4.693715594332417851e+01 4.235189994911667100e+01
4.693715594332417851e+01 4.614990121805519863e+01
4.693715594332417851e+01 4.204445700349922532e+01
4.693715594332417851e+01 4.327577648999569249e+01
4.693715594332417851e+01 4.484389251073250904e+01
4.693715594332417851e+01 4.543966633585707626e+01
4.693715594332417851e+01 5.295455059576819679e+01
4.693715594332417851e+01 4.358271769039200194e+01
4.693715594332417851e+01 4.308999507642377580e+01
4.693715594332417851e+01 4.864740927486501221e+01
4.693715594332417851e+01 4.744246359317185124e+01
4.693715594332417851e+01 5.325840224448869265e+01
4.693715594332417851e+01 4.974626375292856295e+01
4.693715594332417851e+01 3.931661457437481744e+01
4.693715594332417851e+01 4.540548020760799375e+01
4.693715594332417851e+01 4.766088733733240446e+01
4.693715594332417851e+01 4.581272407820036818e+01
4.693715594332417851e+01 4.687421132113795608e+01
4.693715594332417851e+01 4.625413820936277887e+01
4.693715594332417851e+01 4.544611567047775225e+01
4.693715594332417851e+01 4.542024397578545347e+01
4.693715594332417851e+01 4.510638898475924208e+01
4.693715594332417851e+01 4.752493411657811606e+01
4.693715594332417851e+01 5.341056706293379364e+01
4.693715594332417851e+01 4.984310881981785712e+01
4.693715594332417851e+01 4.551732316616891438e+01
4.693715594332417851e+01 4.766327048614031270e+01
4.693715594332417851e+01 4.540646389102941782e+01
4.693715594332417851e+01 4.401641567476520578e+01
4.693715594332417851e+01 4.128960694707946288e+01
4.693715594332417851e+01 5.002765314208046732e+01
4.693715594332417851e+01 5.075941360429856530e+01
4.693715594332417851e+01 5.103809316038059762e+01
4.693715594332417851e+01 4.638178583528903687e+01
4.693715594332417851e+01 4.738466615744668076e+01
4.693715594332417851e+01 4.539350525226311106e+01
4.693715594332417851e+01 3.872595872528729188e+01
4.693715594332417851e+01 4.417622953920789541e+01
4.693715594332417851e+01 4.433470898427472662e+01
4.693715594332417851e+01 4.171837345595857727e+01
4.693715594332417851e+01 4.976113600448582019e+01
4.693715594332417851e+01 4.223685645097839370e+01
4.693715594332417851e+01 4.549681886261534203e+01
4.693715594332417851e+01 4.333154331912713531e+01
4.693715594332417851e+01 4.485522595658216716e+01
4.693715594332417851e+01 4.638000070452489609e+01
4.693715594332417851e+01 4.510777844641467738e+01
4.693715594332417851e+01 4.406802799494568035e+01
4.693715594332417851e+01 4.611190403183725550e+01
4.693715594332417851e+01 4.487866984021041361e+01
4.693715594332417851e+01 4.951350223928432115e+01
4.693715594332417851e+01 4.563949747564283399e+01
4.693715594332417851e+01 4.717127708648521889e+01
4.693715594332417851e+01 5.202512662846039149e+01
4.693715594332417851e+01 3.867840361697210483e+01
4.693715594332417851e+01 4.420534449641514385e+01
4.693715594332417851e+01 4.958079772277909569e+01
4.693715594332417851e+01 3.924474504087293525e+01
4.693715594332417851e+01 4.716399032281128711e+01
4.693715594332417851e+01 4.574962758213300162e+01
4.693715594332417851e+01 4.070196615388486805e+01
4.693715594332417851e+01 4.691761250503303415e+01
4.693715594332417851e+01 4.578221172855331389e+01
4.693715594332417851e+01 4.677562330382619393e+01
4.693715594332417851e+01 4.751161526172673177e+01
4.693715594332417851e+01 4.503113146060516669e+01
4.693715594332417851e+01 4.873422875369785601e+01
4.693715594332417851e+01 4.445432211394394528e+01
4.693715594332417851e+01 4.909600019229883827e+01
4.693715594332417851e+01 4.511363684460209100e+01
4.693715594332417851e+01 4.416449485641653894e+01
4.693715594332417851e+01 4.056048199639002405e+01
4.693715594332417851e+01 4.413455644520195165e+01
4.693715594332417851e+01 4.574919581265815083e+01
4.693715594332417851e+01 4.836369404124183546e+01
4.693715594332417851e+01 4.466381187634362959e+01
4.693715594332417851e+01 4.936500865279283090e+01
4.693715594332417851e+01 4.500533459386494428e+01
4.693715594332417851e+01 4.425522069107602618e+01
4.693715594332417851e+01 4.872359826770716040e+01
4.693715594332417851e+01 4.066955832974868912e+01
4.693715594332417851e+01 4.767630371856665761e+01
4.693715594332417851e+01 5.108212861351152867e+01
4.693715594332417851e+01 4.682142476954874866e+01
4.693715594332417851e+01 4.980355069493674591e+01
4.693715594332417851e+01 4.385349938438122308e+01
4.693715594332417851e+01 4.264369174713193900e+01
4.693715594332417851e+01 4.644611987251133911e+01
4.693715594332417851e+01 4.383108516757990714e+01
4.693715594332417851e+01 5.698019930305353853e+01
4.693715594332417851e+01 4.637491573881063545e+01
4.693715594332417851e+01 4.755767560899013091e+01
4.693715594332417851e+01 4.743344863149268065e+01
4.693715594332417851e+01 4.450617576956851451e+01
4.693715594332417851e+01 4.436437161880684243e+01
4.693715594332417851e+01 4.566968310145707477e+01
4.693715594332417851e+01 5.168145165052493439e+01
4.693715594332417851e+01 5.222498797757559430e+01
4.693715594332417851e+01 4.308910157878173663e+01
4.693715594332417851e+01 4.274270669085800023e+01
4.693715594332417851e+01 4.830757379872439827e+01
4.693715594332417851e+01 4.846757935521773675e+01
4.693715594332417851e+01 4.894088544364575455e+01
4.693715594332417851e+01 4.439941706952061651e+01
4.693715594332417851e+01 4.494619105381899971e+01
4.693715594332417851e+01 5.265530027366745003e+01
4.693715594332417851e+01 4.695442685444278652e+01
4.693715594332417851e+01 4.410206964371565874e+01
4.693715594332417851e+01 4.631729894337993159e+01
4.693715594332417851e+01 4.306021227659876871e+01
4.693715594332417851e+01 4.765048396083132332e+01
4.693715594332417851e+01 5.217110607759316565e+01
4.693715594332417851e+01 4.362127071551667257e+01
4.693715594332417851e+01 4.463277435966492135e+01
4.693715594332417851e+01 5.050744415051902791e+01
4.693715594332417851e+01 4.969384173220706913e+01
4.693715594332417851e+01 5.089026067046967228e+01
4.693715594332417851e+01 4.127438771952937202e+01
4.693715594332417851e+01 4.128255815004266793e+01
4.693715594332417851e+01 4.812304806258303813e+01
4.693715594332417851e+01 4.018666980803170929e+01
4.693715594332417851e+01 4.828245074259417180e+01
4.693715594332417851e+01 4.708654305963805342e+01
4.693715594332417851e+01 4.510581924265606091e+01
4.693715594332417851e+01 4.590293222432816833e+01
4.693715594332417851e+01 5.094692116310992702e+01
4.693715594332417851e+01 4.485118890798381841e+01
4.693715594332417851e+01 4.216257117270630772e+01
4.693715594332417851e+01 4.549116386554019442e+01
4.693715594332417851e+01 4.900246061984131529e+01
4.693715594332417851e+01 4.968540362258696774e+01
4.693715594332417851e+01 4.598258597545115123e+01
4.693715594332417851e+01 4.322720424819988949e+01
4.693715594332417851e+01 4.739408010416276085e+01
4.693715594332417851e+01 4.584188484844685263e+01
4.693715594332417851e+01 4.747646385479833242e+01
4.693715594332417851e+01 4.672113992582450237e+01
4.693715594332417851e+01 4.630746287733001054e+01
4.693715594332417851e+01 4.566282073564587307e+01
4.693715594332417851e+01 5.216691602964094443e+01
4.693715594332417851e+01 4.987766577965064840e+01
4.693715594332417851e+01 4.617070542807859823e+01
4.693715594332417851e+01 4.713712943823787782e+01
4.693715594332417851e+01 3.979267797165454112e+01
4.693715594332417851e+01 4.407598877901801160e+01
4.693715594332417851e+01 5.020745315450952262e+01
4.693715594332417851e+01 4.405392216687217655e+01
4.693715594332417851e+01 5.025713558764177691e+01
4.693715594332417851e+01 4.863080235620571301e+01
4.693715594332417851e+01 4.780100505958105117e+01
4.693715594332417851e+01 4.228672818875503481e+01
4.693715594332417851e+01 4.530626864958284017e+01
4.693715594332417851e+01 4.860375001230116254e+01
4.693715594332417851e+01 4.094119728013657777e+01
4.693715594332417851e+01 4.634171599207871139e+01
4.693715594332417851e+01 4.423098033143111962e+01
4.693715594332417851e+01 4.301292678390230861e+01
4.693715594332417851e+01 4.447959619415961185e+01
4.693715594332417851e+01 5.166738250791951259e+01
4.693715594332417851e+01 4.593202391962484654e+01
4.693715594332417851e+01 5.139023610983403501e+01
4.693715594332417851e+01 5.073084252939224825e+01
4.693715594332417851e+01 4.471709568595628070e+01
4.693715594332417851e+01 4.674460532280120617e+01
4.693715594332417851e+01 4.091819228701771038e+01
4.693715594332417851e+01 4.783930707927546422e+01
4.693715594332417851e+01 4.589595428069351613e+01
4.693715594332417851e+01 4.751447187906375547e+01
4.693715594332417851e+01 4.257471389641595749e+01
4.693715594332417851e+01 4.493631391705590516e+01
4.693715594332417851e+01 4.505405365120363115e+01
4.693715594332417851e+01 4.820036792357620214e+01
4.693715594332417851e+01 4.412209722963306291e+01
4.693715594332417851e+01 4.676649628297314365e+01
4.693715594332417851e+01 5.073119533126308056e+01
4.693715594332417851e+01 4.364952185798291850e+01
4.693715594332417851e+01 5.051210090784385898e+01
4.693715594332417851e+01 4.861845483203815377e+01
4.693715594332417851e+01 4.952377489480618777e+01
4.693715594332417851e+01 4.271417886537773256e+01
4.693715594332417851e+01 4.638883886194048500e+01
4.693715594332417851e+01 4.481166265074894994e+01
4.693715594332417851e+01 4.751322013069297157e+01
4.693715594332417851e+01 5.007775417780573690e+01
4.693715594332417851e+01 4.408207240068493604e+01
4.693715594332417851e+01 4.259178048011122542e+01
4.693715594332417851e+01 5.056299692056662565e+01
4.693715594332417851e+01 4.812104742602208063e+01
4.693715594332417851e+01 4.619909040340086648e+01
4.693715594332417851e+01 4.906891673523251995e+01
4.693715594332417851e+01 4.281559076560837696e+01
4.693715594332417851e+01 3.826292428357757558e+01
4.693715594332417851e+01 4.367857374113141589e+01
4.693715594332417851e+01 4.641728948328104565e+01
4.693715594332417851e+01 4.825755899291988982e+01
4.693715594332417851e+01 4.742803354885961653e+01
4.693715594332417851e+01 4.072736262245629035e+01
4.693715594332417851e+01 5.101337469748881404e+01
4.693715594332417851e+01 4.459851271154301600e+01
4.693715594332417851e+01 4.546627486046717337e+01
4.693715594332417851e+01 4.811029079814901621e+01
4.693715594332417851e+01 4.755857918105431281e+01
4.693715594332417851e+01 4.287316390547830736e+01
4.693715594332417851e+01 4.676052130546231922e+01
4.693715594332417851e+01 4.117035647350522964e+01
4.693715594332417851e+01 4.384507228164171977e+01
4.693715594332417851e+01 4.360973398268279055e+01
4.693715594332417851e+01 4.978003303133141344e+01
4.693715594332417851e+01 4.249675364386213516e+01
4.693715594332417851e+01 4.853348526525324047e+01
4.693715594332417851e+01 4.596799543450694614e+01
4.693715594332417851e+01 4.921987768969133725e+01
