4.693715594332417851e+01 4.476383030770883664e+01
4.693715594332417851e+01 5.393948922579671290e+01
4.693715594332417851e+01 4.659895164171459214e+01
4.693715594332417851e+01 4.358970818192857166e+01
4.693715594332417851e+01 4.683747181668630333e+01
4.693715594332417851e+01 4.482063375506980663e+01
4.693715594332417851e+01 4.301297847532433138e+01
4.693715594332417851e+01 4.895012294410654619e+01
4.693715594332417851e+01 4.755407422609184920e+01
4.693715594332417851e+01 4.336217878040925200e+01
4.693715594332417851e+01 4.691038546855761382e+01
4.693715594332417851e+01 5.167296180431033292e+01
4.693715594332417851e+01 5.178198105478176672e+01
4.693715594332417851e+01 4.518884480581454000e+01
4.693715594332417851e+01 4.582994093087690146e+01
4.693715594332417851e+01 4.770321685671313361e+01
4.693715594332417851e+01 4.171688174149143435e+01
4.693715594332417851e+01 4.615048930281292883e+01
4.693715594332417851e+01 4.405965601380001573e+01
4.693715594332417851e+01 4.660710043870642494e+01
4.693715594332417851e+01 5.048460060550737438e+01
4.693715594332417851e+01 5.233720389717111487e+01
4.693715594332417851e+01 4.649445343265271902e+01
4.693715594332417851e+01 4.897551812193381693e+01
4.693715594332417851e+01 4.764841589857118720e+01
4.693715594332417851e+01 4.140477007995463055e+01
4.693715594332417851e+01 5.437078370390420190e+01
4.693715594332417851e+01 4.551076930409664101e+01
4.693715594332417851e+01 4.661449401546118310e+01
4.693715594332417851e+01 4.531441248468879479e+01
4.693715594332417851e+01 4.503372807073656503e+01
4.693715594332417851e+01 4.067950030544078288e+01
4.693715594332417851e+01 5.448986885205017217e+01
4.693715594332417851e+01 4.064971047863774345e+01
4.693715594332417851e+01 4.737416161510572010e+01
4.693715594332417851e+01 4.762303528418262744e+01
4.693715594332417851e+01 4.940701034649142542e+01
4.693715594332417851e+01 5.112568423359091696e+01
4.693715594332417851e+01 4.777190478074902558e+01
4.693715594332417851e+01 4.656190736166236377e+01
4.693715594332417851e+01 4.781012814942930333e+01
4.693715594332417851e+01 4.747045625903776767e+01
4.693715594332417851e+01 4.613150691823445015e+01
4.693715594332417851e+01 4.782233131862220432e+01
4.693715594332417851e+01 4.518309590587470126e+01
4.693715594332417851e+01 4.911190748320398569e+01
4.693715594332417851e+01 4.506480229864189369e+01
4.693715594332417851e+01 4.099718935819613819e+01
4.693715594332417851e+01 5.149242276638306492e+01
4.693715594332417851e+01 4.104467792648374314e+01
4.693715594332417851e+01 5.098122134972980746e+01
4.693715594332417851e+01 4.379319287327233212e+01
4.693715594332417851e+01 4.294824422093685001e+01
4.693715594332417851e+01 5.010427971048301998e+01
4.693715594332417851e+01 4.427971560016595731e+01
4.693715594332417851e+01 4.746493563379692660e+01
4.693715594332417851e+01 4.486364680559110951e+01
4.693715594332417851e+01 4.851778539703511228e+01
4.693715594332417851e+01 4.393002918180119565e+01
4.693715594332417851e+01 4.404966392313155410e+01
4.693715594332417851e+01 5.001595022860038853e+01
4.693715594332417851e+01 4.887907028984999158e+01
4.693715594332417851e+01 4.479924682953981119e+01
4.693715594332417851e+01 4.917650319551280091e+01
4.693715594332417851e+01 4.725606323924520780e+01
4.693715594332417851e+01 4.600118180292406578e+01
4.693715594332417851e+01 4.729963560159159641e+01
4.693715594332417851e+01 5.072043892801639231e+01
4.693715594332417851e+01 4.291844674965832240e+01
4.693715594332417851e+01 4.814501042491023242e+01
4.693715594332417851e+01 5.038369222515201074e+01
4.693715594332417851e+01 4.492967238463494795e+01
4.693715594332417851e+01 5.004219756549211695e+01
4.693715594332417851e+01 4.195839319751525665e+01
4.693715594332417851e+01 4.614724002499610833e+01
4.693715594332417851e+01 4.232118372265681217e+01
4.693715594332417851e+01 5.259158809294302728e+01
4.693715594332417851e+01 4.408159613048648851e+01
4.693715594332417851e+01 5.263566514838485233e+01
4.693715594332417851e+01 4.599879425244701281e+01
4.693715594332417851e+01 4.941649924687571627e+01
4.693715594332417851e+01 4.728380609052084083e+01
4.693715594332417851e+01 4.570139788346293841e+01
4.693715594332417851e+01 4.259165270655100244e+01
4.693715594332417851e+01 4.525512340259779620e+01
4.693715594332417851e+01 5.357576458972378219e+01
4.693715594332417851e+01 4.902588269089437745e+01
4.693715594332417851e+01 4.459001533302089371e+01
4.693715594332417851e+01 4.837608808034490693e+01
4.693715594332417851e+01 4.553844327615935583e+01
4.693715594332417851e+01 4.971327653648484812e+01
4.693715594332417851e+01 4.585799740331759722e+01
4.693715594332417851e+01 5.147213910828676120e+01
4.693715594332417851e+01 4.922698488345609036e+01
4.693715594332417851e+01 4.483160465701239161e+01
4.693715594332417851e+01 4.829654582882631786e+01
4.693715594332417851e+01 4.426242727184627057e+01
4.693715594332417851e+01 4.900725737269027604e+01
4.693715594332417851e+01 4.683130499663051438e+01
4.693715594332417851e+01 4.460880716918738642e+01
4.693715594332417851e+01 4.812384687726681420e+01
4.693715594332417851e+01 4.182365131830004401e+01
4.693715594332417851e+01 4.909969043911182496e+01
4.693715594332417851e+01 5.316481989815984122e+01
4.693715594332417851e+01 4.455295913945649033e+01
4.693715594332417851e+01 4.683433100162886831e+01
4.693715594332417851e+01 4.993002932712285258e+01
4.693715594332417851e+01 4.801067149355951358e+01
4.693715594332417851e+01 4.658600490966418306e+01
4.693715594332417851e+01 4.736682469546300922e+01
4.693715594332417851e+01 4.477584955582881321e+01
4.693715594332417851e+01 4.500543592643089852e+01
4.693715594332417851e+01 5.140631760688265217e+01
4.693715594332417851e+01 4.702572594842595066e+01
4.693715594332417851e+01 4.520603152377201184e+01
4.693715594332417851e+01 4.881516537920587240e+01
4.693715594332417851e+01 4.973258384935272858e+01
4.693715594332417851e+01 4.406532983914573975e+01
4.693715594332417851e+01 4.529731798150443467e+01
4.693715594332417851e+01 4.048088257878897167e+01
4.693715594332417851e+01 4.506960014452039331e+01
4.693715594332417851e+01 4.256338948039177694e+01
4.693715594332417851e+01 4.777971942975788977e+01
4.693715594332417851e+01 5.372583175596523830e+01
4.693715594332417851e+01 4.840240493476518679e+01
4.693715594332417851e+01 4.345281941265533021e+01
4.693715594332417851e+01 4.350630476472500874e+01
4.693715594332417851e+01 4.271246675978316176e+01
4.693715594332417851e+01 4.293131939029365896e+01
4.693715594332417851e+01 4.356528918558657182e+01
4.693715594332417851e+01 4.800165125885334305e+01
4.693715594332417851e+01 4.841805169676209886e+01
4.693715594332417851e+01 4.703397560314606096e+01
4.693715594332417851e+01 4.618746438985017022e+01
4.693715594332417851e+01 4.897428629136067002e+01
4.693715594332417851e+01 4.688087916932888533e+01
4.693715594332417851e+01 4.651952819542255924e+01
4.693715594332417851e+01 4.699443946277815343e+01
4.693715594332417851e+01 4.853953650242362983e+01
4.693715594332417851e+01 4.508761168918784534e+01
4.693715594332417851e+01 4.787012703745674713e+01
4.693715594332417851e+01 4.300613619023530276e+01
4.693715594332417851e+01 4.325706972941068784e+01
4.693715594332417851e+01 4.432962793116008982e+01
4.693715594332417851e+01 4.514820534865967971e+01
4.693715594332417851e+01 4.836132332485061625e+01
4.693715594332417851e+01 4.633442780958920082e+01
4.693715594332417851e+01 4.848710885103403001e+01
4.693715594332417851e+01 4.691848849646389397e+01
4.693715594332417851e+01 4.882081820467578126e+01
4.693715594332417851e+01 4.468377060483849306e+01
4.693715594332417851e+01 4.773419495689513781e+01
4.693715594332417851e+01 4.474620433975365330e+01
4.693715594332417851e+01 4.445320001917167474e+01
4.693715594332417851e+01 4.512631042705758944e+01
4.693715594332417851e+01 5.150449093340339601e+01
4.693715594332417851e+01 4.493446470144635896e+01
4.693715594332417851e+01 4.368582462005237943e+01
4.693715594332417851e+01 4.453568188609970235e+01
4.693715594332417851e+01 4.853276052097642435e+01
4.693715594332417851e+01 4.572460798387164971e+01
4.693715594332417851e+01 4.296105996668752880e+01
4.693715594332417851e+01 4.705837097838256255e+01
4.693715594332417851e+01 4.655257286738655864e+01
4.693715594332417851e+01 4.146572127350848547e+01
4.693715594332417851e+01 4.506354041192241766e+01
4.693715594332417851e+01 4.401760270671592679e+01
4.693715594332417851e+01 4.606715580536923937e+01
4.693715594332417851e+01 4.180735422513673427e+01
4.693715594332417851e+01 4.767897016559286527e+01
4.693715594332417851e+01 4.581539814402005817e+01
4.693715594332417851e+01 4.366827820261072901e+01
4.693715594332417851e+01 3.989607874803596843e+01
4.693715594332417851e+01 4.382767596739703464e+01
4.693715594332417851e+01 4.501787962536319299e+01
4.693715594332417851e+01 4.487905349892794504e+01
4.693715594332417851e+01 5.191571254464881946e+01
4.693715594332417851e+01 4.605691933381955749e+01
4.693715594332417851e+01 4.554955150904893912e+01
4.693715594332417851e+01 5.233555727696887061e+01
4.693715594332417851e+01 4.856002114601010788e+01
4.693715594332417851e+01 4.025523863825678461e+01
4.693715594332417851e+01 4.826810008517026063e+01
4.693715594332417851e+01 4.638714339437334644e+01
4.693715594332417851e+01 4.505870871675716671e+01
4.693715594332417851e+01 4.736148038587789699e+01
4.693715594332417851e+01 4.561097451169517569e+01
4.693715594332417851e+01 4.368806077724898529e+01
4.693715594332417851e+01 4.641619606997957703e+01
4.693715594332417851e+01 5.118120093675089066e+01
4.693715594332417851e+01 5.179070174550671624e+01
4.693715594332417851e+01 4.901692976685162506e+01
4.693715594332417851e+01 4.813593812758330159e+01
4.693715594332417851e+01 4.875285420797226976e+01
4.693715594332417851e+01 4.361911812912180153e+01
4.693715594332417851e+01 4.656622669813823734e+01
4.693715594332417851e+01 3.784180577413565061e+01
4.693715594332417851e+01 4.634655624614890712e+01
4.693715594332417851e+01 4.929298698569965609e+01
4.693715594332417851e+01 4.835948939218969400e+01
4.693715594332417851e+01 4.894276152367585553e+01
4.693715594332417851e+01 4.595120984131713016e+01
4.693715594332417851e+01 4.322265581325490302e+01
4.693715594332417851e+01 4.671824432241943725e+01
4.693715594332417851e+01 4.187135090717264063e+01
4.693715594332417851e+01 4.280100374176474531e+01
4.693715594332417851e+01 4.377683310838148145e+01
4.693715594332417851e+01 4.498524391724765081e+01
4.693715594332417851e+01 4.699585562135357719e+01
4.693715594332417851e+01 4.788244521792386621e+01
4.693715594332417851e+01 5.225874816900298470e+01
4.693715594332417851e+01 4.701469683064114236e+01
4.693715594332417851e+01 4.754340043877420641e+01
4.693715594332417851e+01 4.780495008126155199e+01
4.693715594332417851e+01 4.848744077903352689e+01
4.693715594332417851e+01 4.056042089676250839e+01
4.693715594332417851e+01 4.564677509730619676e+01
4.693715594332417851e+01 4.845532459295237260e+01
4.693715594332417851e+01 5.042184167861396560e+01
4.693715594332417851e+01 4.921551351257934215e+01
4.693715594332417851e+01 4.377554648797170245e+01
4.693715594332417851e+01 5.009096467971779276e+01
4.693715594332417851e+01 4.652168502550592422e+01
4.693715594332417851e+01 4.362126886485776822e+01
4.693715594332417851e+01 3.774775990742062959e+01
4.693715594332417851e+01 4.422143007012517302e+01
4.693715594332417851e+01 4.294849413419339612e+01
4.693715594332417851e+01 4.414102135249906667e+01
4.693715594332417851e+01 4.923733686434113110e+01
4.693715594332417851e+01 4.845151815456484456e+01
4.693715594332417851e+01 4.753506172976990740e+01
4.693715594332417851e+01 4.510725097774556502e+01
4.693715594332417851e+01 5.156133331150570598e+01
4.693715594332417851e+01 4.972590158905329361e+01
4.693715594332417851e+01 4.331787382442883683e+01
4.693715594332417851e+01 4.044758072286993666e+01
4.693715594332417851e+01 4.341675242460068773e+01
4.693715594332417851e+01 4.465861288614746627e+01
4.693715594332417851e+01 5.220989422774494670e+01
4.693715594332417851e+01 4.556899552078313320e+01
4.693715594332417851e+01 5.071721180424128050e+01
4.693715594332417851e+01 4.703928506591582703e+01
4.693715594332417851e+01 4.631239006131244196e+01
4.693715594332417851e+01 4.585592072280675779e+01
4.693715594332417851e+01 4.278228111892622110e+01
4.693715594332417851e+01 4.496145121540848066e+01
4.693715594332417851e+01 4.642691463908483485e+01
4.693715594332417851e+01 5.062416483664259204e+01
4.693715594332417851e+01 4.663676815884722515e+01
4.693715594332417851e+01 4.288664505437594698e+01
4.693715594332417851e+01 4.982655101806503239e+01
4.693715594332417851e+01 5.060516334354313273e+01
4.693715594332417851e+01 4.766040747321135740e+01
4.693715594332417851e+01 4.908970588344457298e+01
4.693715594332417851e+01 4.786425102370547080e+01
4.693715594332417851e+01 4.907862652886113608e+01
4.693715594332417851e+01 4.787200492439902888e+01
4.693715594332417851e+01 4.852029184733919465e+01
4.693715594332417851e+01 4.162810518533492399e+01
4.693715594332417851e+01 4.516279437164013189e+01
4.693715594332417851e+01 4.201778720385790677e+01
4.693715594332417851e+01 4.596103573395518538e+01
4.693715594332417851e+01 4.044457181515117128e+01
4.693715594332417851e+01 4.906909246897422605e+01
4.693715594332417851e+01 4.337293797027607667e+01
4.693715594332417851e+01 4.528886380575772108e+01
4.693715594332417851e+01 4.343717524389678175e+01
4.693715594332417851e+01 5.457827392495433827e+01
4.693715594332417851e+01 4.329727125224307116e+01
4.693715594332417851e+01 4.380982346772829317e+01
4.693715594332417851e+01 4.881681688092231042e+01
4.693715594332417851e+01 4.811809084921597446e+01
4.693715594332417851e+01 4.060337304369091527e+01
4.693715594332417851e+01 4.749675127082012693e+01
4.693715594332417851e+01 4.363807122330150179e+01
4.693715594332417851e+01 4.424312363961058736e+01
4.693715594332417851e+01 4.960474693484016484e+01
4.693715594332417851e+01 4.546802807318854178e+01
4.693715594332417851e+01 4.897222087944346214e+01
4.693715594332417851e+01 4.806016647720007029e+01
4.693715594332417851e+01 4.581293101410065560e+01
4.693715594332417851e+01 4.922502556891282666e+01
4.693715594332417851e+01 5.443844822011438112e+01
4.693715594332417851e+01 4.419084711065765703e+01
4.693715594332417851e+01 4.673537750433393967e+01
4.693715594332417851e+01 4.454446679648767571e+01
4.693715594332417851e+01 4.281583121457948948e+01
4.693715594332417851e+01 4.455026611516615276e+01
4.693715594332417851e+01 4.559594696764042254e+01
4.693715594332417851e+01 4.667159291137357968e+01
4.693715594332417851e+01 5.588587155559442721e+01
4.693715594332417851e+01 4.260202229712952260e+01
4.693715594332417851e+01 4.654219613720075444e+01
4.693715594332417851e+01 4.056363591024356197e+01
4.693715594332417851e+01 4.476506984700281322e+01
4.693715594332417851e+01 4.499023859046028662e+01
4.693715594332417851e+01 4.965426759795219880e+01
4.693715594332417851e+01 4.839942296067416549e+01
4.693715594332417851e+01 4.512820764379651450e+01
4.693715594332417851e+01 4.565574096620253641e+01
4.693715594332417851e+01 3.998638818943710049e+01
4.693715594332417851e+01 4.926585917259910019e+01
4.693715594332417851e+01 4.482016606200838993e+01
4.693715594332417851e+01 4.460364582774447229e+01
4.693715594332417851e+01 4.640318194960106979e+01
4.693715594332417851e+01 4.719478452773647348e+01
4.693715594332417851e+01 5.030828273800777595e+01
4.693715594332417851e+01 4.957823941807868806e+01
4.693715594332417851e+01 3.956481899731335972e+01
4.693715594332417851e+01 4.511478264555670137e+01
4.693715594332417851e+01 4.457898418076131719e+01
4.693715594332417851e+01 4.493792807405327494e+01
4.693715594332417851e+01 4.488964713865103562e+01
4.693715594332417851e+01 4.627829927699746548e+01
4.693715594332417851e+01 4.650154793491913807e+01
4.693715594332417851e+01 4.287383119835400436e+01
4.693715594332417851e+01 4.326678774928192439e+01
4.693715594332417851e+01 4.714598649825698118e+01
4.693715594332417851e+01 4.852826668811989919e+01
4.693715594332417851e+01 4.184633471670584726e+01
4.693715594332417851e+01 4.854103789827029658e+01
4.693715594332417851e+01 4.833244721776187447e+01
4.693715594332417851e+01 4.644842830128926181e+01
4.693715594332417851e+01 4.812415958175898822e+01
4.693715594332417851e+01 4.314203612031630541e+01
4.693715594332417851e+01 4.862501804580077192e+01
4.693715594332417851e+01 4.305212889793546083e+01
4.693715594332417851e+01 4.469572684844152377e+01
4.693715594332417851e+01 4.931271401737419069e+01
4.693715594332417851e+01 4.288575223990090990e+01
4.693715594332417851e+01 4.216432081822325273e+01
4.693715594332417851e+01 4.316819418337973246e+01
4.693715594332417851e+01 4.358789150405986845e+01
4.693715594332417851e+01 4.306537466258952662e+01
4.693715594332417851e+01 4.595788591054288474e+01
4.693715594332417851e+01 4.293027225539764657e+01
4.693715594332417851e+01 4.543098686259476437e+01
4.693715594332417851e+01 4.992226187420742889e+01
4.693715594332417851e+01 4.293478598147476788e+01
4.693715594332417851e+01 4.657739943039615582e+01
4.693715594332417851e+01 5.084795745162069380e+01
4.693715594332417851e+01 4.599461834802209381e+01
4.693715594332417851e+01 5.236493658410832097e+01
4.693715594332417851e+01 4.829262185029369192e+01
4.693715594332417851e+01 5.263594408448810924e+01
4.693715594332417851e+01 4.548855957851289133e+01
4.693715594332417851e+01 4.373553067639907255e+01
4.693715594332417851e+01 4.396365364927594044e+01
4.693715594332417851e+01 4.505459770956670695e+01
4.693715594332417851e+01 5.163850585327931952e+01
4.693715594332417851e+01 4.919559210028278073e+01
4.693715594332417851e+01 4.674587535282185513e+01
4.693715594332417851e+01 4.826388865369629855e+01
4.693715594332417851e+01 4.455495260399754898e+01
4.693715594332417851e+01 5.023590871238262423e+01
4.693715594332417851e+01 4.614058499123996171e+01
4.693715594332417851e+01 4.853635691650987383e+01
4.693715594332417851e+01 4.912071425602667318e+01
4.693715594332417851e+01 4.700129745037885698e+01
4.693715594332417851e+01 4.944745536775548800e+01
4.693715594332417851e+01 4.108952268346944692e+01
4.693715594332417851e+01 4.614789893829559020e+01
4.693715594332417851e+01 4.404940279804868908e+01
4.693715594332417851e+01 4.827620812573290010e+01
4.693715594332417851e+01 5.292656343803542285e+01
4.693715594332417851e+01 4.371814288127102799e+01
4.693715594332417851e+01 4.732011247492484785e+01
4.693715594332417851e+01 5.088212633592926437e+01
4.693715594332417851e+01 4.040688963343919937e+01
4.693715594332417851e+01 4.790812016153356012e+01
4.693715594332417851e+01 4.379248827578054204e+01
4.693715594332417851e+01 4.630414347608824954e+01
4.693715594332417851e+01 4.664116810457731788e+01
4.693715594332417851e+01 4.430143498057919516e+01
4.693715594332417851e+01 5.218490651408774283e+01
4.693715594332417851e+01 4.311632096187047836e+01
4.693715594332417851e+01 4.761451065129920579e+01
4.693715594332417851e+01 4.417652537881244967e+01
4.693715594332417851e+01 4.608479682422238710e+01
4.693715594332417851e+01 5.023584750171485069e+01
4.693715594332417851e+01 4.196456742668954831e+01
4.693715594332417851e+01 4.904716850182010290e+01
4.693715594332417851e+01 4.216700510510356281e+01
4.693715594332417851e+01 4.640591709667929621e+01
4.693715594332417851e+01 4.356432591494191087e+01
4.693715594332417851e+01 4.619371846350372834e+01
4.693715594332417851e+01 5.262552657292155800e+01
4.693715594332417851e+01 4.887242256774143812e+01
4.693715594332417851e+01 4.853858053756982116e+01
4.693715594332417851e+01 4.029585682556488280e+01
4.693715594332417851e+01 4.591194090055794419e+01
4.693715594332417851e+01 4.276642416684600789e+01
4.693715594332417851e+01 4.099640470042768214e+01
4.693715594332417851e+01 4.449876787767747288e+01
4.693715594332417851e+01 4.953736880956507349e+01
4.693715594332417851e+01 4.486797455377300992e+01
4.693715594332417851e+01 4.518435462767349264e+01
4.693715594332417851e+01 5.019723348482324354e+01
4.693715594332417851e+01 4.809761778111564468e+01
4.693715594332417851e+01 4.541377161568453857e+01
4.693715594332417851e+01 4.140295113060876986e+01
4.693715594332417851e+01 5.149432727566033208e+01
4.693715594332417851e+01 4.289209578700825887e+01
4.693715594332417851e+01 4.836527412764281308e+01
4.693715594332417851e+01 4.445585933767344500e+01
4.693715594332417851e+01 4.329138311996648980e+01
4.693715594332417851e+01 5.332198491519552874e+01
4.693715594332417851e+01 4.581047527270014541e+01
4.693715594332417851e+01 4.484894476332463853e+01
4.693715594332417851e+01 4.682068986260208021e+01
4.693715594332417851e+01 4.166548307549329166e+01
4.693715594332417851e+01 4.440498539881792794e+01
4.693715594332417851e+01 4.637237080211108520e+01
4.693715594332417851e+01 4.331287533821308244e+01
4.693715594332417851e+01 4.515329739129443709e+01
4.693715594332417851e+01 4.051750053195641499e+01
4.693715594332417851e+01 3.791972276009813925e+01
4.693715594332417851e+01 4.671882352235055436e+01
4.693715594332417851e+01 4.518294806047143908e+01
4.693715594332417851e+01 4.780460735949646534e+01
4.693715594332417851e+01 4.793619992284047271e+01
4.693715594332417851e+01 4.598790851448797667e+01
4.693715594332417851e+01 4.921947761194596183e+01
4.693715594332417851e+01 5.284372692940151239e+01
4.693715594332417851e+01 4.789232178215559799e+01
4.693715594332417851e+01 4.574333956098680432e+01
4.693715594332417851e+01 4.360641919769948771e+01
4.693715594332417851e+01 4.934563419466330458e+01
4.693715594332417851e+01 4.780063361754125850e+01
4.693715594332417851e+01 5.239101661442944646e+01
4.693715594332417851e+01 4.487943936585157445e+01
4.693715594332417851e+01 4.725660779777399512e+01
4.693715594332417851e+01 4.644029598541374071e+01
4.693715594332417851e+01 5.167123478993015340e+01
4.693715594332417851e+01 3.998796459100622513e+01
4.693715594332417851e+01 4.293275848102533132e+01
4.693715594332417851e+01 4.648637874834553685e+01
4.693715594332417851e+01 4.325427810002361895e+01
4.693715594332417851e+01 4.187425000739060721e+01
4.693715594332417851e+01 4.760096730980517066e+01
4.693715594332417851e+01 4.524325419820729621e+01
4.693715594332417851e+01 4.722893286221526665e+01
4.693715594332417851e+01 5.203809558807000712e+01
4.693715594332417851e+01 4.784517235027127668e+01
4.693715594332417851e+01 4.584586921231837664e+01
4.693715594332417851e+01 4.794458633482057763e+01
4.693715594332417851e+01 4.399722234031617063e+01
4.693715594332417851e+01 4.434881054490771390e+01
4.693715594332417851e+01 4.475937544727598549e+01
4.693715594332417851e+01 4.725476901722407064e+01
4.693715594332417851e+01 4.744390470981332442e+01
4.693715594332417851e+01 4.908422523052738029e+01
4.693715594332417851e+01 5.081450461164931198e+01
4.693715594332417851e+01 4.474811689564884176e+01
4.693715594332417851e+01 5.175084691266800263e+01
4.693715594332417851e+01 5.376845015953153251e+01
4.693715594332417851e+01 4.278132417950363475e+01
4.693715594332417851e+01 5.039913239145928259e+01
4.693715594332417851e+01 4.085154081754275524e+01
4.693715594332417851e+01 5.402879988266955280e+01
4.693715594332417851e+01 4.401147539017897259e+01
4.693715594332417851e+01 4.746766651782770907e+01
4.693715594332417851e+01 5.093250554480138703e+01
4.693715594332417851e+01 4.863151776375188717e+01
4.693715594332417851e+01 4.973852005196535941e+01
4.693715594332417851e+01 4.471471907718111538e+01
4.693715594332417851e+01 4.818893912544487534e+01
4.693715594332417851e+01 4.555455645455477054e+01
4.693715594332417851e+01 4.359077622103120575e+01
4.693715594332417851e+01 4.842664147100168748e+01
4.693715594332417851e+01 4.835572716452757902e+01
4.693715594332417851e+01 4.608361271984131236e+01
4.693715594332417851e+01 4.498380584451578557e+01
4.693715594332417851e+01 4.895284233242024641e+01
4.693715594332417851e+01 4.484671490869578747e+01
4.693715594332417851e+01 4.630737828118355282e+01
4.693715594332417851e+01 4.257763859830005515e+01
4.693715594332417851e+01 3.988526210251697535e+01
4.693715594332417851e+01 4.348002498968574514e+01
4.693715594332417851e+01 4.400739582703493369e+01
4.693715594332417851e+01 4.307518254949464875e+01
4.693715594332417851e+01 5.947870081325729075e+01
4.693715594332417851e+01 4.834104043404303042e+01
4.693715594332417851e+01 4.663873892400041399e+01
4.693715594332417851e+01 3.964805095581416339e+01
4.693715594332417851e+01 4.678695959335414045e+01
4.693715594332417851e+01 5.172687374991983944e+01
4.693715594332417851e+01 4.316631119125677429e+01
4.693715594332417851e+01 4.277294305469888513e+01
4.693715594332417851e+01 4.939941554203082319e+01
4.693715594332417851e+01 4.408642465533957733e+01
4.693715594332417851e+01 4.417362197858256678e+01
4.693715594332417851e+01 4.468580576569682705e+01
4.693715594332417851e+01 5.072299187779128005e+01
4.693715594332417851e+01 4.729134177686925256e+01
4.693715594332417851e+01 4.752620231347714963e+01
4.693715594332417851e+01 4.995548783388655067e+01
4.693715594332417851e+01 4.431209894196575760e+01
4.693715594332417851e+01 5.115191801496010271e+01
4.693715594332417851e+01 4.323653164203799548e+01
4.693715594332417851e+01 4.504024352182779012e+01
4.693715594332417851e+01 4.955611013655038732e+01
4.693715594332417851e+01 4.354277338824515908e+01
4.693715594332417851e+01 5.040161620625533345e+01
4.693715594332417851e+01 4.924043898141128039e+01
4.693715594332417851e+01 5.112587469685566788e+01
4.693715594332417851e+01 4.399771860629293485e+01
4.693715594332417851e+01 4.494788760797528937e+01
4.693715594332417851e+01 4.226530877281282983e+01
4.693715594332417851e+01 4.646096298735886165e+01
4.693715594332417851e+01 4.541922681776124904e+01
4.693715594332417851e+01 4.676126919992456976e+01
4.693715594332417851e+01 3.842774216566925105e+01
4.693715594332417851e+01 4.977787996850530305e+01
4.693715594332417851e+01 4.683003539029106577e+01
4.693715594332417851e+01 5.173229647549759846e+01
4.693715594332417851e+01 4.502640260652794524e+01
4.693715594332417851e+01 4.308512677753426345e+01
4.693715594332417851e+01 4.513041993681536468e+01
4.693715594332417851e+01 5.022108684080470908e+01
4.693715594332417851e+01 4.536632118941422931e+01
4.693715594332417851e+01 4.928227739986122202e+01
4.693715594332417851e+01 4.996090593342597685e+01
4.693715594332417851e+01 4.664582711168969809e+01
4.693715594332417851e+01 4.990661408619330075e+01
4.693715594332417851e+01 4.881622375829510219e+01
4.693715594332417851e+01 4.547657684712253001e+01
4.693715594332417851e+01 4.795465239726492968e+01
4.693715594332417851e+01 5.245884166495405054e+01
4.693715594332417851e+01 5.096313866648059587e+01
4.693715594332417851e+01 4.634754620950167237e+01
4.693715594332417851e+01 4.519048029765513519e+01
4.693715594332417851e+01 4.618889943593738678e+01
4.693715594332417851e+01 4.471364087059159687e+01
4.693715594332417851e+01 4.885068983075869653e+01
4.693715594332417851e+01 4.680279734441025852e+01
4.693715594332417851e+01 4.972897179449333294e+01
4.693715594332417851e+01 5.285320077528360372e+01
4.693715594332417851e+01 4.622795787052930905e+01
4.693715594332417851e+01 4.767648343133095068e+01
4.693715594332417851e+01 4.791709142224688378e+01
4.693715594332417851e+01 5.022067164209880019e+01
4.693715594332417851e+01 4.783678963746273638e+01
4.693715594332417851e+01 4.641323842885985584e+01
4.693715594332417851e+01 4.633428694363484368e+01
4.693715594332417851e+01 3.859240637350159631e+01
4.693715594332417851e+01 4.132021635578905006e+01
4.693715594332417851e+01 4.910317600059778442e+01
4.693715594332417851e+01 5.300479620041490136e+01
4.693715594332417851e+01 4.547176398909744677e+01
4.693715594332417851e+01 4.913013844926769735e+01
4.693715594332417851e+01 4.840991680563392663e+01
4.693715594332417851e+01 4.778088235229525793e+01
4.693715594332417851e+01 4.730797155278781219e+01
4.693715594332417851e+01 4.392993391515686596e+01
4.693715594332417851e+01 4.557240712613795353e+01
4.693715594332417851e+01 4.155638028309411425e+01
4.693715594332417851e+01 5.018410930706677675e+01
4.693715594332417851e+01 4.433603516855026783e+01
4.693715594332417851e+01 4.310393416331719862e+01
4.693715594332417851e+01 4.531142477087983877e+01
4.693715594332417851e+01 4.483454173822936895e+01
4.693715594332417851e+01 5.092192007897051553e+01
4.693715594332417851e+01 4.103933011710137180e+01
4.693715594332417851e+01 4.463154145973913245e+01
4.693715594332417851e+01 4.704695486236573743e+01
4.693715594332417851e+01 4.269289598324507296e+01
4.693715594332417851e+01 4.351613739907664780e+01
4.693715594332417851e+01 5.403980552948331706e+01
4.693715594332417851e+01 5.224572052829502411e+01
4.693715594332417851e+01 4.558817097114128813e+01
4.693715594332417851e+01 4.041458643411932883e+01
4.693715594332417851e+01 5.423713672324762314e+01
4.693715594332417851e+01 4.339598834920442982e+01
4.693715594332417851e+01 5.439746363289526698e+01
4.693715594332417851e+01 4.762024857923888277e+01
4.693715594332417851e+01 4.691517884205649125e+01
4.693715594332417851e+01 3.978833031176991852e+01
4.693715594332417851e+01 4.593690996308470176e+01
4.693715594332417851e+01 4.574855934197372420e+01
4.693715594332417851e+01 5.401599500701267687e+01
4.693715594332417851e+01 4.492778739587464543e+01
4.693715594332417851e+01 4.626740124072956206e+01
4.693715594332417851e+01 4.707138510331981252e+01
4.693715594332417851e+01 4.827946605878285879e+01
4.693715594332417851e+01 4.750104053826004247e+01
4.693715594332417851e+01 4.484627393549221352e+01
4.693715594332417851e+01 4.505092187919785829e+01
4.693715594332417851e+01 4.682845113155937611e+01
4.693715594332417851e+01 4.857295810273022596e+01
4.693715594332417851e+01 4.152399374152297895e+01
4.693715594332417851e+01 4.676748871267551522e+01
4.693715594332417851e+01 4.260039455631963534e+01
4.693715594332417851e+01 4.913894424198052491e+01
4.693715594332417851e+01 4.798886615512422793e+01
4.693715594332417851e+01 4.366308668213364541e+01
4.693715594332417851e+01 5.133313834569357681e+01
4.693715594332417851e+01 4.048645550975984975e+01
4.693715594332417851e+01 4.594772793486279738e+01
4.693715594332417851e+01 4.844793173223050786e+01
4.693715594332417851e+01 4.312561453072147799e+01
4.693715594332417851e+01 4.885352151635910189e+01
4.693715594332417851e+01 4.313687929807377941e+01
4.693715594332417851e+01 4.605999460675323576e+01
4.693715594332417851e+01 4.591597308087538210e+01
4.693715594332417851e+01 4.249346685091950349e+01
4.693715594332417851e+01 4.551517923752940931e+01
4.693715594332417851e+01 4.900698536514101988e+01
4.693715594332417851e+01 4.367709016100445041e+01
4.693715594332417851e+01 4.550450095255570204e+01
4.693715594332417851e+01 4.344977444879840078e+01
4.693715594332417851e+01 4.540883117515380718e+01
4.693715594332417851e+01 4.951552856601556130e+01
4.693715594332417851e+01 4.704673010715640658e+01
4.693715594332417851e+01 4.467827140919798268e+01
4.693715594332417851e+01 4.786861114834854902e+01
4.693715594332417851e+01 4.642048469771985708e+01
4.693715594332417851e+01 4.768790855746061652e+01
4.693715594332417851e+01 4.506687489534393620e+01
4.693715594332417851e+01 4.952957002696470568e+01
4.693715594332417851e+01 4.394685105997344721e+01
4.693715594332417851e+01 4.583403510910094525e+01
4.693715594332417851e+01 4.695623415063311512e+01
4.693715594332417851e+01 4.675575940828186106e+01
4.693715594332417851e+01 4.297128568389990733e+01
4.693715594332417851e+01 4.543916655178265529e+01
4.693715594332417851e+01 4.754805639628528979e+01
4.693715594332417851e+01 4.671284799198419080e+01
4.693715594332417851e+01 4.293482900984371042e+01
4.693715594332417851e+01 5.950850774902127682e+01
4.693715594332417851e+01 5.211454307228369487e+01
4.693715594332417851e+01 4.069174735117473318e+01
4.693715594332417851e+01 4.821126445935392013e+01
4.693715594332417851e+01 4.488625000940471210e+01
4.693715594332417851e+01 4.417564625313232796e+01
4.693715594332417851e+01 5.085304648377438497e+01
4.693715594332417851e+01 4.333489565572515545e+01
4.693715594332417851e+01 4.777536515519073390e+01
4.693715594332417851e+01 4.436274455234418923e+01
4.693715594332417851e+01 4.601409121031407778e+01
4.693715594332417851e+01 4.939407898623335313e+01
4.693715594332417851e+01 4.279683648938725327e+01
4.693715594332417851e+01 4.320572944136679183e+01
4.693715594332417851e+01 4.663534072492974758e+01
4.693715594332417851e+01 4.938477437780061052e+01
4.693715594332417851e+01 4.714931599179976729e+01
4.693715594332417851e+01 4.577281197080096575e+01
4.693715594332417851e+01 4.312336205857464222e+01
4.693715594332417851e+01 4.454605327837581541e+01
4.693715594332417851e+01 4.696375448837049760e+01
4.693715594332417851e+01 4.752893567975280575e+01
4.693715594332417851e+01 4.574693491411054680e+01
4.693715594332417851e+01 4.946532284534170998e+01
4.693715594332417851e+01 4.276868781157484278e+01
4.693715594332417851e+01 5.083186773078124787e+01
4.693715594332417851e+01 4.800373979617108944e+01
4.693715594332417851e+01 4.011151472283861352e+01
4.693715594332417851e+01 4.798597594316036918e+01
4.693715594332417851e+01 4.204625109831109597e+01
4.693715594332417851e+01 4.719562799914390894e+01
4.693715594332417851e+01 4.747026515184270323e+01
4.693715594332417851e+01 5.345904417200847547e+01
4.693715594332417851e+01 4.836518502110521922e+01
4.693715594332417851e+01 4.382371096020898449e+01
4.693715594332417851e+01 4.921978083452728470e+01
4.693715594332417851e+01 4.571581794969656443e+01
4.693715594332417851e+01 4.777580661959106578e+01
4.693715594332417851e+01 4.887654919632165473e+01
4.693715594332417851e+01 4.957846677585667550e+01
4.693715594332417851e+01 4.289504025700492207e+01
4.693715594332417851e+01 4.167716340483989512e+01
4.693715594332417851e+01 4.962858470950196477e+01
4.693715594332417851e+01 4.617200013518779400e+01
4.693715594332417851e+01 4.651867494006620518e+01
4.693715594332417851e+01 4.859881116680048763e+01
4.693715594332417851e+01 4.681511503007521213e+01
4.693715594332417851e+01 4.738976625889615946e+01
4.693715594332417851e+01 4.897264564873596271e+01
4.693715594332417851e+01 4.499583657407033144e+01
4.693715594332417851e+01 4.511018568617193125e+01
4.693715594332417851e+01 4.654849859104731991e+01
4.693715594332417851e+01 4.664332498957085704e+01
4.693715594332417851e+01 4.166161898855951051e+01
4.693715594332417851e+01 3.747839752137593194e+01
4.693715594332417851e+01 4.682537186060776691e+01
4.693715594332417851e+01 4.343659224688645537e+01
4.693715594332417851e+01 5.474725797448553521e+01
4.693715594332417851e+01 4.261645945038281980e+01
4.693715594332417851e+01 5.201928855354782399e+01
4.693715594332417851e+01 4.895517481690813355e+01
4.693715594332417851e+01 4.619479535051319630e+01
4.693715594332417851e+01 4.296187697223945889e+01
4.693715594332417851e+01 4.852268330304229949e+01
4.693715594332417851e+01 4.782266398451704958e+01
4.693715594332417851e+01 4.342575160439375992e+01
4.693715594332417851e+01 4.712743974401975322e+01
4.693715594332417851e+01 4.630390780347698154e+01
4.693715594332417851e+01 4.890923210790175801e+01
4.693715594332417851e+01 4.475210887150542050e+01
4.693715594332417851e+01 5.003376795670770605e+01
4.693715594332417851e+01 4.266676171720580157e+01
4.693715594332417851e+01 4.877167265459249990e+01
4.693715594332417851e+01 5.017071632461853170e+01
4.693715594332417851e+01 4.532749320722649600e+01
4.693715594332417851e+01 4.420014270586644045e+01
4.693715594332417851e+01 4.349390960096585701e+01
4.693715594332417851e+01 4.497887031383822176e+01
4.693715594332417851e+01 4.922248256285277535e+01
4.693715594332417851e+01 4.744053564708605109e+01
4.693715594332417851e+01 4.490892055458058962e+01
4.693715594332417851e+01 4.724922709830219247e+01
4.693715594332417851e+01 4.514054994764581608e+01
4.693715594332417851e+01 4.258915646574322977e+01
4.693715594332417851e+01 4.476137466053087621e+01
4.693715594332417851e+01 4.322716386218571927e+01
4.693715594332417851e+01 4.077629140950054421e+01
4.693715594332417851e+01 4.371838889560625319e+01
4.693715594332417851e+01 4.960651320350496007e+01
4.693715594332417851e+01 4.230494088953996368e+01
4.693715594332417851e+01 4.555838333644494043e+01
4.693715594332417851e+01 4.524611336184334931e+01
4.693715594332417851e+01 4.591867023935334657e+01
4.693715594332417851e+01 4.289254144221472131e+01
4.693715594332417851e+01 5.195570233490956014e+01
4.693715594332417851e+01 4.605652860013417893e+01
4.693715594332417851e+01 5.088415269339986224e+01
4.693715594332417851e+01 5.216968713794937429e+01
4.693715594332417851e+01 4.294288852980772475e+01
4.693715594332417851e+01 5.534683270943073552e+01
4.693715594332417851e+01 4.608227373518001002e+01
4.693715594332417851e+01 4.098619944440405760e+01
4.693715594332417851e+01 5.867141483419168679e+01
4.693715594332417851e+01 5.013575256454615925e+01
4.693715594332417851e+01 4.641519570908066328e+01
4.693715594332417851e+01 4.446344017240161151e+01
4.693715594332417851e+01 5.323874604630330509e+01
4.693715594332417851e+01 4.711189551794010555e+01
4.693715594332417851e+01 4.415890202961867317e+01
4.693715594332417851e+01 4.077157399381519554e+01
4.693715594332417851e+01 4.095584175001447136e+01
4.693715594332417851e+01 4.521974763689200216e+01
4.693715594332417851e+01 4.563775655304861800e+01
4.693715594332417851e+01 4.494686333187992489e+01
4.693715594332417851e+01 4.304639847560982702e+01
4.693715594332417851e+01 4.080964976641002551e+01
4.693715594332417851e+01 4.818282003502260125e+01
4.693715594332417851e+01 4.077985634541187920e+01
4.693715594332417851e+01 4.898136016830696349e+01
4.693715594332417851e+01 4.321632336746622371e+01
4.693715594332417851e+01 4.686302850895272343e+01
4.693715594332417851e+01 4.272169939686249762e+01
4.693715594332417851e+01 4.661520582985519923e+01
4.693715594332417851e+01 5.240061205855631243e+01
4.693715594332417851e+01 5.307524283770331408e+01
4.693715594332417851e+01 4.412005449854032690e+01
4.693715594332417851e+01 4.712577259645412653e+01
4.693715594332417851e+01 4.621273429035286284e+01
4.693715594332417851e+01 4.561646512176319845e+01
4.693715594332417851e+01 5.043604162763108434e+01
4.693715594332417851e+01 4.559421328763544068e+01
4.693715594332417851e+01 4.367499913471436912e+01
4.693715594332417851e+01 4.654091522617799370e+01
4.693715594332417851e+01 4.813842757171022413e+01
4.693715594332417851e+01 4.447715833121868201e+01
4.693715594332417851e+01 5.007295888030506603e+01
4.693715594332417851e+01 4.425085820961260907e+01
4.693715594332417851e+01 5.313610788685423358e+01
4.693715594332417851e+01 4.155615400091637923e+01
4.693715594332417851e+01 4.424454017424097430e+01
4.693715594332417851e+01 4.027343753123835768e+01
4.693715594332417851e+01 4.399891594904962488e+01
4.693715594332417851e+01 4.740260512712048779e+01
4.693715594332417851e+01 4.670410221981376964e+01
4.693715594332417851e+01 4.800542017531730465e+01
4.693715594332417851e+01 4.487712603086057328e+01
4.693715594332417851e+01 5.394798671131184875e+01
4.693715594332417851e+01 4.768561214117307401e+01
4.693715594332417851e+01 4.913475890709550242e+01
4.693715594332417851e+01 4.818904952406527542e+01
4.693715594332417851e+01 4.711283044713832879e+01
4.693715594332417851e+01 4.566688093910587298e+01
4.693715594332417851e+01 3.974379062473759916e+01
4.693715594332417851e+01 4.152913661447087890e+01
4.693715594332417851e+01 4.555756134555728920e+01
4.693715594332417851e+01 4.907160581083191886e+01
4.693715594332417851e+01 5.339245403149702440e+01
4.693715594332417851e+01 4.873345302049004601e+01
4.693715594332417851e+01 4.954747389864172646e+01
4.693715594332417851e+01 4.323497574465508819e+01
4.693715594332417851e+01 5.189295231403960429e+01
4.693715594332417851e+01 5.010902117718258353e+01
4.693715594332417851e+01 4.838724950260642288e+01
4.693715594332417851e+01 4.611504907731800529e+01
4.693715594332417851e+01 4.835728009172991193e+01
4.693715594332417851e+01 3.871618667797131508e+01
4.693715594332417851e+01 4.645693472387285539e+01
4.693715594332417851e+01 4.889884532214260560e+01
4.693715594332417851e+01 3.601985598014316281e+01
4.693715594332417851e+01 4.287305485414078277e+01
4.693715594332417851e+01 4.613605327266855483e+01
4.693715594332417851e+01 4.176019637756255776e+01
4.693715594332417851e+01 4.254937921028724190e+01
4.693715594332417851e+01 5.470714137873122951e+01
4.693715594332417851e+01 4.464326699566768752e+01
4.693715594332417851e+01 4.724458175182056152e+01
4.693715594332417851e+01 4.542653485422132320e+01
4.693715594332417851e+01 4.302819539545546235e+01
4.693715594332417851e+01 4.354035183583525992e+01
4.693715594332417851e+01 4.301952193101183752e+01
4.693715594332417851e+01 4.454590261850079713e+01
4.693715594332417851e+01 4.852350252282872134e+01
4.693715594332417851e+01 4.951849954929434006e+01
4.693715594332417851e+01 4.731322847489762040e+01
4.693715594332417851e+01 4.548630841418841442e+01
4.693715594332417851e+01 4.416522607951285551e+01
4.693715594332417851e+01 4.944063812365182997e+01
4.693715594332417851e+01 5.006020283334937204e+01
4.693715594332417851e+01 4.600548784185272666e+01
4.693715594332417851e+01 4.674161819366532455e+01
4.693715594332417851e+01 4.110473763935200964e+01
4.693715594332417851e+01 5.025794385877305359e+01
4.693715594332417851e+01 4.897503502806915776e+01
4.693715594332417851e+01 4.517574371418279355e+01
4.693715594332417851e+01 4.639414687230313206e+01
4.693715594332417851e+01 4.072239784280717600e+01
4.693715594332417851e+01 4.728442361370923663e+01
4.693715594332417851e+01 4.063862842288968125e+01
4.693715594332417851e+01 4.979728753713951761e+01
4.693715594332417851e+01 4.368506401556658858e+01
4.693715594332417851e+01 4.764437516061170896e+01
4.693715594332417851e+01 5.083918429246583059e+01
4.693715594332417851e+01 4.904078095859514264e+01
4.693715594332417851e+01 4.647824228294339832e+01
4.693715594332417851e+01 5.137643853616244627e+01
4.693715594332417851e+01 5.475598593396857439e+01
4.693715594332417851e+01 4.284556441147853434e+01
4.693715594332417851e+01 4.176591103729689536e+01
4.693715594332417851e+01 4.647945882836106790e+01
4.693715594332417851e+01 4.835543372455943256e+01
4.693715594332417851e+01 3.872612472578457243e+01
4.693715594332417851e+01 4.564449857063768690e+01
4.693715594332417851e+01 4.511173693679896246e+01
4.693715594332417851e+01 5.011560355001049061e+01
4.693715594332417851e+01 4.512318483036180083e+01
4.693715594332417851e+01 4.627257407198561623e+01
4.693715594332417851e+01 4.482122711389020964e+01
4.693715594332417851e+01 4.872199892131490628e+01
4.693715594332417851e+01 4.441269015244979812e+01
4.693715594332417851e+01 4.504849880929821637e+01
4.693715594332417851e+01 4.911980690539424188e+01
4.693715594332417851e+01 4.855540349536979505e+01
4.693715594332417851e+01 4.945953165647267014e+01
4.693715594332417851e+01 4.932017383881022710e+01
4.693715594332417851e+01 5.638658495274649596e+01
4.693715594332417851e+01 4.740170065393122201e+01
4.693715594332417851e+01 4.729960436200055085e+01
4.693715594332417851e+01 4.480506100424222637e+01
4.693715594332417851e+01 5.248833772575453338e+01
4.693715594332417851e+01 4.484770805421789674e+01
4.693715594332417851e+01 4.750144344280229802e+01
4.693715594332417851e+01 4.383716514247863216e+01
4.693715594332417851e+01 4.311536473379335632e+01
4.693715594332417851e+01 4.441997487000792688e+01
4.693715594332417851e+01 5.219738476593648357e+01
4.693715594332417851e+01 4.485539381276156234e+01
4.693715594332417851e+01 4.315851997859455480e+01
4.693715594332417851e+01 4.554778164868311308e+01
4.693715594332417851e+01 5.012168274234323206e+01
4.693715594332417851e+01 4.192176198586837899e+01
4.693715594332417851e+01 4.596144735381231783e+01
4.693715594332417851e+01 5.095995412264390723e+01
4.693715594332417851e+01 4.680097547637818423e+01
4.693715594332417851e+01 4.812188279538604263e+01
4.693715594332417851e+01 4.766575208765522120e+01
4.693715594332417851e+01 4.820234733346026701e+01
4.693715594332417851e+01 4.442178949187390202e+01
4.693715594332417851e+01 4.301300716006014113e+01
4.693715594332417851e+01 4.216392626066932792e+01
4.693715594332417851e+01 4.840040961993798874e+01
4.693715594332417851e+01 4.477720164571810813e+01
4.693715594332417851e+01 4.936408230508123296e+01
4.693715594332417851e+01 4.797130265397321836e+01
4.693715594332417851e+01 4.517674012397781524e+01
4.693715594332417851e+01 4.723810951910862599e+01
4.693715594332417851e+01 4.627212948087917255e+01
4.693715594332417851e+01 5.238210844431823432e+01
4.693715594332417851e+01 4.264522444152434844e+01
4.693715594332417851e+01 4.060373623039573232e+01
4.693715594332417851e+01 5.003904595069874972e+01
4.693715594332417851e+01 5.234918083598361704e+01
4.693715594332417851e+01 4.642998498528598361e+01
4.693715594332417851e+01 4.327230995341363951e+01
4.693715594332417851e+01 4.907429916398713488e+01
4.693715594332417851e+01 4.955417694517981886e+01
4.693715594332417851e+01 4.008307917948211951e+01
4.693715594332417851e+01 4.604746369526129968e+01
4.693715594332417851e+01 5.327134574742510864e+01
4.693715594332417851e+01 4.642236084323580769e+01
4.693715594332417851e+01 4.252869882657017797e+01
4.693715594332417851e+01 4.998414216336770011e+01
4.693715594332417851e+01 4.861855161117584601e+01
4.693715594332417851e+01 3.724631700345921104e+01
4.693715594332417851e+01 4.788547318114560625e+01
4.693715594332417851e+01 4.442327144600000111e+01
4.693715594332417851e+01 4.934983381125082502e+01
4.693715594332417851e+01 5.044973370417854142e+01
4.693715594332417851e+01 4.586475552021699542e+01
4.693715594332417851e+01 4.290539581465919383e+01
4.693715594332417851e+01 4.078888668891563896e+01
4.693715594332417851e+01 4.593333176686903130e+01
4.693715594332417851e+01 4.003713812080749790e+01
4.693715594332417851e+01 4.573160312141095574e+01
4.693715594332417851e+01 4.698166059039630227e+01
4.693715594332417851e+01 4.488522011328266359e+01
4.693715594332417851e+01 4.494583291693455607e+01
4.693715594332417851e+01 4.807015788867877859e+01
4.693715594332417851e+01 4.523917635288322714e+01
4.693715594332417851e+01 4.577983058943536321e+01
4.693715594332417851e+01 4.870345882958986294e+01
4.693715594332417851e+01 4.448442923654666004e+01
4.693715594332417851e+01 4.696906220752094185e+01
4.693715594332417851e+01 4.695848297897487811e+01
4.693715594332417851e+01 4.577814079244762269e+01
4.693715594332417851e+01 4.841392571670414924e+01
4.693715594332417851e+01 4.421800992949940223e+01
4.693715594332417851e+01 5.008913492876070706e+01
4.693715594332417851e+01 4.700026300793050638e+01
4.693715594332417851e+01 4.539790683783871827e+01
4.693715594332417851e+01 4.656617259280368870e+01
4.693715594332417851e+01 4.769421126650821918e+01
4.693715594332417851e+01 4.055467529625396850e+01
4.693715594332417851e+01 4.989145695521893487e+01
4.693715594332417851e+01 4.671514528244902209e+01
4.693715594332417851e+01 4.876277211617361473e+01
4.693715594332417851e+01 4.343868486916867511e+01
4.693715594332417851e+01 4.391904266054461914e+01
4.693715594332417851e+01 4.480598198127523091e+01
4.693715594332417851e+01 5.168102848710570640e+01
4.693715594332417851e+01 4.650605981435759162e+01
4.693715594332417851e+01 4.794596339293802600e+01
4.693715594332417851e+01 4.348135706145234280e+01
4.693715594332417851e+01 4.781767579742003704e+01
4.693715594332417851e+01 5.159237621140706409e+01
4.693715594332417851e+01 4.509384376194891075e+01
4.693715594332417851e+01 4.598621454802684383e+01
4.693715594332417851e+01 4.700938596215745946e+01
4.693715594332417851e+01 4.699735688607000128e+01
4.693715594332417851e+01 4.169513540241203486e+01
4.693715594332417851e+01 4.872323216347530916e+01
4.693715594332417851e+01 4.178942126808165369e+01
4.693715594332417851e+01 4.553912895733891020e+01
4.693715594332417851e+01 4.703859889840337871e+01
4.693715594332417851e+01 4.431756681423374999e+01
4.693715594332417851e+01 4.355993751887594101e+01
4.693715594332417851e+01 4.863275596053712491e+01
4.693715594332417851e+01 4.451385419977648183e+01
4.693715594332417851e+01 4.634762395902824039e+01
4.693715594332417851e+01 4.562872336452856104e+01
4.693715594332417851e+01 4.229290321365407834e+01
4.693715594332417851e+01 4.661665898255987628e+01
4.693715594332417851e+01 4.494248994744744152e+01
4.693715594332417851e+01 4.458207954089498060e+01
4.693715594332417851e+01 4.508498375625041632e+01
4.693715594332417851e+01 4.061849745985965399e+01
4.693715594332417851e+01 4.559936480429422545e+01
4.693715594332417851e+01 4.763680346380531461e+01
4.693715594332417851e+01 5.221610440074141479e+01
4.693715594332417851e+01 5.087220447199316453e+01
4.693715594332417851e+01 4.436101070915868405e+01
4.693715594332417851e+01 4.211603989761261602e+01
4.693715594332417851e+01 4.979335289829413824e+01
4.693715594332417851e+01 4.635072930776674127e+01
4.693715594332417851e+01 4.260858144280763327e+01
4.693715594332417851e+01 4.689599039801619540e+01
4.693715594332417851e+01 5.000778482822912707e+01
4.693715594332417851e+01 4.584528712346560297e+01
4.693715594332417851e+01 4.114706978835683771e+01
4.693715594332417851e+01 4.435462469801907304e+01
4.693715594332417851e+01 4.356092218409177974e+01
4.693715594332417851e+01 4.980624990028571375e+01
4.693715594332417851e+01 3.919981595348532011e+01
4.693715594332417851e+01 4.786330611455377948e+01
4.693715594332417851e+01 4.792768685745840429e+01
4.693715594332417851e+01 5.037513828123058346e+01
4.693715594332417851e+01 4.414079286920658518e+01
4.693715594332417851e+01 4.716106533000657919e+01
4.693715594332417851e+01 5.112026961593739571e+01
4.693715594332417851e+01 4.615923375581384391e+01
4.693715594332417851e+01 4.633846274912377083e+01
4.693715594332417851e+01 4.338713626410970647e+01
4.693715594332417851e+01 4.314469687706402112e+01
4.693715594332417851e+01 5.969396124621940913e+01
4.693715594332417851e+01 4.890444895372674949e+01
4.693715594332417851e+01 4.865366933912385150e+01
4.693715594332417851e+01 4.790301132908906112e+01
4.693715594332417851e+01 4.750572614900698909e+01
4.693715594332417851e+01 4.330957630368412481e+01
4.693715594332417851e+01 4.804859545733115311e+01
4.693715594332417851e+01 4.584876495642430427e+01
4.693715594332417851e+01 4.349273394776690083e+01
