4.693715594332417851e+01 4.924253390010118636e+01
4.693715594332417851e+01 5.253252452962615138e+01
4.693715594332417851e+01 4.554764556932601494e+01
4.693715594332417851e+01 4.476433918099557729e+01
4.693715594332417851e+01 4.429619815913964231e+01
4.693715594332417851e+01 5.225508670459110050e+01
4.693715594332417851e+01 4.706727530599187759e+01
4.693715594332417851e+01 4.367406255881172683e+01
4.693715594332417851e+01 4.310775910548201040e+01
4.693715594332417851e+01 4.630659259365238967e+01
4.693715594332417851e+01 4.635995259534691115e+01
4.693715594332417851e+01 4.365444006343133765e+01
4.693715594332417851e+01 4.643739762961348561e+01
4.693715594332417851e+01 4.754297435030701990e+01
4.693715594332417851e+01 4.727647446415563337e+01
4.693715594332417851e+01 4.763454224126387260e+01
4.693715594332417851e+01 4.513019306960320165e+01
4.693715594332417851e+01 4.678340688672569314e+01
4.693715594332417851e+01 4.608079320218989494e+01
4.693715594332417851e+01 3.863058781186826707e+01
4.693715594332417851e+01 4.846428898907096539e+01
4.693715594332417851e+01 4.552557414935954228e+01
4.693715594332417851e+01 4.381974937282297589e+01
4.693715594332417851e+01 4.692841572643971659e+01
4.693715594332417851e+01 4.365708876461980026e+01
4.693715594332417851e+01 4.645660970798940070e+01
4.693715594332417851e+01 4.711004537732051745e+01
4.693715594332417851e+01 4.563195652627815946e+01
4.693715594332417851e+01 5.405327467393590979e+01
4.693715594332417851e+01 4.655548983586576384e+01
4.693715594332417851e+01 4.897049942596110128e+01
4.693715594332417851e+01 4.668430288497216907e+01
4.693715594332417851e+01 4.438769655445032214e+01
4.693715594332417851e+01 4.291148555572539181e+01
4.693715594332417851e+01 4.577595678798484613e+01
4.693715594332417851e+01 4.935676829942160282e+01
4.693715594332417851e+01 4.665341471304927978e+01
4.693715594332417851e+01 5.201567596654318493e+01
4.693715594332417851e+01 4.899750403131906040e+01
4.693715594332417851e+01 4.742974382121484211e+01
4.693715594332417851e+01 4.771127191413913948e+01
4.693715594332417851e+01 3.977738461235302481e+01
4.693715594332417851e+01 4.844470548056294490e+01
4.693715594332417851e+01 4.925532155202256490e+01
4.693715594332417851e+01 4.473829910288043976e+01
4.693715594332417851e+01 3.900282651991818739e+01
4.693715594332417851e+01 4.477731794347362637e+01
4.693715594332417851e+01 4.517692763254586197e+01
4.693715594332417851e+01 4.838186127867961517e+01
4.693715594332417851e+01 4.840037789713512950e+01
4.693715594332417851e+01 5.025857154033314345e+01
4.693715594332417851e+01 5.227636625932098724e+01
4.693715594332417851e+01 5.352014631865018401e+01
4.693715594332417851e+01 4.496155269578895997e+01
4.693715594332417851e+01 5.604706653647608761e+01
4.693715594332417851e+01 4.827023898282251224e+01
4.693715594332417851e+01 4.121848755293389388e+01
4.693715594332417851e+01 4.562579763583220682e+01
4.693715594332417851e+01 4.835659650194384085e+01
4.693715594332417851e+01 4.493576888239908840e+01
4.693715594332417851e+01 5.687053409640339652e+01
4.693715594332417851e+01 4.678385184588615431e+01
4.693715594332417851e+01 4.137559014390372880e+01
4.693715594332417851e+01 5.195075111749019925e+01
4.693715594332417851e+01 5.248948153287869189e+01
4.693715594332417851e+01 4.791132878069651468e+01
4.693715594332417851e+01 4.452028831963915678e+01
4.693715594332417851e+01 4.421400302047280206e+01
4.693715594332417851e+01 4.354072520833215520e+01
4.693715594332417851e+01 5.060992764626320195e+01
4.693715594332417851e+01 4.287039822774983122e+01
4.693715594332417851e+01 4.476121573281045585e+01
4.693715594332417851e+01 4.615060290059797410e+01
4.693715594332417851e+01 4.811534445509303737e+01
4.693715594332417851e+01 4.007482479866081349e+01
4.693715594332417851e+01 4.784725148674959883e+01
4.693715594332417851e+01 4.593361264522346943e+01
4.693715594332417851e+01 4.751311121224618006e+01
4.693715594332417851e+01 4.651907297777636785e+01
4.693715594332417851e+01 4.965774881545075203e+01
4.693715594332417851e+01 5.003133660942562955e+01
4.693715594332417851e+01 4.326799686407091627e+01
4.693715594332417851e+01 4.303444827134248385e+01
4.693715594332417851e+01 4.857787852966312414e+01
4.693715594332417851e+01 4.652028334926762199e+01
4.693715594332417851e+01 4.343369410966473509e+01
4.693715594332417851e+01 4.476282211971913227e+01
4.693715594332417851e+01 4.705208381275095775e+01
4.693715594332417851e+01 4.582658423528597780e+01
4.693715594332417851e+01 4.549440747682488251e+01
4.693715594332417851e+01 4.833106125056762892e+01
4.693715594332417851e+01 4.778084499246789818e+01
4.693715594332417851e+01 4.755385592761107461e+01
4.693715594332417851e+01 5.193487173801152323e+01
4.693715594332417851e+01 4.745313028132461142e+01
4.693715594332417851e+01 4.504405479570806392e+01
4.693715594332417851e+01 4.190061044376817989e+01
4.693715594332417851e+01 4.432413461362278895e+01
4.693715594332417851e+01 4.904282025181949933e+01
4.693715594332417851e+01 4.631215399667897259e+01
4.693715594332417851e+01 4.198476450472321631e+01
4.693715594332417851e+01 4.760400905479977496e+01
4.693715594332417851e+01 4.940088795977948166e+01
4.693715594332417851e+01 4.448307940136684380e+01
4.693715594332417851e+01 4.245574835601538410e+01
4.693715594332417851e+01 4.233933671167086032e+01
4.693715594332417851e+01 5.067784735181247413e+01
4.693715594332417851e+01 4.532710855793700944e+01
4.693715594332417851e+01 5.037753605875280982e+01
4.693715594332417851e+01 4.501604018525957684e+01
4.693715594332417851e+01 4.465648123920774282e+01
4.693715594332417851e+01 4.214232731102617890e+01
4.693715594332417851e+01 4.301076162058775054e+01
4.693715594332417851e+01 4.783032713171989769e+01
4.693715594332417851e+01 5.382420058661725193e+01
4.693715594332417851e+01 4.491155690101530240e+01
4.693715594332417851e+01 4.713048813240922641e+01
4.693715594332417851e+01 4.504202084301815034e+01
4.693715594332417851e+01 4.589802240225866825e+01
4.693715594332417851e+01 4.468493096446090362e+01
4.693715594332417851e+01 4.752730531389405400e+01
4.693715594332417851e+01 4.476148793119639180e+01
4.693715594332417851e+01 4.555447078930578897e+01
4.693715594332417851e+01 4.355032962787500850e+01
4.693715594332417851e+01 4.878329143835940584e+01
4.693715594332417851e+01 4.632166462836827492e+01
4.693715594332417851e+01 4.705890055842646547e+01
4.693715594332417851e+01 3.855288041274351230e+01
4.693715594332417851e+01 4.811369388554078341e+01
4.693715594332417851e+01 4.412282974479566633e+01
4.693715594332417851e+01 4.811407488868715632e+01
4.693715594332417851e+01 4.954949738603459508e+01
4.693715594332417851e+01 4.760461827779718647e+01
4.693715594332417851e+01 4.391690699414746746e+01
4.693715594332417851e+01 4.630291381397570660e+01
4.693715594332417851e+01 4.432010436245934670e+01
4.693715594332417851e+01 4.470001590052629581e+01
4.693715594332417851e+01 4.650636975236859172e+01
4.693715594332417851e+01 4.272367075987170182e+01
4.693715594332417851e+01 4.494981866390565983e+01
4.693715594332417851e+01 4.188471017017687359e+01
4.693715594332417851e+01 4.353103204571415574e+01
4.693715594332417851e+01 4.144117410252968625e+01
4.693715594332417851e+01 4.602275699951877641e+01
4.693715594332417851e+01 4.676616730200996130e+01
4.693715594332417851e+01 4.838376204459289198e+01
4.693715594332417851e+01 5.217036779966462490e+01
4.693715594332417851e+01 4.814055321662891629e+01
4.693715594332417851e+01 5.118935420155626304e+01
4.693715594332417851e+01 4.097401314956715623e+01
4.693715594332417851e+01 4.986240947397562451e+01
4.693715594332417851e+01 5.400855330140285560e+01
4.693715594332417851e+01 5.389142870467522073e+01
4.693715594332417851e+01 4.415062003611755870e+01
4.693715594332417851e+01 4.160917591650242997e+01
4.693715594332417851e+01 4.453675322465846875e+01
4.693715594332417851e+01 4.776848550853138420e+01
4.693715594332417851e+01 4.424082380778185808e+01
4.693715594332417851e+01 4.408299905645169048e+01
4.693715594332417851e+01 5.147296676418969952e+01
4.693715594332417851e+01 4.681558877115109141e+01
4.693715594332417851e+01 4.939375152962006155e+01
4.693715594332417851e+01 5.039956349971983940e+01
4.693715594332417851e+01 5.705027746592353566e+01
4.693715594332417851e+01 4.022947154686698923e+01
4.693715594332417851e+01 4.251257184335001682e+01
4.693715594332417851e+01 4.795368628564062874e+01
4.693715594332417851e+01 3.996760602760780046e+01
4.693715594332417851e+01 4.405031246768910336e+01
4.693715594332417851e+01 4.543012526224713099e+01
4.693715594332417851e+01 4.255718966125801472e+01
4.693715594332417851e+01 4.537451498492611535e+01
4.693715594332417851e+01 4.833121766059858260e+01
4.693715594332417851e+01 4.028548552754995882e+01
4.693715594332417851e+01 4.582350134911436612e+01
4.693715594332417851e+01 5.166828889545143255e+01
4.693715594332417851e+01 4.577931301021665433e+01
4.693715594332417851e+01 4.430516621296375490e+01
4.693715594332417851e+01 4.385746537260353506e+01
4.693715594332417851e+01 4.831712848441745223e+01
4.693715594332417851e+01 5.258485912983200450e+01
4.693715594332417851e+01 4.227185887957964638e+01
4.693715594332417851e+01 4.653955559211514981e+01
4.693715594332417851e+01 5.012831263384610736e+01
4.693715594332417851e+01 4.785311853419846528e+01
4.693715594332417851e+01 4.581625872940220034e+01
4.693715594332417851e+01 4.419583442081938074e+01
4.693715594332417851e+01 4.733050475365554632e+01
4.693715594332417851e+01 4.506133678294423106e+01
4.693715594332417851e+01 4.655395328351210082e+01
4.693715594332417851e+01 4.740046061932094545e+01
4.693715594332417851e+01 4.378061724747924899e+01
4.693715594332417851e+01 5.271356798799471477e+01
4.693715594332417851e+01 4.987618956086310362e+01
4.693715594332417851e+01 5.835125222411229373e+01
4.693715594332417851e+01 5.118471295930548592e+01
4.693715594332417851e+01 3.894067898955110252e+01
4.693715594332417851e+01 5.041630206146696480e+01
4.693715594332417851e+01 4.365080432046970316e+01
4.693715594332417851e+01 4.905280751141685158e+01
4.693715594332417851e+01 4.472452754424011800e+01
4.693715594332417851e+01 4.271328100618930534e+01
4.693715594332417851e+01 5.234550367826671646e+01
4.693715594332417851e+01 4.226477284411775770e+01
4.693715594332417851e+01 4.383581110854598961e+01
4.693715594332417851e+01 4.361158688316169219e+01
4.693715594332417851e+01 4.576084159417607111e+01
4.693715594332417851e+01 4.453425899168575341e+01
4.693715594332417851e+01 4.690153692650302730e+01
4.693715594332417851e+01 4.119358203422743259e+01
4.693715594332417851e+01 4.856579069932692505e+01
4.693715594332417851e+01 4.908351778287216405e+01
4.693715594332417851e+01 4.904305411796637060e+01
4.693715594332417851e+01 5.009815923701253837e+01
4.693715594332417851e+01 4.400519966794423254e+01
4.693715594332417851e+01 4.731578457715590957e+01
4.693715594332417851e+01 4.885355573649555083e+01
4.693715594332417851e+01 4.419953629557928565e+01
4.693715594332417851e+01 5.264495079644069619e+01
4.693715594332417851e+01 4.687258454061574042e+01
4.693715594332417851e+01 4.891557880189003527e+01
4.693715594332417851e+01 4.336124470469256664e+01
4.693715594332417851e+01 4.425816704782268829e+01
4.693715594332417851e+01 4.662886319879103070e+01
4.693715594332417851e+01 4.746424044965391431e+01
4.693715594332417851e+01 4.479965096924403412e+01
4.693715594332417851e+01 3.592715346041368463e+01
4.693715594332417851e+01 5.452028201363293647e+01
4.693715594332417851e+01 4.577074633002582971e+01
4.693715594332417851e+01 4.413523834764827569e+01
4.693715594332417851e+01 4.093600234396974002e+01
4.693715594332417851e+01 4.029053499866424914e+01
4.693715594332417851e+01 4.718369475851227435e+01
4.693715594332417851e+01 4.784144419182575092e+01
4.693715594332417851e+01 4.590157288467764118e+01
4.693715594332417851e+01 4.278760611201936115e+01
4.693715594332417851e+01 4.510207567593307942e+01
4.693715594332417851e+01 4.452294686975070448e+01
4.693715594332417851e+01 4.470536121870620860e+01
4.693715594332417851e+01 5.149930842699661326e+01
4.693715594332417851e+01 4.413111827452056701e+01
4.693715594332417851e+01 4.048675200964260057e+01
4.693715594332417851e+01 4.302713817311049382e+01
4.693715594332417851e+01 4.591430410100028325e+01
4.693715594332417851e+01 4.727892415367615087e+01
4.693715594332417851e+01 4.688556331837610713e+01
4.693715594332417851e+01 4.834009780112462096e+01
4.693715594332417851e+01 4.695305685719034727e+01
4.693715594332417851e+01 4.310104511875930910e+01
4.693715594332417851e+01 4.551806391540480945e+01
4.693715594332417851e+01 4.225268407553998173e+01
4.693715594332417851e+01 4.624524894608397574e+01
4.693715594332417851e+01 4.646346686980581353e+01
4.693715594332417851e+01 4.633705814074330220e+01
4.693715594332417851e+01 4.326074624497925925e+01
4.693715594332417851e+01 4.115889825282255288e+01
4.693715594332417851e+01 4.907820202215341254e+01
4.693715594332417851e+01 5.283065187812577790e+01
4.693715594332417851e+01 4.382597941295301780e+01
4.693715594332417851e+01 4.676194708264066691e+01
4.693715594332417851e+01 5.123536409349276965e+01
4.693715594332417851e+01 4.158722523560680884e+01
4.693715594332417851e+01 5.009500186870872085e+01
4.693715594332417851e+01 4.727997151143988219e+01
4.693715594332417851e+01 4.750273467248852199e+01
4.693715594332417851e+01 4.834365941376026399e+01
4.693715594332417851e+01 5.241855281244782105e+01
4.693715594332417851e+01 5.177301536535824766e+01
4.693715594332417851e+01 4.335758350924998439e+01
4.693715594332417851e+01 4.795577737447416666e+01
4.693715594332417851e+01 5.063833920389567567e+01
4.693715594332417851e+01 4.593323317655547555e+01
4.693715594332417851e+01 4.866122533385107118e+01
4.693715594332417851e+01 4.036295071873695406e+01
4.693715594332417851e+01 4.526314314348650925e+01
4.693715594332417851e+01 4.700750840575916811e+01
4.693715594332417851e+01 4.869308529577251932e+01
4.693715594332417851e+01 4.486697020683634918e+01
4.693715594332417851e+01 5.159100446175227717e+01
4.693715594332417851e+01 4.793594621681873491e+01
4.693715594332417851e+01 4.849955154930709966e+01
4.693715594332417851e+01 4.218001521784739793e+01
4.693715594332417851e+01 5.007321865662783011e+01
4.693715594332417851e+01 4.747428544012287688e+01
4.693715594332417851e+01 4.066700495382210789e+01
4.693715594332417851e+01 4.830065242652287338e+01
4.693715594332417851e+01 4.686298985880431900e+01
4.693715594332417851e+01 5.380530665588304373e+01
4.693715594332417851e+01 4.469984777861380820e+01
4.693715594332417851e+01 3.767276131411592388e+01
4.693715594332417851e+01 4.722837052858662332e+01
4.693715594332417851e+01 4.406916147769004510e+01
4.693715594332417851e+01 4.771115621567194154e+01
4.693715594332417851e+01 4.584256377540369698e+01
4.693715594332417851e+01 3.965280625427583061e+01
4.693715594332417851e+01 4.086127207577856524e+01
4.693715594332417851e+01 4.746144000016534648e+01
4.693715594332417851e+01 4.804335260019333731e+01
4.693715594332417851e+01 4.581687922109107802e+01
4.693715594332417851e+01 4.406161379841253734e+01
4.693715594332417851e+01 4.478281684129627394e+01
4.693715594332417851e+01 4.501627845698043018e+01
4.693715594332417851e+01 4.716457814297345408e+01
4.693715594332417851e+01 3.973170815946426870e+01
4.693715594332417851e+01 4.774151186845607242e+01
4.693715594332417851e+01 4.972558688321635856e+01
4.693715594332417851e+01 5.122968055155424594e+01
4.693715594332417851e+01 4.395551374705748060e+01
4.693715594332417851e+01 4.065691349930914100e+01
4.693715594332417851e+01 4.407208415400187107e+01
4.693715594332417851e+01 4.887237911457227568e+01
4.693715594332417851e+01 4.413928536974372463e+01
4.693715594332417851e+01 4.827249159386794730e+01
4.693715594332417851e+01 4.565296172910259997e+01
4.693715594332417851e+01 4.919945893967960870e+01
4.693715594332417851e+01 4.863630884421201728e+01
4.693715594332417851e+01 4.564659747926907585e+01
4.693715594332417851e+01 4.968485564786131903e+01
4.693715594332417851e+01 4.427725610636533560e+01
4.693715594332417851e+01 3.983434396708497616e+01
4.693715594332417851e+01 4.278222320925337385e+01
4.693715594332417851e+01 4.572535376488026770e+01
4.693715594332417851e+01 4.820181910301212724e+01
4.693715594332417851e+01 4.598803342227607516e+01
4.693715594332417851e+01 5.009998923606741528e+01
4.693715594332417851e+01 4.197786100447390822e+01
4.693715594332417851e+01 4.671721385118271996e+01
4.693715594332417851e+01 4.533495713317132925e+01
4.693715594332417851e+01 4.872508198510361410e+01
4.693715594332417851e+01 3.964337473716066285e+01
4.693715594332417851e+01 4.494068797544506566e+01
4.693715594332417851e+01 4.589131003364885686e+01
4.693715594332417851e+01 5.018922905682935465e+01
4.693715594332417851e+01 4.182224169583763285e+01
4.693715594332417851e+01 4.473468521464911873e+01
4.693715594332417851e+01 4.531787283251428988e+01
4.693715594332417851e+01 5.057943063300689346e+01
4.693715594332417851e+01 4.808477783116626370e+01
4.693715594332417851e+01 3.858527662996970520e+01
4.693715594332417851e+01 5.099504168740987353e+01
4.693715594332417851e+01 4.193212342906658563e+01
4.693715594332417851e+01 4.482353040426977486e+01
4.693715594332417851e+01 4.346002027291966385e+01
4.693715594332417851e+01 4.719469538941550013e+01
4.693715594332417851e+01 4.351657531935560996e+01
4.693715594332417851e+01 4.975145237395038578e+01
4.693715594332417851e+01 4.965801331781647576e+01
4.693715594332417851e+01 4.804012062247010562e+01
4.693715594332417851e+01 4.280347428272541066e+01
4.693715594332417851e+01 4.876009996847279382e+01
4.693715594332417851e+01 4.725765654064213805e+01
4.693715594332417851e+01 4.388448201372384716e+01
4.693715594332417851e+01 4.481803533408975682e+01
4.693715594332417851e+01 4.844609628877500285e+01
4.693715594332417851e+01 4.125985601372943279e+01
4.693715594332417851e+01 4.915812211317981451e+01
4.693715594332417851e+01 4.113020804817337250e+01
4.693715594332417851e+01 4.638327258398479813e+01
4.693715594332417851e+01 4.596216702585603286e+01
4.693715594332417851e+01 4.535439964365133392e+01
4.693715594332417851e+01 4.660728225680025361e+01
4.693715594332417851e+01 4.448524055465237126e+01
4.693715594332417851e+01 4.670708539789360714e+01
4.693715594332417851e+01 4.398949723337735662e+01
4.693715594332417851e+01 4.598928134467482920e+01
4.693715594332417851e+01 4.684433247816836854e+01
4.693715594332417851e+01 4.063813346451009778e+01
4.693715594332417851e+01 3.795211097208998297e+01
4.693715594332417851e+01 4.543516715343395163e+01
4.693715594332417851e+01 4.260407183802561093e+01
4.693715594332417851e+01 4.101001921134030681e+01
4.693715594332417851e+01 4.892440513173824002e+01
4.693715594332417851e+01 5.358726884232327592e+01
4.693715594332417851e+01 4.537168409068473096e+01
4.693715594332417851e+01 4.619336460447268422e+01
4.693715594332417851e+01 4.785314474478405344e+01
4.693715594332417851e+01 4.812965703410592511e+01
4.693715594332417851e+01 4.708507771702449674e+01
4.693715594332417851e+01 4.828585090447619876e+01
4.693715594332417851e+01 5.058852737817056067e+01
4.693715594332417851e+01 4.677778345215015321e+01
4.693715594332417851e+01 4.485367639819826024e+01
4.693715594332417851e+01 4.564667306520524903e+01
4.693715594332417851e+01 4.476182688133769716e+01
4.693715594332417851e+01 4.303942131833346707e+01
4.693715594332417851e+01 4.765048548096541481e+01
4.693715594332417851e+01 4.788584523917922553e+01
4.693715594332417851e+01 4.827464958581273891e+01
4.693715594332417851e+01 4.561254421476341747e+01
4.693715594332417851e+01 5.134877392872292035e+01
4.693715594332417851e+01 4.564128357743270215e+01
4.693715594332417851e+01 4.520441292705756098e+01
4.693715594332417851e+01 4.683559307451670151e+01
4.693715594332417851e+01 4.347611655364543992e+01
4.693715594332417851e+01 4.636498859692500218e+01
4.693715594332417851e+01 5.124162767698046395e+01
4.693715594332417851e+01 4.811928894767657283e+01
4.693715594332417851e+01 4.354484954033696908e+01
4.693715594332417851e+01 4.899915640565981079e+01
4.693715594332417851e+01 4.741226949016626691e+01
4.693715594332417851e+01 4.661535841220851495e+01
4.693715594332417851e+01 4.496365881044888368e+01
4.693715594332417851e+01 4.498076087591537942e+01
4.693715594332417851e+01 4.906301733379942220e+01
4.693715594332417851e+01 5.195547032921822250e+01
4.693715594332417851e+01 4.501338857426783591e+01
4.693715594332417851e+01 4.900812551197363121e+01
4.693715594332417851e+01 5.231505032369968688e+01
4.693715594332417851e+01 4.410402906546892865e+01
4.693715594332417851e+01 4.304557340694353940e+01
4.693715594332417851e+01 4.082554156675068668e+01
4.693715594332417851e+01 3.959713289974030914e+01
4.693715594332417851e+01 5.057185313958505191e+01
4.693715594332417851e+01 4.433576913788311913e+01
4.693715594332417851e+01 4.237949896806006223e+01
4.693715594332417851e+01 4.534943897825754533e+01
4.693715594332417851e+01 4.834988467382488153e+01
4.693715594332417851e+01 4.694310179787644444e+01
4.693715594332417851e+01 4.532891044777111489e+01
4.693715594332417851e+01 4.872764940076218210e+01
4.693715594332417851e+01 4.430714578769259759e+01
4.693715594332417851e+01 4.556906280700320622e+01
4.693715594332417851e+01 5.118870099270404239e+01
4.693715594332417851e+01 4.544025909392651386e+01
4.693715594332417851e+01 4.499351667175865543e+01
4.693715594332417851e+01 4.515685833574953278e+01
4.693715594332417851e+01 4.645000744736185538e+01
4.693715594332417851e+01 4.170287800663232503e+01
4.693715594332417851e+01 5.464031598808735879e+01
4.693715594332417851e+01 4.155521074359281641e+01
4.693715594332417851e+01 4.662144115278904621e+01
4.693715594332417851e+01 4.526821903131567382e+01
4.693715594332417851e+01 4.453197039986315531e+01
4.693715594332417851e+01 4.594275232091244021e+01
4.693715594332417851e+01 4.404783016373165339e+01
4.693715594332417851e+01 4.316247519474519834e+01
4.693715594332417851e+01 4.609089264076361303e+01
4.693715594332417851e+01 4.500531410666677345e+01
4.693715594332417851e+01 5.333067545991572445e+01
4.693715594332417851e+01 4.057245051994991059e+01
4.693715594332417851e+01 4.228086810573263676e+01
4.693715594332417851e+01 4.570882020430840242e+01
4.693715594332417851e+01 4.262869444559991905e+01
4.693715594332417851e+01 4.332389640769203965e+01
4.693715594332417851e+01 4.301623370509167188e+01
4.693715594332417851e+01 5.386071521471252765e+01
4.693715594332417851e+01 4.658950033589451323e+01
4.693715594332417851e+01 4.950010757471706313e+01
4.693715594332417851e+01 4.798613461854456830e+01
4.693715594332417851e+01 4.776723804020510045e+01
4.693715594332417851e+01 4.656807491221027107e+01
4.693715594332417851e+01 4.541180150073149946e+01
4.693715594332417851e+01 4.517986070036031521e+01
4.693715594332417851e+01 4.493970512664894557e+01
4.693715594332417851e+01 4.598424980617804891e+01
4.693715594332417851e+01 4.460527032645900647e+01
4.693715594332417851e+01 4.709521296156534476e+01
4.693715594332417851e+01 4.468496549732772394e+01
4.693715594332417851e+01 4.554239838920513250e+01
4.693715594332417851e+01 4.555538815347033932e+01
4.693715594332417851e+01 4.754328253452170827e+01
4.693715594332417851e+01 4.806668603587356614e+01
4.693715594332417851e+01 4.505581570028954275e+01
4.693715594332417851e+01 4.728142558432129761e+01
4.693715594332417851e+01 4.965356480240209436e+01
4.693715594332417851e+01 4.543624001702455217e+01
4.693715594332417851e+01 4.286762070537967162e+01
4.693715594332417851e+01 4.395277790048069022e+01
4.693715594332417851e+01 4.887786759424768235e+01
4.693715594332417851e+01 4.872029101695017062e+01
4.693715594332417851e+01 4.281553822475928683e+01
4.693715594332417851e+01 4.768970567653769876e+01
4.693715594332417851e+01 4.646180800379281095e+01
4.693715594332417851e+01 4.338064244650355761e+01
4.693715594332417851e+01 4.406082570986397684e+01
4.693715594332417851e+01 4.256856945066108722e+01
4.693715594332417851e+01 5.467797685185843193e+01
4.693715594332417851e+01 4.174039866125175990e+01
4.693715594332417851e+01 4.532431544473885054e+01
4.693715594332417851e+01 4.928734501377942934e+01
4.693715594332417851e+01 4.770091341486322278e+01
4.693715594332417851e+01 5.238788289102905793e+01
4.693715594332417851e+01 4.551358425088400850e+01
4.693715594332417851e+01 4.977506000951353116e+01
4.693715594332417851e+01 4.914370156767858333e+01
4.693715594332417851e+01 4.430995702607392417e+01
4.693715594332417851e+01 4.879924520810919830e+01
4.693715594332417851e+01 4.738246672924023528e+01
4.693715594332417851e+01 4.926770362180619856e+01
4.693715594332417851e+01 4.977949336036768813e+01
4.693715594332417851e+01 4.838726650753559255e+01
4.693715594332417851e+01 4.504996851066351837e+01
4.693715594332417851e+01 4.909590935305132575e+01
4.693715594332417851e+01 4.353892728407941348e+01
4.693715594332417851e+01 4.871101019731855786e+01
4.693715594332417851e+01 4.988183938927865313e+01
4.693715594332417851e+01 4.562875188486062683e+01
4.693715594332417851e+01 5.006817484570512988e+01
4.693715594332417851e+01 4.460212907135820615e+01
4.693715594332417851e+01 4.729150286024076877e+01
4.693715594332417851e+01 5.266540017373642968e+01
4.693715594332417851e+01 4.357758911792375756e+01
4.693715594332417851e+01 4.577994069837775726e+01
4.693715594332417851e+01 4.614330779800753390e+01
4.693715594332417851e+01 4.558736480354845355e+01
4.693715594332417851e+01 4.299004366898456908e+01
4.693715594332417851e+01 5.159530112167837501e+01
4.693715594332417851e+01 4.491001498448859053e+01
4.693715594332417851e+01 4.558306915737308884e+01
4.693715594332417851e+01 4.677529798848166820e+01
4.693715594332417851e+01 4.473445219858853505e+01
4.693715594332417851e+01 4.965433011033549349e+01
4.693715594332417851e+01 4.366127844058544838e+01
4.693715594332417851e+01 4.565004083652330991e+01
4.693715594332417851e+01 4.641193771692097414e+01
4.693715594332417851e+01 4.792905433697202255e+01
4.693715594332417851e+01 5.019509300165398002e+01
4.693715594332417851e+01 4.253844357987436098e+01
4.693715594332417851e+01 5.065273155782622894e+01
4.693715594332417851e+01 3.965418729908665796e+01
4.693715594332417851e+01 4.800546357670899056e+01
4.693715594332417851e+01 4.919571408143941937e+01
4.693715594332417851e+01 4.354986519946675116e+01
4.693715594332417851e+01 5.569573268738535177e+01
4.693715594332417851e+01 3.849434608340257569e+01
4.693715594332417851e+01 4.048180618066704284e+01
4.693715594332417851e+01 4.374120340713866284e+01
4.693715594332417851e+01 4.605160849433610082e+01
4.693715594332417851e+01 4.485233742181056016e+01
4.693715594332417851e+01 5.189982752803579302e+01
4.693715594332417851e+01 4.354717898864117842e+01
4.693715594332417851e+01 4.636521708770987971e+01
4.693715594332417851e+01 4.658750721601437306e+01
4.693715594332417851e+01 4.926048473062297717e+01
4.693715594332417851e+01 4.771863807835706695e+01
4.693715594332417851e+01 5.015666665095267263e+01
4.693715594332417851e+01 4.348455824436469896e+01
4.693715594332417851e+01 3.865613681325013573e+01
4.693715594332417851e+01 4.839906556022557282e+01
4.693715594332417851e+01 4.554221969826278382e+01
4.693715594332417851e+01 4.873326039586573444e+01
4.693715594332417851e+01 4.307982843864178335e+01
4.693715594332417851e+01 4.240252697023360895e+01
4.693715594332417851e+01 4.490532337600687640e+01
4.693715594332417851e+01 4.288247829219806562e+01
4.693715594332417851e+01 4.663776748010421613e+01
4.693715594332417851e+01 4.338497965570016390e+01
4.693715594332417851e+01 4.776059792156919315e+01
4.693715594332417851e+01 5.074688832857906107e+01
4.693715594332417851e+01 4.314037464614435180e+01
4.693715594332417851e+01 4.705126785984227666e+01
4.693715594332417851e+01 4.733559867662432197e+01
4.693715594332417851e+01 4.966694865893546762e+01
4.693715594332417851e+01 4.827145915513658281e+01
4.693715594332417851e+01 5.364956347522978319e+01
4.693715594332417851e+01 4.505381043407155772e+01
4.693715594332417851e+01 3.971675600158998520e+01
4.693715594332417851e+01 4.504958386448991803e+01
4.693715594332417851e+01 4.485472968213754541e+01
4.693715594332417851e+01 4.429502374168357193e+01
4.693715594332417851e+01 4.840370257780678998e+01
4.693715594332417851e+01 4.823416822109081181e+01
4.693715594332417851e+01 4.186214622380833106e+01
4.693715594332417851e+01 4.925049852420431051e+01
4.693715594332417851e+01 4.171783544257539944e+01
4.693715594332417851e+01 4.834371255632155595e+01
4.693715594332417851e+01 5.081202062552254972e+01
4.693715594332417851e+01 4.346640689362193655e+01
4.693715594332417851e+01 4.807167765438190798e+01
4.693715594332417851e+01 4.846742129461856052e+01
4.693715594332417851e+01 4.995587259777090594e+01
4.693715594332417851e+01 4.368259085734325708e+01
4.693715594332417851e+01 4.684571150960380237e+01
4.693715594332417851e+01 4.225341845508476268e+01
4.693715594332417851e+01 4.738453179661816961e+01
4.693715594332417851e+01 4.888586827112615651e+01
4.693715594332417851e+01 4.768030822993048190e+01
4.693715594332417851e+01 4.716204417131971383e+01
4.693715594332417851e+01 5.092259607695326906e+01
4.693715594332417851e+01 4.762069808125025361e+01
4.693715594332417851e+01 4.950925252034772939e+01
4.693715594332417851e+01 4.601361897369807963e+01
4.693715594332417851e+01 4.921202951552547233e+01
4.693715594332417851e+01 4.438235252886639870e+01
4.693715594332417851e+01 4.465763156576613113e+01
4.693715594332417851e+01 4.471355960991402156e+01
4.693715594332417851e+01 4.280388257481966008e+01
4.693715594332417851e+01 4.647221761932254935e+01
4.693715594332417851e+01 4.692094428447664711e+01
4.693715594332417851e+01 5.431575391732803837e+01
4.693715594332417851e+01 4.729781521491521090e+01
4.693715594332417851e+01 4.207835382612097419e+01
4.693715594332417851e+01 4.739535107016374837e+01
4.693715594332417851e+01 4.742343335581568198e+01
4.693715594332417851e+01 4.307510395334996645e+01
4.693715594332417851e+01 4.246251886283614851e+01
4.693715594332417851e+01 4.552601387570043556e+01
4.693715594332417851e+01 4.554172650583646487e+01
4.693715594332417851e+01 4.810125874823030756e+01
4.693715594332417851e+01 3.875697892626056529e+01
4.693715594332417851e+01 4.620932019290998483e+01
4.693715594332417851e+01 4.318009695475072363e+01
4.693715594332417851e+01 4.197349043133174717e+01
4.693715594332417851e+01 5.059565645290840052e+01
4.693715594332417851e+01 4.472082868720693938e+01
4.693715594332417851e+01 4.684378221137294673e+01
4.693715594332417851e+01 4.486435090110479962e+01
4.693715594332417851e+01 4.207675922372580146e+01
4.693715594332417851e+01 4.652942035902782436e+01
4.693715594332417851e+01 4.259749553588935811e+01
4.693715594332417851e+01 4.537283724419287978e+01
4.693715594332417851e+01 5.506042790924324493e+01
4.693715594332417851e+01 4.627345179643425155e+01
4.693715594332417851e+01 4.801069187403096095e+01
4.693715594332417851e+01 4.354961300370340638e+01
4.693715594332417851e+01 4.390647708824150186e+01
4.693715594332417851e+01 4.272116621502517830e+01
4.693715594332417851e+01 4.745294751360785312e+01
4.693715594332417851e+01 4.479447511207062860e+01
4.693715594332417851e+01 4.627758928218995038e+01
4.693715594332417851e+01 4.450455851077976632e+01
4.693715594332417851e+01 4.452607300812312729e+01
4.693715594332417851e+01 4.852382502758936766e+01
4.693715594332417851e+01 4.586393506510349738e+01
4.693715594332417851e+01 4.551342763578888650e+01
4.693715594332417851e+01 5.280077961098388784e+01
4.693715594332417851e+01 4.505399343585136052e+01
4.693715594332417851e+01 4.053324926329696609e+01
4.693715594332417851e+01 5.046930095620918166e+01
4.693715594332417851e+01 4.756167471127242408e+01
4.693715594332417851e+01 5.040167445199031704e+01
4.693715594332417851e+01 4.426980716024797857e+01
4.693715594332417851e+01 4.001577887014051527e+01
4.693715594332417851e+01 4.908525002054378916e+01
4.693715594332417851e+01 4.956411924468319086e+01
4.693715594332417851e+01 4.381010818511474270e+01
4.693715594332417851e+01 4.738029322744403515e+01
4.693715594332417851e+01 5.087055027002458729e+01
4.693715594332417851e+01 4.968634004689169359e+01
4.693715594332417851e+01 4.812083016439627414e+01
4.693715594332417851e+01 4.769376525595708216e+01
4.693715594332417851e+01 5.101101716338298786e+01
4.693715594332417851e+01 4.948429342990279167e+01
4.693715594332417851e+01 3.889450252411147346e+01
4.693715594332417851e+01 4.555346854806214196e+01
4.693715594332417851e+01 5.039972953822514512e+01
4.693715594332417851e+01 4.309411815950944913e+01
4.693715594332417851e+01 4.440825386559941990e+01
4.693715594332417851e+01 4.407047584930712958e+01
4.693715594332417851e+01 4.333311213004135709e+01
4.693715594332417851e+01 4.376307296649748935e+01
4.693715594332417851e+01 4.572505166722569925e+01
4.693715594332417851e+01 4.711593073763408057e+01
4.693715594332417851e+01 4.499836834713086375e+01
4.693715594332417851e+01 4.111455962417965537e+01
4.693715594332417851e+01 5.209809736016304527e+01
4.693715594332417851e+01 4.412947228369113617e+01
4.693715594332417851e+01 4.759071346314321005e+01
4.693715594332417851e+01 4.421116947260788521e+01
4.693715594332417851e+01 5.313685337742436587e+01
4.693715594332417851e+01 4.921329892561951169e+01
4.693715594332417851e+01 4.630861491877647751e+01
4.693715594332417851e+01 4.261743709619640441e+01
4.693715594332417851e+01 4.412462275027276348e+01
4.693715594332417851e+01 4.000617603929209309e+01
4.693715594332417851e+01 4.445171440088800807e+01
4.693715594332417851e+01 4.143233716380304088e+01
4.693715594332417851e+01 5.289273648774521064e+01
4.693715594332417851e+01 4.551501506777178463e+01
4.693715594332417851e+01 4.665824846565866579e+01
4.693715594332417851e+01 4.905034968431419173e+01
4.693715594332417851e+01 4.924360895257618154e+01
4.693715594332417851e+01 4.174764944815279932e+01
4.693715594332417851e+01 4.001925900524268087e+01
4.693715594332417851e+01 4.520846351422099474e+01
4.693715594332417851e+01 4.992221464364899930e+01
4.693715594332417851e+01 4.403637403479488199e+01
4.693715594332417851e+01 4.998905000057587955e+01
4.693715594332417851e+01 4.660563000372898301e+01
4.693715594332417851e+01 4.655216487505992262e+01
4.693715594332417851e+01 4.911542823928490265e+01
4.693715594332417851e+01 4.848571881266489214e+01
4.693715594332417851e+01 4.766531189684162939e+01
4.693715594332417851e+01 5.136333548600904919e+01
4.693715594332417851e+01 4.270864025983377843e+01
4.693715594332417851e+01 5.055622909079916383e+01
4.693715594332417851e+01 4.664167244762850828e+01
4.693715594332417851e+01 5.101518623373671346e+01
4.693715594332417851e+01 4.547047821226972530e+01
4.693715594332417851e+01 4.563083416479865662e+01
4.693715594332417851e+01 4.334651782809275744e+01
4.693715594332417851e+01 4.757005927030555625e+01
4.693715594332417851e+01 4.971917133615997386e+01
4.693715594332417851e+01 4.771821184180170405e+01
4.693715594332417851e+01 5.158628711239430942e+01
4.693715594332417851e+01 5.087617076889342371e+01
4.693715594332417851e+01 5.031776674403729288e+01
4.693715594332417851e+01 4.250470513330467526e+01
4.693715594332417851e+01 4.378825017878556736e+01
4.693715594332417851e+01 4.713466034195000987e+01
4.693715594332417851e+01 4.567858078059607152e+01
4.693715594332417851e+01 4.511977880848856870e+01
4.693715594332417851e+01 4.860393349398242435e+01
4.693715594332417851e+01 3.943077650320162064e+01
4.693715594332417851e+01 4.429994533664029177e+01
4.693715594332417851e+01 4.498331261692532479e+01
4.693715594332417851e+01 4.489150772084009589e+01
4.693715594332417851e+01 4.786367902191118162e+01
4.693715594332417851e+01 4.427039906418314530e+01
4.693715594332417851e+01 4.978343988154321664e+01
4.693715594332417851e+01 4.330962702327774139e+01
4.693715594332417851e+01 5.161081692466635928e+01
4.693715594332417851e+01 4.714341925463763516e+01
4.693715594332417851e+01 4.817997215745474193e+01
4.693715594332417851e+01 4.702375374965567545e+01
4.693715594332417851e+01 4.493138048609252166e+01
4.693715594332417851e+01 4.769380584401116607e+01
4.693715594332417851e+01 4.534598663616671388e+01
4.693715594332417851e+01 4.680819806158320517e+01
4.693715594332417851e+01 4.618338139025645006e+01
4.693715594332417851e+01 4.577714922004775389e+01
4.693715594332417851e+01 4.299478331356424832e+01
4.693715594332417851e+01 4.755357761930070382e+01
4.693715594332417851e+01 3.769084088124549226e+01
4.693715594332417851e+01 4.145597966819758540e+01
4.693715594332417851e+01 4.324960969300969538e+01
4.693715594332417851e+01 4.487606141894998046e+01
4.693715594332417851e+01 4.520802923694164122e+01
4.693715594332417851e+01 4.243391398052815333e+01
4.693715594332417851e+01 4.504899742219976844e+01
4.693715594332417851e+01 4.583049411928995198e+01
4.693715594332417851e+01 4.503253765762832472e+01
4.693715594332417851e+01 4.530862080168479622e+01
4.693715594332417851e+01 4.684771711292472673e+01
4.693715594332417851e+01 4.425276035921284290e+01
4.693715594332417851e+01 4.309650593154713505e+01
4.693715594332417851e+01 4.675554459390774298e+01
4.693715594332417851e+01 5.016853125005480507e+01
4.693715594332417851e+01 4.473428315958327772e+01
4.693715594332417851e+01 4.749891296922553607e+01
4.693715594332417851e+01 4.733803069633176364e+01
4.693715594332417851e+01 4.805564595946989925e+01
4.693715594332417851e+01 4.529018602246313918e+01
4.693715594332417851e+01 3.830367313732724455e+01
4.693715594332417851e+01 4.808970588164494586e+01
4.693715594332417851e+01 4.612826479703431914e+01
4.693715594332417851e+01 4.460024271565600884e+01
4.693715594332417851e+01 4.392496605099955786e+01
4.693715594332417851e+01 4.952609222559816260e+01
4.693715594332417851e+01 4.408176755884039721e+01
4.693715594332417851e+01 4.328652677369694857e+01
4.693715594332417851e+01 4.439318875697370004e+01
4.693715594332417851e+01 4.632632852432579540e+01
4.693715594332417851e+01 4.426750915064265257e+01
4.693715594332417851e+01 4.486714365576939656e+01
4.693715594332417851e+01 4.360858350117873528e+01
4.693715594332417851e+01 4.762728950984391929e+01
4.693715594332417851e+01 5.094191964819093954e+01
4.693715594332417851e+01 5.249796061257208635e+01
4.693715594332417851e+01 4.580632890899867249e+01
4.693715594332417851e+01 4.752989331002692808e+01
4.693715594332417851e+01 4.637394040718400134e+01
4.693715594332417851e+01 4.947171736445852730e+01
4.693715594332417851e+01 4.947452709851599906e+01
4.693715594332417851e+01 4.685357336401808226e+01
4.693715594332417851e+01 4.487912186626861200e+01
4.693715594332417851e+01 4.776267341308508207e+01
4.693715594332417851e+01 4.598182216777996700e+01
4.693715594332417851e+01 4.539561426129954214e+01
4.693715594332417851e+01 4.581507842086453763e+01
4.693715594332417851e+01 5.022497946739340335e+01
4.693715594332417851e+01 4.930630787534907000e+01
4.693715594332417851e+01 5.037043175989513344e+01
4.693715594332417851e+01 4.476187989706899373e+01
4.693715594332417851e+01 4.862852286683283154e+01
4.693715594332417851e+01 4.287752308189371320e+01
4.693715594332417851e+01 4.957642735437469383e+01
4.693715594332417851e+01 4.568094695307502207e+01
4.693715594332417851e+01 4.551261422266399848e+01
4.693715594332417851e+01 4.846572783315137656e+01
4.693715594332417851e+01 4.420000407212596372e+01
4.693715594332417851e+01 4.416854096995514567e+01
4.693715594332417851e+01 4.771244460886786953e+01
4.693715594332417851e+01 4.491642876896339942e+01
4.693715594332417851e+01 5.153835583931228825e+01
4.693715594332417851e+01 4.922406355366904052e+01
4.693715594332417851e+01 4.748938177788365067e+01
4.693715594332417851e+01 4.977800418534407356e+01
4.693715594332417851e+01 4.688886890140919661e+01
4.693715594332417851e+01 4.812388832829425667e+01
4.693715594332417851e+01 4.280092415624543634e+01
4.693715594332417851e+01 4.823842030047005380e+01
4.693715594332417851e+01 4.426067354533511633e+01
4.693715594332417851e+01 4.464602842503150271e+01
4.693715594332417851e+01 4.508393477811517869e+01
4.693715594332417851e+01 4.996911192138362168e+01
4.693715594332417851e+01 4.513832846542742772e+01
4.693715594332417851e+01 4.333334532273264728e+01
4.693715594332417851e+01 4.907043541589946756e+01
4.693715594332417851e+01 4.528364285122155763e+01
4.693715594332417851e+01 5.564697048416446989e+01
4.693715594332417851e+01 4.586512497205904992e+01
4.693715594332417851e+01 5.369761532457727071e+01
4.693715594332417851e+01 4.342357249828261700e+01
4.693715594332417851e+01 5.030309626930522882e+01
4.693715594332417851e+01 4.540159506767630404e+01
4.693715594332417851e+01 4.289155092051738194e+01
4.693715594332417851e+01 3.996905065845701444e+01
4.693715594332417851e+01 4.609487395757565764e+01
4.693715594332417851e+01 4.883931141948815480e+01
4.693715594332417851e+01 4.998011250685255646e+01
4.693715594332417851e+01 4.493467325587344163e+01
4.693715594332417851e+01 4.954557677681403050e+01
4.693715594332417851e+01 4.511030682722176266e+01
4.693715594332417851e+01 4.471106242405086562e+01
4.693715594332417851e+01 5.023230528621141389e+01
4.693715594332417851e+01 4.521104518022021068e+01
4.693715594332417851e+01 4.611758287566667036e+01
4.693715594332417851e+01 4.668757236700819391e+01
4.693715594332417851e+01 4.474900476575181330e+01
4.693715594332417851e+01 4.615572416101178987e+01
4.693715594332417851e+01 4.650837380030162649e+01
4.693715594332417851e+01 5.121483892994650944e+01
4.693715594332417851e+01 4.542822061985354054e+01
4.693715594332417851e+01 4.288084639870606907e+01
4.693715594332417851e+01 5.033113325924511372e+01
4.693715594332417851e+01 4.739217118836182863e+01
4.693715594332417851e+01 4.430687359031310280e+01
4.693715594332417851e+01 5.010873270600368556e+01
4.693715594332417851e+01 4.547206090630406550e+01
4.693715594332417851e+01 4.731632090445579308e+01
4.693715594332417851e+01 4.567441273816849190e+01
4.693715594332417851e+01 4.338804897442680186e+01
4.693715594332417851e+01 4.595908287293395489e+01
4.693715594332417851e+01 4.993556084172710285e+01
4.693715594332417851e+01 4.600147680382748661e+01
4.693715594332417851e+01 4.382226294870277883e+01
4.693715594332417851e+01 4.611011583334865094e+01
4.693715594332417851e+01 4.496707416254898959e+01
4.693715594332417851e+01 4.236031965769205243e+01
4.693715594332417851e+01 4.319206289081721195e+01
4.693715594332417851e+01 4.595439843482850506e+01
4.693715594332417851e+01 5.254589622538894389e+01
4.693715594332417851e+01 4.631812281941378018e+01
4.693715594332417851e+01 4.909488950103266802e+01
4.693715594332417851e+01 4.607838123825590060e+01
4.693715594332417851e+01 4.331025169588502877e+01
4.693715594332417851e+01 4.469055364266684904e+01
4.693715594332417851e+01 4.521458628759925347e+01
4.693715594332417851e+01 4.582600797934313164e+01
4.693715594332417851e+01 4.057013637366933523e+01
4.693715594332417851e+01 4.450670379735228011e+01
4.693715594332417851e+01 4.799138333224466635e+01
4.693715594332417851e+01 4.865845787563913660e+01
4.693715594332417851e+01 4.292029393569437445e+01
4.693715594332417851e+01 4.472171583563721242e+01
4.693715594332417851e+01 4.657566916720352168e+01
4.693715594332417851e+01 4.234501645455425489e+01
4.693715594332417851e+01 4.542093756168321761e+01
4.693715594332417851e+01 5.185782527745197257e+01
4.693715594332417851e+01 5.095493075719194564e+01
4.693715594332417851e+01 4.552885977650777249e+01
4.693715594332417851e+01 4.952160785254559983e+01
4.693715594332417851e+01 5.030027582638349770e+01
4.693715594332417851e+01 4.685302603727442516e+01
4.693715594332417851e+01 4.569979174427508184e+01
4.693715594332417851e+01 4.592028722901472548e+01
4.693715594332417851e+01 4.933191133679319051e+01
4.693715594332417851e+01 4.006833830318619505e+01
4.693715594332417851e+01 4.889042132163586984e+01
4.693715594332417851e+01 4.309039743929895394e+01
4.693715594332417851e+01 4.684543161574956827e+01
4.693715594332417851e+01 4.967461944456476886e+01
4.693715594332417851e+01 4.167896944511340251e+01
4.693715594332417851e+01 4.771370304647447114e+01
4.693715594332417851e+01 4.051612499070528628e+01
4.693715594332417851e+01 4.126363797840054559e+01
4.693715594332417851e+01 4.582643655824606554e+01
4.693715594332417851e+01 5.090967709655220830e+01
4.693715594332417851e+01 4.995894311990097236e+01
4.693715594332417851e+01 4.326005045291851303e+01
4.693715594332417851e+01 4.466834792324730330e+01
4.693715594332417851e+01 4.652832579664134016e+01
4.693715594332417851e+01 4.084148178477133939e+01
4.693715594332417851e+01 4.955445609215536251e+01
4.693715594332417851e+01 3.866386274855732097e+01
4.693715594332417851e+01 4.708488478189543258e+01
4.693715594332417851e+01 5.153749267612452201e+01
4.693715594332417851e+01 5.414933442688716525e+01
4.693715594332417851e+01 4.601264954690702069e+01
4.693715594332417851e+01 4.497639521526794226e+01
4.693715594332417851e+01 4.637850398593852930e+01
4.693715594332417851e+01 4.964559083076595414e+01
4.693715594332417851e+01 5.162563784676533629e+01
4.693715594332417851e+01 4.276174681922503140e+01
4.693715594332417851e+01 4.093380898720168659e+01
4.693715594332417851e+01 4.468243399807666094e+01
4.693715594332417851e+01 4.390567975523172350e+01
4.693715594332417851e+01 4.767987699032320137e+01
4.693715594332417851e+01 4.446121010594339396e+01
4.693715594332417851e+01 5.138437428433842058e+01
4.693715594332417851e+01 4.200669517673093623e+01
4.693715594332417851e+01 4.888746116405213371e+01
4.693715594332417851e+01 5.063477771262962790e+01
4.693715594332417851e+01 4.824297574946284328e+01
4.693715594332417851e+01 5.150443362269776060e+01
4.693715594332417851e+01 4.964959834133087924e+01
4.693715594332417851e+01 5.313317416241627456e+01
4.693715594332417851e+01 4.642352935284538518e+01
4.693715594332417851e+01 5.150703445977212880e+01
4.693715594332417851e+01 5.320821492710099676e+01
4.693715594332417851e+01 3.941330980862480260e+01
4.693715594332417851e+01 3.945427316118093586e+01
4.693715594332417851e+01 4.292589962135368609e+01
4.693715594332417851e+01 4.184525426725308250e+01
4.693715594332417851e+01 4.166284489845222083e+01
4.693715594332417851e+01 4.150406930562753871e+01
4.693715594332417851e+01 4.203998956929689257e+01
4.693715594332417851e+01 4.434155585274578470e+01
4.693715594332417851e+01 4.293385422974900933e+01
4.693715594332417851e+01 4.819508008209625416e+01
4.693715594332417851e+01 4.235307576521944384e+01
4.693715594332417851e+01 4.920256754983891057e+01
4.693715594332417851e+01 4.566156388771597818e+01
4.693715594332417851e+01 4.397853396429256634e+01
4.693715594332417851e+01 4.869375722232908288e+01
4.693715594332417851e+01 4.176429847627668579e+01
4.693715594332417851e+01 4.754526261840999979e+01
4.693715594332417851e+01 5.140269258935444441e+01
4.693715594332417851e+01 3.880392979020665933e+01
4.693715594332417851e+01 4.683903030192311689e+01
4.693715594332417851e+01 4.972349133277393918e+01
4.693715594332417851e+01 4.318877559185472137e+01
4.693715594332417851e+01 4.609290919459093772e+01
4.693715594332417851e+01 4.996189504777335344e+01
4.693715594332417851e+01 3.918163186958231847e+01
4.693715594332417851e+01 4.746431632886945096e+01
4.693715594332417851e+01 4.183367351988653127e+01
4.693715594332417851e+01 4.623825303985489654e+01
4.693715594332417851e+01 4.680515787718912435e+01
4.693715594332417851e+01 5.244147820920634473e+01
4.693715594332417851e+01 4.415274696528557996e+01
4.693715594332417851e+01 4.964324917776863089e+01
4.693715594332417851e+01 4.210127628057907856e+01
4.693715594332417851e+01 4.368429486739838552e+01
4.693715594332417851e+01 4.575008799804157889e+01
4.693715594332417851e+01 4.605504290336440931e+01
4.693715594332417851e+01 3.992171027967469854e+01
4.693715594332417851e+01 4.932067319686525053e+01
4.693715594332417851e+01 5.084746347072275796e+01
4.693715594332417851e+01 4.407296082293527917e+01
4.693715594332417851e+01 4.679623437123058238e+01
4.693715594332417851e+01 4.449804105965044698e+01
4.693715594332417851e+01 4.564657564716151938e+01
4.693715594332417851e+01 4.660699213013454312e+01
4.693715594332417851e+01 4.920106447348292278e+01
4.693715594332417851e+01 4.491169891775538048e+01
4.693715594332417851e+01 4.698800978886989554e+01
4.693715594332417851e+01 4.611948898290213350e+01
4.693715594332417851e+01 4.291886977173064111e+01
4.693715594332417851e+01 5.267348710958429336e+01
4.693715594332417851e+01 4.414583823363484782e+01
4.693715594332417851e+01 4.712448589397305909e+01
4.693715594332417851e+01 4.887215812636547696e+01
4.693715594332417851e+01 4.889696283610683736e+01
4.693715594332417851e+01 4.255521089464878770e+01
4.693715594332417851e+01 4.840446566677324114e+01
4.693715594332417851e+01 4.761946142189457731e+01
4.693715594332417851e+01 5.027655523013812910e+01
4.693715594332417851e+01 4.749132955566711445e+01
4.693715594332417851e+01 4.829598822028031435e+01
4.693715594332417851e+01 4.308328906007635339e+01
4.693715594332417851e+01 5.260224909703021012e+01
4.693715594332417851e+01 4.487624277486910529e+01
4.693715594332417851e+01 4.992476971585610812e+01
4.693715594332417851e+01 4.626868031957958749e+01
4.693715594332417851e+01 5.028245039337056710e+01
4.693715594332417851e+01 4.439081363773451727e+01
4.693715594332417851e+01 4.879389912035485821e+01
4.693715594332417851e+01 4.120157571151545284e+01
4.693715594332417851e+01 5.196241054755449795e+01
4.693715594332417851e+01 4.414648381135244648e+01
4.693715594332417851e+01 4.896781849376475293e+01
4.693715594332417851e+01 4.428325061418932762e+01
4.693715594332417851e+01 4.868708686413236819e+01
4.693715594332417851e+01 4.958801319696884491e+01
4.693715594332417851e+01 4.042641187977443451e+01
4.693715594332417851e+01 4.772140461686391433e+01
4.693715594332417851e+01 4.911603785276999190e+01
4.693715594332417851e+01 4.344722104496428017e+01
4.693715594332417851e+01 3.917388811256054737e+01
4.693715594332417851e+01 4.198522911523376422e+01
4.693715594332417851e+01 4.670137912789441970e+01
4.693715594332417851e+01 4.337506472414204239e+01
4.693715594332417851e+01 4.418377989744705303e+01
4.693715594332417851e+01 4.202488870782457298e+01
4.693715594332417851e+01 4.834038315411368814e+01
4.693715594332417851e+01 4.632856923753125500e+01
4.693715594332417851e+01 4.241035099717895918e+01
4.693715594332417851e+01 4.971527005466817428e+01
