pl_hostname,pl_orbper,pl_orbpererr1,pl_orbpererr2,pl_orbsmax,pl_orbsmaxerr1,pl_orbsmaxerr2,pl_orbeccen,pl_orbeccenerr1,pl_orbeccenerr2,pl_orbincl,pl_orbinclerr1,pl_orbinclerr2,pl_bmassj,pl_bmassjerr1,pl_bmassjerr2,pl_bmassjlim,pl_radj,hip_name,ra,dec,st_radv,st_radverr1,st_radverr2,st_optmag,st_optmagerr,st_optband,st_bmvj,st_bmvjerr,st_rad,st_raderr1,st_raderr2,st_metfe,st_metfeerr1,st_metfeerr2,st_teff,st_tefferr1,st_tefferr2,st_logg,st_loggerr1,st_loggerr2,st_age,st_ageerr1,st_ageerr2,pl_disc_refname,pl_letter
HD 3167,0.95962400,0.00002800,-0.00002800,0.018600,0.000300,-0.000300,,,,,,,,,,0,0.152,HIP 2736,8.739684,4.381469,19.50,0.10,-0.10,8.940,0.020,V (Johnson),0.826,0.027,0.87,0.01,-0.01,-0.020,0.170,-0.170,5528.00,162.00,-162.00,4.53,0.02,-0.02,,,,Vanderburg et al. 2016,b
55 Cnc,0.73653900,0.00000700,-0.00000700,0.015440,0.000090,-0.000090,,,,83.300,0.900,-0.800,0.02542,0.00098,-0.00098,0,0.170,HIP 43587,133.149216,28.330818,27.40,,,5.960,0.010,V (Johnson),0.870,0.010,0.94,0.01,-0.01,0.310,0.040,-0.040,5196.00,24.00,-24.00,4.45,0.01,-0.01,10.200,2.500,-2.500,McArthur et al. 2004,e
WASP-18,0.94145000,0.00000100,-0.00000100,,,,0.010000,0.000000,0.000000,80.600,1.200,-1.200,11.44000,1.51000,-1.51000,0,1.200,HIP 7562,24.354311,-45.677887,3.20,0.00,,9.303,0.018,V (Johnson),0.450,0.050,1.29,0.05,-0.05,0.130,,,6431.00,48.00,-48.00,4.47,0.13,-0.13,,,,Hellier et al. 2009,b
KOI-55,0.24010400,0.00000400,-0.00000400,0.006000,,,,,,65.000,,,0.00140,,,0,0.068,,296.356105,41.092755,,,,14.870,0.020,V (Johnson),,,0.20,0.01,-0.01,,,,27730.00,270.00,-270.00,5.52,0.03,-0.03,,,,Charpinet et al. 2011,b
KOI-55,0.34288700,0.00001300,-0.00001300,0.007600,,,,,,65.000,,,0.00210,,,0,0.077,,296.356105,41.092755,,,,14.870,0.020,V (Johnson),,,0.20,0.01,-0.01,,,,27730.00,270.00,-270.00,5.52,0.03,-0.03,,,,Charpinet et al. 2011,c
Kepler-32,0.74296000,0.00007000,-0.00007000,0.013000,,,,,,,,,,,,,0.073,,297.842398,46.574281,-32.50,0.50,-0.50,16.452,,V (Johnson),,,0.53,0.04,-0.04,0.000,0.400,-0.400,3900.00,200.00,-200.00,4.64,0.30,-0.30,,,,Swift et al. 2013,f
Kepler-10,0.83749100,0.00000200,-0.00000200,0.017200,0.000810,-0.001680,,,,85.100,3.400,-4.300,0.01450,0.00400,-0.00460,0,0.132,,285.679394,50.241299,-98.74,0.00,-0.00,10.940,0.345,V (Johnson),,,1.06,0.01,-0.01,-0.150,0.040,-0.040,5627.00,44.00,-44.00,4.35,0.06,-0.06,,,,Batahla et al. 2011,b
Kepler-78,0.35500744,0.00000006,-0.00000006,,,,,,,79.000,12.500,-12.500,0.01000,0.00000,0.00000,0,0.100,,293.741690,44.448330,-3.51,0.00,-0.00,11.551,,Kepler-band,,,0.75,0.03,-0.03,-0.140,,,5089.00,50.00,-50.00,4.60,0.10,-0.10,,,,Sanchis-Ojeda et al. 2013,b
Kepler-42,0.45328509,0.00000097,-0.00000097,0.006000,,,,,,,,,,,,,0.065,,292.219033,44.619160,-84.48,0.20,-0.20,16.124,0.055,V (Johnson),,,0.17,0.04,-0.04,-0.330,0.120,-0.120,3068.00,174.00,-174.00,,,,4.500,0.500,-1.000,Muirhead et al. 2012,c
CoRoT-7,0.85359163,0.00000001,-0.00000001,,,,0.000000,,,80.100,0.300,-0.300,0.01000,0.00000,0.00000,0,0.150,,100.956125,-1.063033,31.17,0.01,-0.01,11.668,0.008,V (Johnson),,,0.83,0.04,-0.04,0.050,,,5275.00,75.00,-75.00,4.50,0.10,-0.10,,,,Leger et al. 2009,b
Kepler-1338,0.93511806,0.00000276,-0.00000276,,,,,,,,,,,,,,0.082,,284.042335,41.699139,,,,13.615,,Kepler-band,,,1.05,0.21,-0.11,0.000,0.155,-0.177,5909.00,114.45,-138.71,4.41,0.08,-0.15,3.800,2.490,-2.070,Morton et al. 2016,b
Kepler-1340,0.66502692,0.00000160,-0.00000160,,,,,,,,,,,,,,0.138,,296.232807,42.472790,,,,14.758,,Kepler-band,,,1.42,0.64,-0.25,0.070,0.146,-0.139,6331.00,166.81,-219.14,4.24,0.13,-0.26,2.400,0.890,-0.773,Morton et al. 2016,b
Kepler-1409,0.76486493,0.00000240,-0.00000240,,,,,,,,,,,,,,0.093,,290.084786,51.208603,,,,15.168,,Kepler-band,,,0.79,0.04,-0.04,-0.030,0.147,-0.155,5160.00,76.61,-73.84,4.57,0.03,-0.06,4.790,5.980,-2.950,Morton et al. 2016,b
Kepler-1415,0.63642408,0.00000160,-0.00000160,,,,,,,,,,,,,,0.115,,285.156913,47.873333,,,,15.744,,Kepler-band,,,0.84,0.06,-0.04,0.120,0.145,-0.148,5267.00,55.51,-59.06,4.54,0.03,-0.07,4.170,6.420,-2.520,Morton et al. 2016,b
Kepler-1427,0.96897238,0.00000677,-0.00000677,,,,,,,,,,,,,,0.098,,295.349667,45.114548,,,,15.415,,Kepler-band,,,1.01,0.20,-0.10,0.060,0.139,-0.157,5793.00,120.55,-179.64,4.44,0.07,-0.15,4.070,3.150,-2.380,Morton et al. 2016,b
Kepler-990,0.53835431,0.00000067,-0.00000067,,,,,,,,,,,,,,0.136,,297.938209,46.881393,,,,14.498,,Kepler-band,,,1.08,0.27,-0.14,0.010,0.134,-0.173,5948.00,211.07,-213.60,4.39,0.10,-0.16,3.550,2.380,-1.750,Morton et al. 2016,c
Kepler-1039,0.93488424,0.00000087,-0.00000087,,,,,,,,,,,,,,0.130,,298.326591,45.315514,,,,14.145,,Kepler-band,,,0.74,0.04,-0.04,0.010,0.150,-0.164,4870.00,194.18,-173.27,4.60,0.03,-0.04,4.370,5.920,-2.570,Morton et al. 2016,b
Kepler-1067,0.76212926,0.00000273,-0.00000273,,,,,,,,,,,,,,0.071,,285.387409,45.049053,,,,14.305,,Kepler-band,,,0.93,0.16,-0.06,0.030,0.132,-0.172,5592.00,63.05,-65.87,4.49,0.05,-0.14,4.790,5.350,-3.040,Morton et al. 2016,b
Kepler-1087,0.69384285,0.00000159,-0.00000159,,,,,,,,,,,,,,0.054,,294.978825,46.005653,-41.34,1.32,-1.32,12.953,,Kepler-band,,,0.94,0.26,-0.07,0.010,0.153,-0.255,5589.00,122.90,-191.41,4.48,0.06,-0.20,3.550,5.320,-2.190,Morton et al. 2016,b
Kepler-1107,0.57103852,0.00000042,-0.00000042,,,,,,,,,,,,,,0.120,,291.049927,39.141674,,,,14.098,,Kepler-band,,,0.82,0.06,-0.04,0.010,0.148,-0.162,5268.00,104.99,-126.81,4.55,0.03,-0.07,4.470,6.030,-2.700,Morton et al. 2016,b
Kepler-1258,0.98494017,0.00000318,-0.00000318,,,,,,,,,,,,,,0.077,,285.404941,49.994747,,,,13.835,,Kepler-band,,,0.99,0.15,-0.08,-0.070,0.145,-0.182,5839.00,79.16,-73.45,4.45,0.06,-0.12,3.890,3.110,-2.170,Morton et al. 2016,b
Kepler-1259,0.66308526,0.00000087,-0.00000087,,,,,,,,,,,,,,0.128,,297.841489,46.967682,,,,15.304,,Kepler-band,,,0.77,0.04,-0.04,-0.070,0.144,-0.169,5053.00,113.64,-67.62,4.58,0.03,-0.05,5.250,6.000,-3.100,Morton et al. 2016,b
Kepler-1264,0.96852602,0.00000233,-0.00000233,,,,,,,,,,,,,,0.105,,289.884378,45.211502,,,,14.511,,Kepler-band,,,0.98,0.18,-0.09,-0.020,0.139,-0.180,5791.00,109.18,-145.15,4.45,0.07,-0.14,4.170,3.040,-2.500,Morton et al. 2016,b
Kepler-607,0.63816320,0.00000168,-0.00000168,,,,,,,,,,,,,,0.078,,291.057206,44.632381,,,,14.405,,Kepler-band,,,0.80,0.05,-0.04,-0.020,0.146,-0.158,5196.00,94.48,-118.36,4.56,0.03,-0.06,4.900,6.040,-2.980,Morton et al. 2016,b
Kepler-1139,0.81316672,0.00000125,-0.00000125,,,,,,,,,,,,,,0.106,,287.945617,39.230568,,,,14.113,,Kepler-band,,,0.91,0.12,-0.06,0.050,0.128,-0.152,5550.00,105.36,-153.89,4.50,0.05,-0.12,4.470,5.370,-2.780,Morton et al. 2016,b
Kepler-1173,0.76985360,0.00000120,-0.00000120,,,,,,,,,,,,,,0.079,,293.131095,45.663548,,,,13.829,,Kepler-band,,,0.82,0.06,-0.04,0.000,0.148,-0.164,5252.00,92.48,-116.76,4.55,0.03,-0.07,4.790,6.400,-3.000,Morton et al. 2016,b
Kepler-80,0.98678730,0.00000006,-0.00000006,0.017500,0.000200,-0.000200,,,,86.500,2.360,-2.590,,,,,0.108,,296.112564,39.978779,,,,14.804,,Kepler-band,,,0.68,0.02,-0.02,0.040,0.080,-0.080,4540.00,100.00,-100.00,4.64,0.01,-0.01,2.000,1.000,-1.000,Morton et al. 2016,f
Kepler-653,0.90037648,0.00000363,-0.00000363,,,,,,,,,,,,,,0.070,,282.212930,46.717819,,,,13.387,,Kepler-band,,,1.19,0.17,-0.16,0.230,0.077,-0.078,5665.00,54.97,-60.88,4.29,0.12,-0.11,7.760,1.900,-2.880,Morton et al. 2016,c
Kepler-1203,0.58800076,0.00000058,-0.00000058,,,,,,,,,,,,,,0.095,,292.773384,44.178127,,,,14.934,,Kepler-band,,,0.61,0.01,-0.02,0.010,0.092,-0.088,4105.00,43.70,-35.84,4.67,0.01,-0.01,3.470,4.400,-1.800,Morton et al. 2016,b
Kepler-1228,0.57736958,0.00000041,-0.00000041,,,,,,,,,,,,,,0.137,,296.553083,46.966290,,,,14.859,,Kepler-band,,,0.74,0.05,-0.07,-0.180,0.179,-0.248,5063.00,94.76,-81.19,4.59,0.04,-0.05,5.130,5.960,-3.230,Morton et al. 2016,b
K2-22,0.38107800,0.00000100,-0.00000100,0.008800,0.000800,-0.000800,,,,,,,1.40000,,,1,0.223,,169.482819,2.619070,,,,15.597,0.050,V (Johnson),1.445,0.103,0.57,0.06,-0.06,0.030,0.080,-0.080,3830.00,100.00,-100.00,4.65,0.12,-0.12,,,,Sanchis-Ojeda et al. 2015,b
WASP-47,0.78959200,0.00001200,-0.00001200,,,,,,,85.980,0.750,-0.750,0.02149,0.00208,-0.00208,0,0.161,,331.203047,-12.018885,-27.06,0.00,,11.900,,V (Johnson),0.735,0.042,1.14,0.01,-0.01,0.380,0.050,-0.050,5552.00,75.00,-75.00,4.34,0.01,-0.01,,,,Becker et al. 2015,e
Kepler-1351,0.91614077,0.00000192,-0.00000192,,,,,,,,,,,,,,0.058,,293.608720,42.197678,,,,14.107,,Kepler-band,,,0.67,0.03,-0.04,-0.030,0.156,-0.161,4439.00,82.58,-77.72,4.64,0.02,-0.03,4.170,5.540,-2.370,Morton et al. 2016,b
Kepler-1356,0.63400294,0.00000120,-0.00000120,,,,,,,,,,,,,,0.136,,290.995346,43.243938,,,,15.760,,Kepler-band,,,0.78,0.04,-0.04,-0.020,0.142,-0.158,5106.00,65.11,-84.13,4.58,0.03,-0.05,4.900,6.220,-3.010,Morton et al. 2016,b
Kepler-1284,0.66407381,0.00000148,-0.00000148,,,,,,,,,,,,,,0.108,,291.279002,47.687649,,,,15.645,,Kepler-band,,,0.79,0.05,-0.04,0.030,0.170,-0.175,5123.00,62.80,-83.53,4.57,0.03,-0.05,4.470,6.030,-2.680,Morton et al. 2016,b
Kepler-1368,0.67564949,0.00000255,-0.00000255,,,,,,,,,,,,,,0.147,,294.766985,41.644680,,,,15.892,,Kepler-band,,,1.08,0.22,-0.11,0.100,0.148,-0.139,5906.00,120.57,-160.03,4.40,0.07,-0.15,3.470,2.210,-1.800,Morton et al. 2016,b
Kepler-828,0.56785714,0.00000044,-0.00000044,,,,,,,,,,,,,,0.135,,286.887275,42.471256,,,,15.055,,Kepler-band,,,0.77,0.04,-0.04,-0.020,0.164,-0.175,5039.00,50.73,-59.50,4.58,0.03,-0.05,4.570,6.370,-2.740,Morton et al. 2016,b
Kepler-1310,0.67933627,0.00000072,-0.00000072,,,,,,,,,,,,,,0.128,,283.920035,40.740123,,,,14.159,,Kepler-band,,,0.88,0.10,-0.07,-0.070,0.151,-0.183,5549.00,136.60,-124.53,4.51,0.05,-0.10,4.170,5.360,-2.490,Morton et al. 2016,b
Kepler-1315,0.84338011,0.00000082,-0.00000082,,,,,,,,,,,,,,0.123,,295.821448,46.053029,,,,14.975,,Kepler-band,,,0.75,0.03,-0.03,0.070,0.157,-0.165,4861.00,81.92,-112.47,4.60,0.02,-0.04,3.470,5.950,-1.840,Morton et al. 2016,b
Kepler-1377,0.74092842,0.00000185,-0.00000185,,,,,,,,,,,,,,0.112,,289.195458,46.651703,,,,15.918,,Kepler-band,,,0.82,0.05,-0.04,0.050,0.136,-0.140,5218.00,42.47,-53.61,4.55,0.03,-0.07,5.010,6.630,-3.150,Morton et al. 2016,b
Kepler-1379,0.88184115,0.00000313,-0.00000313,,,,,,,,,,,,,,0.116,,293.670471,41.410248,,,,15.919,,Kepler-band,,,0.79,0.05,-0.05,-0.040,0.165,-0.183,5188.00,78.92,-114.14,4.57,0.04,-0.06,5.010,6.050,-3.100,Morton et al. 2016,b
Kepler-845,0.92785982,0.00000055,-0.00000055,,,,,,,,,,,,,,0.182,,290.957565,49.203812,,,,14.631,,Kepler-band,,,0.75,0.03,-0.03,0.010,0.146,-0.159,4913.00,57.49,-57.47,4.59,0.02,-0.04,4.790,5.860,-2.920,Morton et al. 2016,b
Kepler-922,0.93846683,0.00000095,-0.00000095,,,,,,,,,,,,,,0.127,,284.731462,49.533195,,,,13.757,,Kepler-band,,,0.93,0.11,-0.07,-0.050,0.152,-0.179,5671.00,64.06,-65.37,4.48,0.06,-0.11,4.370,4.220,-2.570,Morton et al. 2016,b
Kepler-929,0.92103214,0.00000315,-0.00000315,,,,,,,,,,,,,,0.099,,298.481124,41.615332,,,,14.542,,Kepler-band,,,1.02,0.24,-0.14,-0.040,0.140,-0.183,5869.00,290.44,-266.47,4.42,0.09,-0.15,3.470,3.420,-1.780,Morton et al. 2016,b
Kepler-1317,0.56887443,0.00000060,-0.00000060,,,,,,,,,,,,,,0.139,,291.611881,42.115971,,,,15.230,,Kepler-band,,,0.79,0.04,-0.04,-0.010,0.133,-0.156,5144.00,84.20,-69.20,4.57,0.03,-0.05,4.790,5.830,-2.760,Morton et al. 2016,b
Kepler-1320,0.86838653,0.00000116,-0.00000116,,,,,,,,,,,,,,0.152,,288.433591,40.380875,,,,15.898,,Kepler-band,,,0.74,0.03,-0.03,0.100,0.154,-0.167,4817.00,51.95,-67.43,4.60,0.01,-0.04,3.160,6.570,-1.640,Morton et al. 2016,b
Kepler-1322,0.96286738,0.00000204,-0.00000204,,,,,,,,,,,,,,0.144,,293.204521,45.435402,,,,15.810,,Kepler-band,,,0.87,0.11,-0.07,-0.070,0.151,-0.184,5488.00,151.55,-103.39,4.52,0.05,-0.11,4.470,5.790,-2.800,Morton et al. 2016,b
Kepler-1323,0.92990668,0.00000075,-0.00000075,,,,,,,,,,,,,,0.136,,292.872284,46.098885,2.90,0.94,-0.94,12.410,,Kepler-band,,,1.40,0.30,-0.21,0.020,0.082,-0.088,6169.00,74.24,-59.83,4.21,0.14,-0.13,3.550,0.840,-0.960,Morton et al. 2016,b
Kepler-1331,0.78916165,0.00000121,-0.00000121,,,,,,,,,,,,,,0.094,,297.073789,41.224480,,,,15.031,,Kepler-band,,,0.69,0.05,-0.04,0.050,0.155,-0.160,4508.00,243.21,-204.59,4.63,0.03,-0.03,4.170,5.560,-2.410,Morton et al. 2016,b
Kepler-787,0.92831050,0.00000220,-0.00000220,,,,,,,,,,,,,,0.114,,291.692465,38.572907,,,,15.854,,Kepler-band,,,0.62,0.02,-0.02,-0.090,0.105,-0.081,4248.00,40.90,-33.57,4.67,0.01,-0.01,3.390,4.090,-1.780,Morton et al. 2016,b
Kepler-407,0.66931000,,,,,,,,,,,,0.01007,,,1,0.095,,286.036347,49.614506,-24.13,0.64,-0.64,12.521,,Kepler-band,,,1.01,0.07,-0.07,0.330,0.070,-0.070,5476.00,75.00,-75.00,4.43,0.06,-0.06,7.470,,,Marcy et al. 2014,b
KIC 10001893,0.21970000,,,,,,,,,,,,,,,,,,287.389188,46.984489,25.00,,,15.846,,Kepler-band,,,,,,,,,27500.00,200.00,-500.00,5.35,0.05,-0.05,,,,Silvotti et al. 2014,b
KIC 10001893,0.32528000,,,,,,,,,,,,,,,,,,287.389188,46.984489,25.00,,,15.846,,Kepler-band,,,,,,,,,27500.00,200.00,-500.00,5.35,0.05,-0.05,,,,Silvotti et al. 2014,c
KIC 10001893,0.81161000,,,,,,,,,,,,,,,,,,287.389188,46.984489,25.00,,,15.846,,Kepler-band,,,,,,,,,27500.00,200.00,-500.00,5.35,0.05,-0.05,,,,Silvotti et al. 2014,d
Kepler-1589,0.99166527,0.00000784,-0.00000784,,,,,,,,,,,,,,0.097,,294.441792,40.571686,,,,14.978,,Kepler-band,,,1.25,0.50,-0.18,0.080,0.149,-0.145,6166.00,169.76,-232.41,4.32,0.10,-0.23,2.750,1.260,-1.110,Morton et al. 2016,b
Kepler-1604,0.68368426,0.00000063,-0.00000063,,,,,,,,,,,,,,0.126,,285.410633,44.412212,,,,14.915,,Kepler-band,,,0.76,0.03,-0.03,0.020,0.151,-0.164,4976.00,49.62,-51.36,4.59,0.02,-0.04,4.170,6.160,-2.450,Morton et al. 2016,b
Kepler-1446,0.68996783,0.00000050,-0.00000050,,,,,,,,,,,,,,0.073,,289.423960,46.726170,-31.77,3.10,-3.10,12.411,,Kepler-band,,,0.75,0.01,-0.01,0.110,0.102,-0.097,4865.00,43.69,-52.46,4.60,0.01,-0.01,2.630,2.420,-1.120,Morton et al. 2016,b
PSR J1719-1438,0.09070629,0.00000000,-0.00000000,0.004400,,,0.060000,,,,,,1.20000,,,-1,,,259.791971,-14.633600,,,,,,,,,0.04,,,,,,4500.00,,,,,,12.500,,,Bailes et al. 2011,b
WASP-19,0.78883899,0.00000004,-0.00000004,0.016340,0.000240,-0.000240,0.002000,0.014000,-0.002000,78.780,0.580,-0.580,1.06900,0.03800,-0.03700,0,1.392,,148.417002,-45.659191,20.79,0.00,-0.00,12.590,,V (Johnson),,,1.00,0.02,-0.02,0.150,0.070,-0.070,5568.00,71.00,-71.00,4.45,0.05,-0.05,,,,Hebb et al. 2010,b
Kepler-1520,0.65355357,0.00000016,-0.00000016,,,,,,,,,,,,,,0.515,,290.966214,51.504723,,,,15.692,,Kepler-band,,,0.71,0.03,-0.03,0.040,0.144,-0.152,4677.00,82.29,-71.28,4.61,0.02,-0.03,4.470,5.800,-2.530,Morton et al. 2016,b
Kepler-1523,0.93875077,0.00000116,-0.00000116,,,,,,,,,,,,,,0.141,,296.054062,45.827049,,,,14.860,,Kepler-band,,,0.96,0.16,-0.09,0.000,0.142,-0.174,5708.00,150.00,-158.59,4.46,0.07,-0.13,4.370,3.800,-2.660,Morton et al. 2016,b
WASP-43,0.81347500,0.00000100,-0.00000100,0.014200,0.000400,-0.000400,0.000000,,,82.600,1.300,-0.900,1.78000,0.10000,-0.10000,0,0.930,,154.908372,-9.806276,-3.59,0.00,,12.400,,V (Johnson),,,0.60,0.04,,,,,4400.00,200.00,,,,,,,,Hellier et al. 2011,b
Kepler-1547,0.69297968,0.00000149,-0.00000149,,,,,,,,,,,,,,0.080,,283.764074,42.222172,,,,13.447,,Kepler-band,,,1.18,0.36,-0.14,0.040,0.134,-0.151,6078.00,94.46,-139.23,4.34,0.09,-0.19,3.390,1.390,-1.580,Morton et al. 2016,b
Kepler-1559,0.97191543,0.00000379,-0.00000379,,,,,,,,,,,,,,0.064,,292.286580,42.072456,,,,14.500,,Kepler-band,,,0.82,0.06,-0.05,-0.040,0.158,-0.167,5316.00,98.57,-97.87,4.55,0.03,-0.08,4.270,6.000,-2.570,Morton et al. 2016,b
K2-85,0.68453300,0.00001800,-0.00001800,0.012630,0.000370,-0.000370,,,,,,,,,,,0.090,,59.464394,18.465254,-3.94,0.49,-0.49,12.831,0.470,V (Johnson),0.973,0.470,0.51,0.04,-0.04,,,,4268.00,122.00,-122.00,4.78,0.06,-0.06,,,,Crossfield et al. 2016,b
WASP-103,0.92554200,0.00001900,-0.00001900,0.019850,0.000210,-0.000210,,,,86.300,2.700,-2.700,1.49000,0.08800,-0.08800,0,1.528,,249.314868,7.183352,-42.00,0.01,-0.01,12.100,,V (Johnson),,,1.44,0.05,-0.03,0.060,0.130,-0.130,6110.00,160.00,-160.00,4.22,0.12,-0.05,4.000,1.000,-1.000,Gillon et al. 2014,b
Kepler-1566,0.53991524,0.00000135,-0.00000135,,,,,,,,,,,,,,0.070,,283.587614,40.574927,,,,14.311,,Kepler-band,,,0.81,0.06,-0.05,-0.070,0.144,-0.160,5254.00,97.81,-89.64,4.56,0.04,-0.07,5.010,6.360,-3.260,Morton et al. 2016,b
Kepler-1579,0.84990789,0.00000293,-0.00000293,,,,,,,,,,,,,,0.075,,293.288009,43.514988,,,,15.220,,Kepler-band,,,0.70,0.02,-0.03,0.110,0.134,-0.201,4584.00,61.63,-74.20,4.63,0.01,-0.02,2.240,5.000,-0.884,Morton et al. 2016,b
Kepler-732,0.89304124,0.00000046,-0.00000046,,,,,,,,,,,,,,0.113,,283.732021,45.958771,,,,15.073,,Kepler-band,,,0.46,0.03,-0.03,-0.010,0.086,-0.086,3631.00,35.05,-37.03,4.79,0.04,-0.03,4.470,5.440,-2.700,Morton et al. 2016,c
Kepler-808,0.63133235,0.00000035,-0.00000035,,,,,,,,,,,,,,0.130,,291.594090,48.445614,,,,14.285,,Kepler-band,,,0.71,0.02,-0.04,0.050,0.154,-0.207,4653.00,51.38,-57.30,4.62,0.02,-0.01,1.950,4.120,-0.630,Morton et al. 2016,b
Kepler-775,0.97486893,0.00000080,-0.00000080,,,,,,,,,,,,,,0.106,,291.433297,41.703438,,,,13.507,,Kepler-band,,,0.84,0.02,-0.02,-0.040,0.103,-0.100,5468.00,67.97,-70.49,4.56,0.01,-0.01,1.860,1.000,-0.568,Morton et al. 2016,b
Kepler-780,0.67737516,0.00000125,-0.00000125,,,,,,,,,,,,,,0.079,,281.766389,44.292549,,,,13.326,,Kepler-band,,,1.02,0.10,-0.06,0.050,0.089,-0.092,5769.00,62.55,-57.06,4.42,0.06,-0.08,4.900,2.570,-2.680,Morton et al. 2016,b
PSR J2322-2650,0.32296400,0.00000001,-0.00000001,0.010200,,,0.001700,,,,,,0.79490,0.00020,-0.00020,0,,,350.644348,-26.849533,,,,,,,,,,,,,,,,,,,,,,,,Spiewak et al. 2018,b
K2-183,0.46926900,0.00002600,-0.00002400,,,,,,,25.034,56.232,-9.950,,,,,0.232,,125.007156,14.019461,92.34,1.25,-1.25,12.846,0.070,V (Johnson),0.786,0.081,0.97,0.02,-0.02,0.090,0.060,-0.060,5519.00,88.00,-88.00,4.43,0.03,-0.03,,,,Mayo et al. 2018,b
K2-187,0.77392000,0.00009500,-0.00009200,0.016400,0.000200,-0.000200,,,,,,,,,,0,0.116,,132.523605,23.192600,,,,13.081,0.030,V (Johnson),0.790,0.036,0.92,0.02,-0.02,0.230,0.060,-0.060,5484.00,81.00,-81.00,4.50,0.03,-0.03,,,,Mayo et al. 2018,b
K2-141,0.28032440,0.00000150,-0.00000150,,,,0.000000,,,86.300,2.700,-3.600,0.01598,0.00129,-0.00129,0,0.135,,350.916534,-1.189274,-3.62,0.38,-0.38,11.389,0.148,V (Johnson),0.684,0.272,0.68,0.02,-0.02,-0.060,0.080,-0.100,4599.00,79.00,-79.00,4.62,0.02,-0.03,6.300,6.600,-4.700,Malavolta et al. 2018,b
K2-156,0.81314000,0.00007000,-0.00008000,0.014900,0.000100,-0.000100,,,,,,,,,,0,0.103,,182.700180,-6.294205,-6.79,0.75,-0.75,13.424,0.010,V (Johnson),1.213,0.032,0.66,0.01,-0.01,-0.250,0.060,-0.060,4597.00,50.00,-50.00,4.62,0.02,-0.01,,,,Mayo et al. 2018,b
K2-157,0.36525700,0.00002900,-0.00002900,,,,,,,76.711,9.693,-18.255,,,,,0.094,,183.751343,-5.781991,43.90,1.20,-1.20,12.823,0.020,V (Johnson),0.786,0.022,0.88,0.05,-0.03,0.130,0.080,-0.080,5456.00,50.00,-50.00,4.55,0.10,-0.10,,,,Mayo et al. 2018,b
K2-223,0.50565000,0.00006000,-0.00005000,0.012700,0.000100,-0.000100,,,,,,,,,,0,0.079,,185.306152,-10.282037,9.40,0.46,-0.46,11.431,0.020,V (Johnson),0.701,0.036,0.99,0.01,-0.01,0.120,0.060,-0.060,5835.00,38.00,-40.00,4.48,0.01,-0.01,,,,Mayo et al. 2018,b
K2-229,0.58426000,0.00002000,-0.00002000,0.013100,0.000000,0.000000,,,,,,,,,,0,0.102,,186.873260,-6.721861,,,,10.985,0.079,V (Johnson),1.063,0.193,0.79,0.01,-0.01,-0.090,0.020,-0.020,5315.00,35.00,-31.00,4.59,0.00,-0.01,,,,Mayo et al. 2018,b
K2-282,0.70531000,0.00005000,-0.00005000,,,,,,,,,,,,,0,0.132,,13.432017,7.995316,,,,14.042,0.036,V (Johnson),0.817,0.041,,,,,,,,,,,,,,,,Heller et al. 2019,c
LHS 3844,0.46292913,0.00000190,-0.00000190,0.006220,0.000170,-0.000170,,,,88.500,0.510,-0.510,,,,0,0.116,,340.492104,-69.168986,,,,15.260,0.030,V (Johnson),,,0.19,0.01,-0.01,,,,3036.00,77.00,-77.00,5.06,0.01,-0.01,,,,Vanderspek et al. 2018,b
K2-147,0.96191700,0.00002600,-0.00002600,0.015900,0.000500,-0.000500,,,,,,,,,,0,0.123,,293.833191,-28.497833,-24.15,1.59,-1.59,14.019,0.030,V (Johnson),1.449,0.032,0.55,0.06,-0.06,0.190,0.120,-0.120,3672.00,70.00,-70.00,4.72,0.05,-0.05,,,,Hirano et al. 2018,b
K2-210,0.57023300,0.00002800,-0.00002800,,,,,,,84.105,4.220,-9.012,,,,,0.073,,17.640936,1.578266,0.09,0.58,-0.58,11.535,0.137,V (Johnson),1.347,0.393,0.85,0.04,-0.03,0.050,0.080,-0.080,5396.00,50.00,-50.00,4.55,0.10,-0.10,,,,Mayo et al. 2018,b
EPIC 220674823,0.57133100,0.00002000,-0.00002100,0.013400,0.000200,-0.000200,,,,,,,,,,0,0.162,,13.079780,10.794699,-15.86,0.13,-0.13,12.102,0.212,V (Johnson),0.475,0.334,0.98,0.02,-0.02,0.130,0.060,-0.060,5617.00,86.00,-86.00,4.45,0.03,-0.03,,,,Adams et al. 2017,b
HATS-18,0.83784000,0.00000047,-0.00000047,0.017400,0.000980,-0.000980,,,,85.290,0.013,-0.013,1.97950,0.07600,-0.07600,0,1.329,,173.957397,-29.156012,7.66,0.01,-0.01,14.067,0.040,V (Johnson),0.803,0.072,1.02,0.06,-0.03,,,,5600.00,120.00,-120.00,,,,,,,Penev et al. 2016,b
K2-211,0.66955800,0.00003200,-0.00003200,,,,,,,81.569,6.224,-13.157,,,,,0.123,,21.105953,1.704954,-13.57,3.60,-3.60,13.075,0.110,V (Johnson),0.953,0.125,0.82,0.03,-0.02,0.110,0.080,-0.080,5221.00,50.00,-50.00,4.60,0.10,-0.10,,,,Mayo et al. 2018,b
KELT-16,0.96899510,0.00000240,-0.00000240,0.020440,0.000240,-0.000260,0.000000,,,84.400,3.000,-2.300,2.75000,0.16000,-0.15000,0,1.415,,314.268494,31.661034,-29.70,0.10,-0.10,11.898,0.030,V (Johnson),,,1.36,0.06,-0.05,-0.002,0.086,-0.085,6236.00,54.00,-54.00,4.25,0.03,-0.04,3.100,0.300,-0.300,Oberst et al. 2017,b
K2-131,0.36931000,0.00001000,-0.00001000,0.009500,0.000000,0.000000,,,,,,,,,,0,0.152,,182.751556,-9.765218,-5.27,1.13,-1.13,12.115,0.020,V (Johnson),0.939,0.045,0.75,0.01,-0.01,-0.170,0.030,-0.030,5245.00,46.00,-52.00,4.61,0.01,-0.01,,,,Dai et al. 2017,b
K2-137,0.17971500,0.00000100,-0.00000100,0.005800,0.000600,-0.000600,0.000000,,,89.600,3.300,-3.300,0.50000,,,1,0.079,,186.870728,-6.195224,,,,15.498,0.054,V (Johnson),1.509,0.105,0.44,0.04,-0.04,0.080,0.120,-0.120,3492.00,70.00,-70.00,4.82,0.04,-0.04,,,,Smith et al. 2017,b
K2-266,0.65852400,0.00001700,-0.00001700,0.013060,0.000200,-0.000210,,,,75.320,0.620,-0.700,0.03545,0.03578,-0.03578,0,0.294,,157.935440,0.937571,10.85,0.07,-0.07,11.808,0.020,V (Johnson),1.193,0.028,0.70,0.02,-0.02,-0.120,0.400,-0.420,4285.00,49.00,-57.00,4.58,0.03,-0.04,,,,Rodriguez et al. 2018,b
