kepid,kepler_name,koi_disposition,koi_score,koi_period,koi_sma,ra,dec,koi_kepmag
1293031,,FALSE POSITIVE,0.0000,0.53936593,0.0165,291.020970,36.903648,12.915
1575873,,FALSE POSITIVE,1.0000,0.629001455,0.016,291.926360,37.101292,11.283
1717722,,CANDIDATE,0.8580,0.977311489,0.0175,290.617980,37.289089,15.689
2013883,,FALSE POSITIVE,0.0000,0.764597756,0.0177,291.283200,37.419601,11.215
2140389,,FALSE POSITIVE,0.0000,0.967427812,0.0176,285.916410,37.594280,15.826
2165352,,FALSE POSITIVE,0.0000,0.7906069,0.0155,292.543150,37.555759,14.469
2283362,,CANDIDATE,,0.673141323,0.0148,286.110750,37.611851,15.771
2302758,,FALSE POSITIVE,0.0000,0.542122617,0.0134,291.402890,37.676689,14.661
2305543,,FALSE POSITIVE,0.0000,0.681137796,0.0141,292.026860,37.600651,12.545
2308411,,FALSE POSITIVE,0.0140,0.983304511,0.021,292.637660,37.641880,14.981
2441728,,FALSE POSITIVE,0.0000,0.856895349,0.0174,291.074460,37.744389,13.098
2442359,,FALSE POSITIVE,0.0000,0.552834211,0.0141,291.223180,37.781551,13.931
2449053,,FALSE POSITIVE,0.0000,0.73975345,0.0153,292.689850,37.774361,15.141
2449101,,FALSE POSITIVE,,0.739761008,0.0113,292.698550,37.778481,15.049
2557430,,FALSE POSITIVE,0.0000,0.648868342,0.0152,286.845280,37.815891,11.471
2558363,,FALSE POSITIVE,0.0000,0.54624855,0.0121,287.133880,37.839260,15.996
2558370,,FALSE POSITIVE,0.0000,0.546248198,0.0131,287.135960,37.838306,18.550
2573056,,FALSE POSITIVE,0.0000,0.631795416,0.0155,290.847140,37.864052,14.676
2578017,,FALSE POSITIVE,0.0000,0.592562969,0.0133,291.914150,37.807819,15.784
2583777,,FALSE POSITIVE,0.0000,0.958116585,0.0187,293.167270,37.841389,12.735
2694632,,FALSE POSITIVE,0.0000,0.92225589,0.0188,286.373380,37.919003,12.352
2696205,,CANDIDATE,0.9870,0.702739679,0.0145,286.898410,37.937450,14.990
2707097,,FALSE POSITIVE,0.0000,0.692807507,0.0154,290.045530,37.939384,15.726
2711597,,FALSE POSITIVE,0.0000,0.98041685,0.0172,291.124540,37.986511,14.484
2720309,,FALSE POSITIVE,,0.413334492,0.0112,293.025120,37.992641,14.784
2851100,,FALSE POSITIVE,0.0000,0.890110752,0.0167,291.170680,38.008591,15.723
2854948,,FALSE POSITIVE,0.0000,0.97430309,0.0183,291.984160,38.088371,15.783
2859299,,FALSE POSITIVE,0.0000,0.643703667,0.0148,292.883420,38.074951,13.791
2860114,,FALSE POSITIVE,0.0000,0.941603153,0.0173,293.065980,38.042011,14.834
2970670,,CANDIDATE,0.8940,0.947554749,0.0186,286.071140,38.167610,13.853
2970804,,FALSE POSITIVE,0.0000,0.686994057,0.0153,286.106960,38.107628,9.160
2986833,,CANDIDATE,0.9880,0.912179022,0.0155,290.782140,38.187790,15.783
3003019,,FALSE POSITIVE,0.0000,0.502622858,0.0127,294.291960,38.138771,14.564
3098605,,CANDIDATE,0.8620,0.428046051,0.0104,286.147770,38.241798,15.247
3112129,,CANDIDATE,0.9990,0.487656278,0.0122,290.337190,38.205009,14.374
3113266,,FALSE POSITIVE,0.0000,0.995861402,0.0176,290.639430,38.284630,15.577
3114661,,FALSE POSITIVE,0.0000,0.444291966,0.0101,290.996890,38.284920,15.748
3114667,,FALSE POSITIVE,0.0000,0.888584158,0.0153,290.997250,38.282616,17.375
3121340,,FALSE POSITIVE,0.0000,0.723947772,0.0147,292.529480,38.282848,13.578
3122985,,FALSE POSITIVE,0.3490,0.993488979,0.0179,292.918910,38.206692,14.701
3124412,,FALSE POSITIVE,0.0000,0.948950734,0.0198,293.243840,38.273270,14.909
3124420,,FALSE POSITIVE,0.0000,0.948951607,0.0189,293.245360,38.272182,18.241
3127911,,FALSE POSITIVE,,0.542498653,0.0164,294.018220,38.226292,10.326
3130548,,FALSE POSITIVE,0.0000,0.878855771,0.0172,294.576970,38.265518,14.853
3228740,,FALSE POSITIVE,0.0000,0.730956716,0.0159,289.742400,38.373169,13.707
3228804,,FALSE POSITIVE,0.0000,0.730947169,0.0155,289.761140,38.353519,15.010
3228824,,FALSE POSITIVE,0.0000,0.73093905,0.0142,289.764830,38.352360,15.736
3228825,,FALSE POSITIVE,0.0000,0.73095491,0.0175,289.764920,38.383450,12.028
3228945,,FALSE POSITIVE,0.0000,0.730943372,0.0163,289.793400,38.385078,15.021
3228959,,FALSE POSITIVE,0.0000,0.73094589,0.0155,289.796200,38.351181,15.401
3228986,,FALSE POSITIVE,0.0000,0.730949487,0.0169,289.803220,38.366692,14.184
3228988,,FALSE POSITIVE,0.0000,0.73094701,0.0155,289.804230,38.370708,15.312
3229028,,FALSE POSITIVE,0.0000,0.730964241,0.0164,289.811430,38.324951,13.036
3233043,,FALSE POSITIVE,0.0000,0.379463865,0.0099,290.911190,38.335579,13.787
3239636,,FALSE POSITIVE,0.0000,0.528755447,0.0134,292.583040,38.374378,14.662
3240406,,FALSE POSITIVE,0.0000,0.934181579,0.0228,292.776340,38.393970,11.219
3241248,,FALSE POSITIVE,0.0000,0.978046982,0.0234,292.993290,38.319489,13.211
3241647,,FALSE POSITIVE,0.0000,0.851678507,0.0173,293.101530,38.340618,15.250
3245661,,FALSE POSITIVE,0.0000,0.7088055,0.0153,294.048280,38.364109,15.036
3247503,,FALSE POSITIVE,0.0000,0.447861451,0.0112,294.484990,38.352859,15.497
3336283,,FALSE POSITIVE,,0.576441813,0.0138,289.827670,38.442619,13.883
3336845,,FALSE POSITIVE,0.0000,0.996864568,0.0177,289.976170,38.450489,13.681
3341760,,FALSE POSITIVE,0.0000,0.523493764,0.0141,291.345950,38.464378,13.085
3343866,,FALSE POSITIVE,0.0040,0.555973803,0.0131,291.866550,38.409081,13.755
3344419,,FALSE POSITIVE,0.0000,0.651784374,0.0146,291.999880,38.437698,14.997
3348285,,FALSE POSITIVE,0.0000,0.803835923,0.0175,292.977750,38.420780,13.700
3437776,,FALSE POSITIVE,0.0000,0.635587392,0.015,289.799070,38.555061,14.565
3441340,,FALSE POSITIVE,0.0000,0.806277023,0.0174,290.817230,38.539120,13.614
3444098,,FALSE POSITIVE,0.0000,0.72359699,0.0198,291.558070,38.546219,14.338
3444588,Kepler-787 b,CONFIRMED,0.9900,0.928310036,0.0159,291.692470,38.572899,15.854
3445812,,FALSE POSITIVE,0.0000,0.605556082,0.0137,291.983700,38.595409,14.990
3446451,,FALSE POSITIVE,0.0000,0.64234875,0.0174,292.137450,38.599419,12.305
3448323,,FALSE POSITIVE,0.0000,0.513482156,0.0121,292.640170,38.513569,15.630
3448456,,FALSE POSITIVE,0.0000,0.776950288,0.0163,292.672940,38.589970,15.832
3458687,,FALSE POSITIVE,0.0000,0.98376204,0.0241,295.087740,38.562061,12.745
3458919,,FALSE POSITIVE,0.0000,0.892061734,0.0173,295.140290,38.597542,13.815
3542222,,FALSE POSITIVE,0.0000,0.504426087,0.0117,290.749180,38.659111,15.213
3547315,,FALSE POSITIVE,0.0000,0.64234865,0.0136,292.137330,38.602348,16.639
3550372,,CANDIDATE,1.0000,0.681180633,0.0146,292.907710,38.683090,15.069
3556220,,FALSE POSITIVE,0.0000,0.796722833,0.016,294.350490,38.602131,13.379
3556229,,FALSE POSITIVE,0.0000,0.7967202,0.0169,294.351960,38.604702,17.656
3556742,,FALSE POSITIVE,0.0000,0.823014905,0.0159,294.472530,38.675510,14.221
3557341,,FALSE POSITIVE,0.0000,0.393727296,0.0101,294.618930,38.611889,15.856
3557493,,FALSE POSITIVE,,0.393726813,0.0108,294.651210,38.636459,15.025
3645282,,FALSE POSITIVE,0.0000,0.673684895,0.0147,291.359100,38.718910,14.420
3656700,,FALSE POSITIVE,0.0000,0.738527259,0.0175,294.258180,38.706928,12.997
3659940,,FALSE POSITIVE,0.0000,0.89627093,0.0172,295.004640,38.775478,15.261
3662635,,FALSE POSITIVE,0.0000,0.939375593,0.0172,295.569340,38.726059,14.904
3730335,,FALSE POSITIVE,0.0000,0.596087893,0.0148,285.919430,38.871815,13.484
3746248,,FALSE POSITIVE,,0.62240698,0.0157,291.259800,38.897999,12.920
3751231,,FALSE POSITIVE,0.0010,0.570953851,0.0143,292.588650,38.801430,15.212
3834322,,FALSE POSITIVE,0.0000,0.498434645,0.0112,286.049900,38.960201,15.397
3846515,,FALSE POSITIVE,0.1360,0.888045184,0.0197,290.330260,38.917721,12.807
3848919,,FALSE POSITIVE,0.0000,0.52363021,0.0113,291.056340,38.974411,13.901
3848948,,FALSE POSITIVE,0.7910,0.523632451,0.0166,291.064270,38.970661,10.061
3848972,,FALSE POSITIVE,0.0000,0.741057213,0.0152,291.071260,38.999039,14.489
3851134,,FALSE POSITIVE,0.0000,0.91849333,0.02,291.694270,38.986462,13.476
3851194,,FALSE POSITIVE,0.0000,0.918510251,0.0198,291.710540,38.962730,13.815
3853673,,FALSE POSITIVE,0.0000,0.643794198,0.0142,292.352870,38.942471,15.103
3867794,,CANDIDATE,0.8150,0.494247662,0.0127,295.737730,38.903912,15.666
3954211,,FALSE POSITIVE,0.0000,0.594274521,0.0147,291.490510,39.048660,15.676
3954227,,FALSE POSITIVE,,0.594276199,0.012,291.492860,39.050152,15.985
3972391,,FALSE POSITIVE,,0.634131057,0.0144,295.888430,39.027901,12.939
4037163,,FALSE POSITIVE,0.0000,0.635441862,0.0145,285.080140,39.183899,16.675
4037164,,FALSE POSITIVE,0.0000,0.635445336,0.0119,285.080260,39.182110,15.432
4055304,Kepler-1107 b,CONFIRMED,1.0000,0.571038347,0.0126,291.049930,39.141670,14.098
4067110,,FALSE POSITIVE,0.0000,0.735146413,0.022,294.088960,39.128101,12.855
4069063,,FALSE POSITIVE,,0.504296702,0.012,294.558440,39.137650,13.318
4074294,,FALSE POSITIVE,0.0000,0.892988877,0.0208,295.722750,39.183449,13.013
4077252,,FALSE POSITIVE,0.0000,0.534109403,0.018,296.307160,39.117119,12.314
4136659,,FALSE POSITIVE,0.0000,0.913244995,0.0185,284.911560,39.298618,13.343
4138557,,FALSE POSITIVE,0.0000,0.991552822,0.0193,285.592100,39.206268,11.968
4144576,Kepler-1139 b,CONFIRMED,1.0000,0.813166357,0.0165,287.945620,39.230572,14.113
4150611,,FALSE POSITIVE,1.0000,0.761119678,0.0157,289.742490,39.267059,7.899
4157052,,FALSE POSITIVE,0.0000,0.791771167,0.0198,291.486540,39.211723,13.852
4175105,,FALSE POSITIVE,0.0000,0.60818508,0.0137,295.585480,39.299259,14.538
4349935,,FALSE POSITIVE,0.0000,0.792023257,0.0142,286.829830,39.469559,14.498
4355503,,FALSE POSITIVE,0.0000,0.570828503,0.01,288.868530,39.496132,15.068
4367854,,FALSE POSITIVE,0.0000,0.535224793,0.0115,292.379030,39.435841,14.937
4372410,,FALSE POSITIVE,0.0000,0.550537628,0.0161,293.526820,39.404831,11.456
4373195,,FALSE POSITIVE,0.0000,0.56256804,0.0166,293.720000,39.446449,9.121
4374339,,FALSE POSITIVE,0.0000,0.993703494,0.0234,293.983460,39.430420,12.928
4380283,,FALSE POSITIVE,0.0000,0.872359598,0.0178,295.319000,39.480049,14.742
4380560,,FALSE POSITIVE,0.0000,0.705816203,0.0158,295.381500,39.453732,15.062
4381282,,FALSE POSITIVE,0.0000,0.497581917,0.0105,295.535340,39.408180,15.481
4390912,,FALSE POSITIVE,0.0000,0.687506554,0.0147,297.333770,39.447590,12.467
4446411,,FALSE POSITIVE,0.0000,0.62927655,0.0136,285.410000,39.528370,14.027
4455763,,FALSE POSITIVE,0.0000,0.766298172,0.0163,289.076510,39.570438,15.581
4456622,,FALSE POSITIVE,0.0000,0.751408792,0.0154,289.324340,39.582581,15.596
4479633,,FALSE POSITIVE,0.0000,0.475068516,0.0121,295.518250,39.593391,14.255
4480676,,FALSE POSITIVE,0.0000,0.711966971,0.0141,295.731930,39.587521,15.469
4482738,,FALSE POSITIVE,0.0000,0.866344816,0.0168,296.139010,39.579632,12.945
4484356,,FALSE POSITIVE,0.0000,0.572079631,0.0116,296.459720,39.573738,14.235
4489844,,FALSE POSITIVE,0.0000,0.822314545,0.0161,297.550540,39.565659,13.230
4544628,,FALSE POSITIVE,0.0000,0.729724346,0.016,285.901790,39.654411,12.546
4551328,,FALSE POSITIVE,0.0000,0.52205862,0.012,288.653590,39.664310,15.636
4568117,,FALSE POSITIVE,0.0000,0.562563871,0.014,293.488250,39.696331,13.540
4568298,,FALSE POSITIVE,0.0000,0.562555067,0.013,293.536290,39.690090,15.945
4571536,,FALSE POSITIVE,0.0000,0.676715927,0.0135,294.345180,39.683929,15.713
4579598,,FALSE POSITIVE,0.0000,0.866346,0.0183,296.112760,39.611599,13.789
4645833,,FALSE POSITIVE,0.0000,0.743495989,0.0146,289.078370,39.708820,15.222
4663658,,FALSE POSITIVE,0.0000,0.705891195,0.0214,294.207820,39.789291,11.321
4665571,,CANDIDATE,1.0000,0.766691517,0.015,294.664700,39.783829,14.903
4729553,,FALSE POSITIVE,0.0000,0.961292561,0.0197,285.727540,39.841282,12.221
4732015,,FALSE POSITIVE,0.0000,0.938857507,0.0203,286.825200,39.802509,10.147
4732015,,FALSE POSITIVE,,0.939740093,0.0232,286.825200,39.802509,10.147
4739565,,FALSE POSITIVE,0.0000,0.898932836,0.0192,289.639680,39.899761,14.173
4764969,,CANDIDATE,,0.602277579,0.0139,296.322020,39.856049,12.361
4774646,,FALSE POSITIVE,0.0000,0.559517155,0.0139,298.275210,39.850971,13.741
4832175,,FALSE POSITIVE,0.0000,0.947738312,0.0164,290.731540,39.920269,15.761
4832197,,FALSE POSITIVE,0.0000,0.94773253,0.0182,290.738040,39.919651,11.510
4832225,,FALSE POSITIVE,0.0000,0.947730124,0.0248,290.746610,39.911030,9.072
4840263,,FALSE POSITIVE,0.0000,0.957823876,0.0197,293.121610,39.975552,13.988
4843592,,FALSE POSITIVE,0.0000,0.967073359,0.0189,294.023470,39.924080,15.120
4844004,,FALSE POSITIVE,0.0000,0.784031658,0.0163,294.132020,39.981979,15.479
4848115,,FALSE POSITIVE,0.0020,0.969602551,0.017,295.142670,39.930710,15.522
4852528,Kepler-80 f,CONFIRMED,1.0000,0.986785834,0.0162,296.112580,39.978779,14.804
4862332,,FALSE POSITIVE,0.0020,0.8903331,0.0272,298.161290,39.900970,13.915
4863260,,FALSE POSITIVE,0.0000,0.987069622,0.0208,298.348210,39.976280,13.114
4902030,,FALSE POSITIVE,0.0000,0.878803439,0.0162,283.611570,40.056240,15.929
4917014,,FALSE POSITIVE,0.0000,0.796815149,0.021,289.769200,40.021091,11.971
4929299,,FALSE POSITIVE,0.0000,0.868723418,0.0169,293.351010,40.059711,14.774
4946584,,FALSE POSITIVE,0.0000,0.907943645,0.0191,297.360470,40.056141,13.819
4949214,,FALSE POSITIVE,0.0000,0.922030594,0.0196,297.930690,40.014961,14.351
4950232,,FALSE POSITIVE,0.0010,0.979442525,0.0181,298.140530,40.073872,15.747
5008501,,CANDIDATE,0.0450,0.968026356,0.0207,291.019710,40.177589,14.479
5018787,,FALSE POSITIVE,0.0000,0.607191908,0.0122,293.991240,40.189640,15.428
5024126,,FALSE POSITIVE,0.0000,0.787122102,0.0154,295.273740,40.133659,15.626
5024138,,FALSE POSITIVE,0.0000,0.416995408,0.0097,295.274870,40.195080,14.964
5024177,,FALSE POSITIVE,0.0000,0.787120016,0.0147,295.281100,40.132858,14.964
5024372,,FALSE POSITIVE,,0.561524348,0.0116,295.311770,40.197590,14.564
5033823,,CANDIDATE,1.0000,0.741768294,0.0186,297.273250,40.136761,13.469
5040077,,CANDIDATE,0.9990,0.896382269,0.0171,298.539670,40.183659,14.603
5040223,,FALSE POSITIVE,0.0000,0.996023763,0.0197,298.566680,40.128239,14.705
5041847,,FALSE POSITIVE,0.0000,0.914468919,0.018,298.912780,40.110851,14.582
5078025,,FALSE POSITIVE,0.0000,0.696286519,0.0152,283.723790,40.237560,15.034
5078025,,FALSE POSITIVE,0.0000,0.696290095,0.0152,283.723790,40.237560,15.034
5092655,,FALSE POSITIVE,,0.783258387,0.0147,289.791350,40.299431,15.729
5094301,,FALSE POSITIVE,,0.99519559,0.0175,290.269100,40.202160,10.291
5095635,,CANDIDATE,1.0000,0.754457729,0.0158,290.684690,40.255451,14.482
5097278,,FALSE POSITIVE,,0.73240662,0.0185,291.196200,40.261959,11.396
5108946,,FALSE POSITIVE,0.0000,0.591280187,0.0146,294.471250,40.278759,15.046
5111801,,FALSE POSITIVE,0.0000,0.562006231,0.0139,295.173680,40.290157,9.807
5119143,,FALSE POSITIVE,,0.530799654,0.014,296.684510,40.290588,12.328
5125048,,FALSE POSITIVE,0.0000,0.56818769,,298.020260,40.265659,11.941
5128966,,FALSE POSITIVE,0.0000,0.505322676,0.0123,298.895630,40.289490,14.457
5130563,,FALSE POSITIVE,0.0000,0.915782856,0.0195,299.186860,40.205929,13.806
5130890,,FALSE POSITIVE,,0.91057795,,299.246830,40.298660,11.965
5131276,,FALSE POSITIVE,0.9280,0.66882716,0.0231,299.321560,40.265339,11.598
5171707,,CANDIDATE,1.0000,0.813998812,0.0168,286.748570,40.365440,15.567
5174492,,FALSE POSITIVE,0.0000,0.720589427,0.0201,287.888820,40.386768,12.051
5174920,,FALSE POSITIVE,0.0000,0.950487062,0.0242,288.053160,40.369499,11.633
5175986,Kepler-1320 b,CONFIRMED,0.0000,0.868386354,0.0163,288.433590,40.380878,15.898
5196851,,FALSE POSITIVE,,0.541396363,0.0143,294.541050,40.308029,12.509
5199978,,FALSE POSITIVE,0.0000,0.550509602,0.0136,295.313020,40.352341,13.355
5201593,,FALSE POSITIVE,0.0000,0.50727675,0.0132,295.665250,40.363739,13.639
5208962,,CANDIDATE,0.9690,0.876850385,0.0197,297.191990,40.387951,14.878
5211470,,FALSE POSITIVE,0.0000,0.938074536,0.0224,297.708470,40.307590,13.094
5215508,,CANDIDATE,,0.8867443,,298.499940,40.333672,11.270
5215700,,FALSE POSITIVE,0.0000,0.656201038,0.0152,298.530400,40.398460,15.168
5216727,,FALSE POSITIVE,0.0000,0.756511623,0.0171,298.712490,40.341228,13.448
5217574,,FALSE POSITIVE,0.0000,0.89486317,0.0179,298.900120,40.303589,15.863
5269407,,FALSE POSITIVE,0.0000,0.958871144,0.0175,290.090790,40.461830,14.164
5271803,,FALSE POSITIVE,,0.5402463,0.0147,290.799190,40.411560,13.681
5282437,,FALSE POSITIVE,,0.992799002,0.0199,293.940120,40.447189,15.106
5282477,,FALSE POSITIVE,0.0000,0.992798625,0.0203,293.947940,40.455818,15.040
5300878,,FALSE POSITIVE,0.0000,0.639721284,0.0123,298.081880,40.478142,14.767
5301955,,FALSE POSITIVE,,0.68396452,,298.288970,40.468819,12.939
5306383,,FALSE POSITIVE,0.0000,0.842336445,0.0171,299.122860,40.489071,13.319
5307990,,FALSE POSITIVE,0.0010,0.98762513,0.0253,299.436000,40.477852,12.234
5308387,,FALSE POSITIVE,0.0000,0.620739667,0.0154,299.507510,40.477428,12.878
5308663,,FALSE POSITIVE,0.0000,0.784512952,0.0166,299.556000,40.456551,15.590
5308666,,FALSE POSITIVE,0.0000,0.784513087,0.0201,299.556340,40.460297,13.819
5308777,,FALSE POSITIVE,0.0000,0.944598153,0.0243,299.577300,40.498508,13.199
5340878,Kepler-1566 b,CONFIRMED,0.1460,0.539915033,0.0121,283.587620,40.574928,14.311
5371777,Kepler-1589 b,CONFIRMED,0.9920,0.991659646,0.0205,294.441800,40.571678,14.978
5387843,,FALSE POSITIVE,0.4060,0.870693883,0.0175,298.133910,40.530289,14.996
5388229,,FALSE POSITIVE,,0.61810542,0.0134,298.211180,40.512501,14.684
5389632,,FALSE POSITIVE,0.0050,0.474811162,0.0118,298.483250,40.585949,15.733
5391407,,FALSE POSITIVE,0.0000,0.638697833,0.0156,298.810520,40.540199,14.068
5391911,,FALSE POSITIVE,0.5580,0.782068488,0.0207,298.896730,40.578529,11.378
5397905,,FALSE POSITIVE,0.0000,0.618060842,0.0128,299.998200,40.550259,13.426
5428471,,FALSE POSITIVE,0.0000,0.75499096,0.016,284.348480,40.690659,15.708
5428668,,FALSE POSITIVE,0.0000,0.703399912,0.0155,284.444700,40.693508,15.728
5436161,,CANDIDATE,,0.644322147,0.0124,287.759160,40.657040,14.999
5440651,,FALSE POSITIVE,,0.502807253,0.0109,289.390780,40.654781,15.341
5444276,,CANDIDATE,,0.708965461,0.0164,290.485530,40.630699,12.798
5444334,,FALSE POSITIVE,0.0000,0.759763198,0.0158,290.501250,40.694500,15.916
5444392,,FALSE POSITIVE,0.0000,0.759764419,0.017,290.517400,40.696812,11.378
5444491,,FALSE POSITIVE,0.0000,0.759740194,0.0169,290.552550,40.688759,14.920
5456319,,FALSE POSITIVE,0.0000,0.937923475,0.0181,294.116490,40.681061,14.403
5471566,,FALSE POSITIVE,0.0000,0.9628348,0.0186,297.687590,40.670361,15.466
5471574,,FALSE POSITIVE,0.0000,0.962827066,0.0218,297.688810,40.643661,13.398
5471606,,FALSE POSITIVE,0.0000,0.962835804,0.0197,297.699740,40.641468,10.820
5471675,,FALSE POSITIVE,0.0000,0.962828092,0.0228,297.720370,40.650200,13.306
5471688,,FALSE POSITIVE,,0.96283264,0.0178,297.725040,40.644310,15.056
5471690,,FALSE POSITIVE,,0.962815183,0.0211,297.725310,40.640789,12.876
5474733,,FALSE POSITIVE,0.0000,0.883778461,0.0176,298.394900,40.628910,14.063
5475431,,CANDIDATE,0.7330,0.917568975,0.0186,298.513700,40.639622,14.456
5475494,,FALSE POSITIVE,0.0000,0.73619448,0.0167,298.526030,40.612091,15.145
5476671,,FALSE POSITIVE,0.0000,0.824180121,0.0168,298.755280,40.665218,14.638
5476671,,FALSE POSITIVE,0.0000,0.824181335,0.0168,298.755280,40.665218,14.638
5479717,,FALSE POSITIVE,0.0000,0.697996932,0.0141,299.332340,40.695030,15.859
5480884,,FALSE POSITIVE,0.0000,0.708726708,0.0125,299.546720,40.681911,15.986
5512513,,FALSE POSITIVE,0.0900,0.77459856,,283.698910,40.768040,14.737
5513012,Kepler-1310 b,CONFIRMED,1.0000,0.679336747,0.0148,283.920040,40.740131,14.159
5513822,,FALSE POSITIVE,,0.755109271,0.0153,284.322940,40.715210,13.292
5513833,,FALSE POSITIVE,0.0000,0.755101141,0.0092,284.330020,40.736401,15.237
5513857,,FALSE POSITIVE,0.0000,0.755101928,0.0153,284.348390,40.728260,15.443
5513861,,FALSE POSITIVE,0.0000,0.755105584,0.0173,284.352170,40.714710,11.638
5513866,,FALSE POSITIVE,0.0000,0.755111225,0.0163,284.354460,40.723286,13.573
5513893,,FALSE POSITIVE,0.0000,0.755103143,0.0174,284.369020,40.718491,13.009
5513897,,FALSE POSITIVE,0.0000,0.755109106,0.0157,284.371830,40.712971,13.974
5529552,,FALSE POSITIVE,0.0000,0.759768478,0.0158,290.488710,40.725182,15.318
5529560,,FALSE POSITIVE,0.0000,0.759755409,0.0172,290.490570,40.722191,15.259
5529643,,FALSE POSITIVE,0.0000,0.759766456,0.0168,290.511050,40.708569,15.932
5529738,,FALSE POSITIVE,0.0000,0.759762021,0.0171,290.536070,40.705849,14.871
5536715,,FALSE POSITIVE,,0.935086665,0.0203,292.778930,40.795631,13.993
5556726,,FALSE POSITIVE,0.0000,0.962825082,0.0216,297.620540,40.763020,12.173
5559651,,FALSE POSITIVE,0.0000,0.514771509,0.0124,298.225430,40.783989,14.198
5560830,,FALSE POSITIVE,0.0000,0.867719291,0.0179,298.494510,40.733608,14.445
5560831,,FALSE POSITIVE,0.0000,0.867721348,0.0173,298.494570,40.731586,16.090
5563080,,FALSE POSITIVE,0.0000,0.785473311,0.0155,298.923610,40.749538,14.333
5563937,,FALSE POSITIVE,0.0000,0.519437968,0.013,299.085360,40.774529,15.421
5598595,,FALSE POSITIVE,0.0000,0.648774274,0.013,283.752530,40.842369,15.399
5598639,,FALSE POSITIVE,0.0000,0.648775795,0.0136,283.777440,40.842037,10.201
5598645,,FALSE POSITIVE,0.0000,0.648772102,0.016,283.780030,40.818779,11.693
5621294,,FALSE POSITIVE,0.0000,0.938905082,0.0237,292.219270,40.893330,13.613
5621299,,FALSE POSITIVE,0.0000,0.93891532,0.021,292.220490,40.885670,13.910
5636642,,FALSE POSITIVE,0.0000,0.933489066,0.0178,296.330840,40.896259,16.428
5636648,,FALSE POSITIVE,0.0000,0.466743525,0.0116,296.333190,40.896259,15.330
5640511,,FALSE POSITIVE,,0.63624396,,297.156620,40.898788,11.290
5642620,,FALSE POSITIVE,0.0000,0.493393859,0.0106,297.590850,40.814960,15.398
5647008,,FALSE POSITIVE,0.4930,0.799868354,0.0161,298.526790,40.858391,14.335
5649833,,FALSE POSITIVE,0.0000,0.597933473,0.0147,299.078830,40.832291,13.364
5649836,,FALSE POSITIVE,0.0000,0.597933142,0.0139,299.079190,40.828976,16.377
5649837,,FALSE POSITIVE,0.0000,0.597934463,0.0136,299.079440,40.825642,15.248
5651829,,FALSE POSITIVE,0.9650,0.772152075,0.0163,299.465240,40.891090,13.308
5695904,,FALSE POSITIVE,0.0000,0.423854275,0.008,288.719790,40.986141,15.586
5696518,,FALSE POSITIVE,,0.96391996,,288.929080,40.917622,14.002
5696909,,FALSE POSITIVE,0.0000,0.643002821,0.0136,289.071110,40.978809,14.984
5696918,,FALSE POSITIVE,0.0000,0.643007769,0.011,289.073820,40.977531,14.800
5709103,,FALSE POSITIVE,0.0000,0.664727127,0.0149,292.932950,40.986401,12.879
5709889,,FALSE POSITIVE,1.0000,0.526887517,0.0103,293.170960,40.995590,14.694
5725087,,FALSE POSITIVE,0.0000,0.366197145,0.0122,296.967900,40.926769,11.059
5730380,,FALSE POSITIVE,0.0000,0.954873008,0.0182,298.058320,40.943069,11.800
5773121,,CANDIDATE,1.0000,0.524175803,0.0123,285.331540,41.063911,15.040
5785279,,CANDIDATE,0.8850,0.909127736,0.0177,290.012450,41.089989,15.195
5801571,,FALSE POSITIVE,0.0000,0.838597429,0.0188,294.913300,41.074711,14.784
5802246,,FALSE POSITIVE,0.0000,0.525154153,0.0119,295.098660,41.007038,15.058
5816165,,FALSE POSITIVE,0.0000,0.591914504,0.0123,298.200350,41.011688,15.643
5817986,,FALSE POSITIVE,0.0000,0.584310213,0.0136,298.555760,41.034061,15.361
5876368,,FALSE POSITIVE,0.0000,0.525426427,0.0122,291.821810,41.112690,14.797
5887316,,FALSE POSITIVE,0.3620,0.603086711,0.0147,295.045590,41.104210,13.989
5895588,,FALSE POSITIVE,0.1320,0.849277809,0.0173,296.994050,41.129471,15.845
5897826,,CANDIDATE,0.9970,0.875197345,0.0189,297.475860,41.114288,13.109
5900390,,FALSE POSITIVE,0.0000,0.624677585,0.0188,298.043180,41.195000,12.789
5908086,,FALSE POSITIVE,0.0000,0.93705132,0.0261,299.649960,41.113209,11.674
5942808,,CANDIDATE,1.0000,0.626281766,0.0133,285.216670,41.282429,15.622
5951140,,CANDIDATE,,0.52740121,0.0097,288.888490,41.246738,14.353
5952309,,FALSE POSITIVE,0.0000,0.905678252,0.0181,289.263000,41.266380,14.920
5952366,,FALSE POSITIVE,0.0000,0.905679492,0.0184,289.276580,41.259754,13.380
5952403,,FALSE POSITIVE,0.0000,0.905677864,0.0234,289.287410,41.264809,6.966
5952448,,FALSE POSITIVE,0.0000,0.905675699,0.0182,289.297000,41.285488,15.384
5952457,,FALSE POSITIVE,0.0000,0.905672916,0.0164,289.299770,41.278751,15.283
5956776,,FALSE POSITIVE,0.0000,0.569115097,0.0152,290.648280,41.234070,16.747
5956787,,FALSE POSITIVE,0.0000,0.569115976,0.0116,290.651250,41.234505,12.093
5962509,,FALSE POSITIVE,0.0000,0.790049989,0.0156,292.538090,41.206612,15.530
5962514,,FALSE POSITIVE,0.0000,0.790046373,0.0186,292.539860,41.211590,14.838
5972334,,CANDIDATE,0.9980,0.708621057,0.0149,295.287230,41.221958,14.991
5980061,,FALSE POSITIVE,0.0000,0.630539713,0.0138,297.043880,41.284012,15.476
5980208,Kepler-1331 b,CONFIRMED,1.0000,0.789160884,0.0142,297.073790,41.224480,15.031
5980800,,FALSE POSITIVE,,0.828326025,0.0163,297.203520,41.228909,15.044
5991070,,FALSE POSITIVE,0.4240,0.94102954,0.0204,299.372680,41.236671,13.134
5992210,,FALSE POSITIVE,0.0120,0.641069613,0.0143,299.608250,41.268341,14.098
6028860,,FALSE POSITIVE,0.0000,0.422015793,0.0104,286.920560,41.371151,14.403
6041511,,FALSE POSITIVE,0.0000,0.97705114,0.0216,291.531250,41.389069,13.566
6042031,,FALSE POSITIVE,0.0000,0.537110149,0.0141,291.690670,41.332878,13.078
6044553,,FALSE POSITIVE,0.0000,0.532086296,0.0118,292.487030,41.311119,15.397
6045250,,FALSE POSITIVE,0.0000,0.909310626,0.0192,292.694890,41.336418,14.971
6046311,,FALSE POSITIVE,0.0000,0.957476003,0.019,293.021330,41.355999,13.483
6047498,,FALSE POSITIVE,0.0000,0.51872711,0.0119,293.385560,41.349819,15.348
6048255,,FALSE POSITIVE,0.0000,0.57627248,,293.606480,41.306278,13.865
6057684,,FALSE POSITIVE,0.0000,0.54028956,0.0134,296.087800,41.316841,14.568
6058875,,FALSE POSITIVE,0.0000,0.56493412,0.011,296.370360,41.390469,15.839
6058896,,FALSE POSITIVE,0.0000,0.56493398,0.0121,296.373660,41.391830,14.784
6066107,,FALSE POSITIVE,,0.82883944,,298.064540,41.308311,11.597
6068947,,FALSE POSITIVE,,0.573036404,0.0136,298.742980,41.386292,13.302
6103049,,FALSE POSITIVE,0.0000,0.643171495,0.0139,283.768220,41.441120,15.147
6114140,,CANDIDATE,0.0000,0.933745798,0.0195,288.770900,41.412571,15.485
6115516,,FALSE POSITIVE,0.0000,0.865759153,0.0185,289.250120,41.484871,15.232
6126076,,FALSE POSITIVE,0.0000,0.909314811,0.019,292.614260,41.437229,12.730
6129524,Kepler-1379 b,CONFIRMED,1.0000,0.88184263,0.0171,293.670470,41.410252,15.919
6129694,,FALSE POSITIVE,0.0000,0.936751792,0.0239,293.718110,41.430939,13.205
6152521,,FALSE POSITIVE,0.0000,0.94895231,0.0221,299.121610,41.424450,12.669
6153201,,FALSE POSITIVE,,0.530300102,0.0133,299.260380,41.420231,15.435
6183511,,CANDIDATE,0.9580,0.727331746,0.0115,283.401950,41.516331,15.527
6185496,,FALSE POSITIVE,0.0000,0.47462889,0.0109,284.362030,41.577549,15.692
6187341,,FALSE POSITIVE,1.0000,0.492291661,0.0108,285.256160,41.595589,15.986
6187888,,FALSE POSITIVE,0.0000,0.789171236,0.0154,285.516880,41.534321,15.352
6199702,,FALSE POSITIVE,0.0000,0.805259637,0.0174,290.126040,41.599430,14.633
6199716,,FALSE POSITIVE,0.0000,0.805267592,0.0179,290.130070,41.599800,15.881
6207053,,FALSE POSITIVE,0.0000,0.604755462,0.013,292.501500,41.549061,15.553
6209637,,FALSE POSITIVE,,0.73452496,,293.287990,41.560455,13.220
6233573,,FALSE POSITIVE,0.0000,0.587470828,0.0147,299.064910,41.508301,13.744
6265792,Kepler-1338 b,CONFIRMED,0.9750,0.935115863,0.0193,284.042330,41.699139,13.615
6279974,,FALSE POSITIVE,0.0000,0.805259257,0.0183,290.126530,41.601082,13.742
6283224,,FALSE POSITIVE,0.0000,0.76647343,0.0149,291.191500,41.667210,15.572
6294819,Kepler-1368 b,CONFIRMED,0.9980,0.675650404,0.0153,294.766970,41.644680,15.892
6310636,Kepler-929 b,CONFIRMED,1.0000,0.921030497,0.0192,298.481110,41.615341,14.542
6311520,,FALSE POSITIVE,0.0000,0.941840589,0.0189,298.677310,41.640282,13.956
6311681,,FALSE POSITIVE,0.0000,0.844786082,0.0167,298.711520,41.635792,15.363
6362874,Kepler-775 b,CONFIRMED,1.0000,0.974868896,0.0187,291.433290,41.703442,13.507
6363560,,FALSE POSITIVE,0.0000,0.907818056,0.0188,291.653500,41.741772,13.532
6365321,,FALSE POSITIVE,0.0010,0.848483947,0.0177,292.236790,41.739300,15.323
6387887,,FALSE POSITIVE,0.0000,0.650701055,0.0217,298.185360,41.733952,17.037
6390236,,FALSE POSITIVE,0.0000,0.89879279,0.0184,298.672330,41.776218,11.203
6390824,,FALSE POSITIVE,0.0000,0.973547911,0.0189,298.794980,41.759769,15.460
6423922,,CANDIDATE,0.4130,0.9951412,0.0091,284.239900,41.819042,15.673
6432059,,FALSE POSITIVE,,0.76973817,,288.039890,41.818359,14.840
6442602,,FALSE POSITIVE,0.1130,0.56678228,0.0121,291.721980,41.842468,15.530
6443392,,FALSE POSITIVE,0.0000,0.776976021,0.0168,291.992980,41.884125,12.723
6452742,,FALSE POSITIVE,0.6100,0.687772143,0.0143,294.883510,41.800461,14.726
6461850,,FALSE POSITIVE,0.0000,0.544962596,0.0116,297.101530,41.876862,15.966
6464285,,FALSE POSITIVE,0.0000,0.843651274,0.0153,297.670960,41.875980,13.826
6468337,,FALSE POSITIVE,0.0000,0.959853772,0.0194,298.557860,41.825630,11.787
6469946,,FALSE POSITIVE,0.0000,0.715802309,0.0147,298.906800,41.835629,15.579
6516874,,FALSE POSITIVE,0.0000,0.916326699,0.0188,290.096950,41.970680,15.896
6519865,,FALSE POSITIVE,0.0000,0.566813677,0.0136,291.011380,41.906979,15.644
6522353,,FALSE POSITIVE,0.0010,0.845097627,0.0167,291.798650,41.963551,15.685
6525946,,CANDIDATE,0.9940,0.496069986,0.0112,292.954160,41.934799,15.357
6527016,,FALSE POSITIVE,0.0000,0.542636318,0.0125,293.272130,41.951420,14.458
6527050,,FALSE POSITIVE,,0.87985197,,293.282900,41.969261,15.867
6531485,,FALSE POSITIVE,0.0000,0.676990194,0.0146,294.587890,41.914261,15.553
6531496,,FALSE POSITIVE,0.0000,0.512869432,0.0125,294.590520,41.946510,16.095
6531801,,FALSE POSITIVE,,0.515875396,0.0138,294.677250,41.904640,13.591
6584167,,FALSE POSITIVE,0.0000,0.733724504,0.0154,283.725070,42.027374,13.436
6590362,,FALSE POSITIVE,0.0000,0.592618966,0.0137,286.451260,42.012489,14.973
6592335,,CANDIDATE,,0.824000125,0.0113,287.262150,42.032310,15.896
6592832,,FALSE POSITIVE,0.0190,0.924821319,0.0185,287.473690,42.003750,15.293
6593734,,FALSE POSITIVE,0.0000,0.58675746,0.0139,287.828770,42.061642,15.509
6606669,,FALSE POSITIVE,0.0000,0.970085646,0.0241,291.993160,42.049259,12.026
6607286,,CANDIDATE,1.0000,0.783276173,0.0165,292.178590,42.005909,15.005
6607644,Kepler-1559 b,CONFIRMED,0.9870,0.971915957,0.018,292.286590,42.072460,14.500
6610064,,FALSE POSITIVE,0.0000,0.584148495,0.013,292.978670,42.056492,13.949
6610433,,FALSE POSITIVE,0.0000,0.92098747,,293.087490,42.024651,10.206
6614629,,FALSE POSITIVE,0.0000,0.526615152,0.0133,294.253390,42.062382,12.428
6628740,,FALSE POSITIVE,0.0000,0.532854237,0.0133,297.580780,42.061459,13.644
6629156,,FALSE POSITIVE,0.0000,0.71538172,,297.669740,42.088860,14.670
6630943,,FALSE POSITIVE,0.0000,0.690405794,0.0138,298.031040,42.052479,14.606
6665064,,FALSE POSITIVE,0.0000,0.698359996,0.0156,281.649990,42.132061,15.183
6666233,,FALSE POSITIVE,0.0000,0.512407185,0.0104,282.284390,42.154190,14.780
6670075,,FALSE POSITIVE,0.0000,0.759706632,0.0206,284.032930,42.168709,12.438
6674908,,FALSE POSITIVE,0.0000,0.503199724,0.0106,286.176700,42.196529,14.155
6679504,,FALSE POSITIVE,0.0200,0.798467681,0.015,288.009830,42.149960,15.890
6690836,Kepler-1317 b,CONFIRMED,1.0000,0.568874717,0.0128,291.611880,42.115971,15.230
6697716,,FALSE POSITIVE,0.0000,0.721624431,0.0139,293.594670,42.143082,14.424
6697756,Kepler-1351 b,CONFIRMED,0.9920,0.916142298,0.0156,293.608730,42.197681,14.107
6750902,,FALSE POSITIVE,1.0000,0.469334634,0.0115,281.243070,42.254929,14.670
6755944,Kepler-1547 b,CONFIRMED,1.0000,0.692978457,0.0165,283.764070,42.222172,13.447
6774408,,FALSE POSITIVE,,0.85450941,0.0169,290.873410,42.277828,12.812
6778008,,FALSE POSITIVE,0.0000,0.945829261,0.0185,292.013790,42.288750,15.263
6778019,,FALSE POSITIVE,0.0000,0.945825494,0.0199,292.015810,42.286572,14.762
6783732,,FALSE POSITIVE,0.0000,0.721335207,0.0158,293.668030,42.223511,13.982
6792124,,FALSE POSITIVE,0.0000,0.52880817,0.0141,295.784820,42.285679,13.274
6804648,,FALSE POSITIVE,0.0000,0.700606479,0.0171,298.482570,42.240379,12.609
6806695,,FALSE POSITIVE,0.0000,0.855922327,0.0159,298.901610,42.212799,14.663
6867588,,CANDIDATE,1.0000,0.82628442,0.0166,293.137050,42.350479,14.434
6877871,,FALSE POSITIVE,,0.536869783,0.0137,295.807250,42.372341,14.801
6878167,,FALSE POSITIVE,0.0000,0.833980196,0.017,295.876340,42.364819,14.657
6929016,,FALSE POSITIVE,0.0000,0.733726452,0.0152,284.503910,42.463860,15.770
6934291,Kepler-828 b,CONFIRMED,1.0000,0.567856484,0.0125,286.887270,42.471260,15.055
6953219,,FALSE POSITIVE,,0.566802325,0.0123,293.249020,42.446621,14.905
6953281,,FALSE POSITIVE,0.0000,0.566799395,0.0139,293.267270,42.428070,15.557
6956014,,FALSE POSITIVE,0.0000,0.925589891,0.0181,294.031800,42.468845,10.795
6962018,,FALSE POSITIVE,0.0000,0.634946497,0.013,295.543730,42.428429,14.791
6962901,,FALSE POSITIVE,0.0000,0.977170246,0.0231,295.747590,42.401630,12.439
6964929,Kepler-1340 b,CONFIRMED,0.9410,0.665025941,0.0153,296.232820,42.472790,14.758
6974658,,CANDIDATE,0.9990,0.716531851,0.0149,298.298190,42.434368,13.458
6974867,,FALSE POSITIVE,0.0000,0.887691177,0.02,298.337220,42.432911,12.386
7008149,,FALSE POSITIVE,,0.51554111,,281.559360,42.520489,15.786
7008149,,FALSE POSITIVE,0.0010,0.515552803,0.0112,281.559360,42.520489,15.786
7031066,,FALSE POSITIVE,0.0000,0.566805514,0.0127,290.962890,42.570709,14.943
7031126,,FALSE POSITIVE,0.0000,0.566802672,0.0127,290.985840,42.595551,13.945
7031132,,FALSE POSITIVE,0.0000,0.566795196,0.0134,290.987670,42.531670,12.818
7031208,,FALSE POSITIVE,0.0000,0.566796331,0.0138,291.011600,42.553822,15.322
7031340,,FALSE POSITIVE,0.0000,0.566769068,0.0127,291.057100,42.583359,14.447
7031430,,FALSE POSITIVE,0.0000,0.566796775,0.0096,291.089290,42.590969,15.510
7031726,,FALSE POSITIVE,0.0000,0.566793534,0.0146,291.186860,42.591022,11.476
7031732,,FALSE POSITIVE,0.0000,0.566798827,0.0127,291.188630,42.590710,13.656
7031742,,FALSE POSITIVE,0.0000,0.566785459,0.0139,291.193050,42.556541,15.329
7031767,,FALSE POSITIVE,0.0000,0.56678012,0.0133,291.203430,42.526718,14.311
7031898,,FALSE POSITIVE,0.0000,0.566792595,0.0132,291.246640,42.562382,12.982
7031942,,FALSE POSITIVE,0.0000,0.566795467,0.0129,291.257780,42.580139,13.867
7031948,,FALSE POSITIVE,0.0000,0.566800113,0.0109,291.260160,42.584019,15.765
7031992,,FALSE POSITIVE,0.0000,0.56679293,0.0132,291.276060,42.593521,15.787
7032001,,FALSE POSITIVE,0.0000,0.566810643,0.0126,291.278590,42.537380,14.844
7032117,,FALSE POSITIVE,0.0000,0.566809491,0.0115,291.319400,42.549500,14.873
7032174,,FALSE POSITIVE,,0.566799218,0.0128,291.336700,42.534420,11.983
7032383,,FALSE POSITIVE,0.0000,0.566797404,0.0121,291.406520,42.582218,15.354
7032421,,FALSE POSITIVE,,0.56683399,,291.418330,42.579819,14.792
7032568,,FALSE POSITIVE,0.0000,0.566792936,0.0133,291.460330,42.581261,13.831
7032687,,FALSE POSITIVE,0.0000,0.5668004,0.0133,291.494870,42.533310,15.770
7032968,,FALSE POSITIVE,,0.56678702,0.0128,291.586240,42.509930,11.786
7037540,,FALSE POSITIVE,,0.858285844,0.0179,293.020360,42.508835,14.808
7038096,,FALSE POSITIVE,0.0000,0.566803149,0.0142,293.184080,42.528019,14.650
7045435,,FALSE POSITIVE,0.0000,0.93479255,0.0178,295.189760,42.523319,14.198
7050754,,FALSE POSITIVE,,0.615787196,0.0158,296.414830,42.587559,13.921
7051984,,CANDIDATE,0.0000,0.339069751,0.0102,296.701900,42.508652,12.771
7052511,,FALSE POSITIVE,,0.821472455,0.016,296.820280,42.514198,15.758
7102227,,CANDIDATE,0.9210,0.764017553,0.0154,286.410000,42.681549,15.596
7107561,,FALSE POSITIVE,0.0000,0.812587678,0.0187,288.493130,42.692478,13.429
7107567,,FALSE POSITIVE,0.5680,0.812592362,0.0191,288.495670,42.695560,14.235
7115200,,FALSE POSITIVE,0.0000,0.566801447,0.0135,290.968690,42.619678,12.766
7115332,,FALSE POSITIVE,0.0000,0.566794934,0.0138,291.014740,42.653309,14.944
7115384,,FALSE POSITIVE,,0.566793614,0.0133,291.032260,42.650471,10.628
7115463,,FALSE POSITIVE,0.0000,0.566800287,0.0136,291.065000,42.636650,15.124
7115550,,FALSE POSITIVE,0.0000,0.566814046,0.0127,291.088870,42.613899,14.225
7115597,,FALSE POSITIVE,0.0000,0.566791946,0.0138,291.104680,42.645309,15.915
7115661,,FALSE POSITIVE,0.0000,0.566800926,0.0134,291.123540,42.663353,10.624
7115671,,FALSE POSITIVE,0.0000,0.566805859,0.0146,291.126950,42.624390,13.857
7115785,,FALSE POSITIVE,0.0000,0.56680081,0.013,291.169530,42.640808,13.998
7115878,,FALSE POSITIVE,0.0000,0.566790294,0.0134,291.199550,42.686722,14.897
7115925,,FALSE POSITIVE,0.0000,0.566801617,0.0143,291.213380,42.625599,12.528
7116043,,FALSE POSITIVE,0.0000,0.566799725,0.0131,291.247070,42.626389,14.530
7116117,,FALSE POSITIVE,,0.566801886,0.0163,291.269900,42.692009,10.238
7116226,,FALSE POSITIVE,0.0000,0.566801325,0.0138,291.309630,42.616520,15.420
7116236,,FALSE POSITIVE,0.0000,0.566793818,0.0128,291.312440,42.618011,15.670
7116282,,FALSE POSITIVE,0.0000,0.566798676,0.0124,291.328400,42.643028,15.591
7116519,,FALSE POSITIVE,0.0000,0.56676437,0.0139,291.397430,42.617020,15.770
7116859,,FALSE POSITIVE,0.0000,0.5667638,0.0128,291.497250,42.618191,15.163
7117126,,FALSE POSITIVE,0.0000,0.566717263,0.013,291.584080,42.622181,13.724
7117147,,FALSE POSITIVE,0.0000,0.566812588,0.0134,291.590700,42.669891,12.756
7117355,,FALSE POSITIVE,0.0000,0.566798364,0.0135,291.658390,42.632439,14.895
7117485,,FALSE POSITIVE,0.0000,0.566789505,0.0128,291.707210,42.613350,15.456
7117513,,FALSE POSITIVE,0.0000,0.566797474,0.0139,291.715700,42.687870,15.916
7117549,,FALSE POSITIVE,0.0000,0.566805268,0.014,291.728060,42.680408,15.061
7117710,,FALSE POSITIVE,0.0000,0.56679641,0.0134,291.771360,42.671249,13.686
7177766,,FALSE POSITIVE,0.0000,0.769358923,0.0185,283.111360,42.761070,12.055
7185487,,FALSE POSITIVE,,0.53482911,0.0072,286.618960,42.778561,16.670
7198648,,FALSE POSITIVE,0.0000,0.566799833,0.0128,291.283110,42.741859,15.524
7199724,,FALSE POSITIVE,0.0000,0.566795586,0.0137,291.593570,42.719299,14.549
7199756,,FALSE POSITIVE,0.0000,0.566781152,0.0104,291.606020,42.703720,15.742
7199883,,FALSE POSITIVE,0.0000,0.566799125,0.0136,291.644590,42.722351,13.568
7199935,,FALSE POSITIVE,0.0000,0.566795728,0.0134,291.657590,42.729649,13.379
7200225,,FALSE POSITIVE,0.0000,0.566780836,0.0136,291.743350,42.769482,15.328
7200301,,FALSE POSITIVE,0.0000,0.566791802,0.0134,291.768280,42.757221,14.702
7200485,,FALSE POSITIVE,0.0000,0.566796615,0.0131,291.829650,42.737679,15.111
7204073,,FALSE POSITIVE,0.0000,0.566801906,0.0111,292.959260,42.799252,12.663
7211879,,FALSE POSITIVE,0.0000,0.594310785,0.0135,295.160980,42.799129,15.349
7214090,,FALSE POSITIVE,0.0000,0.577910513,0.0134,295.694820,42.756962,15.733
7220320,,FALSE POSITIVE,0.0000,0.752158047,0.0175,297.108150,42.752918,14.082
7220322,,FALSE POSITIVE,0.0000,0.752159702,0.0162,297.108370,42.751663,11.884
7259249,,FALSE POSITIVE,0.0000,0.950735805,0.0196,282.927730,42.806080,15.156
7269881,,FALSE POSITIVE,0.0000,0.306937807,0.0081,287.735720,42.823421,14.409
7280953,,FALSE POSITIVE,0.0000,0.56680208,,291.453130,42.851227,13.072
7281217,,FALSE POSITIVE,0.0000,0.566810701,0.0124,291.528690,42.866970,15.644
7281229,,FALSE POSITIVE,0.0000,0.566813319,0.014,291.533110,42.838470,15.972
7281399,,FALSE POSITIVE,0.0000,0.566803996,0.0111,291.583470,42.830051,15.989
7281410,,FALSE POSITIVE,,0.56681118,,291.586820,42.890133,11.580
7281411,,FALSE POSITIVE,0.0000,0.566804221,0.0115,291.586820,42.827621,15.776
7281454,,FALSE POSITIVE,0.0000,0.566805887,0.0111,291.601750,42.863880,14.648
7281484,,FALSE POSITIVE,0.0000,0.566800593,0.0143,291.610110,42.810459,12.318
7281616,,FALSE POSITIVE,0.0000,0.566799927,0.012,291.647250,42.861191,15.888
7281668,,FALSE POSITIVE,0.0000,0.566798545,0.0134,291.671230,42.812359,13.519
7281694,,FALSE POSITIVE,0.0000,0.566807725,0.0133,291.681670,42.809319,13.903
7281699,,FALSE POSITIVE,0.0000,0.566786121,0.0131,291.683140,42.884411,15.768
7282008,,FALSE POSITIVE,0.0000,0.56679797,0.0128,291.777130,42.845871,15.877
7282042,,FALSE POSITIVE,0.0000,0.566803216,0.0138,291.787960,42.834099,13.449
7282154,,FALSE POSITIVE,0.0000,0.56678694,0.0122,291.825010,42.866508,15.817
7282168,,FALSE POSITIVE,0.0000,0.56681727,0.0123,291.830510,42.867729,14.916
7284688,,FALSE POSITIVE,,0.323021692,0.0087,292.630000,42.829338,11.234
7285616,,FALSE POSITIVE,0.0000,0.566802891,0.0148,292.918790,42.850082,12.982
7285673,,FALSE POSITIVE,0.0000,0.566801045,0.0129,292.935520,42.824871,14.498
7296086,,FALSE POSITIVE,0.0000,0.890737359,0.018,295.785950,42.844280,14.624
7296094,,FALSE POSITIVE,0.0050,0.890745373,0.0182,295.788120,42.846355,18.590
7335514,,CANDIDATE,0.9970,0.576732089,0.0121,280.776860,42.924541,13.291
7335713,,FALSE POSITIVE,0.0000,0.573709256,0.0159,280.902440,42.935719,12.436
7335972,,FALSE POSITIVE,0.0000,0.579770948,0.0135,281.043610,42.975761,15.298
7362450,,FALSE POSITIVE,0.0000,0.566807422,0.0132,291.682830,42.932812,12.900
7362534,,FALSE POSITIVE,,0.566789763,0.0126,291.708130,42.969410,13.767
7362632,,FALSE POSITIVE,0.0000,0.566811926,0.0132,291.741910,42.958309,15.444
7366036,,FALSE POSITIVE,0.0000,0.566801506,0.0135,292.799620,42.990330,11.656
7366065,,FALSE POSITIVE,,0.566803738,0.0136,292.808290,42.976021,14.313
7375795,,FALSE POSITIVE,0.0000,0.691666384,0.0144,295.510680,42.930565,13.601
7381695,,FALSE POSITIVE,0.0860,0.948683571,0.0186,296.935940,42.954231,15.800
7418173,,FALSE POSITIVE,0.0000,0.780632043,0.0165,281.575710,43.068111,13.331
7431709,,FALSE POSITIVE,0.0000,0.572513875,0.0125,287.394170,43.080681,15.078
7433585,,FALSE POSITIVE,0.0000,0.545544979,0.0131,288.147640,43.099709,14.914
7435780,,FALSE POSITIVE,0.0000,0.933157032,0.0198,288.975890,43.099178,15.013
7448023,,FALSE POSITIVE,0.0000,0.566816802,0.0119,292.756530,43.036888,15.678
7458309,,FALSE POSITIVE,0.0000,0.660629055,0.0145,295.549500,43.047722,13.872
7458433,,FALSE POSITIVE,0.0000,0.66062715,0.0154,295.579470,43.063560,14.162
7461307,,FALSE POSITIVE,0.0000,0.77359329,0.0163,296.236970,43.014149,14.615
7461314,,FALSE POSITIVE,0.0000,0.773595312,0.0166,296.238560,43.021790,14.882
7461521,,CANDIDATE,1.0000,0.7735301,0.017,296.283840,43.033981,14.752
7470491,,FALSE POSITIVE,0.0000,0.902222843,0.0224,298.146030,43.075199,13.547
7516809,,FALSE POSITIVE,,0.241842544,0.0073,288.246150,43.135841,15.525
7582691,,CANDIDATE,1.0000,0.259819659,0.0065,281.116460,43.282440,15.174
7584778,,FALSE POSITIVE,0.0000,0.622303871,0.0129,282.315120,43.266312,14.519
7597005,,FALSE POSITIVE,0.0000,0.704541784,0.0161,288.087980,43.208172,15.192
7601918,,FALSE POSITIVE,0.0000,0.621361411,0.0148,289.980960,43.299492,12.696
7605093,Kepler-1356 b,CONFIRMED,1.0000,0.634003002,0.0136,290.995360,43.243938,15.760
7613246,,FALSE POSITIVE,0.0000,0.769127296,0.016,293.571230,43.286480,14.980
7613620,,CANDIDATE,0.8000,0.619023176,0.0142,293.671140,43.217609,15.775
7631194,,FALSE POSITIVE,0.0000,0.811390968,0.0238,298.050320,43.233170,11.817
7668416,,CANDIDATE,1.0000,0.858546796,0.0167,286.148040,43.369202,15.247
7671594,,FALSE POSITIVE,,0.705174384,0.0097,287.635860,43.370770,15.815
7681230,,FALSE POSITIVE,0.0000,0.962590772,0.0198,291.364230,43.385921,14.843
7690855,,FALSE POSITIVE,0.0000,0.786260569,0.0136,294.531490,43.398659,14.040
7694615,,FALSE POSITIVE,0.0000,0.631106722,0.0135,295.666720,43.370350,13.572
7707736,,FALSE POSITIVE,0.0000,0.758355704,0.0155,298.897640,43.394459,15.617
7707742,,FALSE POSITIVE,0.0000,0.758354475,0.0186,298.899540,43.395641,16.975
7733540,,FALSE POSITIVE,,0.77258608,,283.013820,43.483109,15.214
7741048,,FALSE POSITIVE,0.0010,0.843400322,0.0177,287.026860,43.405682,13.018
7749002,,CANDIDATE,0.8680,0.609926502,0.0144,290.391720,43.440338,15.682
7755741,,FALSE POSITIVE,,0.874236216,0.0265,292.787020,43.416039,13.752
7769072,,FALSE POSITIVE,0.0000,0.60886299,0.0153,296.839690,43.408051,13.886
7777365,,FALSE POSITIVE,0.0000,0.88512187,0.0168,298.834930,43.419510,15.871
7777372,,FALSE POSITIVE,0.0000,0.885123683,0.0181,298.836730,43.443020,14.152
7777471,,FALSE POSITIVE,0.0000,0.885131111,0.0178,298.861020,43.417679,14.549
7777522,,FALSE POSITIVE,0.0000,0.885129679,0.0178,298.874180,43.440891,15.766
7800285,,FALSE POSITIVE,0.0000,0.533000886,0.0124,281.659610,43.587891,15.042
7811211,,CANDIDATE,,0.902403563,0.0172,287.570620,43.531738,14.596
7812455,,FALSE POSITIVE,0.0000,0.903583394,0.0191,288.170810,43.501202,14.811
7818447,,FALSE POSITIVE,0.0000,0.618952198,0.0065,290.479280,43.505268,13.593
7826620,Kepler-1579 b,CONFIRMED,0.9960,0.849906734,0.014,293.288020,43.514992,15.220
7841925,,CANDIDATE,0.9440,0.840594032,0.0161,297.724270,43.527431,14.480
7842610,,FALSE POSITIVE,0.0000,0.971933156,0.0184,297.896580,43.563889,15.289
7870250,,FALSE POSITIVE,0.0000,0.580724809,0.0136,282.157440,43.689152,14.569
7870282,,FALSE POSITIVE,0.0000,0.580725004,0.013,282.172030,43.696510,15.236
7885558,,FALSE POSITIVE,0.0000,0.864651455,0.0175,289.970640,43.662239,14.901
7886329,,FALSE POSITIVE,0.0000,0.567493852,0.0134,290.234070,43.662060,13.205
7907808,,CANDIDATE,0.9990,0.655939788,0.0145,297.083010,43.679951,14.511
7919516,,FALSE POSITIVE,0.0000,0.575445783,0.0149,299.904270,43.694950,13.022
7938883,,FALSE POSITIVE,0.0000,0.489682339,0.01,282.193080,43.733219,16.946
7941635,,FALSE POSITIVE,0.7680,0.762724045,0.0155,283.570100,43.736118,14.500
7954278,,CANDIDATE,0.9990,0.306702491,0.008,289.825990,43.725231,15.229
7967517,,FALSE POSITIVE,0.0000,0.579516759,0.014,294.416930,43.799587,13.559
7976136,,FALSE POSITIVE,0.0000,0.655094658,0.0153,297.013820,43.724930,15.543
7985167,,FALSE POSITIVE,0.0000,0.692239369,0.0149,299.200070,43.795940,12.958
7985733,,FALSE POSITIVE,0.0000,0.544561598,0.0155,299.333680,43.717815,12.122
8019043,,FALSE POSITIVE,0.0000,0.80489537,,288.087490,43.876141,11.427
8030339,,FALSE POSITIVE,0.0000,0.65244373,0.0141,292.395390,43.869068,15.665
8043721,,FALSE POSITIVE,0.2160,0.77957913,0.0163,296.661770,43.811432,15.703
8043882,,FALSE POSITIVE,0.0000,0.779609509,0.0165,296.711400,43.858150,15.211
8043968,,FALSE POSITIVE,0.0000,0.779615874,0.0164,296.732910,43.864319,15.292
8047283,,FALSE POSITIVE,0.0000,0.77544539,0.0163,297.556210,43.854988,15.640
8076630,,FALSE POSITIVE,0.0000,0.861643331,0.0156,282.216460,43.933590,14.614
8094120,,FALSE POSITIVE,0.0000,0.706423768,0.0162,290.550870,43.994362,12.892
8094140,,FALSE POSITIVE,0.0000,0.706428634,0.014,290.557160,43.987350,15.159
8110757,,CANDIDATE,0.9750,0.518060209,0.0118,296.184780,43.980751,14.463
8110758,,FALSE POSITIVE,0.0000,0.518071538,0.0126,296.185180,43.978649,14.013
8112324,,FALSE POSITIVE,0.0000,0.575925434,0.0118,296.647640,43.995041,14.563
8123937,,FALSE POSITIVE,,0.503201954,0.0135,299.482060,43.916603,11.626
8129641,,FALSE POSITIVE,0.0000,0.808106001,0.0172,300.954160,43.991718,15.940
8145789,,FALSE POSITIVE,0.0000,0.835315046,0.0152,282.752410,44.048721,15.314
8155368,,FALSE POSITIVE,0.0000,0.718643659,0.0155,287.804810,44.049191,15.121
8162376,,FALSE POSITIVE,0.0000,0.706430188,0.0129,290.590760,44.002579,14.001
8179190,,FALSE POSITIVE,0.0000,0.662457501,0.016,296.247800,44.076790,12.721
8181016,,FALSE POSITIVE,,0.70914232,0.0136,296.784300,44.069012,14.677
8189801,,CANDIDATE,1.0000,0.66682654,0.0123,298.926390,44.002190,15.745
8192861,,FALSE POSITIVE,,0.552141897,0.0128,299.714080,44.037189,13.866
8195877,,FALSE POSITIVE,0.0000,0.75509861,0.0155,300.568300,44.029549,13.441
8211824,,FALSE POSITIVE,,0.84112187,0.0153,281.744600,44.169640,16.055
8231299,,FALSE POSITIVE,0.0000,0.562273947,0.0121,291.064180,44.170399,13.042
8235924,Kepler-1203 b,CONFIRMED,0.1500,0.588001053,0.0114,292.773380,44.178131,14.934
8240861,,FALSE POSITIVE,0.0000,0.449249224,0.0117,294.471310,44.123440,15.282
8245108,,FALSE POSITIVE,0.0000,0.579108481,0.0109,295.814850,44.193340,15.815
8254882,,FALSE POSITIVE,0.0000,0.92565941,0.0203,298.387540,44.151962,12.600
8258103,,FALSE POSITIVE,,0.594003994,0.0174,299.202390,44.141750,11.548
8260198,,FALSE POSITIVE,0.0000,0.955297055,0.0168,299.782070,44.199810,15.450
8265156,,FALSE POSITIVE,0.0010,0.978362973,0.0219,301.134280,44.100128,12.340
8265990,,FALSE POSITIVE,,0.77996263,0.0168,301.362610,44.173409,13.417
8266276,,FALSE POSITIVE,0.0220,0.837898153,0.016,301.469300,44.159649,15.720
8278371,Kepler-780 b,CONFIRMED,1.0000,0.677374687,0.015,281.766390,44.292549,13.326
8283875,,CANDIDATE,0.9370,0.800263219,0.014,284.772670,44.249371,15.695
8285970,,FALSE POSITIVE,0.0000,0.562498925,0.0127,285.958740,44.254719,14.792
8288719,,FALSE POSITIVE,0.0000,0.755049082,0.0138,287.359710,44.294991,13.276
8288741,,FALSE POSITIVE,,0.659299289,0.0142,287.367860,44.273220,14.499
8295671,,FALSE POSITIVE,0.0000,0.981399749,0.0192,290.360200,44.273361,14.652
8308260,,FALSE POSITIVE,0.0000,0.973160836,0.02,294.868130,44.283199,15.238
8330548,,FALSE POSITIVE,,0.9570701,,301.016720,44.233841,14.446
8330575,,FALSE POSITIVE,0.0000,0.957079167,0.0194,301.020900,44.232239,13.484
8391983,,CANDIDATE,0.1180,0.70965042,0.0148,299.772280,44.363022,15.444
8397446,,FALSE POSITIVE,0.0000,0.986620248,0.0197,301.400670,44.318039,15.022
8397675,,FALSE POSITIVE,0.7620,0.553261874,0.0145,301.475770,44.319759,13.501
8398290,,FALSE POSITIVE,0.0000,0.510804497,0.014,301.700320,44.380005,11.513
8411947,,FALSE POSITIVE,0.0000,0.898837525,0.0168,282.887360,44.439110,15.300
8416523,Kepler-1604 b,CONFIRMED,0.9960,0.341842017,0.0089,285.410610,44.412209,14.915
8432034,,FALSE POSITIVE,0.0000,0.83620025,0.0174,292.305940,44.459366,20.003
8435247,,FALSE POSITIVE,0.9740,0.696125302,0.0133,293.539000,44.494919,15.464
8443265,,FALSE POSITIVE,,0.614701901,0.0126,296.205690,44.498989,15.893
8444552,,FALSE POSITIVE,0.0000,0.589049151,0.0122,296.606720,44.472919,13.643
8479107,,FALSE POSITIVE,0.6700,0.76757669,0.014,284.125610,44.550571,14.952
8487645,,FALSE POSITIVE,0.0000,0.530967987,0.0163,288.850280,44.596939,12.717
8487805,,FALSE POSITIVE,0.0000,0.530959357,0.0121,288.941310,44.593922,15.049
8508126,,FALSE POSITIVE,0.0000,0.980505042,0.0191,296.347990,44.501961,15.198
8517433,,FALSE POSITIVE,0.0010,0.652956712,0.0151,298.782680,44.574650,13.506
8521059,,FALSE POSITIVE,0.0000,0.535578808,0.0135,299.750210,44.561981,13.940
8524110,,FALSE POSITIVE,0.0000,0.79708975,0.0167,300.558230,44.570061,13.391
8526387,,FALSE POSITIVE,0.0890,0.772803664,0.0143,301.354580,44.524948,15.856
8527297,,CANDIDATE,0.6380,0.58730021,,301.661800,44.577499,14.010
8552498,,FALSE POSITIVE,,0.530967162,0.0132,288.867340,44.615730,13.586
8552500,,FALSE POSITIVE,0.0000,0.530972263,0.0131,288.867610,44.648022,15.016
8552540,,FALSE POSITIVE,0.0000,0.530967171,0.0128,288.890410,44.617020,10.292
8558011,Kepler-607 b,CONFIRMED,1.0000,0.638162933,0.0135,291.057220,44.632381,14.405
8559796,,FALSE POSITIVE,0.0000,0.619303759,0.016,291.705810,44.618542,13.154
8561063,Kepler-42 c,CONFIRMED,0.0000,0.453287416,0.0059,292.219060,44.619160,15.920
8573168,,FALSE POSITIVE,0.0010,0.89628253,0.0176,296.509250,44.625912,15.248
8588377,,FALSE POSITIVE,0.0000,0.99466172,0.0182,300.439000,44.663319,14.997
8590527,,FALSE POSITIVE,0.2280,0.739769962,0.0165,301.048220,44.603031,11.634
8608490,,FALSE POSITIVE,0.0000,0.541405029,0.0125,284.167180,44.779369,14.771
8616873,,CANDIDATE,0.0000,0.576078683,0.0131,288.700870,44.707680,15.237
8620561,,FALSE POSITIVE,0.0000,0.782046543,0.0139,290.267210,44.711441,16.784
8620565,,FALSE POSITIVE,0.0000,0.782045734,0.0169,290.267670,44.712849,14.912
8639155,,FALSE POSITIVE,0.0000,0.603351522,0.0161,296.788020,44.769600,12.959
8639908,,CANDIDATE,1.0000,0.910020582,0.0151,297.003540,44.775089,15.381
8645191,,FALSE POSITIVE,0.0000,0.918921494,0.018,298.299530,44.788990,15.606
8652360,,FALSE POSITIVE,0.0000,0.96807117,0.0174,300.235870,44.769520,15.247
8652360,,FALSE POSITIVE,0.0000,0.968065631,0.0174,300.235870,44.769520,15.247
8673511,,CANDIDATE,0.4490,0.757261281,0.0163,284.295650,44.895859,14.024
8677057,,CANDIDATE,0.9670,0.694611128,0.0137,286.310520,44.838188,15.700
8687088,,FALSE POSITIVE,0.0000,0.905037231,0.0193,291.002870,44.899452,11.075
8694309,,FALSE POSITIVE,0.0000,0.827351796,0.0165,293.806700,44.867352,12.900
8703491,,FALSE POSITIVE,0.0000,0.616343903,0.0151,296.819820,44.869434,12.190
8712863,,FALSE POSITIVE,0.1680,0.532493086,0.0156,299.250920,44.856091,11.238
8737796,,FALSE POSITIVE,0.0000,0.885747456,0.0248,284.282530,44.987228,12.686
8738244,,FALSE POSITIVE,0.0000,0.683082998,0.0225,284.495610,44.988121,8.163
8741367,,CANDIDATE,1.0000,0.9886684,0.0222,286.291290,44.920082,12.551
8757910,,FALSE POSITIVE,0.0000,0.655001616,0.0168,293.534150,44.971111,13.371
8758136,,FALSE POSITIVE,0.2560,0.998212785,0.0199,293.613370,44.975422,15.544
8758161,,FALSE POSITIVE,0.0000,0.998217563,0.0213,293.620540,44.967281,12.457
8767034,,FALSE POSITIVE,0.0000,0.58640848,0.0119,296.670440,44.959839,14.280
8804845,Kepler-1067 b,CONFIRMED,0.9940,0.762132307,0.0162,285.387420,45.049049,14.305
8846809,,FALSE POSITIVE,,0.778705577,0.0205,300.633030,45.076660,10.152
8847111,,FALSE POSITIVE,0.0000,0.575884418,0.014,300.719270,45.096050,15.024
8848104,,FALSE POSITIVE,0.3030,0.824851807,0.016,300.994870,45.078861,12.372
8848115,,FALSE POSITIVE,0.0000,0.82484293,0.0209,300.998840,45.076019,12.721
8895758,Kepler-1427 b,CONFIRMED,0.8770,0.968980781,0.0197,295.349670,45.114552,15.415
8914779,,FALSE POSITIVE,0.0010,0.987338654,0.0203,300.778750,45.110222,11.511
8947520,Kepler-1264 b,CONFIRMED,0.9800,0.968527683,0.0191,289.884370,45.211498,14.511
8949316,,FALSE POSITIVE,0.9550,0.604358764,0.0106,290.518950,45.235371,16.182
8953281,,FALSE POSITIVE,0.1670,0.78430061,0.0145,291.930630,45.220020,15.156
8953296,,FALSE POSITIVE,0.0000,0.784294574,0.0174,291.938690,45.222198,13.901
8955709,,FALSE POSITIVE,0.0000,0.942997994,0.0166,292.859800,45.205791,15.878
8971432,,FALSE POSITIVE,0.0000,0.6243875,0.0122,297.573490,45.233299,15.487
8977176,,FALSE POSITIVE,,0.50948306,0.0119,298.877380,45.203979,13.545
8984755,,FALSE POSITIVE,0.0000,0.734573766,0.0151,300.949250,45.247952,14.617
9027841,,FALSE POSITIVE,0.0000,0.503999678,0.0103,293.952210,45.318260,15.498
9030447,,FALSE POSITIVE,,0.56669006,0.0147,294.790010,45.391621,13.440
9044228,Kepler-1039 b,CONFIRMED,1.0000,0.934885365,0.0184,298.326600,45.315510,14.145
9049010,,FALSE POSITIVE,0.0000,0.687004402,0.017,299.622770,45.364079,13.316
9079915,,FALSE POSITIVE,0.0070,0.812678859,0.0183,287.899350,45.417488,13.513
9083470,,FALSE POSITIVE,0.0000,0.91842238,0.0173,289.721680,45.439758,15.899
9083503,,FALSE POSITIVE,0.0000,0.91839938,0.0174,289.733060,45.437950,15.908
9083564,,FALSE POSITIVE,0.0000,0.918420801,0.0191,289.760500,45.455608,12.434
9084778,,CANDIDATE,0.0000,0.592243731,0.0116,290.280940,45.464260,15.653
9087580,,CANDIDATE,0.9810,0.770658979,0.0154,291.372220,45.468102,15.132
9092504,Kepler-1322 b,CONFIRMED,1.0000,0.962864171,0.0183,293.204530,45.435398,15.810
9093566,,FALSE POSITIVE,0.0000,0.94356284,0.0227,293.571080,45.413639,12.749
9101400,,FALSE POSITIVE,0.0000,0.829019343,0.0184,296.034850,45.490822,14.661
9110346,,FALSE POSITIVE,0.0000,0.895276162,0.0183,298.341920,45.407669,16.397
9110357,,FALSE POSITIVE,0.0000,0.895277575,0.0231,298.344210,45.409920,13.574
9149789,,CANDIDATE,0.9890,0.352515897,0.0092,289.858890,45.503841,14.867
9153554,,FALSE POSITIVE,0.0220,0.373684977,0.0102,291.389650,45.527168,15.688
9163674,,FALSE POSITIVE,0.0000,0.773144492,0.0187,295.288450,45.518337,13.833
9203154,,CANDIDATE,1.0000,0.839907158,0.0162,284.125210,45.628052,15.695
9210823,,FALSE POSITIVE,0.0000,0.828206212,0.0198,288.441530,45.609001,11.743
9210828,,FALSE POSITIVE,0.0000,0.82820657,0.0149,288.444550,45.612671,13.221
9220612,,FALSE POSITIVE,0.0000,0.979161676,0.0184,292.793330,45.628262,15.278
9221517,Kepler-1173 b,CONFIRMED,0.9950,0.769854899,0.0157,293.131100,45.663551,13.829
9222516,,FALSE POSITIVE,0.0000,0.63938062,0.0155,293.529970,45.664330,13.725
9289960,,FALSE POSITIVE,,0.53345831,,295.345860,45.768803,11.957
9301506,,FALSE POSITIVE,0.0000,0.605223042,0.0128,298.787990,45.774220,15.248
9328852,,FALSE POSITIVE,0.0000,0.64585177,0.0115,284.997130,45.886688,15.330
9328864,,FALSE POSITIVE,0.0000,0.645850521,0.0136,285.003540,45.887951,14.107
9353742,Kepler-1523 b,CONFIRMED,1.0000,0.938750221,0.0185,296.054050,45.827049,14.860
9366886,,FALSE POSITIVE,0.0000,0.633514386,0.0122,299.939270,45.833210,14.971
9388479,Kepler-732 c,CONFIRMED,0.7040,0.893040969,0.0143,283.732030,45.958771,15.073
9394601,,FALSE POSITIVE,0.0270,0.876826336,0.0181,287.153140,45.983829,12.290
9394605,,FALSE POSITIVE,0.0000,0.87683182,,287.156130,45.979259,15.397
9402583,,FALSE POSITIVE,0.0000,0.536544193,0.0118,291.249240,45.921490,15.890
9402670,,FALSE POSITIVE,0.0000,0.536551592,0.0133,291.285770,45.953651,15.668
9456281,,CANDIDATE,1.0000,0.701944362,0.0125,287.805020,46.001160,15.397
9467404,Kepler-1323 b,CONFIRMED,1.0000,0.929906166,0.0191,292.872280,46.098881,12.410
9471755,,FALSE POSITIVE,0.0000,0.953734449,0.0214,294.488070,46.002289,12.771
9472074,,CANDIDATE,1.0000,0.558841234,0.0128,294.596560,46.048302,15.600
9473078,Kepler-1087 b,CONFIRMED,0.9970,0.693842661,0.0148,294.978820,46.005650,12.953
9474483,,FALSE POSITIVE,0.0000,0.512583041,0.0129,295.463410,46.011230,15.484
9474485,,FALSE POSITIVE,0.0410,0.512581525,0.0105,295.464510,46.016998,14.884
9474493,,FALSE POSITIVE,0.0000,0.512581697,0.0122,295.466580,46.012402,15.338
9475552,Kepler-1315 b,CONFIRMED,1.0000,0.843379985,0.0163,295.821440,46.053028,14.975
9518710,,CANDIDATE,0.0000,0.954388314,0.0233,288.238620,46.118061,11.872
9520443,,FALSE POSITIVE,0.0000,0.99014722,0.0182,289.204130,46.133911,15.896
9531850,,FALSE POSITIVE,0.0000,0.66234265,0.0149,294.086330,46.131641,17.332
9532637,,FALSE POSITIVE,0.0000,0.61496383,0.0123,294.359650,46.125389,17.453
9535876,,FALSE POSITIVE,0.0000,0.960843605,0.0197,295.557560,46.172241,14.920
9535881,,FALSE POSITIVE,0.0000,0.960842633,0.0215,295.559600,46.178040,13.402
9541089,,FALSE POSITIVE,0.0000,0.536650896,0.0124,297.274480,46.117908,13.956
9541094,,FALSE POSITIVE,0.0000,0.536654028,0.0128,297.275790,46.132751,13.805
9541144,,FALSE POSITIVE,,0.536650344,0.0145,297.286650,46.139839,13.921
9541163,,FALSE POSITIVE,0.0000,0.5366497,0.0129,297.293950,46.102341,15.449
9541295,,CANDIDATE,0.0000,0.536650319,0.0138,297.329710,46.136089,12.649
9574614,,CANDIDATE,0.0000,0.982090079,0.0176,284.967100,46.276260,15.933
9580167,,CANDIDATE,1.0000,0.827151296,0.0172,288.181980,46.246181,14.992
9591070,,FALSE POSITIVE,0.0000,0.764174368,0.0174,293.076630,46.218010,14.361
9592831,,FALSE POSITIVE,0.0000,0.609668222,0.0137,293.760860,46.231201,16.678
9592855,,FALSE POSITIVE,0.0000,0.609662423,0.0169,293.770140,46.236580,12.216
9596187,,FALSE POSITIVE,0.6690,0.953299962,0.0188,294.991210,46.223572,14.538
9597729,,FALSE POSITIVE,0.0000,0.438153876,0.0113,295.547550,46.287682,14.840
9597729,,FALSE POSITIVE,0.1310,0.87630504,0.018,295.547550,46.287682,14.840
9640439,,FALSE POSITIVE,0.0520,0.873227249,0.0188,287.692720,46.366928,15.153
9640649,,CANDIDATE,0.9710,0.862329309,0.0177,287.812870,46.340569,15.769
9642018,,CANDIDATE,0.0000,0.505111993,0.0119,288.596830,46.326038,15.544
9644411,,FALSE POSITIVE,0.0160,0.379412331,0.009,289.879150,46.322498,14.785
9644683,,FALSE POSITIVE,0.0000,0.585940879,0.0132,289.994080,46.304871,15.912
9652166,,FALSE POSITIVE,0.0000,0.646523404,0.0167,293.055690,46.342331,12.884
9655424,,FALSE POSITIVE,0.0000,0.51811818,0.0126,294.350740,46.311771,14.890
9692336,,FALSE POSITIVE,0.0000,0.687898282,0.0153,282.174100,46.456760,17.490
9692345,,FALSE POSITIVE,0.0000,0.687895191,0.0131,282.179410,46.457169,15.657
9692557,,FALSE POSITIVE,0.0000,0.571940563,0.0137,282.313510,46.419399,12.557
9711751,,FALSE POSITIVE,0.0000,0.855763492,0.019,292.457860,46.433380,13.788
9752973,,FALSE POSITIVE,0.0000,0.716709761,0.0149,282.194790,46.522888,10.047
9752982,,FALSE POSITIVE,0.0000,0.716709897,0.0146,282.198430,46.520290,12.224
9761199,,FALSE POSITIVE,0.0000,0.692015479,0.0122,287.143130,46.508060,15.692
9784222,,FALSE POSITIVE,0.0000,0.798200403,0.0173,296.988530,46.596882,14.613
9784230,,FALSE POSITIVE,0.0000,0.7981968,0.0169,296.990540,46.598999,17.579
9787239,Kepler-32 f,CONFIRMED,0.9960,0.742957911,0.0128,297.842410,46.574268,15.801
9790965,,FALSE POSITIVE,0.0000,0.82206761,0.0184,298.911620,46.586578,13.388
9813678,,FALSE POSITIVE,0.0000,0.505079006,0.0116,282.509000,46.634441,15.992
9822284,,FALSE POSITIVE,1.0000,0.969824139,0.0192,287.555080,46.682240,11.563
9825174,Kepler-1377 b,CONFIRMED,0.9930,0.740926358,0.0153,289.195470,46.651699,15.918
9837083,,FALSE POSITIVE,0.0000,0.623393802,0.0123,294.319430,46.619598,16.180
9852050,,FALSE POSITIVE,,0.94242156,,299.074860,46.658920,13.806
9873254,Kepler-653 c,CONFIRMED,1.0000,0.900375925,0.0186,282.212920,46.717819,13.387
9885417,Kepler-1446 b,CONFIRMED,1.0000,0.689967868,0.0141,289.423950,46.726170,12.411
9887224,,FALSE POSITIVE,0.0000,0.874629873,0.0165,290.302950,46.790810,14.107
9912977,,FALSE POSITIVE,0.0000,0.9439372,0.0182,299.426850,46.700150,13.726
9943435,,FALSE POSITIVE,0.0000,0.777663575,0.016,288.031520,46.827549,14.397
9944201,,CANDIDATE,0.7050,0.721522907,0.0134,288.490910,46.804989,15.069
9945280,,FALSE POSITIVE,0.0000,0.651731691,0.0142,289.097440,46.811081,13.879
9953736,,FALSE POSITIVE,0.0000,0.50818743,0.0144,292.852810,46.851360,13.313
9957351,,FALSE POSITIVE,0.0000,0.991105114,0.0162,294.354100,46.840851,16.948
9967771,Kepler-990 c,CONFIRMED,1.0000,0.53835407,0.0127,297.938200,46.881401,14.498
9993529,,FALSE POSITIVE,0.0000,0.790539912,0.0152,282.405940,46.904480,14.864
10006641,,FALSE POSITIVE,0.0000,0.894172544,0.0167,289.756530,46.952888,14.251
10024051,Kepler-1228 b,CONFIRMED,1.0000,0.577369336,0.0125,296.553070,46.966290,14.859
10028535,Kepler-1259 b,CONFIRMED,1.0000,0.663085361,0.0141,297.841490,46.967682,15.304
10034146,,FALSE POSITIVE,0.0000,0.93198504,0.0167,299.525270,46.917549,14.477
10090151,,FALSE POSITIVE,0.0000,0.527698548,0.0128,297.188750,47.093819,14.082
10095484,,FALSE POSITIVE,0.0000,0.677761275,0.0148,298.710720,47.037449,14.382
10129482,,FALSE POSITIVE,0.0000,0.846291334,0.0142,286.840360,47.173309,15.994
10140122,,CANDIDATE,0.6190,0.849362238,0.0169,291.458130,47.158630,15.357
10147276,,FALSE POSITIVE,0.0210,0.681401611,0.0157,294.164890,47.176281,15.385
10153827,,FALSE POSITIVE,,0.293630085,0.0084,296.334350,47.145580,15.822
10155321,,FALSE POSITIVE,,0.71059239,0.0182,296.772710,47.158539,13.362
10186945,,FALSE POSITIVE,0.0000,0.793663156,0.0159,281.440670,47.246471,14.549
10202759,,FALSE POSITIVE,0.0000,0.872952088,0.0204,289.802980,47.259159,12.335
10226343,,FALSE POSITIVE,0.0000,0.660655454,0.0161,298.137850,47.258560,15.666
10226420,,FALSE POSITIVE,0.0000,0.660663034,0.0157,298.157320,47.291660,14.784
10232693,,FALSE POSITIVE,0.0130,0.990516282,0.0206,299.849090,47.202560,13.405
10257903,,FALSE POSITIVE,,0.85574731,,284.084200,47.373589,15.482
10264202,,FALSE POSITIVE,0.0000,0.517573708,0.0116,287.423650,47.373341,15.777
10275766,,FALSE POSITIVE,0.0000,0.661749944,0.0161,292.544800,47.371910,15.396
10281221,,CANDIDATE,1.0000,0.582895412,0.014,294.612520,47.343262,14.972
10290447,,FALSE POSITIVE,,0.691561191,0.0128,297.592320,47.345360,14.353
10319385,,CANDIDATE,1.0000,0.689210173,0.0156,281.551180,47.469959,13.248
10338624,,FALSE POSITIVE,,0.607538435,0.0159,291.497220,47.463509,12.156
10340212,,FALSE POSITIVE,0.0000,0.93374894,0.0085,292.111150,47.452293,13.810
10340228,,FALSE POSITIVE,0.0000,0.93371313,0.0185,292.119720,47.485619,15.788
10341777,,FALSE POSITIVE,0.0000,0.933746709,0.0176,292.718170,47.469891,13.087
10341781,,FALSE POSITIVE,0.0000,0.93371211,0.0165,292.718870,47.470940,15.393
10341787,,FALSE POSITIVE,0.0000,0.93373716,0.0174,292.721980,47.454800,15.926
10341831,,FALSE POSITIVE,0.0000,0.933749941,0.015,292.738920,47.490730,14.960
10341878,,FALSE POSITIVE,0.0000,0.933753371,0.0216,292.760280,47.448299,13.231
10341905,,FALSE POSITIVE,0.0000,0.93374232,0.018,292.774840,47.451099,15.239
10341913,,FALSE POSITIVE,0.0000,0.933749106,0.0201,292.775880,47.461689,13.079
10341917,,FALSE POSITIVE,0.0000,0.93375241,0.0182,292.779540,47.452099,15.807
10342041,,FALSE POSITIVE,0.0000,0.933746515,0.0169,292.833010,47.495529,14.658
10342065,,FALSE POSITIVE,0.0000,0.93374614,0.0228,292.842130,47.483829,13.964
10342097,,FALSE POSITIVE,0.0000,0.933735579,0.0192,292.852360,47.498039,13.505
10342248,,FALSE POSITIVE,0.0000,0.93373458,0.018,292.911960,47.475040,14.760
10342316,,FALSE POSITIVE,0.0000,0.93376962,0.0185,292.936610,47.499931,15.318
10351767,,FALSE POSITIVE,0.0000,0.635069939,0.015,296.320280,47.406570,14.539
10363281,,FALSE POSITIVE,0.0000,0.934924739,0.0215,299.629520,47.479809,12.310
10363300,,FALSE POSITIVE,0.0000,0.934926138,0.0195,299.634490,47.477249,14.681
10383729,,FALSE POSITIVE,0.0000,0.734548624,0.0165,280.901790,47.526241,13.594
10405224,,FALSE POSITIVE,0.0000,0.93378068,0.0175,292.027400,47.509682,15.890
10405482,,FALSE POSITIVE,0.0000,0.93373895,0.0191,292.131930,47.563740,15.194
10405546,,FALSE POSITIVE,0.0000,0.93373718,0.0195,292.154880,47.562019,13.685
10407020,,FALSE POSITIVE,0.0000,0.933747751,0.0214,292.765350,47.512272,13.369
10407047,,FALSE POSITIVE,0.0000,0.93374699,0.0209,292.776950,47.539391,13.327
10407054,,FALSE POSITIVE,0.0000,0.933754669,0.0192,292.778990,47.552216,13.343
10407086,,FALSE POSITIVE,0.0000,0.933747395,0.0195,292.792540,47.576721,12.877
10407191,,CANDIDATE,1.0000,0.93420696,,292.832000,47.507389,17.305
10407210,,FALSE POSITIVE,0.0000,0.933728755,0.0208,292.836980,47.553940,10.959
10407221,,FALSE POSITIVE,0.0000,0.933746783,0.0162,292.844480,47.550419,15.647
10407271,,FALSE POSITIVE,0.0000,0.93376738,0.0171,292.860780,47.574570,14.985
10407430,,FALSE POSITIVE,0.0000,0.933759404,0.018,292.933960,47.514751,15.619
10407464,,FALSE POSITIVE,0.0000,0.93373711,0.0183,292.945010,47.528469,12.720
10427700,,FALSE POSITIVE,0.0000,0.616386349,0.0162,299.419860,47.562832,12.985
10462462,,FALSE POSITIVE,0.0000,0.85581563,,288.495820,47.640781,16.951
10468514,,FALSE POSITIVE,0.7010,0.84986054,0.017,291.109740,47.615490,14.319
10468885,Kepler-1284 b,CONFIRMED,1.0000,0.664074145,0.0143,291.278990,47.687649,15.645
10470882,,FALSE POSITIVE,0.0000,0.9337491,0.018,292.080990,47.613461,15.958
10470993,,FALSE POSITIVE,0.0000,0.93374417,0.0197,292.122770,47.646069,14.616
10471005,,FALSE POSITIVE,0.0000,0.93374635,0.0186,292.127840,47.614342,14.901
10471055,,FALSE POSITIVE,0.0000,0.9337465,0.0185,292.141020,47.626240,15.024
10471090,,FALSE POSITIVE,0.0000,0.93376089,0.0195,292.158290,47.672710,14.388
10471113,,FALSE POSITIVE,0.6850,0.933728196,0.019,292.166140,47.612251,15.317
10471167,,FALSE POSITIVE,0.0000,0.93374073,0.0168,292.191890,47.690102,13.007
10471174,,FALSE POSITIVE,0.0000,0.93369659,0.0182,292.195830,47.661518,15.983
10471204,,FALSE POSITIVE,0.0000,0.93371631,0.0186,292.205230,47.648300,15.824
10471243,,FALSE POSITIVE,0.0000,0.93376131,0.0181,292.220830,47.635689,15.529
10471296,,FALSE POSITIVE,0.0000,0.93377253,0.0179,292.245880,47.633430,14.644
10471345,,FALSE POSITIVE,0.0000,0.9337473,0.0174,292.263210,47.643478,15.759
10485069,,FALSE POSITIVE,,0.445277068,0.012,297.103490,47.643570,15.343
10485179,,FALSE POSITIVE,0.0000,0.445275074,0.0106,297.133270,47.628769,14.507
10527135,,FALSE POSITIVE,0.0000,0.328686504,0.009,288.416840,47.731091,15.316
10535708,,FALSE POSITIVE,0.0000,0.93373761,0.0184,292.114470,47.729462,15.609
10535858,,FALSE POSITIVE,0.0000,0.93370968,0.0143,292.166900,47.755638,15.431
10535886,,FALSE POSITIVE,0.0000,0.93376021,0.0153,292.178470,47.750751,15.446
10535897,,FALSE POSITIVE,0.0000,0.93372008,0.0187,292.183780,47.722832,13.793
10535926,,FALSE POSITIVE,0.0000,0.93373591,0.0185,292.196230,47.766590,14.920
10535991,,FALSE POSITIVE,0.0000,0.93374911,0.0183,292.227600,47.746262,15.767
10536177,,FALSE POSITIVE,0.0000,0.93372261,0.0186,292.311650,47.725830,14.862
10549924,,FALSE POSITIVE,0.0080,0.715825886,0.0153,297.220460,47.748249,13.467
10552700,,FALSE POSITIVE,0.0000,0.94808587,0.0233,297.991180,47.768749,11.601
10554967,,FALSE POSITIVE,0.0000,0.53633519,0.0127,298.653170,47.713711,15.546
10556578,,FALSE POSITIVE,0.0000,0.626431697,0.0127,299.095280,47.706791,15.594
10585738,Kepler-1415 b,CONFIRMED,0.9730,0.636424848,0.0144,285.156920,47.873329,15.744
10599397,,FALSE POSITIVE,,0.937406378,0.0179,291.636990,47.832340,14.546
10604521,,CANDIDATE,1.0000,0.868122253,0.0188,293.683560,47.833141,15.800
10613718,,FALSE POSITIVE,0.0000,0.587938916,0.0122,296.825810,47.877399,12.735
10614845,,FALSE POSITIVE,0.0000,0.573762943,0.0112,297.168400,47.821129,14.028
10617638,,FALSE POSITIVE,0.0010,0.710894157,0.0159,297.949250,47.816399,14.550
10620329,,FALSE POSITIVE,0.0000,0.436282594,0.0137,298.709230,47.840019,11.002
10647452,,CANDIDATE,0.9530,0.762950224,0.0151,282.913970,47.970299,15.556
10649230,,FALSE POSITIVE,0.0000,0.447820618,0.0111,283.898070,47.933487,12.770
10661976,,FALSE POSITIVE,0.0000,0.61566096,0.0159,290.375580,47.996696,13.740
10680424,,CANDIDATE,1.0000,0.92623983,0.0159,297.207520,47.972099,16.280
10724569,,FALSE POSITIVE,0.0000,0.745086745,0.0151,289.169860,48.066780,15.489
10729472,,FALSE POSITIVE,0.1410,0.83442282,0.0173,291.164760,48.052429,15.271
10732401,,FALSE POSITIVE,0.0000,0.933747375,0.0192,292.328640,48.021519,14.740
10743597,,FALSE POSITIVE,0.0000,0.817026268,0.0169,296.382290,48.045311,15.488
10743600,,FALSE POSITIVE,0.0000,0.8170226,0.0171,296.383480,48.044006,17.206
10785538,,FALSE POSITIVE,0.0000,0.522457732,0.0125,286.665680,48.144581,13.343
10794405,,FALSE POSITIVE,0.0000,0.952377862,0.0184,290.688660,48.199200,14.713
10847907,,FALSE POSITIVE,0.0000,0.535493486,0.0144,285.251920,48.286209,13.390
10858737,,FALSE POSITIVE,0.0000,0.952378454,0.0203,290.706510,48.226559,13.541
10858785,,FALSE POSITIVE,0.0000,0.952371227,0.019,290.725190,48.210411,15.868
10858803,,FALSE POSITIVE,0.0000,0.952374508,0.0175,290.733640,48.207378,15.611
10867017,,FALSE POSITIVE,0.0000,0.876941133,0.0183,294.214420,48.258179,14.978
10877024,,FALSE POSITIVE,0.0000,0.786483923,0.0171,297.566280,48.288342,13.504
10879208,,FALSE POSITIVE,0.0000,0.668483615,0.0145,298.258030,48.217361,15.905
10879213,,FALSE POSITIVE,0.0000,0.668483494,0.015,298.259920,48.218964,18.792
10879656,,FALSE POSITIVE,0.0000,0.364860478,0.0086,298.397740,48.212318,14.823
10920420,,FALSE POSITIVE,0.0000,0.9438885,0.0216,292.006740,48.306309,12.521
10924340,,FALSE POSITIVE,0.0000,0.750744255,0.0162,293.808840,48.365620,13.941
10924400,,FALSE POSITIVE,0.0000,0.750737313,0.0153,293.825870,48.344360,12.306
10936786,,FALSE POSITIVE,0.0000,0.569961046,0.0135,298.463410,48.321850,13.333
10964265,,FALSE POSITIVE,0.1330,0.637487312,0.0147,285.546300,48.410851,15.315
10975146,Kepler-808 b,CONFIRMED,1.0000,0.63133171,0.0116,291.594090,48.445610,14.285
10991239,,FALSE POSITIVE,,0.523629052,0.0154,298.235170,48.497890,10.863
10991989,,FALSE POSITIVE,0.0000,0.974477904,0.0293,298.527130,48.418591,10.282
10992011,,FALSE POSITIVE,0.0000,0.974479091,0.0177,298.535490,48.419479,14.655
11017094,,FALSE POSITIVE,0.0000,0.708563091,0.0139,284.749420,48.558128,15.017
11027270,,FALSE POSITIVE,,0.533628226,0.0144,290.646420,48.597092,11.299
11027722,,FALSE POSITIVE,0.0000,0.678137665,0.0146,290.905820,48.531811,14.291
11030475,,CANDIDATE,0.9900,0.76196247,0.0152,292.239930,48.511570,15.498
11076176,,FALSE POSITIVE,0.0000,0.699985822,0.0143,287.576570,48.679379,15.667
11137065,,FALSE POSITIVE,0.0000,0.933732791,0.0173,291.616460,48.775639,14.812
11144439,,FALSE POSITIVE,0.0000,0.609125246,0.0135,295.061800,48.798168,15.640
11145726,,FALSE POSITIVE,0.0000,0.619618218,0.0169,295.603910,48.718151,13.705
11151677,,FALSE POSITIVE,0.0000,0.720460644,0.0163,297.722140,48.710258,14.828
11180361,,CANDIDATE,1.0000,0.533059312,0.0167,286.019200,48.866741,7.748
11193447,,FALSE POSITIVE,,0.312941621,0.0092,293.381530,48.824760,13.397
11197853,,CANDIDATE,1.0000,0.698461304,0.02,295.342220,48.856152,13.586
11246161,,CANDIDATE,0.9970,0.5374094,0.013,292.874180,48.936569,14.832
11304987,,FALSE POSITIVE,0.0000,0.692693892,0.0156,295.565250,49.073139,15.417
11358392,,FALSE POSITIVE,0.0000,0.984971822,0.0205,295.627720,49.178242,13.548
11401182,Kepler-845 b,CONFIRMED,1.0000,0.927859786,0.017,290.957550,49.203812,14.631
11444952,,FALSE POSITIVE,0.0000,0.678349364,0.0147,285.816620,49.352699,14.261
11453930,,FALSE POSITIVE,,0.687739345,0.0168,291.145320,49.365318,13.127
11456279,,FALSE POSITIVE,,0.572937573,0.0156,292.441350,49.316414,11.825
11456382,,FALSE POSITIVE,0.0000,0.814280672,0.0185,292.498020,49.329006,11.751
11456405,,FALSE POSITIVE,0.0000,0.814278961,0.017,292.505770,49.331959,15.367
11466960,,FALSE POSITIVE,0.0000,0.695954898,0.0168,297.139890,49.381618,13.496
11501774,,FALSE POSITIVE,,0.691823991,0.0145,288.876370,49.490528,15.247
11547505,Kepler-922 b,CONFIRMED,1.0000,0.938466959,0.0182,284.731450,49.533192,13.757
11560382,,FALSE POSITIVE,0.0000,0.527679032,0.0126,292.538640,49.538761,15.356
11560397,,FALSE POSITIVE,0.0000,0.527673051,0.0143,292.546630,49.543373,13.699
11560431,,FALSE POSITIVE,0.0000,0.527673075,0.012,292.565830,49.535721,9.694
11560447,,FALSE POSITIVE,0.0000,0.527678272,0.0125,292.575960,49.525700,10.834
11564013,,FALSE POSITIVE,0.0000,0.875267982,0.0162,294.319120,49.532131,15.207
11568224,,FALSE POSITIVE,0.0000,0.882131829,0.0175,296.111820,49.561951,15.039
11600889,Kepler-407 b,CONFIRMED,1.0000,0.669310092,0.0149,286.036350,49.614510,12.521
11601597,,FALSE POSITIVE,0.0000,0.590281548,0.0137,286.478490,49.641140,12.174
11667548,,FALSE POSITIVE,0.0000,0.831741499,0.0185,294.756320,49.792091,15.610
11670599,,FALSE POSITIVE,0.0000,0.847588864,0.0182,296.124570,49.726669,14.263
11709006,,FALSE POSITIVE,1.0000,0.719741,0.0162,289.735600,49.859787,8.777
11709022,,FALSE POSITIVE,0.0000,0.71957289,,289.737610,49.858589,12.902
11709423,,FALSE POSITIVE,0.0000,0.768934934,0.015,289.924530,49.882469,15.503
11752632,Kepler-1258 b,CONFIRMED,1.0000,0.984941669,0.0201,285.404940,49.994740,13.835
11763910,,FALSE POSITIVE,0.0000,0.612888148,0.0154,292.292390,49.955441,13.725
11774303,,FALSE POSITIVE,0.0000,0.614083885,0.0156,297.019650,49.997379,15.177
11774383,,FALSE POSITIVE,0.0000,0.520227316,0.0127,297.044310,49.970200,19.174
11774387,,FALSE POSITIVE,0.0000,0.520222869,0.0125,297.046510,49.970390,15.632
11825057,,FALSE POSITIVE,0.0000,0.532087933,0.0129,296.969570,50.067093,18.852
11870545,,CANDIDATE,1.0000,0.839961456,0.016,295.084230,50.114609,15.929
11873166,,FALSE POSITIVE,0.0000,0.734426335,0.0163,296.193510,50.129219,13.470
11873171,,FALSE POSITIVE,0.0000,0.734426409,0.0162,296.196930,50.136120,15.588
11904151,Kepler-10 b,CONFIRMED,0.0000,0.837491225,0.0167,285.679380,50.241299,10.961
11904704,,CANDIDATE,0.9990,0.565713361,0.0127,286.038390,50.294441,14.722
11918482,,FALSE POSITIVE,,0.94754848,0.0106,294.019170,50.216606,13.497
11966253,,FALSE POSITIVE,0.0000,0.643468999,0.0132,293.319520,50.364262,14.658
11968463,,FALSE POSITIVE,0.0000,0.646745436,0.0154,294.338470,50.336540,15.212
11968490,,FALSE POSITIVE,0.0000,0.539445498,0.0136,294.350160,50.351460,13.698
11969092,,FALSE POSITIVE,0.0000,0.638437699,0.0141,294.639890,50.334190,15.230
11972872,,FALSE POSITIVE,0.0000,0.531106622,0.0116,296.346220,50.390789,15.169
11973517,,CANDIDATE,,0.903763067,0.0158,296.597990,50.356651,15.697
12021811,,FALSE POSITIVE,0.0000,0.739404894,0.0136,296.090580,50.408772,15.962
12023078,,FALSE POSITIVE,0.0000,0.623441939,0.0156,296.587340,50.490761,12.650
12023089,,FALSE POSITIVE,,0.623441636,0.0123,296.591490,50.490028,15.626
12069414,,FALSE POSITIVE,0.0010,0.589458602,0.0124,295.450590,50.542110,15.314
12108293,,FALSE POSITIVE,0.0000,0.705455349,0.0145,289.940190,50.652771,14.837
12108312,,FALSE POSITIVE,0.0000,0.70544824,0.015,289.950780,50.657249,14.351
12108364,,FALSE POSITIVE,0.0000,0.70544189,0.0155,289.977910,50.668259,15.826
12109845,,FALSE POSITIVE,0.0000,0.865959015,0.014,290.919160,50.696388,16.440
12115188,,FALSE POSITIVE,0.0000,0.495434094,0.012,293.972780,50.645142,14.672
12157983,,FALSE POSITIVE,0.0000,0.577844035,0.0131,290.659520,50.711342,13.766
12170648,,FALSE POSITIVE,0.0000,0.299697755,0.0081,296.963810,50.745380,14.828
12208631,,CANDIDATE,1.0000,0.912351255,0.0179,291.550510,50.825611,15.114
12216706,,FALSE POSITIVE,,0.73553763,,295.743770,50.830921,15.009
12255382,,FALSE POSITIVE,0.0000,0.499664962,0.0122,289.746730,50.993710,10.437
12265786,,CANDIDATE,0.9960,0.597018404,0.0122,295.414790,50.979012,15.509
12304202,,FALSE POSITIVE,,0.66573903,,289.523190,51.069191,13.362
12307496,,CANDIDATE,1.0000,0.805941833,0.0147,291.554470,51.043201,14.169
12353633,,FALSE POSITIVE,0.0000,0.684496369,0.0158,289.524900,51.172005,13.181
12356746,,FALSE POSITIVE,0.0000,0.502454299,0.0121,291.276920,51.135712,13.532
12365015,,FALSE POSITIVE,0.0000,0.59586463,,295.338470,51.105068,14.343
12366084,,CANDIDATE,0.8660,0.589376952,0.0138,295.816160,51.121738,15.367
12403968,,FALSE POSITIVE,0.0000,0.589753355,0.0125,289.337590,51.209030,15.832
12405333,Kepler-1409 b,CONFIRMED,0.9860,0.764863517,0.0152,290.084780,51.208599,15.168
12418816,,FALSE POSITIVE,0.0000,0.760935268,0.0132,296.441930,51.224319,12.402
12418891,,FALSE POSITIVE,0.0000,0.760941405,0.0162,296.471040,51.215221,15.855
12419303,,FALSE POSITIVE,0.0000,0.608074963,0.0145,296.636600,51.221340,15.326
12453855,,FALSE POSITIVE,0.0000,0.559643825,0.0119,287.710390,51.317638,15.360
12459808,,FALSE POSITIVE,0.0000,0.502446098,0.0127,291.097530,51.310925,12.540
12509829,,CANDIDATE,0.0000,0.888478095,0.0174,291.061680,51.404781,15.850
12557548,Kepler-1520 b,CONFIRMED,0.7610,0.65355361,0.0129,290.966220,51.504719,15.692
12736658,,FALSE POSITIVE,0.0000,0.855294909,0.0176,290.269560,51.916302,13.683
12833566,,FALSE POSITIVE,,0.537839241,0.0149,289.467650,52.198090,10.923
