4.069410994360306688e+01
4.442089176904940473e+01
4.279306149607173637e+01
4.376655780735681844e+01
4.636733162959922083e+01
4.303608639006846914e+01
5.407728109620533985e+01
4.070611114240324468e+01
4.296953481396010233e+01
4.253649584612801249e+01
4.695323572470304185e+01
4.649456122534738967e+01
4.601555850553163651e+01
3.905617863756362595e+01
4.584395613164377181e+01
4.554189469825102776e+01
4.714087507692487833e+01
4.197620295583359251e+01
4.266152854697115515e+01
4.486356496068994204e+01
4.579531164685673872e+01
4.328992616235510127e+01
4.346155705656704527e+01
4.559338142396092763e+01
4.455942786025489966e+01
4.350275587535418964e+01
4.629611892316803079e+01
4.212433633985979498e+01
4.113554105807687478e+01
4.105959354043556431e+01
4.047314191846777476e+01
4.352560751480962864e+01
4.330508648135392491e+01
4.161580606611008193e+01
4.716638789514357910e+01
4.482102951634153243e+01
4.113698101937347928e+01
4.575660480270099129e+01
4.300439768992154654e+01
4.737050542115905216e+01
4.010182851538740323e+01
4.599517102297380688e+01
3.972301402799567427e+01
4.454983590492159351e+01
3.994464272735219623e+01
4.369852254326681873e+01
4.155778403261023612e+01
5.263724182152663644e+01
4.624355895556957563e+01
4.413131188713676067e+01
4.408824459906422533e+01
4.145133736958755577e+01
4.458274186817515528e+01
4.042833944551114911e+01
4.159688359392104928e+01
4.616196728156673146e+01
4.040494305378587825e+01
4.173382038709540609e+01
4.668260391284515265e+01
5.072510517155892984e+01
4.224759527198066422e+01
4.468177930181476398e+01
4.354484698671088694e+01
4.468045044650336450e+01
4.225490852436855960e+01
4.555120408176537694e+01
4.665094356212450322e+01
4.702146041256118991e+01
5.900192059888557594e+01
5.527530291800482587e+01
4.368667250351000320e+01
4.992334621586807941e+01
4.239629626663627704e+01
4.187937337013830330e+01
4.321520161093447143e+01
4.527459562366031776e+01
4.068656715217965569e+01
4.187617585436917977e+01
4.598921038941358574e+01
4.721324130696403643e+01
3.956153388286001871e+01
4.265068197504536585e+01
4.874023474210611084e+01
4.946032002413932105e+01
4.078536280449023366e+01
4.205009886563992438e+01
4.731125626131412787e+01
4.447731549798555761e+01
4.175275720026257176e+01
4.290798661592276630e+01
4.861862723099969230e+01
3.835592518794413053e+01
4.397733701177494936e+01
4.383748478223103007e+01
4.524209644983112355e+01
4.068779920076221401e+01
4.286734446044656011e+01
4.569959438412636388e+01
4.477340929341303166e+01
4.284954570811358110e+01
4.201513260501856450e+01
4.435107646521783664e+01
4.470296475811611003e+01
4.471697992900091378e+01
4.313114747280234695e+01
4.350578139750685125e+01
4.393512425408913913e+01
4.251610140499631996e+01
4.390075469490621884e+01
4.567748177041623592e+01
4.602506662516324809e+01
4.121243818770926737e+01
4.548777794626844440e+01
3.813246832668217934e+01
5.127424796672990936e+01
4.316249044138492508e+01
3.895822260024297634e+01
4.405304368928702985e+01
4.373923494192529660e+01
3.944600235357179230e+01
4.339473153230169800e+01
4.403385464803719884e+01
4.251260293817144031e+01
4.175383150847576985e+01
4.560472671865247918e+01
5.465944980620019322e+01
4.349673800259871825e+01
4.371591310281723253e+01
4.179726504297929779e+01
4.128460591335592511e+01
4.575145270763496086e+01
4.240812030996178805e+01
4.300554149548683114e+01
4.716863488703662455e+01
4.532769350941460829e+01
5.505184883938577656e+01
4.645576309020817973e+01
4.018767651055878076e+01
4.102470967394624779e+01
4.658743248036479656e+01
4.321630635980875468e+01
4.247845860625077563e+01
4.221589828135537914e+01
4.155977163947954978e+01
4.490287085323019767e+01
4.122395522178346283e+01
4.437351299704191376e+01
4.565346537315895148e+01
6.647021611153472520e+01
3.647575712309514984e+01
4.232779672829451556e+01
4.575738188655724770e+01
4.899987360927863023e+01
4.306148179295403366e+01
4.427654093883721487e+01
4.158960437860230286e+01
4.343430651163143352e+01
4.115294378406606057e+01
4.224779709021152030e+01
4.020148166151648184e+01
4.837842227032894016e+01
4.603898873590146934e+01
4.515317004049418159e+01
4.135077333576989389e+01
4.624550286974672986e+01
4.693703372099068361e+01
4.623940185011884552e+01
4.366140121803963581e+01
3.951352466963322740e+01
4.745883807314298508e+01
4.972927680515017812e+01
4.483725706012588574e+01
4.167510100552978969e+01
4.345697578320572774e+01
4.348121012907348160e+01
4.125698566786187627e+01
4.667259659278234807e+01
4.122068178391458559e+01
4.558483174816863936e+01
4.733213709146659198e+01
4.808215680649512791e+01
4.511608195704505420e+01
5.342492233749089792e+01
4.391921284471860076e+01
5.679811917916294561e+01
3.905145874874402523e+01
4.567094138014036275e+01
4.394569562052409140e+01
4.220311803657297389e+01
4.541578912682282976e+01
4.124006498643607443e+01
4.737570644564328148e+01
4.448148498324353994e+01
4.230807214426293683e+01
4.293385873613772219e+01
4.303446271024078840e+01
4.099518535316349244e+01
4.531005255430610390e+01
4.790921826927013427e+01
4.004398572668381462e+01
4.438731064549108396e+01
3.813191508232583971e+01
4.387656138940581485e+01
4.629497062775875804e+01
4.076601118898953757e+01
3.868270179923910490e+01
4.311218669770279632e+01
4.352607047262912232e+01
4.499910027868909168e+01
4.482021385089692700e+01
4.276953532205327946e+01
4.847921499528062128e+01
4.289076167533016104e+01
4.691628639985309235e+01
4.218542508557121096e+01
6.269252762122257394e+01
4.163442347850457992e+01
4.154337881489797724e+01
5.000544528096054364e+01
4.496444274026536903e+01
5.258897796064120200e+01
5.284274453663602600e+01
4.357607227598280986e+01
4.403396906275739298e+01
4.490106617209200834e+01
4.623637158459140295e+01
4.086818714530316754e+01
4.574476825710252825e+01
4.431281046111826072e+01
4.948387386884008521e+01
4.832967226869225641e+01
4.253071544032691520e+01
4.246381654860680044e+01
4.212885312721411424e+01
4.186046090639934647e+01
4.225330265328407364e+01
4.248694345713553844e+01
4.345896771172620277e+01
4.733976878606858207e+01
4.235938963817545044e+01
4.359220760789398952e+01
4.405856225483184829e+01
4.739728645693809739e+01
4.729918846957802714e+01
4.477403940794561521e+01
4.258856503075572419e+01
5.257610383084954719e+01
4.278305919246443523e+01
4.241836549482410135e+01
4.281355410752002655e+01
4.754542061953314658e+01
4.309328655163253785e+01
4.498345295380930509e+01
4.240085758893195589e+01
4.504934526629419622e+01
4.009109567474589397e+01
4.187667624096948771e+01
4.419688711133086656e+01
4.359037100595741521e+01
4.396091252022814899e+01
4.207971307514117143e+01
4.195189546926471991e+01
4.521342067860409486e+01
5.117032557089547851e+01
4.323704017508944730e+01
4.581612896309619032e+01
4.839187154228854837e+01
4.577616666279442370e+01
4.521358609094762215e+01
4.656212695618204123e+01
4.482591560786307383e+01
4.653667558705492979e+01
4.285569722700729756e+01
4.456668114234313549e+01
4.167467983566935175e+01
4.124539678333527348e+01
4.479317633518630259e+01
4.171063940348465593e+01
4.138422552068500693e+01
4.443146484209299985e+01
4.555871083716726844e+01
4.738755339613918238e+01
4.601476391290361789e+01
4.323038227638809872e+01
4.554446420449667698e+01
4.138691323025275892e+01
4.323650320254280643e+01
4.432139542332113535e+01
4.191952361965051210e+01
4.328666416719721610e+01
4.054520092977099921e+01
4.142348312656047682e+01
4.573976500188248906e+01
4.127370377967325510e+01
4.503627200745140158e+01
4.274728832720909111e+01
5.179862026813155751e+01
4.561312442696961256e+01
4.244915446043722085e+01
4.646568655952012250e+01
4.758232581106344838e+01
4.657240893957086314e+01
4.242960170013971322e+01
4.816206419136259598e+01
4.362247771866682911e+01
4.409130104299681108e+01
7.058429412468196062e+01
4.555896337520988482e+01
4.315067741802030810e+01
4.483916626469960676e+01
4.057885400227883110e+01
4.295135186919402059e+01
4.023828385499631111e+01
4.232255146985684036e+01
5.087466975675518910e+01
5.375086506438150735e+01
4.324944423790314829e+01
5.624513293298380745e+01
4.335837821290527927e+01
4.597740321256111429e+01
4.425717806816018651e+01
4.329159471347730914e+01
4.165782560464840145e+01
4.558000454874316176e+01
4.300524581119234568e+01
4.398915801499057210e+01
4.054449497245823864e+01
4.580733621754922069e+01
4.334913809028611809e+01
4.836088180772396328e+01
4.690802209260078826e+01
4.403456679158659881e+01
4.343224247772619862e+01
4.046550066791169797e+01
4.329659026667478372e+01
4.198102315775648208e+01
4.362251640457906632e+01
4.474135887850111715e+01
4.666046352309346190e+01
4.089858503754167884e+01
3.954211977955729651e+01
4.212034690861997888e+01
4.195898219033182386e+01
4.432100667990541609e+01
4.140642223432169544e+01
3.721792157297066694e+01
4.549317449720713569e+01
4.730361283450412202e+01
4.364296272865455251e+01
4.268073375681285597e+01
5.392929044776440151e+01
4.205519187239800516e+01
4.510450209363655460e+01
4.625192175551620011e+01
4.121424606244660538e+01
4.131109152772852866e+01
4.320043303902306064e+01
4.272386876569633074e+01
4.152966089893970292e+01
4.348421007352744283e+01
4.493411677040872121e+01
4.564504131440288859e+01
4.549712374869467624e+01
4.072345708733203651e+01
4.355200333118325773e+01
4.444337402897194522e+01
4.649849225445052525e+01
4.428873657733651470e+01
4.369192649137811202e+01
4.488088245679600874e+01
4.114993157373172750e+01
4.247892432555590858e+01
4.522448218587856417e+01
4.225452402757009196e+01
4.489596808724022026e+01
4.235400182845916817e+01
4.387483121393361785e+01
4.307797106075695837e+01
4.556616895778537923e+01
4.203123543774707116e+01
4.576404780444160991e+01
4.307649600649694577e+01
4.273687986300341635e+01
4.546173695462397291e+01
4.778115465166541043e+01
4.252713661708709481e+01
4.383322444296128140e+01
4.905325364877737115e+01
4.117270054045141592e+01
4.262468124689922178e+01
4.516395713655219879e+01
4.261771699458938656e+01
4.078436114039358529e+01
4.107082515641256748e+01
4.251920176965813170e+01
4.514870812268952704e+01
4.526501299642849574e+01
4.289334152013700674e+01
4.466774238700893562e+01
4.453178587255866461e+01
4.821694391803573865e+01
4.630352556844290035e+01
4.106625086025113802e+01
4.276927482003002723e+01
4.633295453913873274e+01
4.418801883908430028e+01
4.647339818383180443e+01
3.771800555423577350e+01
4.068155470533712759e+01
4.486656621036352277e+01
4.298562128234897983e+01
4.500887064869892384e+01
4.441357323273525992e+01
3.994078387768895055e+01
4.309122069338317118e+01
4.326139708904988623e+01
4.355223067035979057e+01
4.862934862606022079e+01
4.550253871365653424e+01
4.393459141332242268e+01
4.719911819549667342e+01
4.217445005928831847e+01
4.190794194405886230e+01
4.412569903002034266e+01
4.277653328611857830e+01
4.217762970477680540e+01
4.376791011183327385e+01
4.189962125585737596e+01
4.724159225881557944e+01
4.344773596308250063e+01
4.388785410619317418e+01
4.445704918104053149e+01
4.395718412254964136e+01
4.200933007010174691e+01
4.316968102107527727e+01
4.357137282804047373e+01
4.624538000280291783e+01
3.977927619257689429e+01
4.281569025977783127e+01
4.473280657866271781e+01
4.518810844339066080e+01
3.995203239563588227e+01
4.259611318506587452e+01
4.397914430032260213e+01
4.905824045045918780e+01
4.221868477147742738e+01
4.608636324786964167e+01
4.198992162883915569e+01
4.304426271477301924e+01
4.192102355762717281e+01
4.247790863557426633e+01
4.500740097534341544e+01
4.444390739534499346e+01
4.596925578610618857e+01
4.304158145261005330e+01
4.740700957824027029e+01
4.055604882868838246e+01
4.777886842667801659e+01
4.188993028989163747e+01
4.203178655892430271e+01
4.325979693968991313e+01
4.210043846987733218e+01
4.317874647551006717e+01
4.208664682091318099e+01
4.354048879648947690e+01
4.137812021404332086e+01
4.676203233459123254e+01
4.475163613366974857e+01
4.276270001476056848e+01
4.436114499359596408e+01
4.706279797499561823e+01
4.330821782103539874e+01
4.036246401403955275e+01
3.995138235571367602e+01
4.537569216368152070e+01
4.636837955461884775e+01
4.409441019808852502e+01
4.502898884530538481e+01
4.370772125325900959e+01
4.374793488215961901e+01
4.458447730164498779e+01
4.275798809118978738e+01
4.244438438312305806e+01
4.271196257211632741e+01
4.668554716168128493e+01
4.145215845992119341e+01
6.563634113752566179e+01
4.382666775585173013e+01
4.273952665213283808e+01
4.418963328397578749e+01
4.128056289396586465e+01
4.494359418582646981e+01
4.673193518922185064e+01
3.790923284663226411e+01
4.015470565343422749e+01
4.116939438688708464e+01
4.519842866197384268e+01
4.616904281828728074e+01
4.405797287364357118e+01
4.195255660978637025e+01
4.428107962939682807e+01
3.775607349762147180e+01
3.982735126461973607e+01
4.031590679837135838e+01
4.548735671855007467e+01
4.483332955725001057e+01
4.355491878061155120e+01
4.326586760883463967e+01
3.752095712329398935e+01
4.271494774824299157e+01
4.697265273422730303e+01
4.683551233545330916e+01
4.241454667997522421e+01
4.885434707864974513e+01
4.841204421370223088e+01
4.568593856444524448e+01
4.722313507024369272e+01
3.806382844385409925e+01
3.909426784920607645e+01
4.365636252129862527e+01
4.636208894860460816e+01
4.200561451167796889e+01
4.491068852510308318e+01
4.298867624086322081e+01
4.606197973149377134e+01
4.407768830866800158e+01
4.336313048676115045e+01
4.586028351643777512e+01
4.552125432093198754e+01
4.465383716501465017e+01
4.755619322705128127e+01
4.581168997016295208e+01
4.511973048503185879e+01
4.939439374528831905e+01
4.364113186428551217e+01
4.530147433164948723e+01
4.316487272767206917e+01
4.719236648618600327e+01
4.566195483540172262e+01
4.634158558424712737e+01
4.286243928186740249e+01
3.985197868300103607e+01
3.897712464474749794e+01
4.431691782549919623e+01
4.318248365181420922e+01
4.206028521028635225e+01
4.127072573889902429e+01
4.152187809356163939e+01
3.829800092095566555e+01
4.558474824600110509e+01
4.312984060278009224e+01
4.112586800903812900e+01
5.174969769201265279e+01
4.336459227395393867e+01
4.493607211094705178e+01
4.244113470369919838e+01
4.036057029767570725e+01
4.886884285841063758e+01
4.256429447126979682e+01
4.371968048271795482e+01
4.369147461903317264e+01
3.948062841110588295e+01
4.538530509765654841e+01
4.073044893864641125e+01
4.097031579888054864e+01
4.267534763815154264e+01
4.010521914152558764e+01
4.303890686920659192e+01
4.788633104443161415e+01
4.558916651762399397e+01
4.042667128565238954e+01
4.732478688627624308e+01
4.278769462758545217e+01
4.440217521733384842e+01
4.289485302704092362e+01
4.663063837865522032e+01
4.598780948913900346e+01
4.180809574770964332e+01
4.515102497597733588e+01
4.465040595899542808e+01
5.502636312816564867e+01
4.505732849654798144e+01
4.148135409018516384e+01
4.439283967377591722e+01
4.785392923629770934e+01
4.283900862969997547e+01
4.771607578917429748e+01
4.787133855089305712e+01
4.313221337843665282e+01
4.337533562149990729e+01
4.268856980198088991e+01
4.685892134052686941e+01
4.171542720602984389e+01
4.250998340894965821e+01
4.220123620961336997e+01
4.446829753653801731e+01
4.266710094291483557e+01
4.597402004423112487e+01
4.537603895829689549e+01
3.910116300061862660e+01
4.235676812955561132e+01
4.431842107123840435e+01
4.336631156484564542e+01
5.018196710154213491e+01
4.514962802171032763e+01
4.488478191119094873e+01
4.617614167043180373e+01
4.429904796741947592e+01
4.000624394086108282e+01
4.123105976386523253e+01
4.249199294253123327e+01
4.306613761075418267e+01
4.628247802882952300e+01
4.298879057012108973e+01
4.527094802678902852e+01
6.765437955143603688e+01
4.437873816918151704e+01
4.114979880362989206e+01
4.338319973104033522e+01
4.161682856961832755e+01
4.278592373176260111e+01
4.425693850375951399e+01
4.139816386186306119e+01
4.253950518431395267e+01
4.204013983501053531e+01
3.848430372186964377e+01
4.545660272500014543e+01
4.314730352563341143e+01
4.419195085920731714e+01
4.288446351536089196e+01
4.600974388096489065e+01
4.147957805555688537e+01
4.119279353348110817e+01
4.105586637040145348e+01
5.565937828541690635e+01
4.505841586564306311e+01
4.488426284973604652e+01
4.332247031930500469e+01
4.467150044454082547e+01
4.426803987092609560e+01
4.223679539580636799e+01
4.405212396737049829e+01
4.364668309807802871e+01
4.061949334880939233e+01
4.926479330152654512e+01
4.363474969448602536e+01
4.148959073688600085e+01
4.414227497399708255e+01
4.508685532355910652e+01
5.058146681279177415e+01
4.336668461130373231e+01
4.199954190348116612e+01
4.254954352667508743e+01
4.301439467872058486e+01
4.296545170717325135e+01
4.380929360836352515e+01
4.309477177921590396e+01
4.357965327715191250e+01
4.518983369675551387e+01
4.325401865061658668e+01
4.199905907923768922e+01
4.782939025371479147e+01
4.179741041365628718e+01
4.559048080502700628e+01
4.135153114399313523e+01
4.454492026833530360e+01
4.357520571756023031e+01
4.463183442140925195e+01
4.274131067571605769e+01
4.593477970644257624e+01
4.432763921821673136e+01
4.446070204665601722e+01
4.169695068988994535e+01
4.128089551308490002e+01
4.469137698319755714e+01
4.040374612753124239e+01
4.225938784033358075e+01
4.363681941764978944e+01
4.112653376566673558e+01
4.389039402089655084e+01
5.182469623511237700e+01
4.275382113120509331e+01
4.313075721822895048e+01
4.714540519178769529e+01
4.423727528882370308e+01
4.522644944709278292e+01
4.251040686920761402e+01
4.292809616101557424e+01
4.374120128862536205e+01
4.649733734793449713e+01
4.259821946754800592e+01
4.290558876801611632e+01
5.080971119594830299e+01
4.902364573862268315e+01
4.254082283411820242e+01
4.706650761612102940e+01
4.066250377858579412e+01
4.304088529428551624e+01
4.977803105669309502e+01
4.204189886128893505e+01
4.403007731023848237e+01
4.339331497733211052e+01
4.293938096285210548e+01
4.239211514155573468e+01
4.315799684084726096e+01
4.104222412857756552e+01
4.591661733032071879e+01
4.473923372297593204e+01
4.778967354537473256e+01
4.184255281874722243e+01
4.746119323804222745e+01
4.477709156434026028e+01
4.506084581159691282e+01
5.034023258440426929e+01
4.580948712897826169e+01
5.258290721361685627e+01
4.229278782831493544e+01
4.457350660858781310e+01
4.381366227876378616e+01
4.396320048099266842e+01
4.335438186698280560e+01
3.971024119628603444e+01
4.156142285698152250e+01
4.365864390133037887e+01
5.032563900916676403e+01
4.197988479738334888e+01
4.301100595322557041e+01
4.962615115125658605e+01
3.834557210602964261e+01
4.577221356229606641e+01
4.035256919159652256e+01
4.625703242120546577e+01
4.478119111159013954e+01
4.794834002626409841e+01
4.335281770227368270e+01
4.293891748943237729e+01
4.129103933516456237e+01
3.991218380337679861e+01
4.468727077439782391e+01
4.712427578286059315e+01
4.335991287490506352e+01
4.218804602957178673e+01
4.314382916427275916e+01
4.356490255745995910e+01
4.043022378543768980e+01
4.290704992099652770e+01
4.445570547636991421e+01
4.569246938842414352e+01
4.345368358685844612e+01
4.807552048046461124e+01
4.386823074756168950e+01
4.698534232191742888e+01
4.377125908994950976e+01
5.022861691832459741e+01
4.594098068361701337e+01
4.374353882018257877e+01
4.362401730770636732e+01
4.442241944348430849e+01
4.751582693256371925e+01
4.348205272250112330e+01
3.977825402507616559e+01
4.417699214115533124e+01
4.500095333451680801e+01
4.577738242243757583e+01
4.515880562801458353e+01
4.734967695082850270e+01
4.260361940200697717e+01
4.425264687053019230e+01
4.280134781558228951e+01
4.112427201844521818e+01
4.390259835387301734e+01
4.627486570431521073e+01
4.205860798973334624e+01
4.073465026298595859e+01
4.207243285375107433e+01
4.380689157733320371e+01
4.850767952395136007e+01
4.022448605778680530e+01
4.924553672511400748e+01
4.553250798551045619e+01
4.430858386466407950e+01
4.841016356008609733e+01
4.544282237221242582e+01
4.923602994237994324e+01
4.802217225927587663e+01
4.443249151807491870e+01
4.294090392141311696e+01
4.748853063367334926e+01
4.147851600826237473e+01
4.560934026374377481e+01
4.495653060202561591e+01
4.385386821534422808e+01
4.261618580931656197e+01
4.379309733378145353e+01
4.602233810052180019e+01
4.179357388929103934e+01
4.242778380699859753e+01
4.433816932601428107e+01
4.142875500104603503e+01
4.562915645915149554e+01
4.402433656252561889e+01
4.403517175603261080e+01
4.646081319267825194e+01
4.168751680879674382e+01
4.324907538072218216e+01
4.587737069507407028e+01
4.607321346753900571e+01
4.240184192915708650e+01
4.060471990489777028e+01
5.540734071520603266e+01
4.490939481427798796e+01
5.621560914829598943e+01
4.199046502017912985e+01
4.331234950137287854e+01
4.454630065351241797e+01
4.616178475363293643e+01
4.098448573817932328e+01
4.144262217946661053e+01
4.206110104076394407e+01
4.041852044064809490e+01
4.125357687978712562e+01
3.816122083861984748e+01
4.540770979657892070e+01
4.062984388821860193e+01
4.279309132557456508e+01
4.213434274744466279e+01
4.062666163398591834e+01
3.982146179699450528e+01
4.180187522157403635e+01
4.290605974241108100e+01
5.227650939725573664e+01
4.364167937566282518e+01
4.417328085078359834e+01
4.872095553726867934e+01
4.293723689495169538e+01
4.677431847661922149e+01
4.590911772083289577e+01
4.811893197016578938e+01
4.484494192384931210e+01
4.102486540344556687e+01
4.461979346943039815e+01
4.556960575937970503e+01
4.457857087842091204e+01
4.578001023509633427e+01
4.450362311143629768e+01
4.793488513770561354e+01
4.724641056276235673e+01
4.780659797051444571e+01
4.451183710677891270e+01
4.132969489190883650e+01
4.252850045927078781e+01
4.226636424046834151e+01
5.204061267665042578e+01
4.134061538571597794e+01
4.369331463842479479e+01
4.119579265215799779e+01
4.363813568233396722e+01
4.467390152047152441e+01
5.067490153662208030e+01
4.346242726182452287e+01
4.330519486734901591e+01
4.539603743117972101e+01
4.119978953208853767e+01
4.219106761669015526e+01
4.047986158936843282e+01
5.034367218296485191e+01
4.179994289487228087e+01
3.997355145411803079e+01
4.713340835998139511e+01
4.105356208903785387e+01
4.397817788567144248e+01
4.475543240322866723e+01
4.286727564493266129e+01
4.128880141344652799e+01
4.446713783874456283e+01
4.180906408784930761e+01
4.274598140303002225e+01
3.895010740334664945e+01
4.137381121005584816e+01
4.057223097425826097e+01
4.509278454518089063e+01
3.984094270530468407e+01
4.430685737591661422e+01
4.156425379772355910e+01
4.571053192999021064e+01
4.149801257835633095e+01
4.222508238940055492e+01
4.249679976748326027e+01
4.797782628729794396e+01
4.050006029704744748e+01
4.350571471877356089e+01
4.370197115617403227e+01
4.967089817302382215e+01
4.120300720403874806e+01
4.408597794241327250e+01
4.347664305895282411e+01
4.301134889121313876e+01
4.481185670818629063e+01
4.452833997326928284e+01
5.183993915621864090e+01
4.295608416106817629e+01
4.333678564528603516e+01
4.173317037038099642e+01
4.650121903218078501e+01
4.090941373743591214e+01
4.032859636527641811e+01
6.051734359368526839e+01
4.927409475834711827e+01
4.381819308627768805e+01
4.609802330477701560e+01
4.625141617185988707e+01
4.295120935533054762e+01
4.502160945627944244e+01
4.243646230272847220e+01
4.427541820888969681e+01
4.179969790874385183e+01
4.684849568967513989e+01
4.943530699550280616e+01
4.568039697214224049e+01
4.327600081837849899e+01
4.509781529059477378e+01
4.466450329484362669e+01
4.332203376801439987e+01
4.511568056784272329e+01
3.920109832359153046e+01
4.457914573978007411e+01
4.627995485975279166e+01
4.177660813015155838e+01
4.515384997861447403e+01
4.001532835977985769e+01
4.440266037495757701e+01
4.761321057315585392e+01
4.250781640399466710e+01
4.436281957130098164e+01
4.714497204421645904e+01
4.027473218120410792e+01
4.494792402746472959e+01
4.786025935251269203e+01
4.203024780728861742e+01
4.167514166551866595e+01
3.928660591872801433e+01
4.823481663072612236e+01
4.401528468664407967e+01
4.393945754892671829e+01
4.253890892178141314e+01
4.041006493321967241e+01
4.630176514037057700e+01
4.395375559141720601e+01
4.217576509647071958e+01
4.359739970398584319e+01
4.492148465136022395e+01
4.094906915152522942e+01
4.804917579044285958e+01
4.342041845654478038e+01
4.853632298271172374e+01
5.542222325995889776e+01
4.559082364475345628e+01
4.688687776152220010e+01
4.208056027379588926e+01
4.303213835708285728e+01
4.491376227531569754e+01
4.491487531770246733e+01
4.555250163653749240e+01
4.214194355709371820e+01
4.473750489619402515e+01
4.359532002877541856e+01
4.399728370176900683e+01
3.989471804495052254e+01
4.399141786358881490e+01
4.699285989025337074e+01
4.477489330663291156e+01
4.040714331422113048e+01
4.618577008176728782e+01
4.476095103893159433e+01
4.486732955156802660e+01
4.360722806000148211e+01
4.300567489149182165e+01
5.065039122544535388e+01
4.408539750575739191e+01
4.400231905924080422e+01
3.994165531395102420e+01
4.285493585674831962e+01
4.253943346676778248e+01
4.536001271502057364e+01
3.874460019185166715e+01
4.883533173563724006e+01
4.201627669782783414e+01
3.883827955042310265e+01
4.573792271891666417e+01
5.399010261148784906e+01
4.382437819079729024e+01
4.571732648283484934e+01
4.043954546876913980e+01
4.175682105394487564e+01
4.859696691767979360e+01
4.269948581084431538e+01
4.315734807815990592e+01
4.072892853698359517e+01
4.183129118257767232e+01
4.634367908275500980e+01
4.268320586722148136e+01
4.468710693994584915e+01
4.141023063905809209e+01
4.687586380939347208e+01
4.035445346714706005e+01
4.065147271202312851e+01
4.632172165703933331e+01
4.401964809284829983e+01
4.242427172788895717e+01
4.748037145074654575e+01
4.296186495436563035e+01
4.510113169924734677e+01
4.615457497149166244e+01
4.742860331294760101e+01
5.015836605473475629e+01
3.906008180099371430e+01
4.062853522540066109e+01
4.762920047540296054e+01
3.847851183037018075e+01
4.332812012969335314e+01
4.312304683975747821e+01
4.539723433262320640e+01
4.156413808852743585e+01
4.132751438151786516e+01
4.282132947516063126e+01
4.862194951413137289e+01
4.035020083220457110e+01
4.253478019735172211e+01
4.239335555071592410e+01
4.074184610369032811e+01
4.030919392047157146e+01
4.222427521093148073e+01
4.614085268401555595e+01
4.567191457843448177e+01
4.680456022643593172e+01
5.840400116895631299e+01
4.215015215220203970e+01
4.349936852805769405e+01
4.792207093971596521e+01
4.298821673021192424e+01
4.308461604005839973e+01
4.164510995506816471e+01
5.689998433808800371e+01
4.249414576404622323e+01
4.205458546452349111e+01
4.735922850784947968e+01
4.682144833897970670e+01
4.652330940441817830e+01
4.506363182840958359e+01
4.538474202317257067e+01
4.321383357081520415e+01
4.681324987036801133e+01
3.872138111705309171e+01
3.995912076720796335e+01
4.319496759319552837e+01
4.097923093171241504e+01
4.883002776544417856e+01
4.037848569186996173e+01
4.281688830854441363e+01
4.495465442773104314e+01
4.394240788792125585e+01
6.252533765871371685e+01
4.145731371001220822e+01
4.079638211489293553e+01
4.737335614855396670e+01
4.394668804164327724e+01
4.381479173130433225e+01
4.231831346191481202e+01
4.434681667106093528e+01
4.189989781912951372e+01
4.229408471777463063e+01
4.545422897577367394e+01
4.613295483482212944e+01
5.374007052407156237e+01
4.130445263534097222e+01
4.564807246979106736e+01
4.304118078166609251e+01
4.197714130679121780e+01
4.043591079263408261e+01
4.322146773104369544e+01
4.805655769594861226e+01
4.126429221119878576e+01
3.803739440603891353e+01
4.521994607671208399e+01
4.116298626499666113e+01
4.222497772218063972e+01
4.553032882492441047e+01
4.187694908772098046e+01
4.039573077551382596e+01
4.568528429065474228e+01
3.762703051820950151e+01
4.140130244220384981e+01
4.187510195536754054e+01
4.520905747550268217e+01
4.647559292911649464e+01
4.465416420787813934e+01
5.311874085015558933e+01
4.209103601891455071e+01
4.637874202656460199e+01
4.417245812284919992e+01
4.842514946033737289e+01
4.214703472605692980e+01
5.017167655065399856e+01
4.056880871390900722e+01
4.306577236522036856e+01
4.731432371368244105e+01
4.362365147002864774e+01
3.979720574790282228e+01
4.415085086096269151e+01
4.528268942106785033e+01
4.386152133994426805e+01
4.199678963414760346e+01
4.566335813003144750e+01
4.250479976412408689e+01
4.494141711625665891e+01
4.134211332487761581e+01
4.626610230425640680e+01
4.374610263098253427e+01
4.197571576505296775e+01
4.557526676066254367e+01
4.606346999087830341e+01
4.283120086766940204e+01
4.451150487384564514e+01
4.469792487734896014e+01
4.756599932136832365e+01
4.287257831234015981e+01
4.629946859818858229e+01
4.720915449556306953e+01
4.681612786242838098e+01
4.149306434879986938e+01
4.199007269344785698e+01
4.396433639034962226e+01
4.333890260963836738e+01
4.863867883488615718e+01
4.401584460170729329e+01
4.094592242582545083e+01
5.386840352212941241e+01
4.066247693931646268e+01
4.720229970637104344e+01
5.005836679373290821e+01
5.038144907676227291e+01
4.240384262067117760e+01
4.283429254014385634e+01
4.366511982253752677e+01
4.034736313465617741e+01
4.395530531607867886e+01
4.430106959295432034e+01
4.660448748599406343e+01
4.604127396542976669e+01
4.346232667148270679e+01
4.736270434720446332e+01
4.453270866777678094e+01
4.264528970622672688e+01
4.660071242356321619e+01
4.268993278280220238e+01
4.274752554071135791e+01
3.924282145900970420e+01
4.150717684355625892e+01
4.167643005694996106e+01
4.084134887174555928e+01
3.912440602635523135e+01
4.773268909976947327e+01
4.676422246489745049e+01
4.063207809680122296e+01
4.458145072430927058e+01
4.677176693364334881e+01
4.232980754900406595e+01
4.342698318387544276e+01
4.365211911290720082e+01
4.964619891216593572e+01
4.696866995203291140e+01
4.461398098360063358e+01
6.202534270672351369e+01
4.385411249312456050e+01
4.187509412959627753e+01
4.452073791848492590e+01
3.818251838696031086e+01
4.084710432145577386e+01
4.802683822014359549e+01
4.228992399488919318e+01
4.151533959988454825e+01
4.338949723322924257e+01
4.344840233296320520e+01
4.505181286461198198e+01
4.545017100008342226e+01
4.185258545921357864e+01
4.027686591893738211e+01
4.821951025353678943e+01
4.259909199891590958e+01
4.351525355077301782e+01
4.244771597406760577e+01
4.547840514216770913e+01
4.164504577954424036e+01
4.778035566177494786e+01
4.453390488765616340e+01
4.720711277529386507e+01
4.385189171135210273e+01
4.500901320104139813e+01
4.520933275312603428e+01
4.644984609470115799e+01
4.603418099493376303e+01
4.685114766760123928e+01
4.160889136248737685e+01
4.340622149085120896e+01
4.202937698442602255e+01
4.271163957512543163e+01
4.115651318611908493e+01
4.419597703343522710e+01
4.532968940053491025e+01
5.253103537719891847e+01
4.260400415726723367e+01
4.521028815700408643e+01
4.298816645668923542e+01
4.125374484992374846e+01
4.577668257475983182e+01
4.354524571445018921e+01
4.193897874125318737e+01
5.341663308309469471e+01
5.076808983255655505e+01
4.472063763391108893e+01
6.235200772020328941e+01
4.180997258477196965e+01
5.049716526727692667e+01
4.287972277158537793e+01
4.393675946674295574e+01
4.324881278743737312e+01
4.572737955527571074e+01
4.052368631454174874e+01
5.154499628421180546e+01
4.204665791322340596e+01
4.748333967373635289e+01
4.127707454830955669e+01
4.455921558297526985e+01
4.613028599637706151e+01
4.273361344143349072e+01
4.552410219671162395e+01
4.628419063348589901e+01
4.020014964514056288e+01
5.587528159595731125e+01
4.095143705426603020e+01
4.724012747487786612e+01
4.475462776988958780e+01
4.238907336186163377e+01
4.547779443441410763e+01
4.646532667627933932e+01
4.361192623828942061e+01
4.313873199920305979e+01
4.290329895413518102e+01
4.018389205528227848e+01
4.129843756597736615e+01
4.432641808436776643e+01
4.170303818271071350e+01
4.017429691926630397e+01
4.061512398299005611e+01
4.357521076925043957e+01
4.412360509687324139e+01
4.256844965687110260e+01
4.075348540267413711e+01
4.429239230797332993e+01
4.457514620795954841e+01
4.252944197776998436e+01
4.064538200399962875e+01
5.034851923078461766e+01
4.120611942766725377e+01
4.462744827787155799e+01
4.360453455933762967e+01
4.484438970948359326e+01
4.316749460860534526e+01
4.225442509274559910e+01
4.901232988059048523e+01
4.267246709427531925e+01
4.184790918626256939e+01
4.267499777768739477e+01
4.543090094202847240e+01
4.211405986256973222e+01
4.503421666801984458e+01
4.125417303277710346e+01
4.137166941199700432e+01
4.647976959405903585e+01
4.097026845347803459e+01
6.661059112307466989e+01
4.692381386938025400e+01
4.468747648007541784e+01
4.636289798256716921e+01
4.407428088617620432e+01
4.539235159634443306e+01
5.413487206542132668e+01
4.649197390784142669e+01
4.163606415290417573e+01
4.732067958016261144e+01
4.203206134417289519e+01
4.755740163346081317e+01
4.869772955117333879e+01
5.161631776504612645e+01
4.450070041585221503e+01
4.601873558510068563e+01
5.428579019907324721e+01
4.122986498013453627e+01
4.470278326193811580e+01
4.547743668935076755e+01
4.777257605999208323e+01
4.419969602557720378e+01
4.554427242655604147e+01
4.473994281141471419e+01
4.207710875719837418e+01
4.081129264467006124e+01
4.166222616734897599e+01
3.992423971171962194e+01
4.272486640690811299e+01
4.323837470430245133e+01
4.008679893078204515e+01
4.554486244556338193e+01
3.886230636618227408e+01
4.608320535904640991e+01
4.405404974863363066e+01
4.512055786695080428e+01
4.030811516238994585e+01
4.376549455285385193e+01
4.635033504555627815e+01
4.453821702615349665e+01
4.045147430766947849e+01
4.447738029583707942e+01
4.275587091038009646e+01
4.323090345841859516e+01
5.659155393641596987e+01
4.431274039192015834e+01
4.356431068328541301e+01
4.379027525445173552e+01
4.346259360567363217e+01
4.867473418726017087e+01
4.146759606020786748e+01
4.154791487247417336e+01
4.132746065107525624e+01
4.806564597952216644e+01
4.556538089174146222e+01
4.220083514996855456e+01
4.656762663918885892e+01
4.772865264244445882e+01
4.250023290021109545e+01
4.461581038935680255e+01
4.479882101320335153e+01
4.712655718891235068e+01
4.691180136736570461e+01
5.022982648721973931e+01
4.439675153229534743e+01
4.304862550635441210e+01
4.456813129256394035e+01
4.188356948362374510e+01
4.592403292281294824e+01
4.409135538310308533e+01
4.786296833454511557e+01
4.571932651281161242e+01
4.492618471797425883e+01
3.989754151369115220e+01
4.275680350827541076e+01
4.323713541442390351e+01
4.567461543935304746e+01
4.205822947416339019e+01
4.257606677553062724e+01
4.198823182374291463e+01
4.226561118499959235e+01
4.266361254225585498e+01
4.281422445106885988e+01
4.669081224011798525e+01
4.396493279622821149e+01
4.536525933768770358e+01
4.493134155432804988e+01
4.339231815938196490e+01
3.872690100588849305e+01
4.534488111570933455e+01
4.491979455556325007e+01
4.052960370111763666e+01
5.113932762515055686e+01
4.256588925462209971e+01
4.323956492267245721e+01
4.336326036080124879e+01
4.575224459233654528e+01
4.620632665499510239e+01
4.498069526471042678e+01
4.519386874545975985e+01
4.465246783932194319e+01
4.387084950888497303e+01
4.313317362663138255e+01
5.384615826055888732e+01
4.683587716368157317e+01
4.107502616455668232e+01
4.699877646551144750e+01
4.541547338299187686e+01
4.124984848173513541e+01
4.122768375406428021e+01
4.903563957155093078e+01
4.531410519714270180e+01
4.654017751912684986e+01
5.096418429383233928e+01
4.366734202976824264e+01
4.364978374337328404e+01
4.141611513234007447e+01
4.433234263839835165e+01
4.206873818892820793e+01
4.529525160972023912e+01
4.419756319507371245e+01
4.363259980562867213e+01
4.418370458977569371e+01
4.985462519289269068e+01
4.831290970313727939e+01
4.494215109328478519e+01
5.431813859878582207e+01
4.680185658769608636e+01
4.464569770614994582e+01
4.373456733376735883e+01
4.520008814553590781e+01
4.306532632232833890e+01
4.352118476218866050e+01
4.630837948470522747e+01
4.410515418763778683e+01
3.990540051062550475e+01
4.294605654754992230e+01
4.131707523615596500e+01
4.201371398926331580e+01
4.817760708335200093e+01
4.718353105081563115e+01
4.343590064131849005e+01
4.390592268317578117e+01
5.373657451037759358e+01
4.359301996231505427e+01
4.077283081761616046e+01
4.453091945500720783e+01
4.766834420664457639e+01
4.567813451183234719e+01
4.503988763284530705e+01
4.454252852776392047e+01
4.561642154963121953e+01
4.280342366483591832e+01
4.500374739217946995e+01
4.100990605333524286e+01
4.267463771567558695e+01
4.148477282834124935e+01
4.021051900476079055e+01
4.124069037638714974e+01
4.287969513611304961e+01
4.505035794429822005e+01
3.847224573246337798e+01
4.137993149871863352e+01
4.230674532050819181e+01
4.047638478803169448e+01
4.281323229532691244e+01
4.359772197698941198e+01
4.460132432526709323e+01
3.950532180764259493e+01
4.518191358846724626e+01
4.473797975239238411e+01
4.199219461392111441e+01
4.135852319753951178e+01
4.517073067624130545e+01
4.743111635580464025e+01
4.659921640740779480e+01
4.632326658599665592e+01
4.378812525698683089e+01
3.773532534960364870e+01
4.087314510875436468e+01
4.347148296005450163e+01
4.159144762914805682e+01
3.981520462487011969e+01
4.695093162729509828e+01
4.001057708264686141e+01
4.041409638141023208e+01
4.247097083605677170e+01
4.433365436638767676e+01
4.435787468945709833e+01
4.113164375596154798e+01
4.262277085549331446e+01
4.329359409789547897e+01
4.437671370698658535e+01
4.571590312870770134e+01
4.384052001533689236e+01
3.915091549779086222e+01
4.381219536356760358e+01
5.047315112515766344e+01
4.264321670265150033e+01
4.577376629387845242e+01
4.750312263276785529e+01
4.554349786961658708e+01
4.053020132685073662e+01
3.903183275275950592e+01
4.255215807119974158e+01
4.658136905438338005e+01
4.241909535734465209e+01
4.651678827704550656e+01
5.283834983418766740e+01
5.119934579168328526e+01
4.225846158960671062e+01
4.436497328509700111e+01
4.784499673444024381e+01
4.168022084872736599e+01
4.107010028628529597e+01
4.391306329094456373e+01
4.427776074499557524e+01
4.066956553436782684e+01
4.752079130963854681e+01
4.262972944340728532e+01
4.512824639643199731e+01
4.429269149541318029e+01
4.349746151850400366e+01
4.169347321262063133e+01
4.282472971257341499e+01
4.846145951234516502e+01
4.553989393004648178e+01
4.121646221510842167e+01
4.672195910199215518e+01
4.281929655132244505e+01
4.616068201076028998e+01
3.952627827107084357e+01
4.477543071819825116e+01
3.799143392630396221e+01
4.189587990985615562e+01
3.995843055757505624e+01
4.448963797082477356e+01
4.194700982210551388e+01
4.602787117707846676e+01
4.543409517300715805e+01
4.063691422058724356e+01
4.050123617942858090e+01
4.197706388911124264e+01
4.104214657187548454e+01
4.145909188992101946e+01
4.351797287342055398e+01
4.718113690418793738e+01
4.455579951328078891e+01
4.221059148012432161e+01
4.441950013972201816e+01
4.083999219327767349e+01
4.415012329845215078e+01
4.435244872658351767e+01
4.772937588575089762e+01
4.632889801010077946e+01
4.781873573834133140e+01
4.300027206877958719e+01
4.524343516404832855e+01
4.207379528800166213e+01
4.830462259860198770e+01
4.258460569993950173e+01
4.491489831245090159e+01
4.150905352562040207e+01
4.408944034165592996e+01
4.884873944195570061e+01
4.169945438536304749e+01
4.415862913993765915e+01
4.383436211421859241e+01
4.492179089278382520e+01
4.373531375234247065e+01
4.001092797264788459e+01
4.394885301476149664e+01
4.392745057016241361e+01
4.400974933548975088e+01
5.388930895427768775e+01
4.553166225569294312e+01
4.264783680869415150e+01
5.927181359659318360e+01
4.556973664839631510e+01
4.302474286485860944e+01
4.285949577609883931e+01
5.140949513668736870e+01
4.423077767604259236e+01
4.364250684528014546e+01
4.238384347871432567e+01
4.173998621470052939e+01
4.403164782054318493e+01
4.544694749929861644e+01
4.310273351982099399e+01
4.508136151886625953e+01
4.631623384865570614e+01
4.624387499898018916e+01
4.467318166786543543e+01
4.624417254411941514e+01
4.296630565598742635e+01
4.777826761702262104e+01
4.506662121626555972e+01
4.332586941441525141e+01
3.868849883187821348e+01
4.363798180456922893e+01
4.187468458550533512e+01
4.265196000681611821e+01
4.210534111397618773e+01
4.473698119735094991e+01
4.441060005767886310e+01
5.119949359668858335e+01
4.518985017124721537e+01
4.354858351346013023e+01
4.521116225941724309e+01
4.457443719673617011e+01
4.395610454228823016e+01
4.064549580549507368e+01
4.800042723050561477e+01
4.743965896623967637e+01
4.340313507804996362e+01
4.126756672803585957e+01
4.240496046680765829e+01
4.679886059419215627e+01
4.338546132912701836e+01
4.744486644440303280e+01
4.070372209515301876e+01
4.083586166313880739e+01
4.654098458158561868e+01
4.515059045175382124e+01
4.249488088466741686e+01
4.187228900501843043e+01
5.150512710453392629e+01
4.273195899029907707e+01
3.996073406481860957e+01
4.601806198057454367e+01
4.658104750231913016e+01
4.353175144582852596e+01
4.256941845243343181e+01
3.934834460124034905e+01
4.282188946776944505e+01
4.201514714421518448e+01
4.401533855672335704e+01
4.350214811898558054e+01
4.175794088628780543e+01
4.662127950837682278e+01
4.915215372102482405e+01
4.359001012294526589e+01
4.290452718679876654e+01
4.204736763778157638e+01
4.139369788243851644e+01
4.780284662746042557e+01
4.272272549616048565e+01
3.910229708845724872e+01
4.351914367676081241e+01
4.513815667448279356e+01
4.588363694380576874e+01
4.287223637325549674e+01
4.626197592431573469e+01
4.245817276066075152e+01
4.324587061962112244e+01
4.626975991251580922e+01
4.453158778879745228e+01
4.166307435864386832e+01
4.035175524067004460e+01
4.608483837852499931e+01
4.432852774985084920e+01
4.335075800958142622e+01
3.983517388706038531e+01
4.103382148733162893e+01
5.358886084234702452e+01
4.397735953195063985e+01
4.188602388852666536e+01
4.165023918283630167e+01
4.277204069105457762e+01
4.270799661678744741e+01
4.396266169122612411e+01
4.384279266261859220e+01
5.420366680462321796e+01
4.561921112423750913e+01
4.509214594948349486e+01
4.563136102395347393e+01
5.705005970833141049e+01
4.371268104931813525e+01
4.631316797960075604e+01
4.374926046875061303e+01
4.216828558771071300e+01
4.195654018608411917e+01
4.790700143293101831e+01
4.191343822245875117e+01
4.626931776203491609e+01
4.216006980994843900e+01
4.213065654713656016e+01
4.432276680124758883e+01
4.405753654348771420e+01
4.067673895354453606e+01
4.155539509624198757e+01
4.390885504834031394e+01
4.727838140035294145e+01
4.278614782232522629e+01
4.546056840350066608e+01
4.360449987828931029e+01
4.342641196508786550e+01
4.209186287808113747e+01
4.544702195702201664e+01
4.099957901505378288e+01
4.429115762328472528e+01
4.365486970213277829e+01
4.288990499106023435e+01
3.927994271698641882e+01
4.240350043557381809e+01
4.027947767357727571e+01
4.277715385383343971e+01
5.398372228969266473e+01
4.658139121099424784e+01
4.439651272760110601e+01
4.835788700858687861e+01
4.627077853655909934e+01
4.340725500194124464e+01
4.143532252841915664e+01
4.568442888636143806e+01
4.415103309755080119e+01
4.143317745270615404e+01
4.223906847028522549e+01
4.170435497961763360e+01
4.332230641319252129e+01
4.235622955146831714e+01
4.435648559256006251e+01
4.485857724900628085e+01
4.537393970127918408e+01
4.786202706301754972e+01
4.511427053232102935e+01
4.626743927524562139e+01
4.405204562802693147e+01
4.986210707330214831e+01
4.465831075085350932e+01
4.320579282427516432e+01
4.589360684414194225e+01
3.725300944040403550e+01
4.444866448275384840e+01
4.654848274629717508e+01
4.991895723248531169e+01
5.374989229699168192e+01
4.235864571586397176e+01
4.123505115112547514e+01
4.204786668381336767e+01
4.914918374882544327e+01
4.351009744920200717e+01
4.268462450905280292e+01
4.363306388223838894e+01
4.489840980059152997e+01
4.561711908274058658e+01
4.305899202146892435e+01
4.340645999815054523e+01
4.219842624476625303e+01
4.261767067928926167e+01
4.494082528826660194e+01
5.118254651791768595e+01
4.460042521923247705e+01
4.485585339334477339e+01
4.545557396352450752e+01
4.393236067757757723e+01
4.367018349240625241e+01
4.087425409035646595e+01
4.624957392809891132e+01
4.308061295132102941e+01
4.525053306072708637e+01
4.238999078851080782e+01
4.493169195745016253e+01
4.320697661635728082e+01
4.262018411761966519e+01
4.451832286075269707e+01
4.658726542894241618e+01
4.355175251371078815e+01
4.357388880254745089e+01
4.522733782671623715e+01
4.241698077251214727e+01
4.611631205623115903e+01
4.185022940707742833e+01
4.608919254311083336e+01
4.171222785149949175e+01
4.383586172382462109e+01
4.123654287637634042e+01
4.619092212913815132e+01
4.192811020452707282e+01
4.501433159302493436e+01
5.072958719947990147e+01
4.650586550363830440e+01
4.741325781861157651e+01
3.851913615903153953e+01
5.327388253978101318e+01
4.625412824632980602e+01
3.980129542350980643e+01
3.848926657548367558e+01
4.360923539563360407e+01
4.264330468381065486e+01
4.433328989769250228e+01
4.638797725544662143e+01
4.268923480739774590e+01
4.415525123821683451e+01
4.797268064172135382e+01
4.416071668065246314e+01
4.463021288221106175e+01
4.129210420775112311e+01
4.542881309645894561e+01
4.385116867846696920e+01
4.190373727509594914e+01
4.704674927704190424e+01
3.883936145041887045e+01
4.562701724872589892e+01
4.703639773139679647e+01
4.156173437502940970e+01
4.436552007584165835e+01
4.180660406549429098e+01
4.331704785006724734e+01
4.792295311929853341e+01
4.468889090920777107e+01
4.139698362709929569e+01
4.225815527352882128e+01
4.773411135693639551e+01
4.481942327329183939e+01
4.549493341243271516e+01
4.214193243617744855e+01
5.015217609608947669e+01
5.462740915142221354e+01
4.083936810679141161e+01
4.794318920350870883e+01
4.479500879954289161e+01
4.313508178956543304e+01
4.609364907988429394e+01
4.383446298548216902e+01
4.696364844799875726e+01
5.190608874889702662e+01
4.598101819272996238e+01
4.396008252406888772e+01
4.045188449684620480e+01
4.311643446958635906e+01
4.235577358465504716e+01
4.265734285812278159e+01
4.414736181009277516e+01
3.982421850492777793e+01
4.226396771840690292e+01
4.698626896597360059e+01
4.143049963036602890e+01
4.334702053346340023e+01
3.992144770988568325e+01
4.481619698929351614e+01
4.975506208259271546e+01
4.615005422861069917e+01
4.325337039847298826e+01
4.376460441806349166e+01
4.838865721606639170e+01
4.254162245942609388e+01
4.156615397889450492e+01
4.193150685789284182e+01
4.287027711070005864e+01
5.083726991270998496e+01
4.713422762920873055e+01
4.500098305981047986e+01
4.313754047263669378e+01
4.082985208832914736e+01
4.469670776422541536e+01
4.710772323257166505e+01
4.295185925721607845e+01
4.281726333530454554e+01
4.576906603853159083e+01
5.177571558831822784e+01
4.317663324426643356e+01
4.145796321444382926e+01
4.320314879745367165e+01
4.874621985931995738e+01
4.155946127495224118e+01
4.204531603289103003e+01
4.202618190361680206e+01
4.162461422163992353e+01
4.219569258417143942e+01
4.759292830187894197e+01
4.310879203814097593e+01
4.652677505732148688e+01
4.887435884187385682e+01
4.223958308691504726e+01
4.155919577590360348e+01
4.206753884698940738e+01
3.942852119593100468e+01
4.428340448519428207e+01
4.554886323107045598e+01
5.175140590912677396e+01
5.307541281582157211e+01
4.726071057170480572e+01
4.234514250758524412e+01
4.535179890934685432e+01
4.276509970867104471e+01
4.420228659529319515e+01
4.517829754787256746e+01
4.576708994484486936e+01
4.650576096267085546e+01
4.692577020581640568e+01
4.536959279927405930e+01
4.636751123978227440e+01
4.977719907650882902e+01
4.415214951665167575e+01
4.605952783035123588e+01
4.130914461493160417e+01
4.349943770429766232e+01
4.179260898447440553e+01
4.541950866587807667e+01
4.285924709462861415e+01
4.755729048469090969e+01
4.251995137237830846e+01
4.744723818280053251e+01
4.885889850609544283e+01
4.636840887251632637e+01
4.076725853020461443e+01
4.156563381762590836e+01
4.450211714573561039e+01
4.206759559771042234e+01
5.245657523144580381e+01
4.606417383600688709e+01
4.544537103658385035e+01
4.026325476310138640e+01
4.416407756002297447e+01
4.375094968609532486e+01
4.208321730970273222e+01
4.291301141351152637e+01
5.302087415279581251e+01
4.462231781992131374e+01
4.695656670763781193e+01
4.859717067976757932e+01
4.368341013621124347e+01
4.285392335947430809e+01
5.462592579640399748e+01
4.371314259855366657e+01
3.922605849808989831e+01
4.722805358870058967e+01
4.436799237360063586e+01
4.519366411510380033e+01
4.320338378646150801e+01
4.387789413073863898e+01
4.370253470461055656e+01
4.403524101719469286e+01
4.138876755981605271e+01
4.279349464549178350e+01
4.703909535899910566e+01
4.154840680956170473e+01
4.449554872336737077e+01
4.670379550858816486e+01
4.462240123280513870e+01
4.373456681709634353e+01
4.087936516569261158e+01
4.073581358872575464e+01
4.360814024275066458e+01
3.865487019860701423e+01
4.444325850730945859e+01
4.147326859144660460e+01
4.713161780599780570e+01
4.270206796607916289e+01
4.228650164728808392e+01
4.355281985697779135e+01
5.011403625457401034e+01
4.552424315651177977e+01
7.536353837413919621e+01
4.504083808827226676e+01
4.388105165907668237e+01
5.074304666906144945e+01
4.174956405447716890e+01
4.234263569175470110e+01
4.841806931028759209e+01
5.474885620041501966e+01
4.245822115435489508e+01
3.919189593554231266e+01
4.360368612233254737e+01
4.234790401878380095e+01
4.675810720828179967e+01
4.154091246341445043e+01
4.428376400666995494e+01
4.486612275940116490e+01
4.097121100722819875e+01
4.456344054196262761e+01
4.486628539455075781e+01
4.348732390052553143e+01
4.198910082130625199e+01
4.908362480834032482e+01
4.605293096421218735e+01
4.321383957019143907e+01
5.124480053601795504e+01
4.438377640956748849e+01
3.858761826748077084e+01
4.315263952368823652e+01
4.673149327354101956e+01
4.216049168603321817e+01
4.359585959575763070e+01
4.575197815027341619e+01
4.137909669423322612e+01
4.013203830640113523e+01
4.406326796905686649e+01
5.260038899807967994e+01
4.274204319414582187e+01
4.545555137990784544e+01
4.505611045854480778e+01
4.350627088688818844e+01
4.674087227779612164e+01
4.089331059544171154e+01
4.105076750247889095e+01
4.308027938551420277e+01
5.156989660112666485e+01
4.240080994381480650e+01
4.572774561620567368e+01
4.284496569460511495e+01
4.165249562075679535e+01
4.416053473251184869e+01
4.563903720187852286e+01
4.316664229469736824e+01
4.065594074446315886e+01
4.339396597187024440e+01
4.000038608398706685e+01
4.018441825696319825e+01
4.316016384780625259e+01
4.137816122191546953e+01
4.607465938653216142e+01
4.881004567165319230e+01
6.996319120972415817e+01
4.348169249551796156e+01
4.557512506649110406e+01
4.697975814838489583e+01
4.776441550418649484e+01
4.883867637137987572e+01
